2.98510702710191
0.7566260627960899,-2.085819475187631e-23,3.7202374868487785e-13,0.5122498218173769
0.7566282049480818,0.0018265671281025,0.0012014902135776,0.512238513073635
0.7566428739972745,0.0051167986920572,0.0033656072418212,0.512161080570329
0.7566714599646883,0.0084079641153183,0.0055299092852679,0.5120102239821751
0.7567139943278521,0.011700793110718,0.007694601304097,0.5117858509475628
0.7567705213592448,0.0149958156683498,0.0098597584172819,0.5114878377399844
0.7568410985585434,0.0182935562565289,0.0120254543137271,0.5111160272768059
0.7569257968348524,0.0215945401834739,0.0141917661041548,0.5106702285341946
0.7570247004828863,0.0248992875401214,0.0163587710195226,0.5101502171332493
0.7571379075338146,0.0282083208894289,0.0185265521347009,0.5095557340418485
0.7572655301447742,0.0315221682741905,0.0206952010040991,0.5088864841711369
0.7574076946537922,0.0348413563137416,0.0228648138070834,0.5081421368260512
0.7575645420498414,0.0381664146412099,0.0250354949233736,0.5073223240774256
0.7577362286901057,0.0414978821199428,0.027207361645561,0.50642663795918
0.7579229267559692,0.0448363050776687,0.0293805436608133,0.505454629159783
0.758124824882322,0.0481822383678885,0.0315551843728657,0.5044058049405448
0.7583421289677058,0.0515362480255486,0.0337314432460503,0.5032796262616606
0.7585750628730176,0.0548989106735373,0.0359094960237199,0.5020755056490321
0.7588238698373259,0.0582708218552799,0.0380895407112372,0.5007928015346154
0.7590888130609084,0.0616525904792378,0.0402717945396611,0.4994308171092077
0.759370177109626,0.0650448439015915,0.0424564978100387,0.4979887951488867
0.7596682688963753,0.0684482259378062,0.0446439131561446,0.4964659152614805
0.7599834194155136,0.0718634025738562,0.0468343297552875,0.4948612875411385
0.7603159847350283,0.0752910576973679,0.0490280611138744,0.493173950309271
0.7606663471525169,0.0787318906340635,0.0512254440439984,0.4914028672917355
0.7610349165872763,0.0821866155475271,0.0534268388552009,0.4895469238992457
0.7614221321687624,0.0856559617280982,0.0556326301276848,0.4876049228533148
0.761828461578397,0.0891406539152486,0.0578432148453824,0.4855755913744318
0.762254402654924,0.0926414146014449,0.0600590046111964,0.4834575772213385
0.7627004825644813,0.0961589459958521,0.0622804150283998,0.4812494571275357
0.7631672561733948,0.0996939092661046,0.0645078535358777,0.4789497491942872
0.7636553029038758,0.1032468968006152,0.0667417030406278,0.4765569325985019
0.764165222224587,0.1068184005841679,0.0689823033350814,0.4740694735711488
0.7646976257933585,0.1104087649099725,0.0712299229415525,0.4714858669342329
0.7652531262266542,0.1140181276800038,0.0734847241360334,0.468804692616849
0.765832321981154,0.1176463507017539,0.0757467214362488,0.4660246888439611
0.7664357750467656,0.1212929230655956,0.0780157236539481,0.4631448567753545
0.7670639858144385,0.1249568703606153,0.0802912799191853,0.4601645743085249
0.7677173590569372,0.1286366365124915,0.0825726088648757,0.4570837466738461
0.7683961678422433,0.1323299829225326,0.0848585385781946,0.4539029598272179
0.7691005146366536,0.1360338992350478,0.0871474534174798,0.4506236393063293
0.7698302959289555,0.1397445566600614,0.0894372664117929,0.4472481844796016
0.7705851795517191,0.1434573402469744,0.091725439156818,0.4437800367547448
0.7713645991032704,0.1471669638997622,0.0940090509806509,0.4402236645248613
0.772167773722431,0.1508676868364206,0.096284928544413,0.436584431652305
0.7729937524815016,0.1545536044827497,0.0985498191823097,0.4328683589404699
0.7738414783672145,0.1582189735046908,0.1008005835671713,0.4290818071372122
0.7747098605228433,0.1618585134843773,0.1030343730961909,0.4252311365146889
0.7755978427178368,0.1654676384334249,0.1052487641535414,0.4213223980503858
0.7765044570812203,0.1690425870842302,0.1074418310119463,0.4173611031851488
0.7774288591943798,0.1725804557798141,0.109612160278214,0.4133520855461837
0.7783703435076443,0.1760791486521494,0.1117588161178754,0.4092994545718613
0.7793283446389081,0.1795372809941067,0.11388127822228,0.4052066126222887
0.7803024268624523,0.1829540533186953,0.1159793630093109,0.401076322382428
0.7812922694895323,0.1863291283480752,0.1180531475346584,0.3969107894404964
0.7822976496894029,0.1896625163225432,0.1201028991311996,0.3927117525838169
0.7833184262159777,0.192954478947624,0.1221290168732189,0.3884805668998022
0.7843545224196639,0.1962054442979407,0.1241319799588746,0.384218286529536
0.7854059154445047,0.1994159521473099,0.1261123148758417,0.3799257188865034
0.7864726228908199,0.2025865991983569,0.1280705624853275,0.3756034869234174
0.7875546958854939,0.2057180102037225,0.1300072609988555,0.371252063119925
0.7886522112886722,0.208810810509207,0.1319229297528423,0.3668718055139506
0.7897652641834235,0.2118656031198494,0.1338180556620695,0.3624629911010436
0.7908939659638373,0.2148829637621112,0.1356930907202872,0.3580258258802297
0.7920384376518698,0.2178634242835347,0.1375484421758759,0.3535604730442293
0.7931988121223742,0.2208074807994349,0.1393844780060473,0.3490670455757488
0.7943752254178925,0.2237155739882766,0.1412015149833049,0.3445456409713104
0.7955678183043455,0.2265880967254415,0.1429998236843434,0.3399963355117134
0.796776736828309,0.2294253983849161,0.1447796314109235,0.3354191825544186
0.7980021261766925,0.232227773462108,0.1465411152306547,0.3308142359800954
0.7992441340605113,0.2349954729686553,0.1482844092418419,0.3261815372039442
0.8005029067189717,0.2377286984625562,0.1500096009113029,0.3215211299738057
0.8017785919114266,0.2404276116999128,0.1517167372158588,0.3168330489225102
0.8030713345981302,0.2430923281102818,0.1534058205590873,0.3121173351855116
0.8043812787389203,0.2457229235125212,0.1550768130208297,0.3073740292515025
0.8057085656061082,0.2483194332488466,0.1567296357982346,0.3026031765960946
0.8070533340735837,0.2508818553055017,0.1583641711573762,0.2978048260317745
0.8084157215060845,0.2534101542047234,0.1599802648779429,0.2929790259980079
0.8097958611533047,0.2559042581915949,0.1615777244064362,0.2881258332457866
0.811193883364966,0.2583640636082829,0.163156321584174,0.2832453078436695
0.8126099129468449,0.2607894322058615,0.1647157908447688,0.2783375217116072
0.8140440736445131,0.2631802007258911,0.1662558352873004,0.2734025423367882
0.8154964837162859,0.2655361748370909,0.1677761226972328,0.2684404475054274
0.816967257256657,0.2678571330607425,0.1692762879742667,0.2634513199599448
0.818456502003347,0.2701428248690457,0.1707559317990409,0.2584352540702354
0.8199643230009037,0.2723929778171283,0.1722146251396961,0.2533923426927971
0.8214908191521565,0.2746072934430993,0.1736519064917477,0.2483226881040399
0.8230360830072572,0.2767854484045906,0.1750672824930384,0.2432264018263512
0.8246002023591299,0.278927097971172,0.1764602300707805,0.2381035985522461
0.8261832592887343,0.2810318756733238,0.1778301960910311,0.2329543985719353
0.8277853280400016,0.2830993915817625,0.1791765961069445,0.2277789338570964
0.8294064777964495,0.2851292370102645,0.1804988172842863,0.2225773382107952
0.8310467702527866,0.287120982249835,0.1817962167858908,0.2173497543338324
0.832706258534139,0.2890741763126025,0.1830681214581453,0.2120963363435429
0.8343849893204538,0.29098835040213,0.1843138299401395,0.2068172421336589
0.8360830028792386,0.2928630185433524,0.1855326129125712,0.2015126325346905
0.8378003288220378,0.2946976736229367,0.1867237103558968,0.19618268372167
0.8395369899158458,0.296491792415156,0.1878863346451291,0.1908275743694497
0.8412929986867292,0.2982448326328225,0.189019668452715,0.1854474952998307
0.8430683587175948,0.2999562350348099,0.1901228659268725,0.1800426445009585
0.844863065014901,0.3016254243172006,0.1911950530607634,0.1746132251271657
0.8466771017207789,0.3032518075024231,0.1922353264402989,0.1691594515126428
0.8485104417691505,0.3048347743381834,0.193242753285634,0.1636815491551017
0.8503630498565629,0.3063737003630268,0.1942163731620781,0.1581797448690009
0.8522348770936599,0.3078679427896944,0.195155195105753,0.1526542817588669
0.8541258642535201,0.3093168437787007,0.1960581994338314,0.1471054084858333
0.8560359380857232,0.3107197280027644,0.196924335934781,0.1415333890616935
0.8579650132244212,0.3120759046555093,0.1977525248317275,0.1359384961021742
0.8599129940234054,0.3133846689477459,0.1985416573434024,0.1303210044989813
0.8618797689430117,0.3146452985043225,0.1992905931284379,0.1246812065751333
0.8638652124792954,0.3158570551823491,0.1999981610378267,0.1190194052569937
0.865869184016328,0.3170191846842967,0.2006631584909223,0.1133359161459345
0.8678915304883954,0.3181309183050492,0.2012843520267978,0.1076310587721277
0.8699320804782024,0.319191469762565,0.2018604750234096,0.1019051720568936
0.871990646987248,0.3202000370906667,0.2023902282899981,0.0961586051067349
0.874067026459264,0.321155802242267,0.2028722792851535,0.0903917186317998
0.8761609999096182,0.3220579316167956,0.2033052617440094,0.0846048804694218
0.8782723270641901,0.3229055735541837,0.2036877737975539,0.0787984803653243
0.8804007481310431,0.3236978594516065,0.2040183779179488,0.0729729234342804
0.8825459877113488,0.3244339051260094,0.2042956006682557,0.0671286179390661
0.8847077475585193,0.3251128080048694,0.2045179306453157,0.0612659935123105
0.8868857110150695,0.3257336485819576,0.2046838181015989,0.0553854873551325
0.8890795353747694,0.3262954880172236,0.2047916732095768,0.049487563113534
0.8912888563752446,0.3267973694687053,0.2048398654385677,0.0435726967852316
0.8935132898449517,0.3272383179361148,0.2048267220083263,0.0376413704617294
0.895752425959395,0.3276173384780189,0.2047505261429629,0.0316940857008669
0.8980058424950779,0.3279334176071581,0.2046095145381838,0.0257313262964492
0.9002730753861151,0.3281855180211425,0.2044018767290093,0.0197536340965367
0.9025536308450686,0.3283725810376881,0.2041257536178759,0.0137615740521721
0.904846983263717,0.3284935261205794,0.2037792359052462,0.0077557370584608
0.9071525780407316,0.3285472505493695,0.2033603615496463,0.0017367297507458
0.9094698227508872,0.3285326285448786,0.2028671149453961,-0.0042948053805927
0.911798208401476,0.3284485050113509,0.2022973933852541,-0.0103385076178766
0.9141375455296376,0.3282936576544245,0.2016489154143759,-0.0163949080132977
0.9164871824104504,0.32806682880947,0.2009194127996496,-0.0224634061355089
0.9188464066957572,0.3277667308191401,0.2001065508875937,-0.0285433219269437
0.9212144431447536,0.3273920479981375,0.1992079285646341,-0.0346338948736166
0.9235904396575716,0.3269414410285589,0.1982210832416608,-0.0407342533451105
0.9259734568744692,0.3264135527786962,0.1971434967151402,-0.0468433935088368
0.9283624495359044,0.3258070180377655,0.195972607207702,-0.0529601373884597
0.9307562533000104,0.325120475033082,0.1947058225678461,-0.0590831050947412
0.9331535587024986,0.3243525838592313,0.1933405443501244,-0.0652106541087864
0.9355528848718286,0.32350205046408,0.1918741990291134,-0.0713408176841184
0.9379525515956638,0.3225676573068192,0.1903042782780799,-0.0774712383027022
0.940350639488913,0.3215483062464966,0.1886283973337321,-0.083599069409197
0.9427449484890368,0.3204430725942784,0.1868443688937309,-0.0897208707103848
0.9451329486438916,0.3192512750663067,0.1849503001746427,-0.0958324804627306
0.9475117317574172,0.3179725604111217,0.1829447110411745,-0.1019288851657073
0.9498779640679542,0.3166070042694696,0.1808266761637973,-0.1080040853686308
0.95222785214105,0.3151552224160539,0.178595982916658,-0.114050986940587
0.9545571170790484,0.3136184943468656,0.1762533093821832,-0.1200613034250677
0.9568610211358224,0.3119988672483569,0.1738003753071177,-0.126025581881412
0.9591344276120272,0.3102992410601352,0.1712400698396158,-0.1319333037042356
0.9613719228223536,0.3085234013857907,0.1685765076564842,-0.1377731373622188
0.9635680038972158,0.3066759760431116,0.1658149788871541,-0.1435333588392443
0.9657173023546836,0.3047623174942033,0.162961796557662,-0.1492023697281502
0.9678148128033484,0.302788322814616,0.1600240573612904,-0.1547692411167584
0.9698561105388102,0.300760198770977,0.1570093241454286,-0.1602242481291753
0.9718375070218715,0.2986842229737723,0.1539253024097595,-0.1655592646154861
0.973756124743948,0.296566538045901,0.1507795622299099,-0.1707679671640206
0.9756099139784072,0.2944129778664609,0.1475793018773857,-0.1758459040790649
0.977397595342799,0.2922289658582587,0.1443312115478814,-0.1807903785846132
0.9791185717489744,0.2900194576681623,0.1410413963928137,-0.1856002560487202
0.9807728180373536,0.2877889307421564,0.13771536365744,-0.1902757113244079
0.9823607735356288,0.2855413963107444,0.1343580389060678,-0.1948179811289373
0.983883238641448,0.2832804336627319,0.1309738125328996,-0.1992291216713062
0.9853412877864532,0.2810092283730656,0.127566590398113,-0.2035118051204992
0.9867361950621708,0.278730615820424,0.1241398514727907,-0.2076691443687415
0.98806937621878,0.2764471200368276,0.1206966982128641,-0.21170455761861
0.989342342233088,0.2741609906184684,0.1172399041393765,-0.2156216600328853
0.9905566620963692,0.2718742381009217,0.1137719595259444,-0.2194241764006749
0.9917139360627226,0.269588662006721,0.1102951065790921,-0.2231158799648739
0.9928157745726144,0.267305876990078,0.1068113723462891,-0.2267005440334481
0.993863782746512,0.2650273351275301,0.1033225964186523,-0.2301819069632598
0.9948595497338518,0.2627543434765358,0.0998304520290029,-0.2335636494003725
0.9958046402032956,0.2604880810366489,0.0963364668145852,-0.236849375711016
0.9967005883356496,0.2582296134223814,0.0928420406381746,-0.2400426012582325
0.9975488944371234,0.2559799036465331,0.0893484579145813,-0.2431467467378278
0.9983510212490688,0.2537398256446229,0.0858569046571681,-0.2461651296021023
0.999108393921116,0.2515101694814578,0.0823684730300122,-0.2491009674340067
0.999822397767172,0.2492916535544867,0.0788841771650036,-0.2519573719325076
1.0004943800123007,0.2470849257672814,0.0754049520612707,-0.2547373573898405
1.0011256470949503,0.2448905791323622,0.0719316754717333,-0.2574438304739229
1.0017174680573928,0.2427091482526138,0.0684651599808113,-0.260079604099436
1.0022710744049983,0.2405411167531743,0.0650061625067772,-0.2626473967901943
1.002787660282764,0.2383869245801785,0.0615553939164851,-0.2651498322525058
1.003268384796164,0.236246966680042,0.0581135150710672,-0.267589448706412
1.0037143718032109,0.2341216017676251,0.054681149180925,-0.2699686959891399
1.004126711541207,0.2320111536786545,0.0512588824872403,-0.2722899410233186
1.004506462377403,0.229915910862817,0.0478472619916697,-0.2745554746865594
1.0048546515434624,0.2278361302056989,0.0444468002803336,-0.2767675134096635
1.005172275403562,0.225772044461456,0.0410579864615786,-0.2789281968474815
1.0054603018384314,0.2237238565716642,0.0376812757602565,-0.2810395991391501
1.0057196703959608,0.221691746905625,0.034317100329798,-0.283103726099056
1.0059512935839154,0.2196758733673437,0.0309658684918678,-0.2851225197076003
1.0061560579594164,0.2176763717750471,0.027627964447523,-0.2870978619181537
1.0063348248676869,0.2156933587890984,0.0243037522938434,-0.2890315756529373
1.006488431409307,0.2137269325428237,0.0209935762957239,-0.2909254278784755
1.0066176912657898,0.2117771740418109,0.0176977624922085,-0.2927811316835887
1.0067233955450348,0.2098441475530803,0.0144166186487808,-0.29460034911162
1.006806313429036,0.2079279038525341,0.0111504391122122,-0.2963846911118046
1.006867193074218,0.2060284781450618,0.0078995006696279,-0.2981357223267124
1.006906762223763,0.2041458910945345,0.0046640636778224,-0.2998549627208533
1.0069257287796287,0.2022801540000819,0.0014443804082611,-0.3015438853392083
1.0069247815717652,0.2004312651511069,-0.0017593117028305,-0.3032039220093708
1.0069045892517208,0.1985991099085745,-0.0049469647991261,-0.304836554195414
1.0068657498989853,0.1967817355812528,-0.0081217443997535,-0.3064448337510472
1.0068088390784042,0.1949791706138852,-0.0112833820895646,-0.3080299887109527
1.0067344202539423,0.1931914460640659,-0.0144315967711246,-0.3095932084811449
1.006643044998698,0.191418583780644,-0.0175661155270808,-0.311135655596697
1.006535253256014,0.1896605967440124,-0.0206866733546379,-0.3126584665357227
1.0064115737150665,0.187917491140642,-0.0237930097923543,-0.3141627509786999
1.0062725238605232,0.1861892636281419,-0.0268848740845858,-0.3156495951695863
1.0061186101692774,0.1844759021415753,-0.0299620240911182,-0.3171200621421248
1.0059503285347595,0.1827773887227582,-0.033024221511652,-0.3185751901827853
1.0057681644071668,0.181093698691925,-0.0360712336283104,-0.3200159943974795
1.0055725927635288,0.1794247990187306,-0.0391028365427273,-0.3214434689090471
1.005364078555721,0.1777706512042234,-0.0421188102417928,-0.3228585851589933
1.00514307680508,0.1761312106822715,-0.045118939930055,-0.3242622931542345
1.0049100326495182,0.1745064262603048,-0.0481030173164981,-0.325655522647676
1.0046653816679103,0.1728962416422591,-0.0510708380806081,-0.3270391825068943
1.004409549765132,0.1713005939196244,-0.0540222048980489,-0.328414162657748
1.004142953880118,0.1697194173614028,-0.0569569206740796,-0.3297813314413952
1.003866001408336,0.1681526391501027,-0.0598747966583852,-0.3311415398850332
1.003579090812073,0.1666001825900286,-0.0627756467362441,-0.3324956195143541
1.0032826117369449,0.1650619670844858,-0.0656592876672266,-0.3338443829174733
1.0029769447264734,0.1635379062207796,-0.068525542890277,-0.3351886259654654
1.0026624620098727,0.1620279113898746,-0.0713742359389698,-0.3365291251572473
1.002339527102628,0.1605318892929485,-0.0742051953148388,-0.3378666403125993
1.002008495208916,0.1590497435272572,-0.0770182516929403,-0.339201913660203
1.0016697131528145,0.1575813738987011,-0.0798132394061102,-0.3405356709283626
1.0013235195815493,0.1561266770235322,-0.0825899954864572,-0.34186862127498
1.0009702451314988,0.1546855467077159,-0.0853483591118136,-0.3432014573927241
1.000610212416809,0.1532578736002338,-0.0880881724339475,-0.3445348562724035
1.0002437363413896,0.1518435461608873,-0.090809278882664,-0.3458694787373468
0.9998711241114095,0.1504424503925268,-0.0935115238253715,-0.3472059701044725
0.9994926752972384,0.1490544698160921,-0.0961947547620897,-0.3485449606242549
0.9991086820561078,0.1476794860381221,-0.0988588203687432,-0.3498870653417137
0.9987194290143964,0.146317378081658,-0.101503571926233,-0.3512328851484665
0.998325193690229,0.1449680236505616,-0.1041288609964972,-0.3525830059395202
0.9979262465747856,0.1436312991170224,-0.1067345395564472,-0.3539379989792295
0.997522850880502,0.1423070784441431,-0.1093204622109302,-0.3552984223684677
0.9971152631175056,0.1409952348867277,-0.1118864829841525,-0.3566648196919563
0.996703732876124,0.1396956400260893,-0.1144324573004052,-0.3580377213591122
0.9962885032137152,0.1384081647786713,-0.1169582401029107,-0.3594176439023354
0.9958698105881876,0.1371326789386619,-0.119463686833115,-0.3608050907909351
0.9954478848045112,0.1358690508152411,-0.1219486542262005,-0.3622005531857848
0.9950229496713416,0.1346171489870005,-0.1244129969352561,-0.3636045083438819
0.994595222424276,0.1333768403488535,-0.1268565714384728,-0.3650174220995858
0.994164914578442,0.1321479923961245,-0.1292792316034911,-0.3664397466143821
0.9937322313960412,0.1309304714429433,-0.1316808322505786,-0.3678719226984896
0.993297372199194,0.1297241433281674,-0.1340612278123757,-0.3693143793378148
0.992860530710386,0.1285288741409183,-0.1364202709445571,-0.370767533120638
0.9924218948222296,0.127344529362484,-0.1387578142559243,-0.3722317895522924
0.9919816470202656,0.1261709748086273,-0.141073708480293,-0.3737075421955088
0.9915399641281978,0.1250080757320668,-0.1433678042734694,-0.3751951740668162
0.9910970180072388,0.12385569846056,-0.1456399490021203,-0.3766950558245847
0.9906529749798552,0.1227137086628166,-0.1478899901805631,-0.3782075482420008
0.99020799641117,0.1215819726626634,-0.1501177728892862,-0.3797330007754218
0.9897622385264622,0.1204603567577304,-0.1523231411228834,-0.381271752711727
0.989315852770696,0.1193487279265746,-0.154505936398791,-0.3828241324587565
0.9888689857091292,0.1182469533693872,-0.1566659986569247,-0.3843904584047363
0.988421779450009,0.1171549013468856,-0.1588031646072895,-0.385971037951422
0.9879743710794971,0.1160724395957784,-0.1609172708196036,-0.3875661700191565
0.9875268936342728,0.114999437502435,-0.1630081494526912,-0.3891761421145795
0.9870794756343276,0.1139357647561618,-0.1650756308714762,-0.3908012324734996
0.9866322413259316,0.1128812917411697,-0.1671195428556561,-0.3924417096924976
0.986185310544157,0.1118358890242472,-0.1691397115599235,-0.3940978337401694
0.9857387994968444,0.1107994289979931,-0.1711359583044468,-0.3957698535476842
0.9852928201219532,0.1097717841773834,-0.1731081028375379,-0.3974580098557113
0.9848474806167906,0.1087528282442061,-0.1750559612809522,-0.3991625337221323
0.9844028851845312,0.1077424352762656,-0.1769793475650334,-0.4008836479593277
0.9839591346674904,0.1067404810044353,-0.1788780709876312,-0.4026215651616741
0.983516326075837,0.1057468415527872,-0.1807519385706645,-0.4043764899783865
0.9830745530497068,0.1047613943026992,-0.1826007533694868,-0.4061486177676393
0.9826339056139828,0.1037840171633888,-0.1844243157937373,-0.4079381360241514
0.982194470782014,0.1028145897359794,-0.1862224213768794,-0.4097452223847394
0.981756332111024,0.1018529921475123,-0.1879948629022955,-0.4115700468571584
0.981319570066582,0.1008991056849968,-0.1897414291608345,-0.4134127707706979
0.9808842620473104,0.0999528126752267,-0.1914619051174353,-0.4152735470886614
0.9804504825485212,0.0990139966697253,-0.19315607151806,-0.4171525201234903
0.9800183031216771,0.0980825421875944,-0.1948237052987859,-0.4190498261146262
0.9795877924831452,0.0971583347862877,-0.1964645793914511,-0.4209655931689666
0.9791590167007032,0.0962412612981643,-0.1980784622429407,-0.4228999408270464
0.9787320390020549,0.0953312092594742,-0.1996651187575051,-0.4248529813180386
0.9783069202674156,0.0944280678033969,-0.2012243086655764,-0.4268248177106123
0.9778837186728108,0.0935317267416798,-0.2027557880631796,-0.4288155459132693
0.9774624901054708,0.0926420772929942,-0.2042593080847065,-0.4308252531230769
0.9770432880408058,0.0917590116680001,-0.2057346155554498,-0.4328540187488066
0.9766261637334768,0.0908824233221295,-0.2071814525013747,-0.4349019138481201
0.9762111659822132,0.0900122063137435,-0.2085995571384488,-0.4369690026398872
0.9757983417877624,0.0891482565391411,-0.2099886617821736,-0.4390553395901138
0.9753877357385832,0.0882904702998538,-0.2113484951202998,-0.4411609727969263
0.9749793906594322,0.0874387455188605,-0.2126787801855785,-0.443285941047083
0.9745733473336654,0.0865929810191381,-0.2139792354566178,-0.4454302755220032
0.9741696446026348,0.0857530765944405,-0.2152495746686208,-0.4475939996117887
0.9737683193856296,0.0849189329159742,-0.2164895068767292,-0.4497771291356722
0.9733694070595844,0.0840904521879885,-0.2176987354221438,-0.4519796705695716
0.9729729411847584,0.0832675374455866,-0.2188769589340885,-0.4542016227946999
0.972578953678642,0.0824500927869578,-0.2200238709208826,-0.4564429764290846
0.9721874747426,0.0816380230938541,-0.2211391600982274,-0.4587037145261823
0.9717985332798952,0.0808312347732992,-0.22222250931386,-0.4609838104260107
0.9714121565727653,0.0800296349642699,-0.2232735966030805,-0.4632832298430615
0.9710283702771388,0.0792331314050304,-0.2242920952647979,-0.4656019312077028
0.9706471990376474,0.0784416335896313,-0.2252776723277106,-0.4679398621957202
0.9702686658627732,0.0776550513534185,-0.2262299903256407,-0.470296963709354
0.9698927926390386,0.0768732958244766,-0.227148706046358,-0.4726731669682624
0.9695196000077694,0.0760962790540511,-0.2280334709673075,-0.4750683944448263
0.969149107440912,0.0753239140621351,-0.2288839311686395,-0.4774825595765748
0.9687813331486794,0.0745561145340396,-0.2296997276267222,-0.4799155675687842
0.9684162943930522,0.0737927953653663,-0.2304804955909397,-0.4823673135206395
0.9680540073259892,0.0730338722178679,-0.2312258650491517,-0.4848376836396012
0.9676944871805327,0.072279261814104,-0.2319354604135012,-0.4873265541062497
0.9673377481877103,0.0715288816603009,-0.2326089007893128,-0.4898337917739467
0.9669838036217728,0.0707826500385761,-0.2332457999571491,-0.4923592540108097
0.9666326660270784,0.0700404863852712,-0.2338457660566219,-0.4949027872001016
0.9662843469704802,0.0693023106703828,-0.2344084021219028,-0.4974642286190189
0.9659388572772944,0.0685680437981303,-0.2349333057482085,-0.5000434048560389
0.9655962071724352,0.0678376078137994,-0.2354200690053557,-0.5026401308065354
0.9652564060841398,0.0671109253942151,-0.2358682788497871,-0.5052542111965034
0.9649194628688006,0.0663879202356394,-0.2362775169115492,-0.5078854389388266
0.9645853856552176,0.0656685166307134,-0.2366473598076513,-0.5105335963823039
0.964254182180829,0.0649526401037242,-0.2369773788759747,-0.5131984526933587
0.9639258594804606,0.0642402166548992,-0.2372671406552151,-0.5158797663327431
0.9636004242298792,0.0635311734185836,-0.2375162066753441,-0.5185772822996458
0.963277882628977,0.0628254383304348,-0.2377241337464973,-0.5212907330343052
0.9629582405562616,0.0621229403861534,-0.2378904740299036,-0.5240198370816278
0.9626415034124476,0.0614236092216301,-0.2380147753180128,-0.5267643003598723
0.9623276763649876,0.0607273755752597,-0.2380965811064491,-0.5295238140056101
0.9620167642830122,0.0600341710741377,-0.2381354308699984,-0.5322980548206526
0.9617087718880476,0.0593439285013089,-0.2381308603001777,-0.5350866838084326
0.961403703346991,0.0586565808141006,-0.2380824015389901,-0.5378893497590056
0.9611015611678128,0.0579720585481992,-0.2379895827805423,-0.5407056997157937
0.9608023497357008,0.0572902977362267,-0.2378519293163231,-0.543535346159083
0.9605060731778076,0.0566112350684312,-0.2376689639074679,-0.5463778861077765
0.960212735653499,0.0559348084972421,-0.2374402072824862,-0.5492328981932721
0.9599223414944754,0.0552609575174643,-0.2371651787683177,-0.5520999409914614
0.959634894950624,0.0545896225369998,-0.2368433966063888,-0.5549785552168474
0.9593504005134842,0.0539207455886153,-0.2364743788208484,-0.5578682602300302
0.9590688627604508,0.0532542699354994,-0.2360576436988162,-0.5607685552451622
0.9587902865139152,0.0525901404175043,-0.2355927106802527,-0.563678917364352
0.95851467682226,0.0519283033865575,-0.2350791011072001,-0.566598801379396
0.9582420391169676,0.051268707070831,-0.2345163393669184,-0.56952763769106
0.9579723790281572,0.0506113011237809,-0.2339039534565057,-0.572464833840186
0.957705702621319,0.0499560371952538,-0.233241476452357,-0.5754097715286779
0.957442016420854,0.0493028690040441,-0.2325284477326492,-0.5783618058369631
0.9571813274142906,0.0486517523704722,-0.2317644142360251,-0.5813202646479201
0.9569236429691834,0.0480026450346743,-0.2309489315080561,-0.5842844490867727
0.9566689711504004,0.0473555074921168,-0.2300815661114852,-0.5872536293497815
0.956417320472176,0.0467103024234017,-0.2291618964471981,-0.5902270469701669
0.9561687000048248,0.0460669950204149,-0.2281895147301395,-0.5932039130553295
0.9559231195282551,0.0454255534589476,-0.2271640294243206,-0.5961834058669726
0.9556805894266754,0.0447859487187926,-0.2260850668495471,-0.5991646714727363
0.9554411206594337,0.0441481546032962,-0.224952273109013,-0.602146823562835
0.9552047248894948,0.0435121481924176,-0.2237653169048871,-0.6051289413151317
0.9549714144731082,0.0428779099510007,-0.2225238919574716,-0.6081100689441401
0.9547412022841174,0.0422454233940439,-0.2212277186035216,-0.6110892174394954
0.9545141019106492,0.0416146757765693,-0.2198765474939458,-0.6140653615961938
0.9542901275518524,0.0409856579890703,-0.2184701619015847,-0.6170374408891993
0.9540692939156846,0.0403583644558799,-0.2170083800130811,-0.6200043604719186
0.9538516162999932,0.0397327935629297,-0.2154910585002241,-0.6229649898081168
0.953637110301472,0.0391089470341077,-0.2139180936563814,-0.6259181664208782
0.9534257920214132,0.0384868307397044,-0.2122894260049189,-0.6288626930158422
0.9532176777312928,0.0378664539513644,-0.2106050410877319,-0.6317973421117798
0.9530127841392576,0.0372478303716648,-0.2088649748933598,-0.6347208524364355
0.9528111277935076,0.0366309765929026,-0.2070693122656715,-0.6376319376444707
0.952612725298,0.0360159129719611,-0.2052181917688738,-0.6405292837643372
0.9524175930491652,0.0354026630655328,-0.2033118064850463,-0.6434115536065323
0.9522257473965122,0.0347912543820581,-0.2013504087169669,-0.6462773851331173
0.9520372037117704,0.0341817156480158,-0.1993343033767545,-0.6491254063102364
0.9518519771413856,0.0335740793971572,-0.1972638580696811,-0.6519542251096988
0.9516700820190594,0.0329683802991341,-0.1951394994877191,-0.6547624396212922
0.9514915313921872,0.0323646537227162,-0.1929617095660153,-0.6575486470287019
0.9513163377690484,0.031762938387308,-0.1907310360343853,-0.660311433763168
0.9511445117741936,0.0311632719109366,-0.1884480770483003,-0.6630493984784386
0.9509760631778924,0.0305656944058052,-0.186113494877454,-0.6657611379900716
0.9508109999070808,0.0299702450919948,-0.1837280033036006,-0.6684452652371126
0.9506493282911668,0.0293769631265159,-0.1812923703875564,-0.6711004078686326
0.9504910528765008,0.0287858868898903,-0.1788074150446705,-0.6737252138085311
0.9503361763034516,0.0281970534298048,-0.1762740037578243,-0.6763183559679457
0.9501846990961234,0.0276104974951056,-0.1736930450216885,-0.6788785385705262
0.9500366198747956,0.0270262521363512,-0.1710654902332354,-0.6814044964335948
0.9498919356064895,0.0264443495246014,-0.1683923358420291,-0.6838949933829334
0.9497506405446424,0.0258648164318598,-0.1656746005802188,-0.6863488432902575
0.94961272727912,0.025287678071888,-0.1629133404204314,-0.6887648949249213
0.9494781865675948,0.0247129571559926,-0.1601096420843803,-0.6911420374357241
0.9493470065763951,0.0241406702180881,-0.1572646022461495,-0.6934792165124092
0.949219174024638,0.0235708320260997,-0.1543793459746321,-0.6957754168345383
0.9490946738235972,0.0230034536492837,-0.1514550145947087,-0.6980296708141528
0.948973488854094,0.0224385409043905,-0.1484927544707635,-0.7002410650628
0.9488556006846872,0.0218760971181409,-0.1454937281721643,-0.7024087296083832
0.9487409889043564,0.0213161194377605,-0.1424590918670308,-0.7045318522005616
0.948629632282013,0.0207586038463117,-0.1393900191183801,-0.7066096588736489
0.9485215078150336,0.0202035399723738,-0.1362876698127238,-0.7086414333069361
0.9484165918250472,0.0196509160034287,-0.1331532142427568,-0.7106264979898773
0.9483148596219204,0.0191007165494079,-0.1299878188348578,-0.712564221822078
0.9482162849720144,0.0185529190465396,-0.1267926223055354,-0.714454031662
0.94812084157935,0.0180075012104933,-0.1235687759586486,-0.7162953852226958
0.9480285023393286,0.0174644365200326,-0.1203174154153779,-0.7180877861887597
0.9479392392438628,0.0169236928833995,-0.1170396497470237,-0.7198307870409851
0.947853024458805,0.0163852384925947,-0.1137365944972763,-0.7215239687757785
0.9477698299591084,0.0158490393754782,-0.1104093555158806,-0.7231669483999819
0.9476896271273756,0.0153150562108427,-0.1070590071465634,-0.7247593873448572
0.9476123874052168,0.0147832478589211,-0.1036866120329598,-0.7263009790023013
0.947538082479878,0.0142535722864132,-0.1002932256828239,-0.7277914451438711
0.947466684093469,0.013725984862746,-0.0968798843645731,-0.729230539811514
0.9473981640598972,0.0132004378897254,-0.0934476005318888,-0.7306180490611256
0.947332494666184,0.0126768831497185,-0.0899973781690042,-0.7319537828153595
0.9472696486250995,0.0121552712987554,-0.0865302080555577,-0.7332375756498374
0.9472095989009546,0.0116355499843946,-0.0830470543001825,-0.7344692901850274
0.9471523190890426,0.0111176665741687,-0.0795488716175408,-0.7356488091117058
0.9470977832396767,0.0106015662921398,-0.0760365921817849,-0.7367760385110708
0.947045966218887,0.0100871952617021,-0.0725111457330179,-0.7378509000854149
0.9469968431624122,0.0095744948058674,-0.0689734200895313,-0.7388733421211566
0.9469503902245668,0.0090634084934791,-0.0654243089748163,-0.7398433235828762
0.9469065843572833,0.0085538800711345,-0.0618646979003888,-0.7407608182422977
0.9468654029268028,0.0080458485591488,-0.0582954295480129,-0.7416258223098091
0.94682682442329,0.0075392562249784,-0.0547173592948084,-0.7424383391438133
0.946790828015314,0.0070340431862101,-0.0511313174226037,-0.7431983881419245
0.9467573936841,0.0065301486088277,-0.0475381173532621,-0.7439060014952188
0.9467265023244372,0.0060275119463864,-0.0439385644894579,-0.7445612216116163
0.9466981356786892,0.0055260717759182,-0.0403334480050464,-0.7451641020700397
0.9466722764155197,0.0050257668880008,-0.0367235487699653,-0.7457147055166357
0.946648908075346,0.0045265351021107,-0.0331096309841646,-0.7462131043984532
0.9466280151682724,0.0040283150746624,-0.0294924554407807,-0.7466593784616881
0.9466095831544468,0.0035310462488221,-0.0258727794944378,-0.7470536147622527
0.9465935982617384,0.0030346633002603,-0.0222513168179892,-0.74739591118241
0.946580047891248,0.002539107691247,-0.0186288218836945,-0.7476863673803408
0.946568920185898,0.00204431430798,-0.0150059928068738,-0.7479250936701957
0.9465602043638834,0.0015502228123413,-0.0113835545846832,-0.7481122035408998
0.946553890529688,0.0010567704990134,-0.0077622072137392,-0.7482478173886217
0.9465499697499364,0.0005638955303843,-0.0041426497206098,-0.7483320605910146
0.9465484340312054,7.15347739071e-05,-0.0005255646590581,-0.7483650637044421
0.9465492763361352,-0.000420372507108,0.0030883544024172,-0.7483469618593241
0.9465524927997586,-0.0009121386877341,0.0067002678908384,-0.7482778469035611
0.9465580881760086,-0.0014042824689504,0.0103128505632389,-0.7481576503008516
0.9465660684530758,-0.001896864494507,0.0139254075469565,-0.7479863019763247
0.9465764405378028,-0.0023899456407701,0.0175372410369818,-0.7477637372774217
0.9465892122822344,-0.0028835877797138,0.0211476555289224,-0.7474898966016968
0.9466043923716486,-0.0033778496999164,0.0247559276741723,-0.7471647280122659
0.946621990530588,-0.0038727945288747,0.0283613602079733,-0.7467881830553623
0.9466420173156884,-0.0043684824754861,0.0319632286124683,-0.7463602214510159
0.9466644841019384,-0.0048649720619818,0.0355607900032978,-0.7458808116423227
0.9466894033545646,-0.0053623261185137,0.0391533262991433,-0.7453499252739182
0.9467167883651492,-0.0058606054042564,0.0427400976206821,-0.7447675431291759
0.9467466532401124,-0.0063598692729533,0.0463203470608032,-0.7441336556725802
0.9467790130173288,-0.0068601779647305,0.0498933170100619,-0.7434482608879353
0.9468138834590502,-0.0073615894767567,0.0534582266436998,-0.7427113689924084
0.9468512814519549,-0.0078641655282507,0.0570143142467511,-0.7419229943158532
0.9468912243132316,-0.0083679620104186,0.0605607693731859,-0.7410831702890815
0.9469337306620872,-0.0088730407426778,0.0640968159114255,-0.7401919314283496
0.9469788195000036,-0.0093794578919543,0.0676216304788622,-0.7392493330277501
0.9470265107631431,-0.009887271192148,0.0711343933329627,-0.7382554398810984
0.9470768251345776,-0.0103965377693311,0.0746342731516676,-0.7372103305669926
0.9471297839810068,-0.0109073137444608,0.0781204245073581,-0.7361140990873678
0.947185409273016,-0.0114196537972066,0.0815919852446308,-0.7349668568140394
0.9472437238035418,-0.0119336134175938,0.0850480920576066,-0.7337687282759838
0.9473047508404256,-0.0124492459301337,0.0884878606736919,-0.7325198586027959
0.9473685142413296,-0.0129666038957595,0.0919103958867078,-0.7312204113840278
0.947435038416679,-0.0134857390391183,0.0953147915640786,-0.7298705696487805
0.9475043482139912,-0.0140067016155963,0.0987001271071631,-0.7284705383950274
0.9475764689043706,-0.0145295406427112,0.1020654697375881,-0.7270205449867319
0.947651426080977,-0.015054303482921,0.1054098726510237,-0.7255208412771778
0.94772924584074,-0.0155810373979901,0.1087323857687022,-0.7239717000222962
0.9478099541408116,-0.016109785491328,0.1120320310943838,-0.7223734276792522
0.9478935773291004,-0.0166405907382522,0.1153078294317737,-0.7207263537045203
0.947980141851434,-0.0171734943076947,0.1185587908806552,-0.7190308362373844
0.9480696741810052,-0.0177085354871232,0.1217839157008034,-0.717287263240646
0.948162200047968,-0.0182457476168105,0.1249821716665255,-0.7154960670605036
0.948257745738923,-0.018785166218579,0.1281525445603877,-0.7136576986897738
0.9483563371862872,-0.0193268238520737,0.1312940085415967,-0.7117726450340791
0.9484579994381565,-0.01987074778037,0.1344055148974921,-0.7098414382732818
0.948562757615069,-0.0204169656450403,0.1374860268543892,-0.7078646368001168
0.9486706353911968,-0.0209654978744049,0.140534478502844,-0.7058428530679465
0.9487816564606112,-0.0215163658165387,0.1435498229625829,-0.7037767248422947
0.9488958435692584,-0.0220695870782855,0.1465310081097922,-0.7016669323649233
0.9490132177374406,-0.0226251723933967,0.1494769627445361,-0.6995142112092488
0.9491337997844692,-0.0231831334416049,0.1523866410907902,-0.697319322678305
0.9492576087829968,-0.0237434759034959,0.1552589881788536,-0.695083080652981
0.9493846624442316,-0.0243062018596365,0.1580929555833588,-0.6928063426171162
0.9495149773245556,-0.0248713111222506,0.1608875106724,-0.6904900041069991
0.9496485682681506,-0.0254387991903653,0.1636416288946212,-0.6881350066997608
0.949785448157154,-0.0260086567127096,0.1663542942975414,-0.6857423401056766
0.9499256284536028,-0.0265808722094773,0.1690245154003334,-0.6833130303188868
0.9500691186799765,-0.027155430270716,0.1716513190414216,-0.6808481463643256
0.9502159262028368,-0.0277323111307045,0.1742337513031374,-0.6783488013957899
0.950366057140359,-0.0283114945794488,0.1767708974316476,-0.6758161346831338
0.9505195151145868,-0.0288929553588648,0.179261863368749,-0.6732513302749324
0.9506763013129474,-0.0294766638650968,0.1817057818417548,-0.6706556128972931
0.9508364155738004,-0.0300625904868406,0.1841018326708929,-0.6680302271793384
0.9509998560288052,-0.0306507043550821,0.186449238412963,-0.6653764412295294
0.9511666181846316,-0.0312409702422745,0.1887472535226882,-0.6626955588471072
0.951336695853366,-0.031833352138758,0.190995180254767,-0.6599889015829588
0.9515100816334092,-0.032427814958322,0.1931923755272478,-0.6572577987651665
0.9516867657222686,-0.033024320494798,0.195338236266018,-0.6545036038928557
0.9518667371252576,-0.0336228316442736,0.197432215544631,-0.6517276731408159
0.9520499834108852,-0.0342233115237956,0.1994738190139863,-0.6489313671517524
0.9522364909701976,-0.034825724279025,0.201462607239325,-0.6461160450705147
0.9524262448257248,-0.0354300343967764,0.203398192742041,-0.6432830655750063
0.9526192291320656,-0.0360362082291944,0.2052802441079629,-0.6404337776197346
0.9528154273903016,-0.0366442145125937,0.2071084861345239,-0.6375695158902138
0.9530148223192904,-0.0372540238030559,0.2088826964958416,-0.6346916014567047
0.9532173961679616,-0.0378656092788336,0.210602706444828,-0.6318013361078016
0.9534231307763346,-0.0384789467387011,0.2122683988422847,-0.6289000005804778
0.9536320078994068,-0.0390940153716276,0.2138797081208316,-0.6259888492717511
0.9538440091606366,-0.0397107974025682,0.2154366169848261,-0.6230691104035039
0.9540591163701374,-0.0403292788093177,0.2169391558379551,-0.620141981267723
0.9542773113213412,-0.0409494485201796,0.2183873983119841,-0.6172086308108744
0.9544985761460916,-0.0415712992308822,0.2197814607961048,-0.6142701947017307
0.9547228935324304,-0.0421948277927455,0.2211215006098054,-0.6113277725880617
0.954950246390361,-0.0428200340719569,0.2224077109023706,-0.608382432718425
0.9551806182043582,-0.0434469217455121,0.2236403199211286,-0.6054352075512534
0.9554139930676588,-0.0440754982009614,0.2248195882311248,-0.6024870937395663
0.9556503556136682,-0.0447057741756785,0.2259458055724657,-0.5995390534583012
0.9558896911945144,-0.0453377640730497,0.2270192890710382,-0.596592012673781
0.9561319857302086,-0.0459714854094173,0.2280403799651936,-0.5936468635890546
0.9563772259033996,-0.0466069591897552,0.2290094420469741,-0.5907044628513868
0.9566253989281034,-0.0472442091800405,0.2299268584198688,-0.5877656349762339
0.9568764927879716,-0.0478832624143695,0.230793030303076,-0.5848311701224754
0.9571304960657414,-0.0485241486544976,0.2316083743454966,-0.5819018267885036
0.9573873979912036,-0.0491669004273633,0.2323733209302186,-0.5789783318939098
0.9576471883934776,-0.0498115528298949,0.233088312267316,-0.5760613819838986
0.9579098576879592,-0.0504581434338242,0.2337538007361999,-0.573151644018272
0.9581753967582524,-0.0511067119448067,0.2343702471045672,-0.570249757296367
0.958443797111972,-0.0517573005435167,0.2349381195294022,-0.5673563323513557
0.9587150506560896,-0.0524099533043982,0.2354578917533598,-0.5644719540055161
0.9589891497661788,-0.0530647163441342,0.2359300421175574,-0.5615971811709471
0.9592660871394856,-0.0537216374571793,0.2363550522427822,-0.558732548935215
0.9595458559247924,-0.0543807664204716,0.2367334062786001,-0.5558785677196216
0.959828449509924,-0.0550421544914268,0.2370655896888996,-0.5530357259706947
0.9601138615693136,-0.0557058545323427,0.2373520885451022,-0.5502044901120575
0.9604020859792672,-0.0563719208288891,0.2375933887066667,-0.5473853058235869
0.9606931168759238,-0.05704040924564,0.2377899752037011,-0.5445785978856379
0.9609869483487332,-0.0577113765496962,0.2379423314331213,-0.541784773513048
0.9612835747442348,-0.0583848811425977,0.2380509388398518,-0.5390042197627102
0.9615829903308448,-0.0590609823317352,0.2381162762485299,-0.5362373070502947
0.9618851894469456,-0.059739740711226,0.2381388195105691,-0.5334843880308423
0.962190166437097,-0.0604212180612605,0.2381190410638739,-0.5307457984877068
0.962497916458356,-0.0611054791834703,0.2380574093271455,-0.5280218505271047
0.9628084346373156,-0.061792590046467,0.2379543881317285,-0.5253128406697238
0.9631217148034577,-0.0624826150577586,0.2378104370670792,-0.5226190609106649
0.963437750728968,-0.0631756198941406,0.2376260111470408,-0.5199407877558617
0.9637565358853118,-0.0638716710258573,0.2374015606643806,-0.51727828449125
0.9640780634463638,-0.064570835790379,0.2371375310048499,-0.5146318012618852
0.9644023262039866,-0.0652731822771912,0.2368343625412066,-0.5120015758634867
0.9647293166477032,-0.065978779570717,0.2364924903980354,-0.5093878331770423
0.9650590267517996,-0.0666876973620306,0.2361123445112911,-0.5067907869523285
0.9653914480535688,-0.0674000061935772,0.2356943494352512,-0.5042106392057791
0.9657265717559712,-0.0681157777528033,0.2352389240561108,-0.5016475794938019
0.9660643881915656,-0.0688350838045557,0.2347464821998301,-0.4991017890382112
0.966404887415603,-0.0695579975382483,0.2342174317339455,-0.4965734361783324
0.966748058787853,-0.0702845927554157,0.2336521750299457,-0.4940626795669742
0.967093891036244,-0.0710149440890131,0.2330511087919776,-0.4915696676509751
0.967442372151874,-0.0717491268661959,0.2324146241526032,-0.4890945393899531
0.9677934893523022,-0.0724872171181492,0.231743106676843,-0.4866374244424052
0.9681472290682028,-0.073229291640292,0.2310369363222905,-0.4841984431782442
0.9685035769724762,-0.0739754281421847,0.2302964873009246,-0.4817777064060436
0.9688625178807508,-0.0747257051290036,0.2295221281953538,-0.4793753159808572
0.9692240356893372,-0.0754802018641686,0.2287142220229177,-0.4769913651158998
0.9695881132559688,-0.0762389982147631,0.2278731264469344,-0.4746259390363688
0.9699547326854548,-0.0770021753419649,0.22699919304427,-0.4722791130022953
0.9703238747773952,-0.0777698146469924,0.2260927685203843,-0.4699509557492882
0.9706955194626096,-0.0785419987782973,0.2251541936127081,-0.4676415265302765
0.9710696454810868,-0.0793188110608856,0.2241838037868596,-0.4653508770205196
0.9714462304523928,-0.0801003357440553,0.2231819289917831,-0.4630790507060523
0.9718252507763728,-0.0808866578979246,0.2221488938371753,-0.4608260833227691
0.972206681540148,-0.0816778633248447,0.2210850177746046,-0.4585920032174156
0.9725904965989378,-0.0824740388328382,0.2199906147945327,-0.4563768306766471
0.9729766684548188,-0.0832752720914331,0.2188659936700641,-0.454180578449866
0.9733651681193648,-0.0840816514555339,0.2177114582757029,-0.4520032523119945
0.9737559652849792,-0.0848932664314035,0.216527306991537,-0.4498448498789563
0.9741490282736206,-0.0857102076831354,0.2153138327231628,-0.4477053607212832
0.974544323508695,-0.0865325660488827,0.2140713244346496,-0.4455847690025402
0.9749418162218386,-0.0873604341256243,0.2128000648546465,-0.4434830494025734
0.9753414696022432,-0.0881939046164491,0.211500333038425,-0.4414001714373791
0.975743245491808,-0.0890330718970729,0.210172402035576,-0.4393360955220978
0.9761471037481888,-0.089878030808876,0.2088165408244271,-0.4372907760543755
0.9765530023581812,-0.0907288770154975,0.2074330138497638,-0.4352641605121391
0.9769608977824936,-0.0915857078508495,0.2060220796982347,-0.4332561874848327
0.9773707443036692,-0.0924486210790869,0.2045839931738216,-0.4312667896642404
0.9777824941636832,-0.0933177153077575,0.2031190047191078,-0.4292958928262758
0.9781960977586636,-0.0941930905288905,0.2016273595669989,-0.4273434146168425
0.978611503305216,-0.0950748475477068,0.2001092987597083,-0.4254092658696625
0.9790286568608116,-0.0959630881580798,0.198565058924385,-0.4234933501924384
0.9794475021633944,-0.0968579149357234,0.196994872703732,-0.4215955643883849
0.9798679805524396,-0.0977594312032809,0.1953989688994057,-0.4197157984711224
0.9802900314487676,-0.0986677422003354,0.1937775704561964,-0.4178539332177753
0.9807135914499184,-0.0995829532854345,0.192130897706381,-0.4160098438892595
0.9811385947581628,-0.1005051709936652,0.1904591665694204,-0.4141833979620752
0.9815649731019516,-0.1014345030154065,0.1887625886386795,-0.4123744551555723
0.9819926554093056,-0.1023710576320712,0.1870413722713785,-0.4105828684773056
0.9824215681019602,-0.1033149445063514,0.1852957212043341,-0.4088084826259228
0.9828516344932212,-0.1042662735099659,0.1835258367753055,-0.4070511361381569
0.9832827754190588,-0.1052251562657106,0.1817319151257954,-0.4053106584193901
0.983714908538797,-0.1061917047579147,0.1799141498342805,-0.4035868722475714
0.984147948635538,-0.1071660321528117,0.1780727304427066,-0.4018795921700792
0.984581807330033,-0.1081482523175954,0.1762078434105521,-0.4001886252704601
0.9850163931643704,-0.1091384801683694,0.1743196715076435,-0.3985137704526922
0.9854516112641122,-0.110136831063052,0.172408395019242,-0.3968548193571574
0.9858873636965496,-0.1111434217842523,0.1704741899140898,-0.3952115545932363
0.986323548887304,-0.1121583693669714,0.16851723013117,-0.3935837515650279
0.9867600617594972,-0.1131817915763348,0.1665376867127146,-0.3919711775158238
0.9871967938565176,-0.1142138073692109,0.1645357269458411,-0.3903735906769374
0.987633632939266,-0.1152545361233256,0.1625115158871598,-0.3887907413464713
0.9880704630468056,-0.1163040979480079,0.1604652157964224,-0.3872223712380579
0.9885071642622216,-0.1173626132947661,0.158396986926543,-0.3856682138967066
0.9889436128804312,-0.1184302035360488,0.1563069864215399,-0.3841279936684772
0.9893796812201174,-0.1195069906954908,0.1541953688631319,-0.3826014259491345
0.9898152373596562,-0.1205930969748381,0.1520622872195003,-0.3810882176703511
0.9902501453794976,-0.1216886455364637,0.1499078913266997,-0.3795880660121872
0.9906842646639228,-0.122793758930049,0.1477323309949003,-0.3781006603694756
0.991117450764424,-0.1239085614599221,0.1455357513605592,-0.3766256789307003
0.9915495543391354,-0.125033176678437,0.1433182978247517,-0.3751627918641744
0.9919804215233192,-0.1261677284991414,0.1410801138650529,-0.3737116595782428
0.9924098940889302,-0.1273123418255956,0.13882133979022,-0.3722719317340223
0.9928378086526648,-0.1284671406479728,0.1365421164886933,-0.3708432494413204
0.993263997220582,-0.129632249673541,0.1342425822003511,-0.3694252429555447
0.9936882867638565,-0.1308077933878901,0.1319228743531607,-0.3680175326242885
0.9941104992844072,-0.1319938964292534,0.1295831288044111,-0.366619728188245
0.9945304515006986,-0.1331906829090525,0.1272234811563401,-0.3652314293382468
0.9949479549380011,-0.1343982768552255,0.1248440658513493,-0.3638522249267029
0.995362815797995,-0.1356168020479613,0.1224450164617362,-0.3624816929065909
0.9957748347900656,-0.1368463817307068,0.1200264662192866,-0.3611194003909283
0.996183807149318,-0.1380871388699019,0.11758854745973,-0.3597649030901615
0.9965895221846396,-0.1393391949854117,0.1151313938698503,-0.3584177463025202
0.996991763955728,-0.1406026724407098,0.1126551359364867,-0.3570774621544531
0.997390310164942,-0.1418776912310514,0.1101599071888961,-0.3557435727629416
0.9977849328452434,-0.1431643713256305,0.107645839538027,-0.3544155874258277
0.9981753978818478,-0.1444628313788371,0.1051130657312833,-0.3530930036864309
0.998561465043391,-0.1457731890419672,0.1025617186654229,-0.3517753066939268
0.99894288787847,-0.1470955608544654,0.0999919315187559,-0.3504619690043289
0.9993194133617824,-0.1484300612367268,0.0974038396185952,-0.3491524512494168
0.9996907823195492,-0.1497768042147994,0.0947975769995458,-0.3478462001026708
1.0000567288427518,-0.1511359016060459,0.0921732798283723,-0.3465426497357277
1.0004169801605431,-0.1525074627243022,0.08953108685566,-0.3452412217219078
1.0007712570687577,-0.1538915962513703,0.0868711356971982,-0.3439413229020076
1.0011192731851255,-0.1552884076636444,0.0841935676760226,-0.342642347468285
1.0014607354130405,-0.1566980013022944,0.0814985237209811,-0.3413436746474508
1.0017953433169555,-0.1581204781430072,0.0787861485144385,-0.3400446703978642
1.0021227892514923,-0.1595559365315376,0.0760565889376098,-0.3387446863214223
1.0024427586298388,-0.1610044737326999,0.0733099909965108,-0.337443057880726
1.0027549290119988,-0.1624661822172782,0.0705465067323059,-0.3361391073478187
1.003058970593978,-0.1639411520986493,0.0677662894322208,-0.3348321411746758
1.0033545458600173,-0.1654294698701025,0.0649694958623704,-0.3335214506960181
1.0036413097537489,-0.1669312196579035,0.0621562837511738,-0.3322063105857558
1.0039189091680183,-0.1684464810516805,0.0593268156981827,-0.3308859803135372
1.004186983060777,-0.1699753300565941,0.0564812572039789,-0.3295597028327702
1.0044451622335897,-0.171517838318722,0.0536197779324709,-0.3282267047709791
1.004693069405043,-0.1730740740845011,0.0507425497442489,-0.3268861951012995
1.0049303187135918,-0.1746440996824107,0.0478497511636573,-0.3255373667972735
1.0051565160089395,-0.1762279738883082,0.0449415627993114,-0.3241793942578282
1.0053712584740817,-0.1778257501620509,0.0420181703972045,-0.3228114342712376
1.0055741345220894,-0.1794374765377653,0.0390797648175678,-0.3214326255300751
1.0057647237979883,-0.181063196531904,0.0361265401631067,-0.3200420872552291
1.0059425967823188,-0.182702946847118,0.0331586977337995,-0.3186389205355738
1.0061073148413024,-0.1843567586877453,0.0301764433914358,-0.3172222065519955
1.006258429947106,-0.1860246562782948,0.0271799899942653,-0.3157910071680743
1.006395484713338,-0.1877066587049329,0.0241695538378119,-0.3143443626407154
1.0065180119825683,-0.1894027769617981,0.0211453597064612,-0.3128812934112746
1.0066255348576338,-0.1911130162123989,0.0181076365620381,-0.3114007973796618
1.0067175663443455,-0.1928373732022349,0.0150566218901437,-0.3099018513152242
1.0067936092492835,-0.1945758371326079,0.0119925598545952,-0.3083834092451319
1.006853155930865,-0.1963283882054734,0.0089157035713139,-0.3068444028213423
1.0068956881746554,-0.1980949997932422,0.0058263109983054,-0.3052837384620931
1.0069206768642922,-0.1998756360618248,0.0027246488223698,-0.3037002984136627
1.006927581758575,-0.2016702498759983,-0.0003890042383375,-0.3020929415688071
1.006915851292577,-0.2034787865714842,-0.0035143643337063,-0.3004604989851168
1.0068848949292568,-0.2053024082913603,-0.0066532459118067,-0.2988006533665239
1.0068340723119298,-0.2071418184151573,-0.0098066531362446,-0.297111431836396
1.0067627272925417,-0.2089969880267362,-0.012974329630998,-0.2953914722531363
1.006670186125075,-0.2108678829419745,-0.0161560176268724,-0.2936393673192519
1.0065557569771042,-0.2127544566050638,-0.0193514462101188,-0.2918536688639792
1.006418729371836,-0.2146566488829959,-0.0225603297948458,-0.2900328866743423
1.0062583734382355,-0.2165743869533713,-0.0257823701569973,-0.2881754851731376
1.006073939533509,-0.2185075809527921,-0.0290172496855732,-0.2862798849895269
1.0058646574459564,-0.2204561251477616,-0.032264633999525,-0.2843444590991634
1.0056297356243988,-0.2224198973552574,-0.0355241716218637,-0.2823675304060938
1.0053683607814472,-0.2243987550824546,-0.0387954882699796,-0.28034737246602
1.005079696234224,-0.2263925410768078,-0.0420781967697325,-0.2782822004295005
1.0047628823904848,-0.2284010723236292,-0.0453718796675467,-0.2761701786754785
1.0044170344469334,-0.2304241486954892,-0.0486761043205972,-0.2740094079792705
1.004041243138741,-0.2324615411459249,-0.051990404447784,-0.2717979337991737
1.0036345724842846,-0.2345129983187628,-0.0553142919341256,-0.269533734875822
1.003196059458921,-0.2365782409494766,-0.0586472487306542,-0.2672147244600476
1.0027247125235728,-0.2386569622131009,-0.0619887285286063,-0.2648387447897867
1.0022195118202504,-0.240748820258813,-0.0653381459557226,-0.2624035701158374
1.001679406244596,-0.2428534440786101,-0.0686948873030934,-0.2599068940898385
1.0011033135924725,-0.2449704254178388,-0.0720582989281182,-0.2573463326978011
1.0004901201745102,-0.2470993139083091,-0.0754276810806866,-0.2547194235101213
0.9998386775224288,-0.249239621895062,-0.0788022971967715,-0.2520236124893664
0.9991478044394028,-0.2513908103988309,-0.0821813534868231,-0.2492562636078727
0.998416282983322,-0.2535522954211214,-0.0855640108460553,-0.2464146426799988
0.9976428598809868,-0.2557234362924487,-0.0889493686530403,-0.2434959233832769
0.9968262451953376,-0.2579035330729658,-0.0923364630708457,-0.240497181497082
0.9959651101742354,-0.260091825324416,-0.09572426762485,-0.2374153863257837
0.9950580910117156,-0.2622874757413759,-0.0991116705872273,-0.2342474129204869
0.9941037843088112,-0.2644895753767964,-0.1024974861216382,-0.2309900237713626
0.9931007515578616,-0.2666971265311761,-0.1058804311934126,-0.2276398818990564
0.9920475195555912,-0.2689090368414376,-0.1092591201945801,-0.2241935483013088
0.9909425831805768,-0.2711241086957657,-0.1126320527547035,-0.2206474864647393
0.989784410517428,-0.2733410253854559,-0.1159975970353343,-0.2169980729794922
0.9885714471923096,-0.2755583406928601,-0.1193539787272437,-0.2132416039798481
0.9873021249051536,-0.27777446254666,-0.1226992615074573,-0.2093743130888527
0.9859748759889632,-0.2799876297389105,-0.1260313175944451,-0.2053924052043717
0.9845881483011988,-0.2821958931581336,-0.1293478057128193,-0.2012920880837519
0.983140425646932,-0.2843970931970553,-0.1326461437786408,-0.1970696174326726
0.9816302633511768,-0.286588821687176,-0.1359234588863773,-0.1927213822419046
0.98005632308069,-0.288768395995692,-0.139176555933483,-0.1882439826786119
0.978417424705562,-0.2909328206503635,-0.142401867676819,-0.1836343519276962
0.9767126159912514,-0.2930787417383435,-0.1455953938448912,-0.1788899219806201
0.9749412581314632,-0.2952024022296005,-0.1487526409081606,-0.1740088264696784
0.973103123715174,-0.2972996064413997,-0.1518685738544805,-0.1689901309996817
0.9711985203785491,-0.299365682350694,-0.154937562055777,-0.163834127563795
0.9692284144938902,-0.3013954750202726,-0.1579533672571534,-0.1585426237676373
0.9671945645443264,-0.303383359363896,-0.1609091545791466,-0.153119256211279
0.9650996123356196,-0.3053233201433141,-0.1637975962440583,-0.1475696933463586
0.9629471349422866,-0.3072090798688096,-0.1666110385707112,-0.141901743246412
0.9607416111626816,-0.3090342976122947,-0.1693417670123887,-0.1361252508104216
0.9584882854890224,-0.310792823792738,-0.1719823495249307,-0.1302517473464298
0.9561929492959942,-0.3124789666562723,-0.174525996427828,-0.1242939082132654
0.9538616559300148,-0.3140877384574787,-0.1769668940417436,-0.1182648610336906
0.951500429369428,-0.3156150305708503,-0.1793004404936374,-0.1121774940329115
0.9491150111690038,-0.3170576969150321,-0.1815233550382512,-0.1060438711990088
0.946710682215858,-0.3184135433728932,-0.1836336570118178,-0.099874839165935
0.944292157898264,-0.3196812494583567,-0.1856305518650993,-0.093679814945126
0.9418635673846332,-0.3208602394548066,-0.1875142464671424,-0.0874667777940436
0.9394284679903228,-0.3219505465237497,-0.1892857571627326,-0.0812423383967191
0.9369899037507272,-0.322952673791508,-0.1909467134081777,-0.0750119097722834
0.9345504696565032,-0.3238674752801201,-0.1924991908685228,-0.068779883303073
0.9321123758242156,-0.324696057493394,-0.1939455745353034,-0.062549797617116
0.9296775135137272,-0.3254396989418152,-0.1952884468993818,-0.056324507280664
0.9272475093408254,-0.3260997897148113,-0.1965305050778527,-0.0501063181275474
0.9248237711715837,-0.326677786093385,-0.1976744992989474,-0.0438970993955425
0.9224075256030504,-0.3271751772331978,-0.1987231885244119,-0.037698373305043
0.9199998519386232,-0.3275934604577321,-0.1996793076600474,-0.0315113952701624
0.9176017007359126,-0.3279341253264156,-0.2005455484714188,-0.0253371944987026
0.9152139249770204,-0.3281986400271417,-0.2013245409556062,-0.0191766472954295
0.912837287690018,-0.3283884449265161,-0.2020188476728331,-0.013030490212023
0.9104724740769584,-0.3285049470547392,-0.202630958246609,-0.0068993451045547
0.9081201140230606,-0.3285495164037507,-0.203163283706899,-0.0007837716875138
0.9057807802614264,-0.3285234852496373,-0.2036181590218205,0.0053157424223168
0.9034548170598315,-0.3284281372335037,-0.2039978697502834,0.0113992355987155
0.9011424519345912,-0.3282646897909463,-0.2043046137641695,0.0174669911323798
0.8988442062519834,-0.3280343306525341,-0.2045404576169889,0.0235184626721919
0.8965605713921065,-0.3277382203295048,-0.2047074078712284,0.0295531204844276
0.894292007176148,-0.3273774927445309,-0.2048074138954367,0.0355704586419819
0.8920389426913421,-0.326953255766818,-0.2048423699495696,0.0415699957969291
0.8898017823056982,-0.326466592813887,-0.2048141171604871,0.0475512619095868
0.8875808955036187,-0.3259185610135662,-0.2047244452626522,0.0535138280274582
0.8853766218126488,-0.3253101917197216,-0.2045750935550113,0.0594572959149617
0.8831892930794297,-0.3246424972058632,-0.2043677542616575,0.0653812402212927
0.8810192167925363,-0.3239164674483205,-0.2041040739230539,0.0712852551718163
0.8788666772126322,-0.3231330705159752,-0.2037856546825773,0.0771689536254831
0.8767319418162943,-0.3222932551328012,-0.2034140565018696,0.0830319513852641
0.8746152555527026,-0.321397948863442,-0.2029907975522462,0.0888738846779805
0.8725168442005734,-0.3204480593610871,-0.2025173556648742,0.0946944027641519
0.8704369172651253,-0.3194444758179572,-0.2019951699769822,0.1004931615386211
0.8683756652495993,-0.3183880678123007,-0.2014256412012021,0.1062698326676215
0.8663332624262569,-0.3172796865822051,-0.2008101330294518,0.112024097415065
0.8643098670781264,-0.3161201651695492,-0.2001499729303437,0.1177556473970038
0.8623056223261023,-0.3149103188341359,-0.1994464530372195,0.1234641836343692
0.8603206553239535,-0.313650944427946,-0.1987008303771835,0.1291494202118468
0.8583550784722828,-0.3123428208669796,-0.19791432767485,0.1348110821840752
0.8564089929985561,-0.3109867113901159,-0.1970881352367579,0.1404488964949045
0.8544824841873654,-0.3095833601623746,-0.1962234093834195,0.1460626069403998
0.8525756253429994,-0.3081334946355682,-0.1953212743041192,0.1516519639535609
0.8506884782853829,-0.3066378257486667,-0.1943828226099169,0.1572167242438192
0.8488210910525529,-0.3050970457671917,-0.1934091143596371,0.1627566587035366
0.8469735031863479,-0.3035118321941553,-0.1924011798787081,0.1682715378723325
0.8451457414210971,-0.3018828439095586,-0.1913600176610949,0.1737611457465127
0.843337821761336,-0.3002107223633426,-0.1902865954231995,0.1792252747119928
0.8415497516785899,-0.2984960931966455,-0.1891818514417615,0.1846637198984638
0.8397815282270839,-0.2967395640906888,-0.188046693452059,0.190076285825597
0.8380331384553067,-0.2949417245282315,-0.1868819987449101,0.195462786189826
0.8363045618961422,-0.293103147784934,-0.1856886157000857,0.2008230371565933
0.8345957693311639,-0.2912243891898596,-0.184467362893077,0.2061568620359095
0.8329067231897195,-0.2893059859112528,-0.1832190291712028,0.2114640909721838
0.8312373773434629,-0.2873484560088214,-0.1819443732412843,0.2167445625229974
0.8295876792946871,-0.2853523002789753,-0.1806441250662269,0.2219981176363124
0.8279575694800569,-0.2833180008387414,-0.1793189851291468,0.227224602645142
0.8263469814721899,-0.2812460206269017,-0.1779696242837584,0.2324238694615053
0.8247558410028359,-0.2791368012642958,-0.1765966825288563,0.237595779606813
0.823184067478949,-0.2769907640272553,-0.1752007698049264,0.2427402002081233
0.8216315765142826,-0.2748083125192926,-0.1737824678845268,0.2478569964523964
0.8200982780879685,-0.2725898294422423,-0.1723423284137023,0.2529460382725266
0.8185840744519534,-0.270335672431699,-0.1708808703504104,0.2580072081468527
0.8170888652880097,-0.2680461804947446,-0.1693985842768691,0.2630403847276362
0.8156125429503402,-0.2657216658241839,-0.1678959272214106,0.2680454594835404
0.8141549976749597,-0.2633624206027154,-0.1663733271861153,0.273022319893878
0.812716114097521,-0.2609687104068342,-0.1648311789952724,0.2779708618982026
0.8112957725255849,-0.258540774777836,-0.163269844781935,0.2828909863471542
0.8098938505749593,-0.2560788286415629,-0.1616896550041927,0.2877825940082407
0.8085102224222863,-0.2535830596895317,-0.1600909068536079,0.2926455887472898
0.8071447577722808,-0.2510536248622038,-0.158473862096174,0.2974798818517446
0.8057973235540555,-0.2484906516158085,-0.1568387479750108,0.3022853867625806
0.8044677854106106,-0.2458942391053033,-0.155185758033912,0.307062014303222
0.8031560043290739,-0.2432644497804891,-0.1535150468293882,0.3118096853352595
0.8018618404914859,-0.2406013147738842,-0.1518267334252281,0.3165283175425571
0.8005851530794086,-0.2379048316425007,-0.1501208999906259,0.3212178265253309
0.7993257979129403,-0.2351749570803368,-0.1483975872218628,0.3258781349764416
0.798083630658282,-0.232411611130241,-0.1466567970333131,0.3305091614200219
0.7968585058501305,-0.2296146725435517,-0.1448984896280559,0.3351108242061195
0.7956502778886695,-0.2267839781985616,-0.1431225831183553,0.3396830381750175
0.7944588010061933,-0.2239193200546692,-0.1413289515762369,0.3442257151020625
0.7932839305055895,-0.2210204449318928,-0.1395174248349952,0.3487387592485495
0.7921255225699299,-0.2180870507294253,-0.137687786034953,0.3532220682522027
0.7909834368901156,-0.215118789589283,-0.1358397734746116,0.3576755230208116
0.7898575358017342,-0.2121152622683754,-0.1339730769382917,0.3620989909272185
0.7887476849436535,-0.2090760159276733,-0.1320873361337621,0.3664923231031488
0.7876537583575852,-0.2060005543428111,-0.1301821467838328,0.3708553338296648
0.786575636070714,-0.2028883278937742,-0.128257054114336,0.3751878093153091
0.7855132083566252,-0.1997387420100238,-0.1263115577441916,0.3794894897493477
0.7844663802125882,-0.1965511677458207,-0.1243451178024396,0.383760049667763
0.7834350706607897,-0.1933249376789444,-0.1223571519264282,0.3879990988143874
0.7824192222786143,-0.1900593743605407,-0.1203470522813553,0.3922061405677164
0.7814188023441012,-0.186753795374378,-0.1183141880925439,0.3963805636557486
0.7804338136788671,-0.1834075523663247,-0.116257929056136,0.4005215926677073
0.7794643002743754,-0.1800200579718828,-0.114177661280836,0.4046282586197626
0.7785103594120526,-0.1765908405297438,-0.1120728203498437,0.4086993405448218
0.7775721539195453,-0.1731196082355019,-0.1099429302885124,0.41273330408175
0.7766499271608442,-0.1696063343131145,-0.1077876556705677,0.4167282257237405
0.7757440182522024,-0.1660513571915755,-0.1056068633423879,0.4206817130976255
0.7748548787619779,-0.1624555034495841,-0.103400698758098,0.4245908156973674
0.7739830892407318,-0.1588202307683361,-0.1011696755222845,0.4284519331523482
0.7731293670195245,-0.1551477569733915,-0.0989147576578851,0.4322607595292976
0.7722945672066198,-0.1514411794979818,-0.096637437553907,0.4360122571414992
0.7714796683516914,-0.1477045420901293,-0.0943397832714869,0.4397007004274757
0.7706857377726616,-0.1439428109398255,-0.092024431882973,0.4433198165729258
0.7699138773163892,-0.140161741439839,-0.0896945168127394,0.4468630241723094
0.7691651529798893,-0.136367626587339,-0.0873535227459414,0.4503237585158771
0.7684405175715231,-0.1325669481158817,-0.0850050798642942,0.4536958440231978
0.7677407428496784,-0.1287660000663713,-0.0826527391560267,0.4569738375218293
0.7670663706343537,-0.1249705373612129,-0.0802997603647109,0.4601532945218268
0.7664176933397978,-0.1211855240757488,-0.077948958469016,0.4632309037098763
0.7657947608496363,-0.1174149947111888,-0.0756026173047625,0.4662044973774639
0.7651974094221489,-0.1136620354642269,-0.0732624754796502,0.4690729526170065
0.7646253019455661,-0.1099288492925018,-0.0709297630795129,0.4718360304760354
0.7640779707516191,-0.1062168669425379,-0.0686052664625938,0.4744941938986445
0.7635548599327884,-0.1025268929590896,-0.0662894149823229,0.4770484193733832
0.7630553591213279,-0.0988592336172071,-0.0639823568654634,0.4795000425169254
0.7625788317661186,-0.095213821674888,-0.061684033722644,0.4818506246628335
0.7621246355819221,-0.0915903150507089,-0.0593942393655406,0.4841018534498758
0.7616921379027912,-0.0879881818365994,-0.0571126706709758,0.4862554654875516
0.7612807253910365,-0.0844067603111929,-0.0548389632366546,0.4883131949806969
0.7608898105395268,-0.0808453067600151,-0.0525727197841121,0.4902767371456299
0.7605188353498771,-0.0773030295773339,-0.0503135302392682,0.4921477251178369
0.7601672738803652,-0.0737791214040127,-0.0480609908859506,0.4939277122672581
0.7598346315810788,-0.0702727655571707,-0.0458147073458788,0.4956181707478904
0.7595204459314977,-0.0667831580096439,-0.0435743076450172,0.4972204836684761
0.7592242846847796,-0.0633095065909654,-0.0413394408258453,0.4987359496751358
0.7589457454959132,-0.0598510459524048,-0.0391097857552718,0.5001657808156262
0.7586844537263017,-0.05640703182033,-0.0368850466802557,0.5015111100579879
0.758440061080369,-0.052976743317776,-0.0346649539827213,0.50277299491724
0.7582122441226266,-0.0495594828185744,-0.0324492633638743,0.5039524220151566
0.758000702913398,-0.0461545761264761,-0.0302377552482233,0.5050503113296532
0.7578051597160941,-0.0427613724644792,-0.0280302340713022,0.5060675203503363
0.7576253572914965,-0.039379234790122,-0.0258265212621851,0.5070048506455833
0.7574610583043111,-0.0360075469369749,-0.0236264591602566,0.5078630488778265
0.7573120439974054,-0.0326457063542274,-0.0214299055593432,0.5086428118323207
0.7571781132563943,-0.0292931205428227,-0.0192367306365531,0.5093447896063459
0.7570590820977419,-0.0259492117918748,-0.0170468193095922,0.5099695867451707
0.7569547826070575,-0.0226134055838333,-0.0148600629081638,0.510517766411554
0.7568650626382547,-0.0192851357365685,-0.012676361795351,0.5109898507041819
0.7567897853280566,-0.0159638450215367,-0.0104956250456487,0.5113863220662546
0.7567288284480786,-0.0126489743382183,-0.0083177626115185,0.5117076256692262
0.7566820842982851,-0.0093399708546457,-0.0061426899475092,0.5119541690555501
0.7566494593039294,-0.006036280314175,-0.0039703222505885,0.5121263234453625
0.7566308738790471,-0.0027373499647039,-0.0018005756915598,0.5122244237370404
0.7566260627847632,3.0537712549655316e-11,-8.646408892684643e-12,0.5122498218326327
