2.9149769842884
0.654338592141822,-7.940942306421276e-24,3.2218301122063333e-13,0.7418788130320169
0.6543387427630187,0.0026565597766385,8.41360472392e-05,0.7418658400159798
0.6543394956862155,0.0065043049429133,0.0002062656098113,0.7418010480032787
0.6543408840857594,0.010352650200155,0.000329088481462,0.7416818202692209
0.6543429132333455,0.014201811116021,0.0004530114588111,0.7415081466655374
0.6543455907594916,0.0180519878465729,0.0005784422044295,0.7412800179574675
0.6543489266817976,0.0219033895865645,0.0007057904720688,0.7409974248953258
0.654352933416622,0.0257562174617834,0.0008354679859884,0.7406603591256504
0.6543576258277638,0.0296106854515305,0.0009678895737859,0.7402688114020255
0.6543630212523783,0.0334670073715366,0.001103473179931,0.7398227721747161
0.6543691395484575,0.037325401764364,0.0012426404723685,0.7393222308158972
0.6543760031344545,0.0411860866555077,0.0013858170911814,0.7387671759453
0.654383637083923,0.0450493009782094,0.0015334338942011,0.7381575917879923
0.6543920691399164,0.0489152767334549,0.0016859263826117,0.7374934615270123
0.6544013298184471,0.0527842579420117,0.0018437358590388,0.7367747639630942
0.6544114524780748,0.056656495911566,0.0020073097167408,0.7360014734693694
0.6544224734172163,0.0605322535140809,0.0021771020939313,0.7351735583461659
0.6544344319555868,0.0644118002559888,0.002353574146721,0.7342909809700076
0.6544473705492564,0.0682954168216452,0.0025371947322528,0.7333536959946337
0.6544613348974218,0.0721833933091911,0.002728440828641,0.7323616498219655
0.6544763740503536,0.0760760262145915,0.0029277978751506,0.7313147805603085
0.6544925405714207,0.0799736270744755,0.0031357607124422,0.7302130148514264
0.6545098906629282,0.0838765178226012,0.0033528338884776,0.7290562680117513
0.6545284842963748,0.0877850265293811,0.0035795319347909,0.7278444444330464
0.654548385428018,0.0916994989051038,0.0038163805592911,0.7265774331199022
0.654569662128286,0.0956202882088726,0.0040639166327608,0.7252551097164158
0.6545923867916781,0.0995477600022398,0.0043226890267239,0.7238773340472773
0.6546166363035427,0.1034822864497757,0.0045932588055334,0.7224439511502048
0.6546424923171952,0.1074242568612802,0.0048762005186706,0.720954786523554
0.6546700413967512,0.1113740639300258,0.0051721018399524,0.7194096501929753
0.6546993753722683,0.1153321202996444,0.00548156537918,0.7178083294111721
0.6547305915200851,0.1192988460567484,0.0058052084152547,0.7161505923712265
0.6547637928646135,0.1232746722319591,0.0061436637841032,0.7144361859101089
0.6547990884714692,0.1272600402221392,0.0064975804847604,0.7126648347683207
0.6548365937792108,0.1312554033264475,0.006867624489421,0.7108362399092442
0.6548764308961158,0.1352612222851707,0.0072544790166306,0.7089500795741622
0.654918729066912,0.1392779758511674,0.0076588462593961,0.7070060033072839
0.6549636249389771,0.1433061483989616,0.0080814469412137,0.7050036367042904
0.6550112631199363,0.1473462432190928,0.0085230224426428,0.702942573852559
0.6550617964749187,0.151398769219665,0.008984334217962,0.7008223828029859
0.6551153866865888,0.1554642488337081,0.0094661654379327,0.698642600557865
0.6551722047967773,0.1595432200825297,0.0099693221434655,0.6964027306701944
0.6552324317330865,0.1636362346495575,0.0104946339720512,0.6941022429306429
0.6552962588478799,0.1677438548900142,0.0110429547173292,0.6917405737989261
0.6553638887438372,0.1718666663682588,0.011615165024388,0.6893171178107673
0.6554355356491675,0.1760052587774539,0.012212170882402,0.6868312371804993
0.6555114264809316,0.1801602466481006,0.0128349076026178,0.6842822481722546
0.6555918014898032,0.1843322602363227,0.0134843398118432,0.6816694247032764
0.6556769152657184,0.1885219535212415,0.0141614640013994,0.6789919915580533
0.6557670376186455,0.1927300012980727,0.0148673095585041,0.6762491241136478
0.6558624545848222,0.1969570994635611,0.0156029403220845,0.6734399460859934
0.6559634695036948,0.2012039650149455,0.0163694561617995,0.6705635273817788
0.6560704046626794,0.2054713549395097,0.0171679982232749,0.667618868717462
0.6561836018720063,0.2097600365924226,0.0179997454491621,0.6646049191087475
0.6563034248258323,0.214070825605655,0.0188659237739226,0.6615205467753676
0.6564302603431593,0.2184045719307541,0.0197678060348384,0.6583645451372317
0.656564519934664,0.222762155806981,0.0207067135883141,0.6551356323302344
0.656706642111654,0.2271445029822977,0.021684022228409,0.6518324362495187
0.6568570943685758,0.2315525817839341,0.0227011646736773,0.6484534922882181
0.6570163757053962,0.2359874107353021,0.0237596356338195,0.6449972328224111
0.6571850193363519,0.2404500636276999,0.0248609967724348,0.6414619779236261
0.6573635951190294,0.2449416606484882,0.0260068784984295,0.6378459367429933
0.6575527133947037,0.2494633890254173,0.0271989894196635,0.6341471849604952
0.6577530272899953,0.2540164774680588,0.0284391142957566,0.6303636789951694
0.6579652377037529,0.2586022277343965,0.0297291272013211,0.6264932232482502
0.658190096132043,0.2632219870885795,0.0310709891988208,0.6225334854984986
0.6584284093385763,0.2678771561092469,0.0324667555256445,0.6184819829820634
0.6586810423106256,0.2725691557519826,0.0339185706674727,0.6143361035886424
0.658948922757761,0.2772994226297572,0.0354286708957783,0.610093103596046
0.6592330431584106,0.2820693582081436,0.03699937128674,0.6057501474204514
0.6595344621568519,0.2868802753576105,0.0386330488328825,0.6013043532884809
0.6598543030684859,0.2917333118639224,0.0403321103999898,0.5967528738726546
0.660193748035446,0.2966293040500367,0.0420989402309618,0.5920930217906943
0.6605540245376869,0.3015685945227629,0.0439358136211962,0.5873224694555251
0.6609363836774329,0.3065507963210523,0.0458447794956943,0.5824395083581844
0.6613420653305886,0.3115744803453323,0.0478274940370356,0.577443406218795
0.6617722442969997,0.3166367596113724,0.0498849868336727,0.5723348979384518
0.6622279608252047,0.321732862134217,0.0520173882363003,0.5671167280217326
0.6627100353952972,0.3268557202586508,0.0542236273129817,0.5617942186480482
0.6632189845283811,0.3319957614580293,0.056501183686192,0.5563756671905854
0.6637549544947243,0.3371410122908213,0.0588459623770222,0.5508724325893256
0.664317706108384,0.3422777146451904,0.0612524157096792,0.5452984588325741
0.6649066638189204,0.3473913860930767,0.0637139283875651,0.5396692531338091
0.6655210256297366,0.3524681188450747,0.0662234071029019,0.5340004975989846
0.6661599013350115,0.3574957456726032,0.0687739084295934,0.5283066883864322
0.666822440810606,0.3624645903761118,0.0713591448021702,0.5226001415800177
0.6675079212846889,0.3673676837423397,0.0739737650113979,0.516890551116
0.6682157896640334,0.3722005683784102,0.0766134264383969,0.5111850123117391
0.6689456659328363,0.3769608548997232,0.0792747116288695,0.5054883620177811
0.6696973257435209,0.3816477221772344,0.0819549771212519,0.4998036285738022
0.6704706726804762,0.386261450739904,0.0846521819268213,0.4941324879441093
0.6712657093957699,0.3908030423759597,0.0873647309185356,0.4884756559981869
0.672082514293639,0.3952739467027403,0.0900913540545427,0.4828331809687588
0.6729212197064597,0.3996758511015933,0.0928310039298491,0.4772046801905903
0.6737819962922944,0.4040105449542412,0.0955827846130482,0.4715894998437332
0.6746650418262592,0.4082798330151923,0.0983459020958801,0.4659868225730054
0.6755705714606428,0.4124854737721705,0.1011196247354729,0.4603957497675048
0.6764988112711559,0.416629145659909,0.1039032579170739,0.4548153518807791
0.6774499934165372,0.4207124278517815,0.1066961262495838,0.44924470186048
0.6784243530553336,0.424736793041592,0.109497562769228,0.44368289365967
0.6794221261570402,0.4287036061295901,0.1123069018491291,0.4381290530331178
0.6804435448573548,0.4326141148834084,0.1151234662093171,0.4325823598416894
0.681488839526257,0.4364694678901408,0.1179465734320359,0.4270420319055211
0.6825582355709402,0.4402707113439094,0.1207755279219938,0.4215073378965452
0.6836519527451346,0.4440187958251564,0.1236096202780593,0.4159775958220137
0.6847702066114186,0.4477145895637138,0.1264481321941404,0.410452161071022
0.6859132047936831,0.4513588734566195,0.1292903279885011,0.4049304408268931
0.6870811484061967,0.4549523534829919,0.1321354596730025,0.3994118823254184
0.688274231549717,0.4584956657021634,0.1349827669147279,0.3938959713654651
0.6894926418866923,0.4619893839167655,0.137831479550399,0.3883822261075678
0.6907365580590116,0.4654340177812821,0.1406808126900888,0.3828702054294274
0.692006152480219,0.4688300259504315,0.143529974397452,0.3773594931297935
0.6933015884880883,0.4721778128106488,0.146378160237168,0.3718497077249334
0.6946230211916107,0.4754777353505514,0.1492245563947245,0.3663404958174875
0.6959705988794391,0.4787301104616321,0.1520683436572641,0.3608315239328626
0.6973444604028497,0.4819352119464513,0.1549086927239552,0.3553224872572573
0.6987447346598451,0.4850932730959824,0.1577447643308012,0.3498131092021708
0.7001715440660407,0.4882044976786245,0.1605757172524073,0.344303125754818
0.7016250019147361,0.4912690564403874,0.1634007036340566,0.3387922944797745
0.703105210473106,0.4942870859852836,0.1662188662993299,0.3332803998531334
0.7046122650519991,0.4972586997393157,0.1690293474636071,0.3277672363825477
0.7061462506475552,0.5001839831371194,0.1718312830159403,0.3222526199480241
0.7077072433459101,0.5030629985591824,0.1746238059547161,0.3167363813186432
0.7092953091522284,0.5058957850294594,0.1774060449877647,0.3112183692043059
0.7109105050494758,0.5086823619450164,0.1801771271273637,0.3056984454670746
0.7125528784386982,0.5114227296230349,0.1829361773183613,0.3001764862096845
0.7142224663336368,0.5141168695121894,0.1856823177448063,0.2946523835861793
0.7159192947782045,0.5167647448702476,0.1884146676162605,0.2891260467435632
0.7176433801322212,0.5193663042558402,0.1911323459406065,0.2835973967531999
0.7193947303922532,0.5219214845557197,0.1938344740480631,0.2780663619115049
0.7211733418426892,0.5244302070638546,0.1965201708476911,0.2725328878996386
0.7229791991049183,0.526892378990184,0.1991885536749952,0.2669969367360964
0.7248122780179049,0.5293078985053388,0.2018387431346267,0.2614584773497762
0.7266725430564626,0.5316766520862756,0.2044698597224929,0.2559174931279722
0.7285599483027962,0.5339985167741808,0.207081025766375,0.2503739784940397
0.7304744361194353,0.5362733594230267,0.2096713640802742,0.2448279424013108
0.7324159385117852,0.5385010392414034,0.2122400003486292,0.2392794039333334
0.7343843782733258,0.5406814097021096,0.214786064959984,0.2337283888835335
0.7363796646828966,0.5428143144219794,0.2173086878106332,0.2281749416856502
0.7384016969821845,0.5448995918563513,0.2198070033340362,0.2226191152110106
0.7404503631728617,0.5469370745825135,0.2222801493206313,0.2170609739751758
0.7425255412144202,0.5489265910690617,0.224727268720665,0.2115005907331187
0.7446270960011996,0.5508679633289842,0.2271475064260311,0.2059380544453992
0.7467548828738488,0.5527610108653422,0.2295400137893772,0.2003734607061152
0.7489087457384843,0.5546055493378179,0.2319039467065124,0.194806916718533
0.7510885164064639,0.5564013905673225,0.2342384652799023,0.1892385428418209
0.7532940163665833,0.5581483445236418,0.2365427360788989,0.1836684679422059
0.7555250574039696,0.5598462200923595,0.2388159329479693,0.1780968279358438
0.7577814367708945,0.5614948218182262,0.2410572323693563,0.1725237778232093
0.7600629431003139,0.5630939548679241,0.2432658198138898,0.1669494768549233
0.7623693553646059,0.5646434243492187,0.2454408887124934,0.1613740913801785
0.7647004373347716,0.5661430319829589,0.2475816355056721,0.1557978082331065
0.7670559447060232,0.567592581313407,0.24968726666767,0.150220817474823
0.7694356234715266,0.5689918766858458,0.2517569971721765,0.1446433166019659
0.771839205619507,0.5703407210313273,0.2537900469631697,0.1390655206916893
0.7742664146782776,0.5716389194654569,0.2557856460140952,0.1334876494447492
0.776716965031063,0.5728862789141963,0.2577430336920864,0.1279099290959698
0.7791905566988195,0.5740826057199713,0.2596614547593533,0.1223326043914555
0.781686882891768,0.5752277097281883,0.2615401655570575,0.1167559215181044
0.7842056249447474,0.576321401921416,0.2633784300839967,0.1111801397733135
0.7867464555017026,0.5773634960869413,0.2651755225106159,0.1056055245944956
0.7893090346425603,0.5783538073819584,0.2669307245077859,0.1000323562432407
0.7918930155185772,0.5792921547900762,0.2686433292912507,0.0944609176320599
0.794498039828485,0.5801783594563894,0.2703126385219651,0.0888915044015956
0.7971237399597995,0.5810122456935088,0.2719379638600724,0.0833244204228371
0.7997697413437311,0.5817936417605766,0.2735186283663881,0.0777599730765561
0.8024356577448688,0.5825223784869242,0.2750539636129384,0.0721984834390346
0.8051210928611673,0.583198290041948,0.2765433108368987,0.0666402829768602
0.807825644641295,0.5838212150948834,0.2779860233127711,0.0610857048402947
0.8105489003937693,0.5843909956052026,0.2793814635634071,0.055535094249211
0.8132904391089055,0.5849074775260349,0.2807290046651309,0.0499888038727036
0.8160498314573049,0.5853705108578313,0.2820280301975857,0.0444471940621139
0.8188266424935645,0.585779950084009,0.2832779353911789,0.0389106276969914
0.8216204245378514,0.586135653139152,0.2844781238307091,0.0333794846226669
0.8244307253633597,0.5864374827341122,0.2856280111478561,0.0278541454949581
0.8272570851813048,0.5866853058403274,0.2867270234756906,0.0223349980873526
0.8300990358018843,0.5868789936728159,0.2877745970613325,0.0168224391298393
0.8329561012000558,0.5870184218356043,0.2887701784634519,0.0113168733735656
0.8358277994404658,0.5871034704375212,0.2897132251216204,0.0058187100949904
0.8387136444331638,0.5871340239980243,0.2906032056523464,0.0003283600486453
0.841613137828211,0.5871099713421801,0.2914395971983928,-0.0051537488881529
0.8445282960329646,0.5870311142051173,0.2922225394954694,-0.0106319063016449
0.8474618256885266,0.5868970331720885,0.2929521489753946,-0.0161115809311939
0.850413231394723,0.5867073115192148,0.2936275976528831,-0.0215921823295358
0.8533820087225813,0.5864615385152763,0.2942480656990511,-0.0270731162467408
0.8563676319460075,0.5861593105087387,0.294812738967474,-0.0325537618295683
0.859369562473675,0.5858002307047306,0.2953208112749603,-0.0380334872658733
0.8623872435355565,0.5853839100325445,0.2957714837552251,-0.0435116400148904
0.865420103833858,0.5849099671157122,0.2961639659139098,-0.0489875534923985
0.8684675546388578,0.5843780290462229,0.296497475591637,-0.0544605417923376
0.8715289910057112,0.5837877316475019,0.2967712396001681,-0.0599299019120493
0.8746037911416942,0.5831387200145054,0.2969844941017445,-0.0653949126222868
0.8776913184764878,0.5824306484830838,0.2971364851705267,-0.0708548381335437
0.8807909191203809,0.5816631815621186,0.2972264690168891,-0.0763089235523808
0.8839019249423987,0.5808359936053583,0.2972537125137928,-0.0817564002840239
0.8870236508132614,0.5799487698647201,0.2972174934777438,-0.0871964811303709
0.8901553975562353,0.579001206075902,0.2971171010485205,-0.092628365401446
0.8932964514416664,0.577993008869324,0.296951835927537,-0.0980512379281462
0.8964460813637661,0.5769238970545018,0.2967210108753336,-0.1034642641275594
0.8996035401985275,0.5757936016936968,0.2964239511292931,-0.1088665923367756
0.9027680674636422,0.5746018655356373,0.2960599944973324,-0.1142573582949081
0.905938887153313,0.5733484441170084,0.2956284918310538,-0.1196356813421435
0.9091152075433055,0.5720331062861296,0.2951288074491296,-0.125000664037562
0.9122962236605252,0.5706556335856471,0.2945603190914136,-0.1303513962587788
0.9154811165041944,0.5692158208693304,0.2939224182502262,-0.1356869537715297
0.9186690510756658,0.5677134775957945,0.2932145108881557,-0.141006394852794
0.9218591806888452,0.5661484262258955,0.2924360168245969,-0.1463087674139398
0.9250506437426198,0.5645205040551556,0.2915863706539737,-0.1515931035047248
0.928242567174871,0.562829561835964,0.2906650211007308,-0.1568584249478698
0.9314340637591272,0.5610754654543427,0.2896714319057319,-0.1621037387517295
0.9346242337797844,0.5592580954086382,0.2886050815772825,-0.167328039786343
0.9378121656161502,0.5573773467608528,0.2874654633265193,-0.172530311629944
0.9409969347884768,0.5554331299888906,0.2862520855345246,-0.1777095249079395
0.9441776056144574,0.5534253703003529,0.2849644712771198,-0.1828646398968498
0.9473532317128176,0.5513540075219379,0.2836021581304663,-0.1879946072245298
0.950522854473816,0.5492189973312496,0.2821646988556306,-0.1930983652978802
0.9536855054636088,0.5470203099247435,0.2806516603857266,-0.1981748440936219
0.9568402065438358,0.5447579300525244,0.2790626236384087,-0.2032229652376695
0.9599859684624784,0.5424318581952848,0.2773971841378201,-0.2082416396601116
0.9631217939891196,0.5400421084288182,0.2756549502720602,-0.2132297725220922
0.9662466768655896,0.5375887092034164,0.2738355435445462,-0.2181862614420974
0.9693596017056928,0.5350717034923824,0.2719385983895623,-0.2231099962668747
0.9724595456702269,0.5324911474597377,0.2699637608376826,-0.2279998616576965
0.9755454787409932,0.5298471101021697,0.2679106878345099,-0.23285473745025
0.9786163636824922,0.5271396731189231,0.2657790467033857,-0.2376734985381606
0.9816711570609856,0.5243689297996396,0.2635685137974963,-0.242455016430936
0.9847088103703078,0.5215349836322853,0.2612787728419831,-0.2471981609764455
0.9877282688157908,0.5186379489763204,0.2589095148807888,-0.2519017984384872
0.9907284749289206,0.5156779470545767,0.2564604343559749,-0.2565647971257279
0.9937083656488964,0.5126551080090797,0.2539312300506309,-0.261186022852047
0.9966668749334102,0.5095695675232073,0.2513216015164623,-0.2657643430340006
0.9996029349122448,0.506421464489494,0.2486312462043638,-0.2702986285202948
1.0025154753223149,0.5032109402685101,0.2458598578438229,-0.2747877527899097
1.0054034254836473,0.4999381349813236,0.243007122176039,-0.279230595105172
1.0082657120862315,0.4966031881974668,0.2400727163748336,-0.2836260372468532
1.0111012648971056,0.4932062302166414,0.2370563000967105,-0.2879729724636364
1.0139090114088247,0.4897473857559243,0.2339575172588319,-0.2922702974744687
1.016687885201217,0.486226760793402,0.2307759826879361,-0.2965169255495922
1.0194368167801162,0.4826444503930625,0.2275112873380179,-0.3007117728226661
1.0221547422786197,0.4790005237830483,0.2241629828537486,-0.3048537719999836
1.0248405995046366,0.4752950246193588,0.2207305795491082,-0.3089418667994775
1.0274933311091057,0.4715279612281826,0.2172135349673408,-0.312975017352404
1.0301118826907598,0.4676993027699205,0.2136112475565073,-0.3169521979975748
1.0326952043594295,0.4638089696170023,0.2099230446121331,-0.3208724004674144
1.0352422492264255,0.4598568269861847,0.2061481728509258,-0.3247346325518918
1.0377519732168596,0.4558426754394846,0.2022857855956241,-0.3285379189473636
1.0402233357342945,0.4517662383477405,0.1983349264871068,-0.3322813035965528
1.0426552948173728,0.4476271566508593,0.1942945196743723,-0.3359638439232432
1.0450468060842928,0.4434249760173155,0.1901633521083698,-0.3395846110882317
1.04739682309114,0.4391591289532718,0.1859400500632211,-0.3431426927059087
1.0497042850695388,0.4348289374368425,0.1816230751777376,-0.3466371768305055
1.0519681154029057,0.430433594978584,0.1772106995521066,-0.3500671526280679
1.0541872062590172,0.4259721730684757,0.1727010044332977,-0.3534316905550845
1.0563604072930894,0.4214436202717574,0.1680918711824723,-0.3567298291991802
1.058486500689347,0.4168467908588282,0.1633810020089209,-0.3599605418909303
1.0605641712590077,0.4121804909751321,0.1585659594212205,-0.3631226961709713
1.0625919645448807,0.4074435638460398,0.1536442476212627,-0.3662149951409393
1.0645682157178544,0.402635068033981,0.1486134945083506,-0.3692358738069877
1.0664909701250458,0.3977545230113007,0.1434717119536697,-0.3721833809725796
1.0683578513869885,0.3928023630222862,0.1382177883065422,-0.3750549771111673
1.0701659108577826,0.3877805730872838,0.1328521968196645,-0.3778472960689542
1.0719114458438106,0.3826936089483242,0.1273780411971591,-0.3805558456731591
1.0735898288823231,0.3775495726263334,0.1218024252712048,-0.3831747046204279
1.0751954601909828,0.3723613678271713,0.1161378621226714,-0.3856963822693721
1.076721980194966,0.3671473352948466,0.110403173325797,-0.3881120547850502
1.07816287930898,0.3619306087453816,0.1046230063818509,-0.3904124095525493
1.0795124600782622,0.3567367556539261,0.0988254071956879,-0.3925890669433625
1.0807668143037672,0.3515902974982257,0.0930380140681147,-0.3946360922619882
1.0819243829279632,0.3465115510554171,0.0872844409840442,-0.3965509302234712
1.0829859021356951,0.3415150307493534,0.081582286098238,-0.3983344219487875
1.0839538981609425,0.3366095566908739,0.07594302405374,-0.3999901140015524
1.0848320437073842,0.3317993663790174,0.070373067874162,-0.4015233232713399
1.085624596376557,0.3270854866544592,0.0648751902090789,-0.402940298938003
1.0863360029170843,0.3224669102756375,0.0594497823790283,-0.4042476214623216
1.0869706560782633,0.3179414567569614,0.0540957968413123,-0.4054518271754554
1.0875327621198034,0.3135063491460429,0.0488113923983818,-0.4065591992881889
1.0880262802627485,0.3091585710962863,0.0435943430216946,-0.4075756689767011
1.0884549044611167,0.3048950721796546,0.0384422798886178,-0.4085067824127001
1.0888220670981186,0.3007128845535664,0.0333528349082385,-0.4093577021936407
1.089130953635277,0.2966091860438818,0.0283237237588691,-0.4101332262342059
1.0893845225352048,0.2925813232103335,0.023352782186341,-0.4108378159137883
1.0895855257842828,0.2886268222725774,0.0184379880419508,-0.4114756251965049
1.0897365294127248,0.284743378873274,0.0135774570834287,-0.4120505310156798
1.089839931921656,0.2809288499790452,0.0087694407807772,-0.412566160233612
1.089897980996408,0.2771812460433399,0.0040123239144229,-0.4130259138984041
1.0899127886635278,0.2734987118808772,-0.0006953927983006,-0.4134329902888423
1.0898863443633091,0.2698795138022286,-0.0053551030664576,-0.4137904044235122
1.0898204708567136,0.2663197187567266,-0.0099711096349756,-0.4141011938300414
1.0897168301678757,0.262816689053794,-0.0145461467222321,-0.414368059264655
1.0895770060566237,0.2593691977949919,-0.0190811689308116,-0.414593441534656
1.089402509883298,0.2559761100768256,-0.0235770388172391,-0.4147796700583878
1.089194786755326,0.2526363597809007,-0.02803455355717,-0.4149289736784339
1.0889552211333895,0.2493489426747098,-0.0324544509021045,-0.4150434889198935
1.0886851420117296,0.2461129127138345,-0.036837411154707,-0.4151252672259573
1.0883858265243624,0.2429273672367047,-0.0411840745395581,-0.415176281614556
1.088058504379607,0.2397914500918175,-0.0454950346969166,-0.415198432044065
1.087704360243276,0.2367043375358357,-0.0497708559105371,-0.4151935504665654
1.0873245375161624,0.2336652427904971,-0.0540120650528666,-0.4151634050822333
1.0869201391292902,0.230673398349943,-0.0582191746298474,-0.4151097040355427
1.08649223198667,0.2277280705567224,-0.0623926610487875,-0.4150340989637849
1.0860418475831812,0.2248285455179281,-0.0665329830103902,-0.4149381879280212
1.0855699841801578,0.2219741297611858,-0.0706405795189192,-0.4148235181424668
1.0850776083113591,0.2191641474590465,-0.0747158728405377,-0.4146915883743202
1.084565655664205,0.2163979356705006,-0.0787592745548418,-0.4145438509483375
1.0840350332984774,0.2136748480540458,-0.0827711794044744,-0.4143817139526097
1.0834866197176598,0.2109942476151239,-0.0867519752359533,-0.4142065426946168
1.082921266734367,0.2083555098560851,-0.0907020378217261,-0.4140196615498717
1.082339799737273,0.2057580183840932,-0.0946217368899958,-0.4138223552140231
1.081743019011869,0.203201166224094,-0.0985114337661972,-0.4136158701970216
1.0811317004255918,0.2006843544535715,-0.1023714830511823,-0.41340141603447
1.0805065957977087,0.1982069900858508,-0.1062022355763533,-0.4131801663132466
1.0798684342641154,0.1957684882882106,-0.1100040347446003,-0.412953259989093
1.079217922014856,0.1933682683818914,-0.1137772225268988,-0.4127218020789822
1.0785557437399438,0.1910057567432498,-0.1175221347976306,-0.4124868649147
1.0778825626321478,0.1886803843592334,-0.12123910503415,-0.4122494888459384
1.077199021358206,0.1863915881206609,-0.1249284621730087,-0.4120106832529036
1.0765057419669204,0.1841388085728056,-0.1285905341569531,-0.4117714271560392
1.075803327190146,0.1819214924621572,-0.1322256437833658,-0.4115326702866712
1.0750923600420996,0.1797390897855212,-0.1358341134815476,-0.4112953335460021
1.074373404835578,0.1775910555507728,-0.1394162624598319,-0.4110603099349891
1.0736470076376194,0.1754768497144308,-0.142972406795093,-0.4108284652681126
1.0729136963053232,0.1733959360067627,-0.1465028614334074,-0.4106006387407995
1.0721739815438538,0.1713477837716975,-0.1500079371231858,-0.4103776438073307
1.0714283565245877,0.1693318657458793,-0.1534879442355958,-0.410160268597381
1.0706772978756736,0.1673476597655842,-0.1569431899244649,-0.4099492767473707
1.0699212660912996,0.1653946487986724,-0.1603739780962199,-0.4097454080313697
1.0691607055254464,0.163472319968072,-0.1637806111789578,-0.4095493788751834
1.0683960451892025,0.161580165695853,-0.1671633881822597,-0.4093618830820857
1.067627698927444,0.1597176832465454,-0.1705226055561943,-0.4091835923788126
1.0668560657111164,0.1578843746225516,-0.1738585574557787,-0.4090151569930119
1.066081530280308,0.1560797473041797,-0.1771715344637106,-0.4088572062989029
1.0653044631510773,0.1543033134868699,-0.1804618250411698,-0.4087103493154679
1.064525221641706,0.1525545916885098,-0.1837297126085773,-0.4085751753979299
1.063744149212016,0.1508331045181398,-0.1869754797383141,-0.4084522546058911
1.0629615768479082,0.1491383810844349,-0.1901994037081119,-0.4083421384331459
1.0621778229232777,0.1474699559598219,-0.1934017584519853,-0.4082453602508291
1.061393193163111,0.1458273684722434,-0.1965828159791986,-0.4081624358005313
1.060607981730277,0.1442101643730682,-0.1997428432035349,-0.4080938638089644
1.059822471365677,0.1426178954547732,-0.2028821026574216,-0.4080401264552258
1.059036933186941,0.1410501185393116,-0.2060008545007957,-0.4080016898355901
1.0582516279016372,0.1395063973269925,-0.2090993528684991,-0.4079790045086528
1.0574668051797471,0.13798630055233,-0.2121778495281049,-0.4079725059265823
1.056682704550746,0.1364894031970543,-0.2152365914586939,-0.4079826149378159
1.0558995547073884,0.1350152846299683,-0.2182758246575757,-0.4080097382789261
1.055117574916378,0.1335635307905212,-0.2212957896989965,-0.4080542690470377
1.0543369757319854,0.132133734934201,-0.2242967200776452,-0.4081165870785988
1.0535579587126602,0.130725496536641,-0.2272788443770521,-0.4081970593705527
1.0527807161025118,0.1293384202266827,-0.2302423884913425,-0.4082960405733296
1.0520054318219558,0.1279721170970678,-0.2331875728139437,-0.408413873346566
1.051232282071085,0.1266262052533716,-0.2361146109332389,-0.4085508886724076
1.050461434440036,0.1253003077766694,-0.2390237139553073,-0.4087074064262467
1.0496930490919985,0.1239940543365641,-0.241915086939111,-0.4088837356128213
1.048927278237181,0.1227070798411994,-0.2447889317809493,-0.4090801749065141
1.048164267350578,0.1214390260635796,-0.2476454435146017,-0.4092970127877064
1.0474041549325743,0.1201895407827189,-0.2504848120823107,-0.409534527981299
1.0466470722415946,0.1189582769390568,-0.25330722416473,-0.409792989972732
1.0458931444702726,0.1177448941567857,-0.2561128596059394,-0.4100726590446205
1.0451424901155155,0.1165490573134579,-0.2589018945625476,-0.4103737868846133
1.0443952216915695,0.1153704373064073,-0.2616744996248524,-0.4106966167348815
1.0436514459342885,0.1142087109860883,-0.2644308398205622,-0.4110413836823895
1.0429112634065665,0.1130635601744469,-0.2671710768149234,-0.4114083152438254
1.0421747698052637,0.1119346733365844,-0.2698953647902006,-0.4117976311290013
1.0414420554385586,0.1108217443975928,-0.2726038530874096,-0.4122095438315324
1.0407132049310512,0.1097244719674785,-0.2752966879765597,-0.412644259209958
1.039988298407872,0.1086425608062169,-0.2779740089455426,-0.413101976200091
1.039267411149802,0.1075757209632681,-0.2806359506249384,-0.4135828873526398
1.038550613967965,0.1065236680148617,-0.283282642035322,-0.4140871789500276
1.0378379733845604,0.1054861230110815,-0.2859142065339769,-0.4146150312140813
1.03712955110342,0.1044628114064594,-0.2885307643674435,-0.4151666190641387
1.036425404900606,0.1034534640698724,-0.2911324299651394,-0.4157421118355802
1.0357255887958958,0.1024578172313813,-0.2937193118709349,-0.4163416734483997
1.035030153038163,0.1014756121724952,-0.2962915133458179,-0.4169654627283243
1.0343391441421068,0.1005065950042926,-0.2988491327661666,-0.4176136337053011
1.0336526050409742,0.0995505166182153,-0.3013922635785647,-0.4182863358110663
1.0329705753122276,0.0986071327416909,-0.3039209939689332,-0.4189837139865249
1.0322930915083732,0.0976762041379467,-0.3064354061243746,-0.4197059086401904
1.031620186428594,0.0967574953592729,-0.3089355794127136,-0.420453056741066
1.0309518902884218,0.0958507761167268,-0.3114215865050043,-0.4212252908946494
1.03028823020274,0.0949558203337156,-0.3138934957424704,-0.4220227401898473
1.0296292309541255,0.0940724069543274,-0.3163513687099901,-0.4228455295746526
1.0289749142561375,0.0932003187257878,-0.3187952634009178,-0.4236937810219628
1.028325299200304,0.0923393425893325,-0.3212252329646358,-0.4245676133073568
1.0276804025662736,0.0914892698800619,-0.3236413249434074,-0.425467141873826
1.0270402391137077,0.0906498964989805,-0.326043580557425,-0.4263924786504296
1.0264048211789916,0.0898210221780973,-0.3284320365846818,-0.4273437328574984
1.0257741583326438,0.0890024498490334,-0.3308067270185765,-0.4283210118601028
1.0251482588568666,0.0881939873771682,-0.3331676778597772,-0.4293244191877332
1.0245271282463555,0.0873954454305983,-0.335514913099299,-0.4303540571115639
1.0239107709612676,0.0866066395633856,-0.3378484484314618,-0.431410024070233
1.023299189011305,0.0858273882163031,-0.3401682969163895,-0.432492417225604
1.0226923831631394,0.0850575140936592,-0.342474464716238,-0.4336013306470643
1.0220903520056814,0.0842968428064642,-0.3447669549362749,-0.4347368571991238
1.021493093035373,0.0835452040882125,-0.3470457637855705,-0.4358990867851776
1.0209006017996989,0.0828024305546374,-0.349310884112579,-0.4370881081739047
1.020312872168197,0.0820683578997874,-0.3515623046494572,-0.4383040087880232
1.019729897188009,0.0813428258156029,-0.3538000069914872,-0.4395468731486605
1.01915166886505,0.0806256775644931,-0.3560239666665757,-0.4408167834018327
1.0185781769362083,0.0799167583186526,-0.3582341581007331,-0.4421138222533665
1.0180094110027444,0.0792159176686896,-0.360430546641539,-0.4434380684705002
1.017445359077545,0.0785230076885406,-0.3626130943664143,-0.4447896002571044
1.016886007577881,0.0778378828063009,-0.3647817603423099,-0.4461684956178591
1.0163313426744287,0.0771604013328394,-0.3669364956055785,-0.4475748292613729
1.0157813493063994,0.0764904241283006,-0.3690772471674524,-0.449008675112138
1.0152360113376042,0.075827814677093,-0.3712039576049708,-0.4504701061560882
1.014695311594506,0.0751724390206742,-0.3733165651005616,-0.4519591945640578
1.01415923252634,0.0745241664446186,-0.3754150010368292,-0.4534760100301729
1.0136277552020725,0.0738828681541129,-0.3774991940855526,-0.4550206227178475
1.0131008610561676,0.0732484192752578,-0.3795690635256188,-0.4565930983712024
1.012578529070765,0.0726206953553277,-0.3816245304580087,-0.4581935067771207
1.0120607394634338,0.07199957670187,-0.3836655034636528,-0.4598219108701509
1.0115474705065703,0.0713849444590092,-0.3856918912507974,-0.4614783765005792
1.0110387002685748,0.0707766826060817,-0.3877035959417165,-0.4631629672807268
1.010534406502206,0.070174677728207,-0.3897005136323254,-0.4648757449453163
1.010034566327402,0.0695788185467146,-0.3916825357674924,-0.4666167704975952
1.0095391562400424,0.0689889958433945,-0.3936495492271412,-0.4683861043512066
1.0090481523696928,0.0684051026830207,-0.3956014354163877,-0.4701838055569526
1.0085615301153266,0.0678270338977641,-0.3975380718203559,-0.4720099332629788
1.0080792648414334,0.0672546868344752,-0.3994593293368209,-0.4738645442594508
1.0076013317175103,0.0666879610844683,-0.4013650730050751,-0.4757476935576447
1.0071277052609848,0.0661267578657848,-0.403255163919335,-0.4776594362740621
1.006658359230424,0.065570979824566,-0.4051294597464887,-0.4795998283238307
1.0061932684215902,0.0650205330898867,-0.406987807633486,-0.4815689190422983
1.0057324061552912,0.0644753242292784,-0.4088300543155747,-0.4835667616227936
1.005275746010493,0.0639352622334951,-0.4106560392679325,-0.4855934060310422
1.0048232612215762,0.0634002577372598,-0.4124655971813636,-0.4876489015953701
1.004374924912941,0.0628702232329875,-0.4142585570885887,-0.4897332960409688
1.0039307101736004,0.0623450730969595,-0.4160347421263766,-0.4918466351505788
1.0034905892732702,0.0618247226023875,-0.4177939727260914,-0.4939889666062411
1.003054535392455,0.061309089906306,-0.4195360597500587,-0.4961603317031454
1.0026225210058346,0.0607980940816813,-0.421260811005123,-0.4983607731354214
1.0021945179928369,0.0602916551922473,-0.4229680308404168,-0.5005903347913322
1.0017704990077934,0.0597896958597647,-0.4246575147221041,-0.5028490547070879
1.0013504364305468,0.0592921399710539,-0.4263290534654358,-0.5051369703732721
1.0009343022766135,0.058798912520379,-0.4279824336241463,-0.5074541193906594
1.0005220687903276,0.0583099402627985,-0.4296174351635645,-0.5098005362735414
1.0001137083710447,0.0578251515799804,-0.4312338317930436,-0.5121762527381452
0.9997091928271928,0.0573444755481296,-0.4328313939462511,-0.514581302083554
0.9993084943491114,0.0568678430473459,-0.4344098849525422,-0.5170157136013552
0.9989115851415932,0.0563951862823339,-0.4359690625209141,-0.5194795146396178
0.9985184375860552,0.0559264389334755,-0.4375086781285463,-0.5219727295613876
0.9981290238333288,0.055461535630384,-0.43902847863833,-0.5244953823000571
0.9977433159700092,0.0550004121087988,-0.4405282056537885,-0.5270474954183976
0.9973612865784522,0.0545430058416137,-0.4420075933618399,-0.5296290863490712
0.9969829078664332,0.054089254960628,-0.4434663719321147,-0.5322401731303493
0.9966081525138288,0.0536390992335546,-0.4449042642514838,-0.5348807686693986
0.9962369929414986,0.0531924791519621,-0.446320988757804,-0.5375508857345931
0.9958694021276716,0.0527493368781695,-0.4477162563268432,-0.5402505311165051
0.9955053525849548,0.0523096149802411,-0.4490897741829626,-0.5429797129805721
0.9951448172118804,0.0518732574244327,-0.4504412426615211,-0.5457384346722445
0.9947877692595964,0.0514402095065089,-0.4517703553749627,-0.5485266947134686
0.994434181582452,0.0510104169123897,-0.4530768020140489,-0.551344492586418
0.9940840275194436,0.0505838267564667,-0.4543602650650132,-0.5541918218492426
0.9937372804454936,0.0501603870090477,-0.4556204214940136,-0.5570686735392634
0.993393913858854,0.0497400465740763,-0.4568569424272655,-0.5599750354338181
0.993053901580197,0.0493227555063294,-0.4580694924501093,-0.5629108902508054
0.9927172172250128,0.0489084643378217,-0.4592577315009037,-0.5658762201052576
0.9923838349881366,0.0484971250156688,-0.4604213120899541,-0.5688709996148279
0.992053728851718,0.0480886899030842,-0.4615598821095339,-0.571895202758856
0.9917268730652764,0.0476831123453405,-0.4626730831424561,-0.5749487985851919
0.9914032422542924,0.0472803467834922,-0.4637605501320901,-0.5780317499710788
0.991082811014735,0.0468803482286948,-0.4648219127779177,-0.5811440172974844
0.9907655541214816,0.0464830724977977,-0.465856794826986,-0.5842855564397993
0.9904514465571824,0.0460884762283426,-0.4668648139974003,-0.5874563183532545
0.9901404632786228,0.0456965165634596,-0.4678455827327224,-0.5906562513493933
0.989832579849611,0.0453071519290448,-0.4687987062185298,-0.5938852944744073
0.9895277717159576,0.0449203411017124,-0.4697237847060266,-0.5971433847781412
0.989226014499516,0.0445360435583339,-0.4706204125772087,-0.6004304542505479
0.988927284066643,0.0441542195449436,-0.4714881781658041,-0.6037464289291433
0.988631556469029,0.0437748299840452,-0.4723266639655538,-0.6070912293749089
0.9883388079979264,0.0433978365270606,-0.4731354465072415,-0.6104647699005746
0.9880490149627096,0.0430232012518071,-0.4739140969923866,-0.6138669609923338
0.987762154135356,0.0426508872196571,-0.4746621801144792,-0.6172977039825024
0.9874782021794392,0.0422808577209339,-0.4753792556193357,-0.6207568976151547
0.9871971360449678,0.0419130767690803,-0.4760648772677712,-0.6242444332809595
0.9869189329651784,0.0415475090836907,-0.4767185929179706,-0.6277601947937699
0.9866435703436685,0.0411841199289873,-0.4773399448556069,-0.6313040595887964
0.986371025710212,0.0408228750401367,-0.4779284699196929,-0.6348758991662503
0.9861012766481108,0.0404637405103257,-0.4784836996596346,-0.6384755799806305
0.9858343011934216,0.0401066833079346,-0.4790051595481117,-0.6421029579680629
0.9855700773723745,0.0397516706481153,-0.479492369995499,-0.6457578845136542
0.9853085833521704,0.0393986701774778,-0.4799448460369695,-0.6494402043846529
0.9850497977331876,0.0390476503568585,-0.4803620968986895,-0.6531497513963962
0.9847936992894064,0.0386985801020701,-0.4807436265696307,-0.6568863517486981
0.9845402666640692,0.0383514283533473,-0.4810889342496214,-0.6606498284248703
0.984289478962795,0.0380061648709679,-0.4813975135105965,-0.6644399923902764
0.9840413154551134,0.0376627598188899,-0.4816688528460607,-0.6682566466829274
0.9837957552341866,0.0373211832778797,-0.4819024360219842,-0.6720995916344572
0.9835527781389736,0.0369814065137261,-0.4820977412035485,-0.6759686103757935
0.9833123640166634,0.0366434009471544,-0.4822542418666812,-0.6798634799376407
0.9830744926993732,0.0363071381033733,-0.4823714067519844,-0.6837839716963494
0.982839144233539,0.0359725899205015,-0.4824486997222982,-0.6877298475947118
0.9826062989827196,0.0356397288873914,-0.4824855798531455,-0.6917008581501433
0.982375937321768,0.0353085275976111,-0.4824815015953376,-0.6956967474270167
0.982148040168958,0.0349789595037642,-0.4824359148588462,-0.6997172436378372
0.9819225873264894,0.0346509965014819,-0.4823482646324893,-0.7037620884423066
0.98169955983709,0.0343246123216938,-0.4822179914121068,-0.7078309953764471
0.98147893906289,0.0339997812061251,-0.482044531489437,-0.711923665301723
0.9812607064672888,0.0336764775796818,-0.4818273169523052,-0.7160397901506336
0.9810448435523254,0.0333546759436009,-0.4815657756209457,-0.7201790540708913
0.9808313321949144,0.0330343513652061,-0.4812593315119141,-0.7243411268542009
0.980620154306,0.032715478961394,-0.4809074045548694,-0.7285256702460178
0.9804112921440036,0.0323980343600675,-0.4805094111651395,-0.7327323316279252
0.9802047279814624,0.0320819931874707,-0.4800647638002993,-0.7369607504328172
0.9800004446287984,0.03176733186,-0.4795728721975299,-0.7412105472451334
0.979798424755438,0.0314540265374225,-0.4790331420603324,-0.7454813374745805
0.9795986512675122,0.0311420536887831,-0.4784449759255612,-0.7497727235270665
0.9794011074480752,0.0308313903076436,-0.4778077738392026,-0.754084291433421
0.9792057767633442,0.0305220136061987,-0.4771209330674164,-0.7584156146450572
0.9790126428181064,0.0302139009354719,-0.4763838480766401,-0.7627662548439758
0.9788216892916688,0.0299070296709869,-0.4755959103505523,-0.767135763297846
0.9786329004609382,0.0296013780477721,-0.4747565107863705,-0.7715236686045798
0.9784462605406328,0.0292969240968237,-0.4738650372813169,-0.7759294914367636
0.9782617540460088,0.0289936462204523,-0.4729208764293924,-0.7803527360230622
0.9780793658101424,0.0286915232202319,-0.4719234140093269,-0.7847928893075748
0.977899080874057,0.028390534113643,-0.4708720347697033,-0.7892494232325088
0.9777208843545496,0.0280906579047051,-0.4697661218489999,-0.793721797830219
0.9775447617624032,0.0277918741109525,-0.4686050589525292,-0.7982094530581304
0.9773706989925476,0.0274941627533296,-0.4673882309273004,-0.802711808451158
0.9771986819707346,0.0271975037513028,-0.4661150217424389,-0.8072282718746708
0.9770286970064104,0.0269018775211115,-0.4647848172818405,-0.8117582301480252
0.976860730740474,0.0266072648914385,-0.4633970056151923,-0.8163010498738443
0.9766947700544132,0.0263136469465837,-0.4619509768275899,-0.820856079454794
0.9765308020347158,0.0260210049608908,-0.4604461231512614,-0.8254226497777873
0.976368814120658,0.0257293206617101,-0.458881840830117,-0.8300000697683138
0.976208794145937,0.0254385763132875,-0.4572575313381695,-0.8345876246490241
0.9760507301713648,0.0251487544209371,-0.4555726004935966,-0.8391845802121354
0.9758946105041678,0.0248598377661024,-0.4538264592355977,-0.8437901819650618
0.9757404239349216,0.0245718098522598,-0.4520185270997468,-0.8484036476744804
0.9755881594582568,0.0242846543986889,-0.4501482300382993,-0.8530241750860632
0.9754378065145368,0.0239983558021307,-0.4482150042055868,-0.8576509342138393
0.9752893547728656,0.0237128987398388,-0.4462182943288071,-0.8622830734237087
0.9751427942809072,0.0234282684652892,-0.4441575566329253,-0.8669197143973585
0.9749981155464472,0.0231444509877265,-0.4420322613473027,-0.8715599489167676
0.9748553093336936,0.0228614326951179,-0.4398418911418966,-0.8762028447747687
0.974714366803181,0.0225792006456953,-0.4375859444579618,-0.8808474408303293
0.974575279449005,0.0222977424661836,-0.435263936019978,-0.8854927485158927
0.9744380391813898,0.0220170465428712,-0.4328753997550212,-0.8901377485697787
0.9743026382351818,0.0217371018638518,-0.4304198889393361,-0.8947813935664475
0.9741690692374044,0.0214578981856915,-0.4278969791048602,-0.8994226051429314
0.9740373252277124,0.0211794261117503,-0.4253062704093444,-0.9040602727248618
0.973907399514049,0.0209016768221553,-0.4226473867848556,-0.9086932581255204
0.973779285826072,0.0206246424332037,-0.4199199809598175,-0.9133203897360522
0.9736529782563412,0.0203483159155856,-0.4171237355708788,-0.9179404641256916
0.9735284712510814,0.0200726911177732,-0.4142583652768598,-0.9225522459777632
0.9734057595169952,0.0197977626024527,-0.4113236169140851,-0.9271544712435036
0.9732848382364964,0.0195235261751912,-0.4083192770774432,-0.9317458388000132
0.973165702804632,0.0192499783481757,-0.4052451684941784,-0.936325020031726
0.973048348850616,0.018977116429672,-0.4021011528010204,-0.9408906580404316
0.9729327724838333,0.0187049391528579,-0.3988871399247913,-0.945441357938846
0.9728189697556856,0.0184334454716253,-0.3956030761143413,-0.949975707915358
0.9727069373721902,0.0181626363042146,-0.3922489668246992,-0.9544922511369026
0.9725966718434672,0.0178925125635642,-0.3888248550140873,-0.958989519801264
0.9724881700015192,0.0176230764469416,-0.3853308387334839,-0.9634660148608992
0.9723814289670056,0.01735433143682,-0.3817670736706077,-0.9679202074500064
0.9722764458323292,0.0170862815728254,-0.378133765685986,-0.972350552489796
0.9721732177914966,0.0168189318263824,-0.3744311774643367,-0.9767554840671726
0.9720717421731954,0.0165522882522988,-0.370659632596553,-0.9811334146919528
0.9719720160621502,0.0162863570480035,-0.3668195039466864,-0.9854827525624767
0.9718740368026848,0.0160211459332989,-0.3629112348312723,-0.9898018808486616
0.9717778015193148,0.0157566629354885,-0.3589353231976723,-0.994089179627512
0.9716833072286912,0.0154929167236635,-0.3548923275496751,-0.9983430224519756
0.971590550615158,0.0152299160134265,-0.3507828587278493,-1.0025617880269158
0.9714995288142516,0.014967671840996,-0.3466076166594041,-1.0067438260056227
0.971410237957446,0.0147061934525724,-0.3423673265701251,-1.010887525065719
0.9713226740750618,0.0144454908584901,-0.3380627788507694,-1.014991273981223
0.971236833267349,0.0141855754144477,-0.3336948399051828,-1.01905345502992
0.9711527108949116,0.0139264574162938,-0.3292644124160583,-1.0230724840421588
0.9710703020985658,0.0136681476422533,-0.3247724605102812,-1.0270467882551668
0.970989601669347,0.0134106569698082,-0.32022000320825,-1.030974814548288
0.970910604005646,0.0131539962354895,-0.3156081115026238,-1.0348550337396256
0.970833302557488,0.0128981743652403,-0.3109378732756588,-1.0386859705283538
0.9707576911358732,0.0126432026391152,-0.3062104695390162,-1.0424661412324687
0.970683762372628,0.0123890895646928,-0.3014270797473335,-1.0461941324082606
0.9706115088072726,0.0121358444374373,-0.2965889455131968,-1.0498685492794937
0.9705409220442854,0.0118834743652232,-0.2916973126588105,-1.053488060699812
0.9704719940125004,0.0116319886721923,-0.28675351432876,-1.0570513371018837
0.970404715333794,0.0113813929795397,-0.2817588541288791,-1.0605571364953532
0.9703390765552178,0.0111316935308244,-0.2767146878780758,-1.0640042434876535
0.970275067482542,0.0108828946279382,-0.2716223704128742,-1.0673915060822463
0.9702126780935028,0.0106350020683074,-0.2664833234601945,-1.07071778949262
0.9701518971504236,0.0103880176000293,-0.2612989191684203,-1.073982051747512
0.9700927136190456,0.0101419444003473,-0.2560705906444855,-1.077183270136373
0.9700351158133346,0.009896783549127,-0.2507997561684312,-1.080320488606842
0.9699790918579564,0.0096525357974511,-0.2454878538682013,-1.0833927945338673
0.9699246293082868,0.0094091997925866,-0.240136300686184,-1.0863993410432615
0.969871715491449,0.0091667733751228,-0.2347465174587764,-1.0893393298936134
0.9698203377366468,0.008925254555504,-0.2293199486767197,-1.092211999752619
0.9697704827941608,0.0086846386809605,-0.2238579967022465,-1.0950166597131763
0.9697221374066358,0.0084449209239842,-0.2183620747372582,-1.0977526585171966
0.9696752884152848,0.0082060967935167,-0.2128336172533516,-1.1004193790984582
0.9696299219816183,0.0079681580295486,-0.2072739827170641,-1.1030162836397002
0.9695860247153923,0.0077310982061337,-0.2016845810354481,-1.10554285002261
0.9695435826829456,0.0074949074000418,-0.1960667469710839,-1.1079986290657498
0.9695025827489944,0.0072595794457572,-0.1904219101994724,-1.1103831674508369
0.9694630106956694,0.0070251012142876,-0.1847513376226734,-1.1126961170560303
0.9694248527990452,0.0067914612378278,-0.1790563366290253,-1.1149371439187823
0.9693880956831205,0.0065586490522049,-0.1733382395804664,-1.1171059363319369
0.9693527257692176,0.0063266516934727,-0.1675983168167542,-1.1192022372033894
0.9693187295823016,0.0060954553430843,-0.1618378147000268,-1.1212258261195729
0.9692860940702168,0.0058650474530349,-0.1560580076097676,-1.123176500105295
0.969254806068498,0.00563541298935,-0.1502601031059525,-1.1250541052661205
0.9692248527045124,0.0054065370575058,-0.1444453061484639,-1.1268585124632269
0.9691962213191432,0.0051784042915067,-0.138614802947577,-1.1285896216151643
0.969168899320422,0.0049509974970017,-0.1327697250770709,-1.1302473702180116
0.9691428747238252,0.0047243020317986,-0.1269112612019728,-1.1318317001442555
0.9691181353878,0.0044982992843286,-0.1210404885265593,-1.1333426035920855
0.9690946697350998,0.0042729727390278,-0.1151585285111713,-1.1347800787432178
0.9690724664316048,0.0040483052175302,-0.1092664753500492,-1.136144148741114
0.969051514389506,0.0038242787210608,-0.1033653910876324,-1.137434861003099
0.9690318028736944,0.0036008754220368,-0.0974563311788997,-1.1386522801326695
0.9690133213012015,0.0033780752267284,-0.091540279527403,-1.1397964997522254
0.9689960595615016,0.0031558592523945,-0.0856182400579114,-1.1408676221462224
0.968980007948468,0.0029342093165955,-0.0796912235413569,-1.1418657618105337
0.968965157048368,0.0027131064939565,-0.0737602090298179,-1.1427910518131212
0.9689514978890176,0.0024925333105658,-0.0678262025978606,-1.1436436339258045
0.9689390215593678,0.0022724674211265,-0.061890067044699,-1.1444236818025582
0.9689277197776872,0.0020528906448845,-0.055952764887885,-1.145131364943559
0.9689175844813636,0.0018337820739556,-0.0500151728149565,-1.145766873739294
0.9689086080670344,0.0016151224878045,-0.0440782009649268,-1.1463304038900377
0.9689007832997582,0.0013968929627675,-0.0381427556285255,-1.1468221615381762
0.9688941031940724,0.0011790709325638,-0.0322096320216699,-1.147242370226071
0.96888856130631,0.0009616388641116,-0.0262797505574536,-1.1475912520021327
0.9688841514612466,0.0007445762283792,-0.0203539385126644,-1.147869044108175
0.9688808678846472,0.0005278639369903,-0.0144330510460964,-1.1480759901639397
0.9688787051461596,0.0003114817508383,-0.0085179006732339,-1.1482123433004796
0.968877658192828,9.54102877568e-05,-0.0026093123040163,-1.1482783636044172
0.9688777223340118,-0.0001203716554174,0.0032919497437774,-1.1482743186424136
0.9688788934903262,-0.0003359124636179,0.0091858748665891,-1.1482004673578792
0.9688811744031331,-0.0005517074719241,0.0150846756993397,-1.148056668288587
0.9688845692879552,-0.0007677783029465,0.0209876011446548,-1.147842716978993
0.9688890826487244,-0.0009841417724858,0.0268937599469109,-1.1475584210979268
0.9688947194102158,-0.0012008188321736,0.0328023648366557,-1.1472035924531572
0.9689014848345876,-0.00141782892237,0.0387125780537293,-1.1467780526298852
0.9689093844986354,-0.0016351903747863,0.044623522361099,-1.1462816348092886
0.968918424421039,-0.0018529239357374,0.0505343767289877,-1.1457141761799858
0.9689286108824202,-0.0020710478360968,0.0564442421558356,-1.1450755296679307
0.9689399506393492,-0.002289582906054,0.0623522803660261,-1.1443655509472457
0.9689524505708644,-0.0025085455129966,0.0682575226749353,-1.1435841210276343
0.9689661181195364,-0.0027279561391851,0.0741591018776958,-1.1427311190957088
0.968980961214315,-0.0029478367466179,0.0800561801374823,-1.1418064279007312
0.9689969877581912,-0.0031682034556003,0.0859477528066387,-1.1408099661516278
0.9690142061550828,-0.0033890749726658,0.0918328751314856,-1.1397416561169202
0.9690326252117454,-0.0036104706553623,0.0977106098780997,-1.1386014302831178
0.9690522540434324,-0.003832409284378,0.1035799946355726,-1.1373892377192076
0.9690731019462404,-0.0040549078915119,0.1094400113717875,-1.1361050524120906
0.9690951788596104,-0.0042779867620874,0.1152897184353194,-1.1347488452673435
0.9691184947509736,-0.0045016628724826,0.1211280778795814,-1.1333206225187678
0.9691430597934596,-0.0047259522507876,0.1269540188214364,-1.1318204151244198
0.9691688847097636,-0.0049508731174047,0.1327665193000898,-1.130248258233868
0.9691959805839472,-0.0051764438787144,0.1385645536460798,-1.128604203291726
0.9692243584327072,-0.0054026797405663,0.1443470062802227,-1.126888344442117
0.9692540298608184,-0.0056295982592962,0.1501128150389559,-1.125100779161981
0.9692850063727848,-0.0058572139308916,0.1558608335626427,-1.1232416502464857
0.9693173000138612,-0.0060855432077893,0.161589959628933,-1.1213111075154691
0.9693509226594595,-0.0063145993970803,0.1672990073141562,-1.119309350717613
0.9693858868285556,-0.0065443984612638,0.1729868532793426,-1.1172365812040967
0.969422204908318,-0.0067749537373197,0.1786523057315558,-1.1150930483875208
0.9694598893037908,-0.0070062772707671,0.1842941398111766,-1.11287904073337
0.9694989532781084,-0.0072383849379432,0.1899112229859772,-1.110594836656135
0.9695394090888052,-0.007471285299969,0.1955022455812398,-1.108240813769127
0.9695812699646188,-0.007704991568595,0.2010660124104416,-1.105817333085002
0.969624548952152,-0.0079395147810623,0.2066012785589572,-1.1033248064629066
0.9696692589585632,-0.0081748643343472,0.212106764880428,-1.100763693624373
0.9697154129023572,-0.0084110489788488,0.2175811835672605,-1.0981344930369537
0.9697630238678874,-0.0086480776720211,0.2230232593240122,-1.0954377328176104
0.9698121049761522,-0.0088859589418231,0.2284317157185295,-1.0926739778249648
0.9698626688860704,-0.0091246986253702,0.2338052260152654,-1.0898438570727411
0.9699147281988734,-0.0093643020510824,0.2391424656763698,-1.0869480399731146
0.9699682955291886,-0.0096047744258077,0.2444421225557324,-1.0839872317113106
0.9700233833135044,-0.0098461200303218,0.2497028807173705,-1.08096218309613
0.9700800035677404,-0.0100883413123071,0.254923403239524,-1.0778737027090255
0.9701381683827884,-0.0103314411531857,0.2601023836341596,-1.0747226286049434
0.9701978894570762,-0.0105754209424357,0.2652385061605707,-1.071509852688619
0.9702591779521192,-0.0108202801805012,0.2703304406550257,-1.0682363267828514
0.9703220449086728,-0.0110660183012222,0.2753768833161377,-1.0649030386709777
0.9703865008629158,-0.0113126332370652,0.2803765290503892,-1.06151103099572
0.9704525563705128,-0.0115601235279375,0.2853281165001177,-1.0580613719576597
0.9705202212037684,-0.0118084853541169,0.2902303701662479,-1.0545551957195098
0.9705895048682818,-0.0120577146205635,0.2950820449555217,-1.0509936732363352
0.9706604159459268,-0.0123078046999048,0.2998818845961994,-1.0473780439059306
0.9707329633203304,-0.0125587508828425,0.304628709706584,-1.0437095507210847
0.9708071549648832,-0.0128105461347014,0.3093213375956454,-1.0399895001928197
0.9708829982383508,-0.0130631822944964,0.3139586082452252,-1.036219244524749
0.9709605007942678,-0.013316653133643,0.3185394415876373,-1.032400134390175
0.9710396689445578,-0.0135709489847248,0.3230627407459153,-1.0285335978508352
0.9711205088214194,-0.0138260606842687,0.327527466069875,-1.024621080134748
0.9712030260162332,-0.014081978427946,0.331932615498332,-1.020664059160047
0.9712872256197054,-0.0143386919538552,0.3362772290969783,-1.0166640411212615
0.9713731129390314,-0.0145961927203039,0.3405604260842843,-1.012622524474352
0.9714606919146008,-0.014854469141969,0.3447813255316803,-1.008541072566245
0.9715499666523422,-0.015113511250338,0.3489391251979282,-1.004421238890833
0.971640940812409,-0.0153733088408179,0.3530330704318326,-1.000264593998759
0.971733617729568,-0.0156338518325179,0.3570624601276356,-0.99607271782974
0.9718280005819538,-0.015895130727736,0.3610266534603046,-0.991847190247781
0.9719240919037168,-0.0161571352543427,0.364925048956954,-0.9875896109951257
0.9720218942585658,-0.0164198562232121,0.3687571122976282,-0.9833015676961206
0.9721214102214312,-0.0166832854057126,0.3725223727619605,-0.9789846356259836
0.972222641658562,-0.0169474136042091,0.3762203947838917,-0.9746404074168484
0.9723255908954492,-0.0172122337068293,0.3798508204207008,-0.9702704410995644
0.9724302599574652,-0.017477738633889,0.3834133386130015,-0.9658762919185476
0.9725366507282786,-0.0177439217326635,0.386907689762996,-0.9614595041813674
0.9726447655841116,-0.0180107783069599,0.3903336839752599,-0.957021584176792
0.9727546062402018,-0.0182783027002869,0.3936911614449837,-0.9525640470513356
0.9728661749689672,-0.0185464912704889,0.3969800292481086,-0.948088365914098
0.972979474236948,-0.0188153414079947,0.4002002461567442,-0.943595986722474
0.9730945064036752,-0.0190848507730034,0.4033518116545982,-0.9390883397846136
0.973211274131702,-0.0193550182249008,0.4064347753022947,-0.9345668230934814
0.973329780373032,-0.0196258437215995,0.4094492331955729,-0.9300328029525198
0.9734500281756994,-0.0198973278230383,0.4123953203549398,-0.9254876213579408
0.9735720208546838,-0.0201694720383634,0.4152732127506616,-0.9209325893633944
0.973695761988472,-0.0204422787669717,0.4180831246277713,-0.9163689873422626
0.973821255634246,-0.0207157517177847,0.4208253106709984,-0.911798057359526
0.9739485060229272,-0.0209898951863111,0.4235000565173972,-0.9072210147513085
0.9740775177027718,-0.0212647143309435,0.4261076798104795,-0.902639043070136
0.9742082956113768,-0.0215402152814207,0.4286485293038802,-0.8980532919409003
0.9743408449964776,-0.0218164049274027,0.4311229809974581,-0.8934648803335536
0.9744751714479498,-0.0220932909491832,0.4335314367121471,-0.8888748958673851
0.974611281003172,-0.0223708819957969,0.4358743238721736,-0.8842843917612839
0.9747491799651508,-0.022649187275885,0.4381520903171483,-0.8796943935760626
0.9748888749793722,-0.022928216688438,0.4403652039890414,-0.8751058970477308
0.9750303731794542,-0.0232079810814083,0.4425141534187379,-0.8705198639216275
0.9751736819265816,-0.0234884917042355,0.4445994419729254,-0.865937231077203
0.975318809071962,-0.0237697607019209,0.4466215903094503,-0.8613589025972055
0.9754657627255248,-0.024051800637763,0.4485811315143576,-0.8567857577810083
0.97561455138718,-0.0243346247299148,0.4504786116714139,-0.8522186475182941
0.9757651838839976,-0.0246182467112785,0.4523145877333405,-0.8476583968370641
0.9759176694314108,-0.024902680927999,0.4540896270885504,-0.8431058036189061
0.9760720175503576,-0.0251879421679694,0.4558043054347923,-0.8385616416810643
0.976228238096005,-0.0254740457025695,0.4574592061326806,-0.8340266604373525
0.9763863413110988,-0.0257610073710904,0.4590549197674829,-0.8295015839316413
0.9765463376047332,-0.0260488431693664,0.4605920410397308,-0.8249871176925913
0.9767082378430872,-0.0263375697693298,0.4620711708945971,-0.82048394091581
0.9768720531533106,-0.0266272041551292,0.4634929137634457,-0.8159927125957721
0.9770377950230088,-0.0269177637942349,0.4648578777622976,-0.8115140692567322
0.9772054750010974,-0.0272092661102666,0.4661666716400495,-0.807048633454959
0.9773751052295538,-0.0275017294088943,0.4674199084813831,-0.8025969999376064
0.9775466979473428,-0.027795172008421,0.4686182011537959,-0.7981597494139341
0.977720265686318,-0.0280896125818565,0.4697621634202498,-0.7937374436804997
0.9778958213862906,-0.0283850703475411,0.4708524101194803,-0.7893306232082071
0.9780733780443054,-0.0286815644765178,0.4718895544881268,-0.784939816414285
0.9782529489345376,-0.0289791144695458,0.4728742093006455,-0.78056553435446
0.9784345476449235,-0.0292777402169631,0.4738069866363429,-0.7762082702676896
0.9786181880403344,-0.0295774619368406,0.4746884972569662,-0.7718685009185782
0.9788038841401848,-0.029878299978193,0.4755193497143436,-0.7675466898307544
0.9789916502356146,-0.0301802750170443,0.4763001506671381,-0.7632432848077854
0.9791815007282868,-0.0304834078014677,0.477031503957834,-0.7589587219353672
0.9793734505197406,-0.0307877197775722,0.4777140118693845,-0.7546934171054791
0.9795675142639556,-0.0310932319062205,0.4783482721619813,-0.7504477830188344
0.979763707367736,-0.0313999662523075,0.4789348813755165,-0.74622220730405
0.9799620449286134,-0.0317079443176564,0.4794744311499154,-0.742017076050709
0.980162542666706,-0.0320171885067434,0.4799675109109524,-0.7378327539194188
0.9803652163697256,-0.0323277212637873,0.4804147060122511,-0.7336695964043224
0.9805700818636413,-0.0326395650417791,0.480816597706419,-0.7295279504523089
0.9807771552729768,-0.0329527427095762,0.4811737636143859,-0.7254081493147332
0.9809864528484624,-0.0332672772956681,0.4814867772324661,-0.7213105163009214
0.9811979911465571,-0.033583192265857,0.4817562080932641,-0.7172353614771987
0.9814117868988806,-0.0339005113322192,0.4819826214020571,-0.7131829845292843
0.9816278568119896,-0.0342192581670592,0.4821665777986175,-0.7091536786659294
0.9818462181409218,-0.034539457258713,0.4823086337874052,-0.7051477200804825
0.9820668879435966,-0.0348611328201185,0.4824093410175866,-0.7011653820551786
0.9822898836330686,-0.0351843096114974,0.4824692466583676,-0.6972069248815084
0.9825152226667287,-0.0355090124948693,0.4824888931526694,-0.6932726017035679
0.9827429228668456,-0.0358352669062271,0.4824688182028567,-0.6893626530649246
0.982973002651305,-0.0361630991847602,0.4824095544586503,-0.6854773035081841
0.983205480266813,-0.0364925354822593,0.4823116295020876,-0.6816167749753093
0.9834403740454494,-0.0368236021469295,0.4821755659131846,-0.6777812823461143
0.9836777023699622,-0.0371563256878671,0.4820018813133653,-0.6739710340486387
0.98391748378041,-0.0374907329376141,0.4817910883002374,-0.6701862304040507
0.9841597371430484,-0.0378268512962041,0.4815436942185468,-0.6664270611879036
0.984404481200338,-0.0381647081161256,0.4812602015547126,-0.6626937128150382
0.9846517350435088,-0.0385043313702513,0.4809411074458712,-0.6589863611028577
0.9849015178699788,-0.0388457493253176,0.4805869038741716,-0.6553051752190312
0.9851538491022886,-0.0391889907160623,0.4801980774730527,-0.6516503160608769
0.9854087483419997,-0.0395340846919861,0.4797751095321113,-0.648021937141739
0.9856662353198048,-0.0398810607610778,0.4793184760458782,-0.6444201854573031
0.9859263298343552,-0.0402299487205113,0.4788286478195275,-0.6408452024307552
0.9861890518195106,-0.0405807787607956,0.4783060903502952,-0.6372971230512252
0.9864544217811608,-0.0409335820578922,0.4777512628738035,-0.633776070249408
0.98672245992334,-0.0412883896193081,0.4771646200902181,-0.6302821668139821
0.9869931865934024,-0.0416452328954093,0.4765466113274472,-0.6268155293476446
0.9872666228283996,-0.0420041445081509,0.4758976791987182,-0.623376261584003
0.9875427892911864,-0.042365156861918,0.4752182620113274,-0.6199644681472566
0.9878217070320794,-0.0427283031608657,0.4745087920086098,-0.616580244935368
0.9881033973916128,-0.0430936172907202,0.4737696955143933,-0.6132236806558814
0.9883878815169924,-0.0434611332060928,0.4730013941916197,-0.6098948627043118
0.9886751810811242,-0.0438308858771481,0.4722043031381468,-0.6065938687340477
0.9889653176689588,-0.0442029105100054,0.4713788325062739,-0.6033207740304162
0.9892583131913064,-0.0445772430953574,0.4705253863571354,-0.6000756468396866
0.9895541897650718,-0.0449539202678326,0.4696443629533773,-0.5968585499548318
0.9898529692286632,-0.0453329787070788,0.4687361562233376,-0.5936695460077088
0.9901546739491184,-0.0457144561821506,0.4678011533562852,-0.5905086887822272
0.9904593266290378,-0.0460983913171958,0.4668397352967203,-0.5873760256655952
0.990766949795694,-0.0464848229642201,0.4658522783436625,-0.5842716030395585
0.9910775662943918,-0.0468737908441191,0.4648391526111533,-0.5811954612376368
0.9913911988193104,-0.0472653349766148,0.4638007235445457,-0.578147639324933
0.9917078705617556,-0.0476594965100415,0.4627373497944965,-0.5751281688053382
0.9920276048298428,-0.0480563172625606,0.4616493844335014,-0.5721370775653697
0.992350424761596,-0.0484558393877434,0.4605371759550967,-0.5691743925516741
0.9926763541700948,-0.0488581064416663,0.4594010653717974,-0.5662401320561015
0.9930054164908952,-0.0492631621007225,0.4582413898367325,-0.5633343154749212
0.9933376355477216,-0.0496710511301208,0.4570584799989894,-0.560456956387657
0.993673035234659,-0.050081819012936,0.4558526611027745,-0.5576080655300811
0.9940116396613828,-0.0504955121507215,0.4546242524669024,-0.5547876496261712
0.9943534728634564,-0.0509121775326418,0.4533735685337616,-0.5519957138791788
0.9946985589778652,-0.0513318629752123,0.4521009182469499,-0.5492322604947089
0.995046922515377,-0.0517546174770161,0.4508066040341553,-0.546497286622019
0.9953985880871704,-0.0521804909097771,0.4494909227964958,-0.5437907867047221
0.9957535802808252,-0.0526095338947405,0.4481541663775523,-0.5411127534585376
0.996111923795239,-0.0530417979934608,0.4467966210637666,-0.5384631768433065
0.9964736432428498,-0.0534773354971165,0.4454185683350554,-0.5358420455446662
0.996838763733494,-0.053916200157725,0.4440202826365325,-0.5332493427901004
0.9972073098720662,-0.0543584460111456,0.442602035200679,-0.5306850535931416
0.997579307097905,-0.0548041290160235,0.4411640889051101,-0.528149155343232
0.9979547801076262,-0.0552533051921235,0.4397067043367773,-0.5256416287990373
0.998333754257331,-0.0557060323329139,0.4382301343735999,-0.5231624484866222
0.9987162544508148,-0.0561623687075087,0.4367346284859239,-0.5207115901876045
0.9991023063010412,-0.0566223744810603,0.4352204281963342,-0.5182890234173788
0.9994919348043652,-0.0570861101674056,0.4336877722510549,-0.5158947199446675
0.9998851653311748,-0.0575536378460193,0.4321368927309658,-0.5135286474898042
1.0002820230036178,-0.0580250204574419,0.4305680174814881,-0.5111907735890131
1.0006825331665206,-0.0585003224007816,0.428981368239957,-0.5088810627531268
1.0010867213081196,-0.0589796094771573,0.427377160923078,-0.5065994770507998
1.0014946121820991,-0.0594629478888102,0.4257556090955445,-0.5043459809960132
1.0019062317403529,-0.0599504065707692,0.4241169162687874,-0.5021205307838471
1.002321604557249,-0.0604420541808172,0.4224612861173851,-0.4999230884791328
1.002740755788102,-0.0609379614631753,0.4207889146647102,-0.4977536112072461
1.0031637107983695,-0.0614382008526765,0.4190999917211204,-0.4956120533613386
1.003590494051355,-0.0619428452050729,0.4173947052950463,-0.4934983721825806
1.0040211307187,-0.06245196974883,0.4156732351278903,-0.4914125195734768
1.0044556454502946,-0.0629656506786679,0.4139357575694232,-0.4893544482677096
1.0048940629425749,-0.0634839658773286,0.4121824432675255,-0.4873241089760494
1.0053364073943083,-0.0640069943232668,0.4104134593012495,-0.4853214528773883
1.0057827031105504,-0.0645348168571535,0.408628966719067,-0.4833464287559833
1.0062329741232356,-0.0650675157873287,0.4068291220064574,-0.481398984716859
1.0066872439931909,-0.0656051747107977,0.4050140778233946,-0.479479068918483
1.007145536967076,-0.066147879939874,0.403183978326106,-0.4775866246681853
1.007607876078507,-0.0666957183134109,0.4013389666940068,-0.4757215983689829
1.0080742844963664,-0.0672487788529444,0.3994791796786511,-0.47388393374624
1.0085447850516212,-0.0678071522646672,0.3976047494266524,-0.4720735737688009
1.0090194000988708,-0.0683709308385235,0.3957158039583447,-0.4702904610685369
1.0094981522143436,-0.0689402093432439,0.3938124643153846,-0.4685345352626128
1.0099810626207808,-0.0695150832213717,0.3918948507450606,-0.4668057386893374
1.010468153082989,-0.0700956509123224,0.3899630750794469,-0.4651040093521751
1.0109594449018682,-0.0706820127291958,0.3880172446522343,-0.4634292846181826
1.011454958407104,-0.0712742703252583,0.3860574642104535,-0.4617815027665244
1.0119547133492175,-0.0718725272342756,0.3840838342548139,-0.460160601417401
1.0124587294272664,-0.0724768895798427,0.3820964488542986,-0.4585665157439206
1.0129670257545182,-0.0730874655170085,0.3800953976544326,-0.4569991801758693
1.0134796208276733,-0.0737043652765135,0.3780807658843184,-0.4554585283605705
1.0139965326827367,-0.0743277014364385,0.3760526336264436,-0.4539444925794217
1.014517778486928,-0.0749575885167001,0.374011077295564,-0.4524570048321754
1.0150433743318286,-0.0755941428139601,0.3719561703102236,-0.4509959971956467
1.0155733365554274,-0.0762374840936159,0.369887977789485,-0.4495613980225775
1.0161076802620133,-0.0768877338938683,0.367806562207535,-0.4481531360055922
1.0166464197102474,-0.0775450160889554,0.3657119817231374,-0.4467711388869108
1.017189568652784,-0.0782094574030506,0.3636042887090882,-0.4454153324654213
1.0177371390629502,-0.0788811859530905,0.361483534533206,-0.4440856436145994
1.0182891431856926,-0.0795603338639956,0.359349761439754,-0.4427819950586014
1.0188455918329509,-0.0802470352906042,0.3572030089933919,-0.4415043094757213
1.0194064947984078,-0.0809414270335186,0.3550433122887172,-0.4402525082768757
1.0199718606888468,-0.0816436484423005,0.3528707024132174,-0.4390265118060533
1.020541696706369,-0.0823538412570507,0.350685207085782,-0.437826239591824
1.0211160098116536,-0.0830721511785017,0.3484868459991008,-0.4366516077503422
1.0216948050711636,-0.0837987259327797,0.3462756369567228,-0.4355025323271152
1.0222780861696368,-0.0845337160288027,0.3440515936826953,-0.4343789279487531
1.022865855905127,-0.0852772755120589,0.3418147237150308,-0.4332807067061922
1.0234581160081742,-0.0860295618783669,0.3395650288797935,-0.4322077784248844
1.0240548656649775,-0.0867907343315878,0.3373025106601348,-0.4311600531206163
1.024656103414372,-0.0875609563294387,0.3350271627411464,-0.4301374373347631
1.0252618261567172,-0.0883403944732153,0.3327389745280381,-0.4291398357865045
1.025872028631249,-0.0891292179771193,0.3304379328518913,-0.4281671519794909
1.026486704416828,-0.0899276001074071,0.3281240179189784,-0.427219286351514
1.027105844955865,-0.0907357170784512,0.3257972067152003,-0.4262961376467538
1.027729439498399,-0.0915537481282205,0.3234574729171014,-0.4253976027005597
1.0283574766543542,-0.0923818777233043,0.3211047807751122,-0.4245235740280464
1.0289899414920003,-0.09322029191645,0.3187390956892401,-0.4236739437545394
1.0296268177855572,-0.0940691814699747,0.3163603754615193,-0.4228486001730916
1.030268087235979,-0.0949287410156354,0.3139685728963442,-0.4220474286713473
1.0309137287363594,-0.0957991682490671,0.3115636382010839,-0.4212703123989086
1.0315637189813087,-0.0966806649254222,0.3091455163610343,-0.4205171312254248
1.032218032082687,-0.0975734365325254,0.306714148213542,-0.4197877619668222
1.0328766400218474,-0.0984776931060325,0.3042694684000126,-0.4190820776483805
1.0335395119470103,-0.0993936484769738,0.3018114075992103,-0.4183999480639596
1.0342066140033843,-0.1003215202356099,0.2993398927623346,-0.4177412396578241
1.0348779095787366,-0.1012615302790026,0.2968548457986179,-0.4171058149993346
1.0355533588879724,-0.1022139044476274,0.2943561846997218,-0.4164935329221819
1.036232919425177,-0.1031788733847293,0.291843821441309,-0.4159042478472368
1.036916545524726,-0.1041566721560163,0.2893176631702703,-0.4153378099500769
1.0376041879664757,-0.1051475399188054,0.2867776132118288,-0.4147940652095449
1.0382957937042914,-0.1061517197577034,0.2842235716066931,-0.4142728552961504
1.0389913068459236,-0.1071694603521832,0.2816554310159416,-0.4137740165475105
1.039690667268991,-0.1082010142252494,0.2790730813425218,-0.4132973807435319
1.040393811144509,-0.1092466387574661,0.2764764072941491,-0.4128427744045537
1.0411006705038068,-0.1103065958126387,0.2738652894656245,-0.4124100187900495
1.0418111734111248,-0.111381152266463,0.2712396031703854,-0.4119989294881774
1.042525243735282,-0.1124705799506068,0.2685992187375903,-0.4116093162723184
1.043242800681209,-0.1135751552250177,0.2659440026838163,-0.4112409830512488
1.043963759153764,-0.1146951598277893,0.2632738157921921,-0.4108937273623801
1.0446880290768408,-0.115830880129083,0.2605885150413069,-0.4105673404091169
1.0454155156357694,-0.1169826078135288,0.2578879521019136,-0.41026160661866
1.046146118699823,-0.1181506392877432,0.2551719748573658,-0.4099763035733917
1.046879732749256,-0.1193352758735574,0.2524404270421481,-0.4097112016862303
1.0476162473293609,-0.1205368248794328,0.249693145895398,-0.4094660637184933
1.0483555459321017,-0.1217555981364969,0.2469299656538698,-0.4092406448528974
1.0490975068006392,-0.1229919136648758,0.2441507138604414,-0.4090346920938101
1.0498420015582115,-0.1242460937673496,0.2413552157851291,-0.4088479443372548
1.050588895692611,-0.1255184661768243,0.2385432919002817,-0.4086801318514602
1.0513380489202415,-0.126809365076484,0.2357147557567932,-0.4085309758801356
1.0520893132962337,-0.1281191282434728,0.2328694203520246,-0.4084001886852758
1.0528425350330912,-0.1294481005728283,0.2300070904876217,-0.4082874728217907
1.053597553010774,-0.1307966319188046,0.2271275675949377,-0.4081925210773425
1.0543541986216802,-0.1321650772083299,0.2242306495239881,-0.4081150160980983
1.0551122961111554,-0.1335537974804289,0.2213161284039679,-0.4080546299836886
1.0558716615052184,-0.1349631583731579,0.2183837938983115,-0.4080110240161611
1.056632103306911,-0.1363935318424896,0.2154334296522423,-0.4079838482255635
1.0573934215876388,-0.1378452949468315,0.2124648158936976,-0.4079727410750267
1.058155408033609,-0.1393188303950602,0.2094777283391008,-0.4079773290682476
1.0589178460958508,-0.1408145273528314,0.2064719366354047,-0.4079972263893551
1.0596805105440208,-0.1423327811326054,0.2034472050949947,-0.4080320345478252
1.0604431660433065,-0.1438739908751856,0.2004032973416879,-0.4080813419181776
1.061205567652243,-0.1454385609952881,0.1973399733767864,-0.4081447233197609
1.0619674610055927,-0.147026902110047,0.1942569877907368,-0.4082217396422488
1.0627285810934477,-0.1486394290697701,0.1911540936169631,-0.4083119373327135
1.0634886528278,-0.1502765626836865,0.1880310389676505,-0.4084148480348324
1.0642473904958918,-0.1519387291737356,0.1848875681178544,-0.4085299881291925
1.0650044973329658,-0.1536263598520737,0.1817234221158226,-0.4086568582605172
1.065759665399152,-0.1553398914731226,0.1785383381125601,-0.4087949429028558
1.0665125749644762,-0.1570797654917311,0.1753320507320851,-0.408943709832442
1.0672628947121887,-0.1588464291973515,0.1721042899584419,-0.4091026097451853
1.0680102805609524,-0.1606403336504596,0.1688547848980426,-0.4092710755888541
1.0687543763418443,-0.1624619359754535,0.1655832595604456,-0.4094485222728088
1.0694948129162822,-0.16431169802142,0.1622894352935749,-0.4096343460468726
1.0702312079441512,-0.1661900865519984,0.158973030409697,-0.4098279240041027
1.0709631651758995,-0.1680975722298148,0.1556337619333251,-0.4100286134495738
1.0716902747916703,-0.1700346313105359,0.1522713425796246,-0.4102357515410602
1.0724121126626616,-0.1720017446291226,0.1488854825283203,-0.4104486546409912
1.0731282398963429,-0.1739993972750375,0.1454758899422051,-0.4106666177223148
1.073838202775876,-0.1760280793939483,0.142042269565267,-0.4108889138850435
1.074541531828644,-0.1780882845656673,0.1385843254466832,-0.411114793594736
1.0752377421190582,-0.1801805116959469,0.1351017577111101,-0.4113434842908381
1.0759263322951598,-0.1823052633626602,0.13159426532326,-0.4115741895908416
1.076606784605743,-0.1844630470556384,0.128061544006434,-0.4118060887929435
1.0772785641609173,-0.1866543741827067,0.1245032878832,-0.4120383361155689
1.0779411187369814,-0.18887976081326,0.1209191882585378,-0.4122700601031999
1.0785938781720597,-0.1911397271881537,0.1173089344346918,-0.4125003628756136
1.0792362540430236,-0.1934347982296095,0.1136722129196795,-0.4127283194550685
1.079867638930421,-0.1957655026889178,0.1100087088184253,-0.4129529769268931
1.0804874064623755,-0.1981323752319395,0.1063181026080349,-0.4131733538528711
1.0810949102745184,-0.2005359547151998,0.1026000729498001,-0.4133884392719378
1.0816894836383455,-0.2029767849769048,0.0988542955398554,-0.4135971919082076
1.0822704387266688,-0.2054554143614274,0.0950804439511044,-0.4137985392182308
1.0828370666580982,-0.2079723987957196,0.0912781851088565,-0.4139913766685947
1.0833886360056533,-0.2105282985615491,0.0874471844086682,-0.4141745664356425
1.0839243928047897,-0.2131236817816199,0.0835871006716188,-0.4143469365711446
1.084443559385796,-0.2157591230119374,0.079697588548016,-0.4145072797093971
1.0849453339680888,-0.21843520579539,0.0757782950558148,-0.4146543519552664
1.0854288891926378,-0.2211525201853695,0.0718288635845032,-0.4147868713721493
1.0858933718823378,-0.2239116672049242,0.0678489277787728,-0.4149035167485186
1.0863379017828596,-0.2267132586948448,0.0638381123018268,-0.4150029259469844
1.086761570441776,-0.2295579184659945,0.0597960317493518,-0.4150836941823013
1.0871634399813974,-0.232446283632491,0.055722289390479,-0.4151443721350454
1.0875425416715503,-0.2353790055224456,0.0516164765887325,-0.4151834638715143
1.0878978747981267,-0.2383567543061878,0.0474781671385961,-0.4151994245835404
1.0882284045968544,-0.2413802181181825,0.0433069194582648,-0.415190657981305
1.0885330607471768,-0.2444501085475861,0.0391022700401833,-0.4151555134491291
1.0888107351739504,-0.2475671630707825,0.0348637313737712,-0.4150922827924884
1.0890602795452322,-0.2507321469444656,0.0305907907342129,-0.4149991966438681
1.0892805024950094,-0.2539458546152954,0.0262829097244696,-0.4148744205329475
1.089470166862924,-0.2572091157695049,0.0219395177436129,-0.4147160503536192
1.0896279865103478,-0.2605228040565145,0.0175600022746588,-0.4145221069972009
1.0897526221835518,-0.2638878389002824,0.01314370869268,-0.4142905306086581
1.089842677153559,-0.2673051920643857,0.0086899339900838,-0.4140191739179644
1.0898966922138025,-0.2707758955918234,0.0041979190807071,-0.4137057945634089
1.0899131398920126,-0.2743010516013364,-0.000333160853167,-0.4133480461710416
1.0898904176939472,-0.2778818433060502,-0.0049042070546893,-0.4129434680232379
1.0898267961128916,-0.2815214591445355,-0.009518624563708,-0.4124892230169005
1.0897203807302136,-0.2852227926314234,-0.0141793493071645,-0.4119822972648163
1.0895691672445214,-0.2889874683356824,-0.0188876477669221,-0.4114196570466539
1.089371028625348,-0.2928172300804617,-0.0236448896691736,-0.4107980837346381
1.089123701875557,-0.2967139522381713,-0.0284525562995779,-0.4101141541033611
1.0888247741050996,-0.300679639442429,-0.0333122340172944,-0.409364220507377
1.0884716659947655,-0.3047164442470305,-0.0382256294322106,-0.4085443856150024
1.0880616136023324,-0.308826677916216,-0.0431945752690216,-0.4076504752523215
1.087591651206611,-0.3130127948697616,-0.048221003967607,-0.4066780143653417
1.0870585906921768,-0.3172774013328961,-0.0533069505445799,-0.4056221956723166
1.086459005451085,-0.3216232168025058,-0.0584544989901249,-0.4044778574943229
1.085789220039091,-0.326053006711252,-0.0636656963413046,-0.4032394704543838
1.0850453105812938,-0.3305694730097195,-0.068942420490265,-0.401901140515185
1.0842231316930684,-0.3351750406618956,-0.0742861323022294,-0.4004566538553706
1.083318385489135,-0.3398715166074826,-0.0796974909051432,-0.3988995857286598
1.082326763527695,-0.3446595444577035,-0.0851757518277295,-0.3972235201111145
1.0812442000949585,-0.349537791942606,-0.090717888299184,-0.3954224363835212
1.0800672792703827,-0.3545018332224814,-0.0963174084605337,-0.3934913238517814
1.0787938046431536,-0.3595428470897744,-0.1019630211149295,-0.3914270302202911
1.0774234558846998,-0.3646465122212559,-0.1076375827559744,-0.389229220319236
1.0759583092054552,-0.3697928128008074,-0.1133180984148741,-0.3869011015773645
1.0744028926250366,-0.374957486711569,-0.1189775223829743,-0.3844494263033001
1.072763581047088,-0.3801151032782274,-0.1245882505828001,-0.3818835053399561
1.0710475169894138,-0.3852426253986368,-0.1301259826741252,-0.3792135503422184
1.0692615470474658,-0.3903218978526641,-0.1355722682300579,-0.3764490992178596
1.0674115586490522,-0.3953403673486828,-0.1409150665232917,-0.3735980853833053
1.0655022856240466,-0.400290401018204,-0.1461478061202157,-0.3706666213776659
1.0635374050865007,-0.405168052091839,-0.1512679064928447,-0.3676592057896694
1.061519763061436,-0.4099718134198524,-0.1562753492483733,-0.3645791026602782
1.059451593317262,-0.4147016695268217,-0.1611716165174805,-0.3614286918438101
1.0573347022130704,-0.4193584300027801,-0.1659589608359009,-0.3582097559448217
1.055170604702871,-0.4239433055561422,-0.1706399511812196,-0.3549236864345881
1.0529606227116193,-0.4284576460625851,-0.1752172005568509,-0.3515716294285742
1.0507059465064637,-0.4329028019200671,-0.1796932278196437,-0.3481545740512471
1.04840768106638,-0.437280039764678,-0.1840703788305452,-0.3446734178278295
1.0460668827608202,-0.4415904912574973,-0.18835078319449,-0.3411290176142682
1.0436845691064625,-0.4458351583477398,-0.1925363680335399,-0.3375222002094726
1.0412617422422423,-0.4500148940722299,-0.1966288471616589,-0.333853794262301
1.0387993927837895,-0.4541304191361995,-0.2006297452965819,-0.3301246329703463
1.036298508778876,-0.458182327529737,-0.204540410688247,-0.3263355649643711
1.033760078055496,-0.4621711015955657,-0.2083620362555844,-0.3224874555932034
1.0311850924653878,-0.466097121904146,-0.2120956749461376,-0.3185811914313778
1.0285745478270494,-0.469960682005712,-0.2157422590877605,-0.3146176785689853
1.025929447959612,-0.4737619952003841,-0.2193026115246084,-0.3105978473666413
1.0232508017809645,-0.477501210033412,-0.2227774644332906,-0.3065226469012138
1.0205396266349616,-0.4811784152021681,-0.2261674676586741,-0.3023930490587013
1.01779694445725,-0.484793653257155,-0.2294732047818527,-0.2982100418916201
1.015023783360436,-0.488346925501347,-0.2326952005797858,-0.2939746313488305
1.0122211778968695,-0.4918381979704946,-0.2358339291962745,-0.2896878411179432
1.0093901675298396,-0.4952674088390232,-0.2388898232800425,-0.2853507098289637
1.006531795974516,-0.4986344738587203,-0.2418632810304576,-0.2809642896629551
1.0036471102608766,-0.501939291449754,-0.2447546726703507,-0.2765296446027791
1.0007371609189373,-0.5051817459359803,-0.2475643450642065,-0.2720478504695701
0.9978030003899409,-0.5083617123378967,-0.2502926275039208,-0.2675199922861835
0.9948456820847736,-0.5114790598924436,-0.2529398361750003,-0.262947162671345
0.991866259136476,-0.5145336554628298,-0.2555062783478318,-0.2583304597925485
0.9888657873819106,-0.5175253623697115,-0.2579922526035638,-0.2536709919148609
0.9858453188139698,-0.520454048648713,-0.2603980568323031,-0.2489698672064823
0.9828059049776928,-0.5233195848476719,-0.2627239873242765,-0.2442281989757849
0.979748596093195,-0.5261218461208392,-0.2649703414148677,-0.2394471043266919
0.9766744375208584,-0.5288607164158147,-0.2671374216557917,-0.234627698657548
0.9735844715075452,-0.5315360875403039,-0.2692255357561901,-0.2297710984180179
0.9704797364048272,-0.5341478605323449,-0.2712349983426942,-0.2248784199467742
0.967361264403869,-0.5366959480603033,-0.2731661334050945,-0.219950775970224
0.9642300829523464,-0.5391802735862584,-0.2750192741776801,-0.2149892779097386
0.9610872124625156,-0.541600773520173,-0.2767947652528305,-0.2099950323475824
0.9579336673685546,-0.5439573965738534,-0.2784929625294372,-0.2049691427980394
0.9547704543218266,-0.5462501052926835,-0.2801142347310442,-0.1999127069470321
0.9515985717091549,-0.5484788764248796,-0.2816589639950195,-0.1948268159842056
0.9484190102460508,-0.5506437005100165,-0.2831275458940224,-0.1897125556702195
0.9452327503209512,-0.552744583656914,-0.2845203909176428,-0.1845710021886385
0.9420407641208668,-0.5547815459889917,-0.2858379236431681,-0.1794032256844609
0.9388440145425928,-0.5567546223216351,-0.2870805834278322,-0.1742102886557449
0.9356434521432184,-0.5586638638625843,-0.2882488256354722,-0.1689932411243167
0.9324400183853838,-0.5605093359904068,-0.2893431203620646,-0.1637531260309579
0.9292346427231928,-0.5622911198092565,-0.2903639535148508,-0.1584909746257818
0.9260282443097992,-0.5640093109365015,-0.2913118261813404,-0.153207809397517
0.9228217284681316,-0.5656640211636556,-0.2921872556121395,-0.1479046383994328
0.9196159905031956,-0.5672553761455315,-0.2929907739796889,-0.1425824616658209
0.916411911078784,-0.5687835174980133,-0.2937229294930946,-0.1372422636974146
0.91321035932517,-0.5702486009119745,-0.2943842853986436,-0.1318850187380627
0.9100121908783584,-0.5716507968205502,-0.2949754202834824,-0.1265116876508384
0.9068182474958704,-0.5729902902125997,-0.2954969278937801,-0.1211232173883988
0.9036293570820648,-0.5742672802613707,-0.2959494168621719,-0.1157205411491312
0.9004463337334563,-0.5754819799670615,-0.2963335104482167,-0.1103045785746461
0.8972699772472302,-0.5766346160117074,-0.2966498463432644,-0.1048762350360481
0.8941010726785257,-0.5777254285593408,-0.2968990764202293,-0.09943640098755
0.8909403907843568,-0.57875467074257,-0.2970818663959507,-0.0939859528364445
0.887788686086489,-0.5797226089233296,-0.2971988956219377,-0.0885257497034708
0.8846466979680138,-0.5806295219058885,-0.2972508566251156,-0.0830566353847751
0.8815151521013477,-0.5814757001991668,-0.2972384547974661,-0.0775794409497407
0.8783947557073841,-0.5822614469460897,-0.2971624080538769,-0.0720949765456489
0.8752861997519114,-0.5829870767862793,-0.2970234462974546,-0.0666040352405621
0.8721901620648184,-0.5836529147824437,-0.2968223112291461,-0.0611073986196828
0.8691073038560199,-0.5842592969384609,-0.2965597559105719,-0.0556058307382116
0.8660382703787837,-0.5848065696409762,-0.2962365443859084,-0.0501000793424558
0.8629836893847626,-0.5852950895150199,-0.2958534510876806,-0.044590873131468
0.8599441736978514,-0.5857252225709093,-0.2954112606988312,-0.039078926413293
0.8569203192871333,-0.5860973441538033,-0.2949107675351884,-0.0335649356793031
0.8539127049491589,-0.5864118385312718,-0.2943527750105108,-0.0280495790171574
0.8509218918927034,-0.5866690984561397,-0.2937380950412789,-0.0225335153151743
0.8479484275869974,-0.5868695244369497,-0.2930675484035789,-0.0170173913622741
0.8449928392854256,-0.5870135248467369,-0.2923419629101685,-0.0115018298681949
0.8420556402730203,-0.587101515042909,-0.2915621743117448,-0.0059874410026439
0.8391373261387103,-0.5871339172057533,-0.2907290249946099,-0.0004748154461616
0.8362383757551841,-0.5871111598347339,-0.289843363709951,0.0050354738507616
0.8333568917551707,-0.5870335911925614,-0.288905253205592,0.0105473997067433
0.8304900013216627,-0.5869013296594268,-0.287914230628416,0.0160669228632969
0.8276381909604463,-0.5867144925376233,-0.2868708383368933,0.0215936323281766
0.8248019384528871,-0.5864732013396167,-0.2857756285259881,0.0271271272145428
0.8219817201101228,-0.5861775824513765,-0.2846291662056395,0.0326670023300197
0.8191780007885383,-0.585827766350622,-0.283432025540911,0.0382128673750322
0.8163912403344543,-0.5854238881887714,-0.28218479249724,0.0437643341024269
0.8136218891221378,-0.5849660872490319,-0.2808880630699113,0.049321024883867
0.8108703904178145,-0.5844545072102507,-0.2795424443779777,0.0548825677994282
0.8081371827886658,-0.5838892967239042,-0.2781485560850691,0.0604485914125243
0.8054226924502,-0.5832706079126979,-0.2767070266861444,0.0660187400240267
0.8027273368967361,-0.5825985968410212,-0.2752184951844104,0.0715926662089013
0.8000515287144468,-0.5818734245068674,-0.2736836133411309,0.0771700226204186
0.7973956693076331,-0.5810952552825405,-0.2721030423143949,0.082750474673455
0.7947601518173908,-0.5802642575400966,-0.270477454265499,0.0883336942937495
0.7921453602185178,-0.579380603339898,-0.2688075318677757,0.0939193615543993
0.7895516702909328,-0.578444468705637,-0.2670939689632354,0.0995071623392318
0.7869794465106691,-0.5774560324296578,-0.2653374685231457,0.1050967947901874
0.7844290465571196,-0.5764154776462255,-0.2635387456551186,0.1106879593266532
0.7819008163066522,-0.5753229898327173,-0.2616985241905275,0.1162803692679989
0.7793950912026001,-0.5741787570834054,-0.2598175374565314,0.1218737477410182
0.7769121993660092,-0.5729829714443819,-0.2578965306023463,0.12746782048144
0.7744524560004558,-0.5717358262027648,-0.2559362563223091,0.1330623281237826
0.7720161670558029,-0.5704375173783596,-0.2539374775040675,0.138657017842064
0.7696036287074857,-0.5690882433880063,-0.2519009668099309,0.1442516442582979
0.7672151254571059,-0.5676882038082565,-0.2498275049735123,0.1498459736558501
0.764850932919943,-0.5662376007697445,-0.247717883060227,0.1554397773123489
0.7625113142497644,-0.564736636642035,-0.245572899221502,0.1610328397162925
0.7601965211805423,-0.5631855142737233,-0.2433933593242751,0.1666249561007105
0.7579067968729718,-0.5615844386865478,-0.2411800794944279,0.1722159254009838
0.7556423722711425,-0.5599336144429601,-0.2389338825674173,0.1778055588683576
0.7534034662512981,-0.5582332452953076,-0.2366555978876484,0.1833936797521315
0.75119028831946,-0.5564835358972229,-0.2343460638117935,0.1889801165063733
0.749003034843776,-0.5546846885920426,-0.2320061236244253,0.1945647121436826
0.746841892644609,-0.5528369058746699,-0.2296366290136215,0.2001473151449358
0.7447070358905954,-0.5509403874813072,-0.2272384364990152,0.2057277873377961
0.7425986276625071,-0.5489953312237816,-0.2248124087802104,0.2113059999420193
0.7405168208003473,-0.5470019334182207,-0.2223594154708662,0.2168818312728693
0.7384617555589543,-0.5449603862472102,-0.2198803300671378,0.2224551729991295
0.7364335615213307,-0.5428708790507647,-0.2173760318219318,0.2280259251330368
0.7344323565820663,-0.54073359682179,-0.2148474041822451,0.2335939988557038
0.7324582472482871,-0.5385487199209434,-0.212295334754452,0.239159315850241
0.7305113281002598,-0.5363164228393593,-0.2097207141765534,0.2447218100215124
0.7285916848148781,-0.5340368770881627,-0.2071244397424526,0.2502814189921997
0.7266993891963139,-0.5317102448038462,-0.2045074083781504,0.2558380985438657
0.7248345032303879,-0.5293366827208249,-0.2018705215788518,0.2613918112509991
0.7229970761669811,-0.5269163377936995,-0.1992146808827247,0.2669425353697961
0.721187149109756,-0.5244493523783877,-0.1965407939744869,0.2724902513575765
0.7194047495346341,-0.5219358561847794,-0.1938497662755995,0.27803495877144
0.7176498967459997,-0.5193759728229362,-0.1911425084887902,0.2835766599346169
0.7159225963241781,-0.5167698109828064,-0.1884199276537968,0.2891153776854402
0.714222844677265,-0.5141174698782314,-0.1856829334913944,0.2946511416657726
0.7125506289478984,-0.5114190383813355,-0.1829324379162371,0.3001839888102652
0.7109059221087078,-0.5086745858982471,-0.1801693463348929,0.3057139802193668
0.7092886916602643,-0.5058841753396791,-0.1773945714387567,0.3112411728660591
0.7076988914429472,-0.5030478483466557,-0.1746090189368224,0.3167656476360688
0.70613646625592,-0.5001656315266815,-0.1718135946099387,0.322287494634436
0.7046013507366665,-0.4972375330825655,-0.1690092017439293,0.3278068177926303
0.7030934703572822,-0.4942635431266587,-0.166196742253867,0.3333237321788672
0.7016127398917962,-0.4912436289901124,-0.163377113125436,0.3388383705442319
0.7001590654462161,-0.4881777373708699,-0.1605512094395687,0.3443508769795041
0.6987323430155366,-0.4850657894438131,-0.1577199208654144,0.3498614134197079
0.697332460126789,-0.4819076822201621,-0.1548841340616714,0.355370154651418
0.6959592948208951,-0.4787032841156734,-0.1520447298689203,0.3608772935321359
0.694612716732845,-0.4754524349600512,-0.1492025846595686,0.3663830381774484
0.693292584864198,-0.4721549378709775,-0.1463585647050921,0.3718876227503945
0.6919987520459066,-0.4688105672721837,-0.1435135347444144,0.377391290827854
0.6907310611729938,-0.4654190565711708,-0.1406683490295258,0.3828943127855435
0.6894893477638896,-0.4619801012751225,-0.1378238559103897,0.3883969770639935
0.688273437419884,-0.4584933482956561,-0.1349808910100891,0.3938996036247272
0.6870831492930934,-0.4549584014605433,-0.1321402840759136,0.3994025310749585
0.6859182939106068,-0.4513748110366269,-0.1293028528680772,0.4049061290086518
0.6847786754252339,-0.4477420757241261,-0.1264694074382621,0.4104107903748736
0.6836640879195749,-0.4440596256224088,-0.1236407397581453,0.4159169524639776
0.6825743211671516,-0.4403268348980197,-0.1208176368437937,0.4214250724374084
0.681509155386381,-0.436542998198606,-0.1180008662050076,0.4269356569017191
0.6804683657641499,-0.4327073389376584,-0.1151911861345359,0.4324492433500428
0.6794517201183581,-0.4288189936074696,-0.1123893382793362,0.4379664164322858
0.6784589808436728,-0.4248770105300806,-0.1095960514870763,0.4434878024665867
0.6774899026077331,-0.4208803314081925,-0.1068120338742861,0.4490140875134106
0.676544237793402,-0.4168278033221935,-0.1040379868977835,0.4545459922356072
0.6756217326862255,-0.412718152783973,-0.1012745932876136,0.4600842988517402
0.6747221315499782,-0.4085499918122932,-0.0985225278309697,0.4656298330412984
0.6738451746310995,-0.404321797067688,-0.0957824504379396,0.4711834815927958
0.6729906034668302,-0.4000319225326165,-0.09305502187987,0.4767461646257464
0.6721581609617253,-0.3956785891231492,-0.090340904370554,0.4823188382785434
0.6713475963617346,-0.3912599003362414,-0.0876407786718447,0.4879024634495474
0.6705586678246478,-0.3867738496312974,-0.0849553551302574,0.4934979860165724
0.6697911506001732,-0.3822183651435339,-0.082285405771745,0.4991062717167928
0.6690448447868816,-0.3775913650151276,-0.0796317989712396,0.5047280320460189
0.6683195872065885,-0.3728908556608851,-0.076995553579163,0.510363703748318
0.6676152673556566,-0.3681150852577383,-0.0743779152067568,0.5160132721563023
0.6669318488756468,-0.3632627786929142,-0.0717804633951273,0.5216760140607435
0.666269396437992,-0.3583334765635194,-0.0692052537066719,0.527350143354796
0.6656281064668289,-0.3533279947839391,-0.066654993298567,0.5330323524846006
0.6650083416883837,-0.3482490366678246,-0.064133254294333,0.538717227964238
0.6644106547425828,-0.3431018662261738,-0.0616446674040318,0.5443966572269197
0.6638357904271596,-0.3378949448936824,-0.059195045315852,0.5500593393895514
0.6632846424019072,-0.3326402523736513,-0.0567913148884608,0.5556906926263913
0.6627581500612406,-0.3273529932015553,-0.0544411593135859,0.5612734345193313
0.6622571406505078,-0.322050489689963,-0.0521523450512816,0.5667889712170396
0.6617821572672419,-0.3167504270864263,-0.049931877574288,0.5722193359826502
0.6613333301008151,-0.311468959608442,-0.0477852452797645,0.5775490984950976
0.6609103357923154,-0.3062193097771726,-0.0457160021444589,0.5827666112177803
0.6605124437838111,-0.3010111642971633,-0.0437257509996779,0.5878643578919783
0.6601386190509594,-0.2958508321169338,-0.0418144395365484,0.5928385265211527
0.6597876355724714,-0.2907418062103731,-0.0399807758013521,0.5976882257926158
0.6594581768112803,-0.2856854828259468,-0.0382226469664582,0.6024146135363158
0.6591489086087143,-0.2806817995817074,-0.0365374530570017,0.6070201681786935
0.6588585277573242,-0.2757297545989201,-0.0349223535742105,0.6115081259028396
0.6585857900024852,-0.2708277765622528,-0.0333744299827539,0.6158820958460789
0.6583295247268982,-0.2659739887073753,-0.0318907904873256,0.6201457994775759
0.6580886393753174,-0.2611663611537617,-0.030468624850006,0.624302927554886
0.6578621207788808,-0.2564028454699365,-0.0291052445674875,0.6283570240587387
0.657649031122302,-0.2516814236224806,-0.0277980919104356,0.6323114514758342
0.6574485031402979,-0.2470001414511986,-0.0265447423690243,0.6361693718696259
0.6572597352829762,-0.2423571379169587,-0.0253429045445052,0.6399337332581672
0.6570819864355089,-0.2377506570303559,-0.0241904146610196,0.6436072713021717
0.6569145701132532,-0.2331790336225205,-0.0230852247208314,0.6471925316286762
0.6567568501164118,-0.2286407026958765,-0.022025397232445,0.6506918724302223
0.6566082364488276,-0.2241342064941108,-0.0210090993901121,0.6541074690241877
0.6564681804248151,-0.2196581640036455,-0.0200345893012037,0.6574413462736056
0.6563361715218266,-0.2152112781116222,-0.0191002117689779,0.6606953809356285
0.656211734036813,-0.2107923270283516,-0.0182043909319566,0.6638713154657604
0.656094424223555,-0.2064001607010112,-0.0173456245377333,0.6669707673912278
0.6559838274013701,-0.2020336850373396,-0.016522476382573,0.6699952465368637
0.6558795559914564,-0.1976918713448588,-0.0157335741365849,0.6729461538472183
0.6557812469789828,-0.1933737347467914,-0.0149776016668586,0.6758248012544384
0.6556885604119301,-0.189078346506387,-0.0142532980107334,0.6786324077715287
0.6556011773355274,-0.1848048150164825,-0.013559451051982,0.6813701162904775
0.6555187984651233,-0.1805522922588707,-0.0128948959632269,0.6840389929673727
0.6554411425700595,-0.176319959961779,-0.0122585105508553,0.6866400393616551
0.655367945469482,-0.1721070409266636,-0.0116492147730094,0.6891741884345826
0.6552989585772235,-0.1679127804390718,-0.011065965901202,0.6916423187718421
0.6552339481123975,-0.1637364594028197,-0.0105077585507344,0.6940452492414995
0.6551726938640821,-0.1595773759094197,-0.0099736204021824,0.6963837521700308
0.6551149885970765,-0.1554348623888862,-0.0094626128748253,0.6986585457162706
0.6550606369911763,-0.1513082678340458,-0.0089738273018984,0.7008703060464554
0.6550094549511821,-0.1471969593307159,-0.0085063838447767,0.7030196681054259
0.6549612689621351,-0.1431003238772202,-0.008059430442595,0.7051072263310392
0.6549159155469311,-0.1390177761254361,-0.0076321423689424,0.7071335325861237
0.6548732404645112,-0.1349487391922077,-0.0072237189964136,0.7090991075148287
0.654833098364697,-0.1308926615613154,-0.0068333844948654,0.7110044336372215
0.6547953520961605,-0.1268489983019669,-0.0064603849311939,0.7128499658252759
0.6547598723988518,-0.1228172261039752,-0.006103988776795,0.7146361255049489
0.6547265373904413,-0.1187968349114085,-0.0057634851619335,0.7163633059494542
0.6546952322150049,-0.1147873337785752,-0.0054381834796812,0.7180318710671024
0.6546658485809499,-0.1107882397707038,-0.0051274116085521,0.7196421613673687
0.654638284508638,-0.1067990900339805,-0.0048305160733477,0.7211944901617932
0.654612443903373,-0.10281942746788,-0.0045468601542767,0.7226891504744716
0.6545882363955833,-0.0988488220871802,-0.0042758246693759,0.7241264081052696
0.654565576899204,-0.0948868468216566,-0.0040168054867911,0.7255065119949934
0.6545443854300624,-0.0909330893281544,-0.0037692136815645,0.7268296908016729
0.6545245868769135,-0.0869871558939609,-0.0035324750450982,0.7280961529255314
0.6545061107495239,-0.0830486682229755,-0.0033060291575462,0.7293060889922925
0.6544888908907953,-0.0791172464070389,-0.0030893277860298,0.7304596780294285
0.6544728654083221,-0.0751925363061073,-0.0028818358261184,0.7315570801181764
0.6544579764106676,-0.0712741931259439,-0.0026830297137252,0.7325984426507809
0.6544441698508263,-0.0673618843643036,-0.0024923969914227,0.7335839004780389
0.654431395383685,-0.063455295010845,-0.002309435952675,0.7345135757773898
0.6544196061633549,-0.0595541107433002,-0.002133654271352,0.7353875831282328
0.6544087587797589,-0.0556580402213437,-0.0019645694788453,0.7362060252351401
0.6543988130730234,-0.0517667961922637,-0.0018017075395018,0.7369689983017136
0.6543897320499756,-0.0478801065109381,-0.0016446027998954,0.7376765905751853
0.6543814817495351,-0.0439977026942682,-0.0014927969869437,0.7383288854263138
0.654374031174501,-0.0401193324649828,-0.0013458391961358,0.7389259599308666
0.6543673521771272,-0.0362447483764899,-0.0012032849301107,0.7394678876764257
0.6543614193864552,-0.0323737108412862,-0.0010646957278809,0.7399547388868142
0.6543562101391426,-0.0285059911686992,-0.0009296387788718,0.7403865807885928
0.6543517043980264,-0.024641359923352,-0.0007976860328488,0.7407634795493092
0.65434788471314,-0.0207796013709666,-0.0006684142289136,0.7410854992229117
0.6543447361551206,-0.0169205025209202,-0.000541404043318,0.7413527034842482
0.6543422462708272,-0.0130638506651109,-0.0004162395546243,0.7415651560094281
0.6543404050496013,-0.0092094373509749,-0.0002925079191708,0.7417229204119791
0.6543392048908238,-0.0053570613656754,-0.0001697990078766,0.7418260605182758
0.6543386405729343,-0.0015065153866842,-4.77045288261e-05,0.7418746409689725
0.6543385921385935,3.1181865466425867e-11,-1.0747994420195249e-11,0.7418788130384214
