3.04316749804974
0.7908083602667881,-4.169671792631149e-28,-1.556059400079418e-14,0.40750914789985
0.7908107539571477,0.0014339710313562,0.0013604643354151,0.4074980621356817
0.7908282846648719,0.004136987965671,0.0039246729785501,0.407416878751384
0.790862842399352,0.0068405282063183,0.0064886529191438,0.4072568733419751
0.7909144623070936,0.0095451119389388,0.0090524237200777,0.4070179397714766
0.7909831944517074,0.0122510827986867,0.0116158373196107,0.4066999308919571
0.7910691043178857,0.0149587784976176,0.0141787399440083,0.4063026564121499
0.7911722725053507,0.0176685240760994,0.0167409657766108,0.4058258845736283
0.7912927946382704,0.0203806342939064,0.0193023393132093,0.4052693428840813
0.7914307808777323,0.0230954063023101,0.0218626685648746,0.4046327207336933
0.7915863556379532,0.0258131197447841,0.0244217453374403,0.4039156711114801
0.7917596571769029,0.0285340344105663,0.0269793432471612,0.403117812937446
0.7919508367690659,0.0312583829781972,0.0295352111940751,0.4022387353433828
0.7921600580710004,0.0339863693200807,0.032089072161275,0.4012780010746207
0.7923874959950598,0.0367181615734873,0.0346406172047816,0.4002351521477004
0.792633335353713,0.0394538854274203,0.0371894997941761,0.3991097165284208
0.7928977695749595,0.0421936206154979,0.0397353332935575,0.3979012144307441
0.7931809983179073,0.0449373882992566,0.0422776801440331,0.396609169560624
0.793483225178086,0.0476851437120956,0.0448160461900743,0.3952331198085549
0.7938046545814766,0.05043676463118,0.0473498713998662,0.3937726314597453
0.7941454886422512,0.053192043475973,0.0498785242311836,0.3922273133301119
0.7945059222302008,0.0559506688025347,0.0524012865932628,0.3905968387188024
0.794886138253883,0.0587122142471302,0.0549173460905575,0.3888809659668892
0.7952863022531829,0.0614761265570465,0.0574257878267659,0.3870795616683799
0.7957065558152174,0.0642417100689311,0.0599255834265248,0.385192628615299
0.7961470094270751,0.0670081127187556,0.0624155819510972,0.3832203355892599
0.7966077358900244,0.0697743199681509,0.0648945083935683,0.3811630438866424
0.7970887623008115,0.0725391433275416,0.0673609576812603,0.3790213394498604
0.7975900643494789,0.0753012254060369,0.0698134037573541,0.3767960538174156
0.798111559640352,0.0780590400300824,0.0722502043216558,0.3744882886340848
0.7986531037807071,0.080810907454625,0.0746696189006592,0.3720994271251169
0.7992144889918914,0.0835550195902768,0.0770698353048541,0.3696311338883387
0.7997954438440227,0.0862894661362557,0.0794489961812355,0.3670853494095607
0.8003956367347382,0.0890122728918225,0.0818052352871741,0.3644642680413701
0.8010146834168117,0.09172145039393,0.0841367214224855,0.3617702985784309
0.8016521529315822,0.0944150266885072,0.0864416872468697,0.3590060323698299
0.8023075808622773,0.0970911033541445,0.088718476651003,0.3561741804310431
0.8029804795386736,0.0997478889555184,0.0909655711937175,0.3532775249893993
0.8036703492550271,0.1023837298266423,0.0931816130454724,0.3503188678070726
0.8043766901270069,0.1049971371563711,0.0953654236766217,0.3473009770393433
0.8050990104168314,0.107586796213634,0.0975160067091426,0.3442265504516736
0.8058368365611112,0.1101515791846399,0.0996325532661847,0.3410981724562163
0.8065897161331234,0.1126905316460572,0.1017144252185322,0.3379183021229255
0.8073572243444878,0.1152028721146469,0.1037611493611742,0.3346892468110842
0.8081389659139311,0.1176879764945495,0.1057723993404947,0.3314131559873384
0.8089345741664262,0.1201453560189221,0.1077479728139925,0.328092026910134
0.8097437129480399,0.1225746465367136,0.109687778323849,0.3247276986586063
0.810566074569528,0.1249755875316437,0.1115918143950147,0.3213218628580857
0.8114013775587459,0.1273480034258727,0.1134601511179903,0.3178760750624139
0.812249366998781,0.1296917944195495,0.1152929197942347,0.3143917553662044
0.8131098100938187,0.1320069156677077,0.1170902938835868,0.3108702085806306
0.8139824944855256,0.1342933664033515,0.1188524783118948,0.3073126328129606
0.8148672255799563,0.1365511779200796,0.1205796983042293,0.3037201319096431
0.8157638259314322,0.1387804081549762,0.122272193648196,0.3000937193481662
0.816672132735093,0.1409811323313146,0.123930210212479,0.29643432967764
0.817591994206838,0.1431534321967418,0.1255539907705483,0.2927428341757995
0.8185232712122792,0.1452973986310083,0.1271437761045936,0.2890200352199217
0.8194658325439989,0.1474131196670544,0.1286997953539493,0.2852666860472935
0.820419555365767,0.1495006813166794,0.1302222661198748,0.2814834896141056
0.8213843238806565,0.1515601644628839,0.131711391729842,0.277671104492765
0.8223600271810086,0.1535916404517093,0.1331673577091268,0.2738301538533897
0.8233465594750358,0.1555951720434179,0.1345903322295269,0.2699612249406494
0.8243438189046196,0.1575708114437402,0.135980464494736,0.2660648740561429
0.825351706118573,0.1595185981257889,0.1373378830752049,0.2621416323774206
0.8263701235468192,0.1614385582615705,0.1386626954543339,0.2581920089315804
0.8273989758631292,0.1633307064009383,0.1399549891441287,0.2542164889152556
0.8284381672610526,0.1651950412696993,0.1412148287932478,0.2502155442929539
0.8294876035840041,0.167031550576253,0.1424422594837884,0.2461896255725697
0.8305471898651476,0.1688402074130562,0.1436373043090987,0.242139171265637
0.8316168309697984,0.1706209722920763,0.1447999657884633,0.2380646053423338
0.832696429294457,0.1723737901973332,0.1459302240106037,0.233966345886051
0.8337858874079217,0.1740985958266848,0.1470280401190864,0.2298447948974027
0.8348851050819878,0.1757953095535807,0.148093353764435,0.2257003494149415
0.8359939795218464,0.1774638387589804,0.1491260840820019,0.2215334003989745
0.8371124052612283,0.1791040785307969,0.1501261302384366,0.2173443328833742
0.8382402741371984,0.1807159124145851,0.1510933719901632,0.2131335258187721
0.8393774752350015,0.1822992130499687,0.1520276701504335,0.2089013520204934
0.84052389332357,0.1838538407264077,0.1529288658401515,0.2046481836980054
0.8416794091998414,0.1853796446897471,0.1537967814016631,0.2003743908231322
0.8428439004830326,0.1868764648716598,0.1546312214858183,0.1960803378625799
0.8440172387472499,0.1883441288705602,0.155431971476774,0.1917663940008162
0.8451992923323636,0.1897824562706929,0.1561988000272127,0.1874329223877523
0.8463899239737729,0.1911912562810113,0.1569314578633562,0.1830802884751086
0.847588991181628,0.1925703289093305,0.1576296785638773,0.1787088581917422
0.8487963458465811,0.1939194651487527,0.1582931787935891,0.1743189989480884
0.8500118338097766,0.1952384471459003,0.1589216585419207,0.1699110807440468
0.8512352963244222,0.1965270503584804,0.1595148022782073,0.1654854704162422
0.8524665662891687,0.1977850401237835,0.1600722774911878,0.1610425448019424
0.8537054717266613,0.1990121759489665,0.1605937368353919,0.1565826776510369
0.8549518336869867,0.2002082098356103,0.1610788174819209,0.1521062467137388
0.8562054652909589,0.2013728859879693,0.161527141211475,0.1476136366381496
0.8574661731609,0.2025059427559265,0.1619383153821295,0.1431052332927584
0.8587337558080368,0.2036071116730914,0.1623119327321187,0.1385814290005915
0.8600080051524508,0.2046761193215015,0.162647572218259,0.1340426165522208
0.8612887043805586,0.2057126859712098,0.162944798732469,0.1294891962852737
0.8625756278014763,0.2067165260864545,0.1632031635485215,0.1249215759870694
0.8638685429072556,0.2076873504352836,0.1634222050930562,0.1203401629880864
0.865167207068436,0.2086248640036875,0.1636014486317314,0.1157453752849481
0.8664713694347406,0.2095287679760215,0.1637404070110419,0.1111376341748629
0.8677807693210858,0.2103987590613047,0.1638385807942461,0.106517369336598
0.8690951383003602,0.2112345313622092,0.1638954587668974,0.1018850108055447
0.870414196672601,0.2120357745120767,0.1639105180309709,0.0972410007795334
0.8717376557259318,0.212802175648435,0.1638832245260363,0.0925857849786286
0.8730652198169653,0.2135334208677525,0.163813033092959,0.0879198046774948
0.874396581471703,0.2142291927438476,0.1636993878023913,0.083243513257219
0.8757314212358793,0.2148891709215572,0.1635417225637456,0.0785573760096877
0.8770694086902237,0.2155130332263633,0.1633394615407639,0.0738618658556647
0.878410202850357,0.2161004563071485,0.163092019461163,0.069157461226647
0.8797534511696397,0.216651115625138,0.1627988021439998,0.0644446488402449
0.8810987894882188,0.217164685926964,0.1624592069456286,0.0597239231457497
0.882445843064953,0.2176408420625517,0.162072622861128,0.0549957819613805
0.8837942241306773,0.2180792585152955,0.1616384315644492,0.0502607343100785
0.8851435345302067,0.2184796107566557,0.1611560070312079,0.0455192903844192
0.8864933630638526,0.2188415747750937,0.1606247167555366,0.0407719701103033
0.8878432861871829,0.2191648277888433,0.1600439220150607,0.0360192999164868
0.8891928680881716,0.219449048690548,0.1594129782706439,0.0312618116774396
0.8905416597402639,0.219693918282325,0.1587312360704515,0.026500045259653
0.891889198273765,0.2198991196970438,0.1579980419813353,0.0217345499623959
0.8932350089258108,0.2200643391894966,0.1572127381114797,0.0169658768340808
0.8945786009242436,0.220189266088408,0.1563746650728578,0.0121945924609067
0.8959194704679602,0.2202735938113801,0.1554831610899226,0.0074212676608206
0.8972570975415202,0.220317020225985,0.1545375648841112,0.0026464880684048
0.8985909474034885,0.2203192485252342,0.1535372157936673,-0.0021291518357021
0.8999204666716486,0.2202799880761162,0.1524814579730221,-0.0069050353213314
0.901245939661643,0.2201988896310976,0.151368903832386,-0.0116836169799848
0.9025667810239488,0.2200755950045401,0.1501987872020874,-0.0164642941118856
0.9038823254380076,0.2199097613697079,0.1489704037579788,-0.0212462263883643
0.9051918734507998,0.2197010644953722,0.1476830817085993,-0.026028499067736
0.9064946908349736,0.2194492029840726,0.1463361891153207,-0.030810118985814
0.9077900008219408,0.219153904672324,0.1449291500126192,-0.0355899835422539
0.909076983937333,0.2188149328992203,0.1434614550026306,-0.0403668762841004
0.9103547729815747,0.2184320948565333,0.1419326789921249,-0.0451394432931213
0.9116224492109002,0.2180052512392794,0.1403425004918989,-0.0499061721719496
0.9128790385626566,0.2175343275398241,0.1386907239626894,-0.0546653690661
0.9141235086847652,0.2170193268670147,0.1369773045776766,-0.0594151362212163
0.915354767030114,0.2164603441990931,0.1352023751808649,-0.0641533507726323
0.916571658293063,0.2158575829340568,0.1333662781683254,-0.0688776377699465
0.9177729676421644,0.2152113706298656,0.1314695928088412,-0.0735853621027978
0.9189574243485455,0.2145221757607869,0.1295131648542793,-0.078273618780445
0.9201237085756196,0.2137906238145517,0.1274981338114846,-0.0829392323482184
0.9212704660096528,0.2130175086773941,0.1254259479426421,-0.0875787850201599
0.9223963221263356,0.2122038029192813,0.1232983785367467,-0.0921886421462138
0.923499906843789,0.2113506584286301,0.12111751167871,-0.09676501997391
0.9245798762228667,0.2104594047808922,0.1188857386636217,-0.1013040437339319
0.925634943141326,0.2095315350532884,0.1166057193511065,-0.1058018472384881
0.9266639038441584,0.2085686875122818,0.1142803410492522,-0.1102546622957395
0.9276656657794832,0.2075726181856619,0.1119126604321237,-0.1146589222393867
0.9286392687816816,0.2065451712020355,0.1095058450826731,-0.1190113468631179
0.9295839040384988,0.2054882433238868,0.107063105290851,-0.1233090283121028
0.9304989222836684,0.2044037527851334,0.1045876388902198,-0.1275494792805151
0.9313838369432792,0.2032936088786902,0.1020825792241743,-0.1317306667647221
0.932238322412609,0.2021596836089605,0.0995509484002263,-0.1358510307519626
0.9330622040892051,0.2010037920205001,0.0969956296612186,-0.1399094690960255
0.9338554453333944,0.1998276773297527,0.0944193490449475,-0.1439053095773151
0.9346181337184756,0.1986329987745786,0.0918246613675371,-0.1478382789612881
0.9353504647958448,0.1974213257929013,0.0892139482359607,-0.1517084584976241
0.9360527252658114,0.1961941370576008,0.0865894245605633,-0.1555162331442555
0.936725278687398,0.1949528194673798,0.0839531430891319,-0.1592622502512447
0.937368550401372,0.1936986727277071,0.081307009218495,-0.162947369513053
0.9379830166458726,0.1924329103655408,0.0786527867650161,-0.1665726314808489
0.938569192420327,0.1911566669213405,0.0759921155855722,-0.1701392144033804
0.9391276229119956,0.1898710017693717,0.0733265210383769,-0.1736484069040464
0.939658876026655,0.1885769034614118,0.0706574237965234,-0.1771015835326132
0.9401635348975644,0.187275297234762,0.0679861555414714,-0.1805001757992106
0.9406421936109324,0.1859670473938875,0.0653139635604822,-0.1838456601764029
0.9410954524887812,0.184652962689242,0.0626420211843918,-0.1871395404036594
0.941523914509792,0.1833338007379613,0.0599714359523306,-0.1903833344090403
0.9419281826616668,0.1820102713765405,0.057303255406542,-0.1935785654117744
0.9423088576657982,0.180683040186147,0.0546384731095358,-0.1967267536966161
0.9426665360523256,0.1793527321650028,0.0519780348523128,-0.1998294089819956
0.9430018089135344,0.1780199340905958,0.0493228421711106,-0.2028880265756059
0.9433152608846516,0.1766851967262407,0.0466737555447298,-0.2059040842718393
0.9436074691280436,0.1753490377691631,0.0440315990586439,-0.2088790379062974
0.9438790027092776,0.1740119438923709,0.0413971632629266,-0.2118143192662646
0.944130421985142,0.1726743733561013,0.0387712091646646,-0.2147113329288322
0.944362278490846,0.171336756556173,0.0361544681860968,-0.2175714576975398
0.9445751145957224,0.1699994979057418,0.0335476447964347,-0.2203960450954829
0.9447694632893888,0.1686629774062454,0.0309514185614937,-0.2231864185746642
0.94494584791836,0.167327553075428,0.028366447879972,-0.2259438709749875
0.9451047823879288,0.165993560329682,0.0257933678473459,-0.2286696682833819
0.9452467709270173,0.1646613145932997,0.023232794423768,-0.2313650466147385
0.9453723081893796,0.1633311116263359,0.0206853242170263,-0.2340312138688109
0.9454818792640804,0.1620032285761585,0.0181515357102908,-0.2366693498090412
0.9455759596717184,0.1606779255631346,0.0156319915360828,-0.2392806050373754
0.9456550155530355,0.1593554447713987,0.0131272360396281,-0.2418661048216877
0.945719503541524,0.158036014347915,0.0106378020062324,-0.2444269434010225
0.9457698710351392,0.1567198465106763,0.0081642064232436,-0.2469641896028956
0.945806556245152,0.1554071382639454,0.0057069512592144,-0.2494788872007253
0.9458299882331151,0.1540980737293406,0.003266527279815,-0.2519720521483241
0.9458405870598436,0.1527928240048562,0.0008434132355693,-0.2544446745288359
0.9458387638919872,0.1514915471521232,-0.0015619246518635,-0.256897720146893
0.945824918625089,0.1501942271019366,-0.003949328909392,-0.2593324337070754
0.9457994184283068,0.1489000801423345,-0.0063200290434314,-0.2617514417983382
0.9457626205955808,0.1476092369945597,-0.0086735490919402,-0.2641556040844285
0.9457148759552462,0.1463218255257042,-0.0110094074643876,-0.266545747870361
0.9456565288236488,0.1450379631486777,-0.0133271312084223,-0.2689226832939963
0.9455879171187828,0.1437577590261964,-0.0156262522717519,-0.2712872001206876
0.9455093723984226,0.1424813137041538,-0.0179063084318336,-0.2736400692864472
0.9454212198761428,0.1412087188853038,-0.0201668439226228,-0.2759820441305916
0.9453237785754576,0.1399400591969252,-0.0224074065017392,-0.278313857926485
0.9452173612916672,0.1386754110026496,-0.0246275497681548,-0.2806362268244202
0.9451022747092496,0.1374148435228768,-0.0268268313577842,-0.2829498485133895
0.9449788195042288,0.1361584194311826,-0.0290048120858374,-0.2852554018216219
0.9448472903091804,0.1349061940498505,-0.0311610575048409,-0.2875535488575679
0.9447079758193244,0.1336582161303638,-0.0332951366758694,-0.2898449342153774
0.9445611588997652,0.1324145284482712,-0.0354066212791702,-0.2921301844949882
0.9444071165938834,0.1311751675026121,-0.0374950862442377,-0.2944099094405287
0.9442461202549164,0.1299401642732322,-0.0395601085673107,-0.2966847011103359
0.9440784355993,0.1287095442628699,-0.0416012673428038,-0.2989551343351252
0.9439043226291034,0.1274833266665238,-0.0436181452019012,-0.3012217687693673
0.9437240359556128,0.1262615264252716,-0.0456103249706666,-0.3034851455958973
0.9435378247543662,0.1250441535032834,-0.0475773909456514,-0.3057457893253866
0.9433459327498096,0.1238312125264694,-0.049518929507043,-0.3080042089216034
0.9431485983774408,0.1226227035783584,-0.0514345278472379,-0.3102608967594009
0.94294605488217,0.1214186224973469,-0.0533237735270388,-0.3125163284782306
0.9427385303565888,0.1202189608005274,-0.055186254614657,-0.3147709635124214
0.9425262478627704,0.1190237060999034,-0.0570215590428345,-0.3170252446791466
0.9423094253442428,0.1178328413318371,-0.058829275777815,-0.3192795999860042
0.9420882758855657,0.1166463459474896,-0.0606089929595337,-0.3215344407248638
0.9418630078449316,0.1154641962928119,-0.062360297341518,-0.3237901610494882
0.941633824688788,0.1142863644379631,-0.0640827760084947,-0.3260471404971599
0.9414009252239364,0.1131128191366584,-0.0657760148864994,-0.3283057424460576
0.9411645037159718,0.1119435261226417,-0.0674395982805203,-0.3305663137965266
0.9409247498929292,0.1107784478282729,-0.0690731092347074,-0.332829185747486
0.9406818491429954,0.1096175440565933,-0.0706761285332532,-0.3350946727089949
0.9404359824133608,0.1084607711983574,-0.0722482357321967,-0.3373630740233417
0.94018732648229,0.1073080832402675,-0.0737890076969787,-0.339634672178327
0.9399360540193163,0.1061594317268325,-0.0752980186220674,-0.3419097330250841
0.9396823335045028,0.1050147650983624,-0.0767748408302324,-0.3441885072277594
0.9394263295405358,0.1038740298197547,-0.0782190432167903,-0.3464712281462393
0.9391682028476948,0.102737170040378,-0.0796301916495975,-0.3487581125961256
0.938908110402078,0.1016041279010825,-0.0810078485296463,-0.3510493603017811
0.9386462054965522,0.1004748434921607,-0.082351572799316,-0.3533451540249803
0.9383826378610568,0.0993492550682359,-0.0836609196399228,-0.3556456591531159
0.9381175537323422,0.0982272990398835,-0.0849354404466851,-0.3579510237164602
0.9378510959701146,0.0971089101614739,-0.0861746825812716,-0.3602613779823182
0.9375834042616548,0.0959940220786846,-0.0873781887677853,-0.3625768332702861
0.9373146151267544,0.0948825670321864,-0.0885454974557241,-0.3648974824798281
0.9370448620077072,0.0937744759259652,-0.0896761427647753,-0.3672233998521996
0.9367742754733512,0.0926696788597544,-0.0907696539898491,-0.3695546397279675
0.9365029833114068,0.0915681051943349,-0.0918255556484146,-0.3718912362446877
0.9362311106876808,0.0904696838898661,-0.092843367299083,-0.3742332024289926
0.9359587801370038,0.0893743431654992,-0.0938226040312875,-0.3765805307074758
0.9356861118872872,0.0882820115057976,-0.0947627757628064,-0.3789331905150077
0.935413223852921,0.0871926173337488,-0.0956633878344074,-0.3812911287155791
0.9351402317772016,0.0861060892923185,-0.0965239410863209,-0.3836542687029001
0.9348672494391,0.0850223567851916,-0.0973439318230842,-0.3860225089022172
0.9345943889190346,0.0839413507544938,-0.0981228517536306,-0.3883957207062063
0.9343217604118876,0.0828630026750542,-0.0988601893210964,-0.3907737502980559
0.934049472650672,0.0817872459831916,-0.0995554293165775,-0.3931564151240261
0.933777633071794,0.0807140164915097,-0.1002080534501323,-0.3955435025411016
0.933506347919486,0.0796432525826971,-0.1008175411867262,-0.397934768939554
0.933235722358653,0.078574895458464,-0.1013833706515438,-0.4003299387394828
0.9329658607357744,0.0775088899969762,-0.1019050193643398,-0.402728702015921
0.9326968667784192,0.0764451853971925,-0.1023819653342518,-0.4051307125841448
0.9324288436361295,0.0753837352292342,-0.1028136886118802,-0.4075355874325547
0.932161894249346,0.0743244988202514,-0.1031996724684164,-0.4099429031515363
0.9318961213768951,0.0732674413332843,-0.103539405398887,-0.4123521953371969
0.9316316278958646,0.0722125349751227,-0.1038323829423265,-0.4147629554707042
0.9313685168903572,0.0711597594220335,-0.1040781100741062,-0.4171746296238351
0.9311068917877652,0.0701091024924847,-0.1042761037655047,-0.4195866166743617
0.9308468566274526,0.0690605614198777,-0.1044258957493736,-0.4219982652269532
0.930588516093806,0.0680141432553583,-0.104527035798836,-0.4244088726335989
0.9303319756510626,0.0669698657557577,-0.1045790952063731,-0.426817683031573
0.9300773416216724,0.0659277581279277,-0.1045816706086563,-0.429223885862989
0.929824721156707,0.0648878614163993,-0.104534388094712,-0.4316266153960384
0.9295742203148972,0.0638502211105505,-0.104436906593903,-0.4340249684344525
0.9293259479075912,0.0628149036374401,-0.1042889231601047,-0.4364179670302662
0.9290800136221986,0.0617819894845741,-0.1040901781056357,-0.438804575443666
0.9288365277378544,0.0607515728786078,-0.1038404599287383,-0.4411837022496975
0.9285956006758652,0.0597237608102596,-0.1035396099747218,-0.4435542042376413
0.9283573429606284,0.0586986738464673,-0.1031875274729238,-0.4459148864750641
0.9281218648957232,0.0576764458005447,-0.1027841743287587,-0.4482645053143134
0.927889275528574,0.0566572203065305,-0.1023295783170038,-0.4506017787942155
0.9276596829362588,0.0556411531114089,-0.1018238381392753,-0.4529253841643162
0.9274331930219376,0.0546284078445558,-0.1012671253378421,-0.4552339706307418
0.9272099089354904,0.053619154377443,-0.100659686387609,-0.4575261663119678
0.9269899309101832,0.0526135689896756,-0.1000018453424586,-0.4598005812590248
0.9267733552208808,0.0516118304542593,-0.0992940033597902,-0.4620558198572502
0.9265602732806406,0.0506141164722023,-0.0985366370635417,-0.4642904923642157
0.9263507714896329,0.0496206033880745,-0.0977302983120606,-0.4665032190058227
0.926144930449852,0.0486314627634315,-0.0968756108492685,-0.4686926410326698
0.925942824624789,0.0476468597911136,-0.0959732673814762,-0.4708574274588163
0.9257445219178572,0.0466669510968024,-0.0950240253199159,-0.47299628293373
0.9255500827044648,0.0456918795047502,-0.094028698441277,-0.475107961843464
0.9253595607316428,0.0447217778125256,-0.0929881566188617,-0.4771912624223128
0.9251730020388268,0.0437567625090974,-0.0919033149902842,-0.4792450423721446
0.9249904459300304,0.0427969376562925,-0.0907751332464363,-0.4812682121818861
0.9248119239401056,0.0418423882494404,-0.0896046028285563,-0.4832597504812645
0.9246374612253808,0.0408931860936213,-0.088392748317206,-0.4852186925312254
0.924467075619536,0.0399493831739969,-0.0871406136438774,-0.4871441445537477
0.9243007789039148,0.0390110168121379,-0.0858492628128865,-0.4890352731683572
0.924138577025772,0.0380781092272273,-0.0845197740581913,-0.4908913063071434
0.9239804700346956,0.0371506653090297,-0.0831532312221273,-0.4927115372306413
0.92382645344728,0.0362286786913253,-0.0817507273796691,-0.4944953119058173
0.9236765172606536,0.03531212402041,-0.0803133482977786,-0.4962420432131009
0.9235306483011724,0.0344009692238014,-0.0788421865783703,-0.4979511862795659
0.9233888290545356,0.0334951666783231,-0.0773383237955028,-0.4996222543595482
0.923251038855036,0.0325946587162632,-0.0758028350962597,-0.5012548070653312
0.923117254412806,0.031699379419152,-0.0742367888432704,-0.5028484459517744
0.9229874495907758,0.0308092514595197,-0.0726412378602946,-0.5044028188254106
0.922861596557812,0.0299241922504817,-0.0710172272704929,-0.5059176074470001
0.9227396654602932,0.0290441102378372,-0.0693657853190241,-0.5073925326975625
0.9226216252051692,0.0281689089406677,-0.0676879284070858,-0.5088273462452059
0.9225074435378798,0.0272984862363573,-0.0659846578327042,-0.5102218304967591
0.9223970872635968,0.0264327346740014,-0.0642569585439196,-0.5115757966953399
0.9222905226209066,0.0255715431108343,-0.0625058007972049,-0.5128890809983351
0.9221877154995785,0.0247147973574722,-0.0607321402229643,-0.5141615423101803
0.9220886314583078,0.0238623792230713,-0.0589369147292747,-0.5153930624863474
0.9219932361959022,0.023014169489419,-0.0571210497795754,-0.5165835408137728
0.9219014954054792,0.0221700457638578,-0.0552854531509557,-0.5177328960523319
0.9218133751966544,0.0213298854013303,-0.0534310206113993,-0.5188410613247108
0.9217288418304664,0.0204935621965884,-0.0515586281957848,-0.5199079875430882
0.9216478623603984,0.0196609518156845,-0.0496691439007969,-0.5209336353807892
0.921570403986606,0.0188319245580217,-0.0477634111195094,-0.5219179834293071
0.921496435088338,0.018006355393361,-0.0458422713236908,-0.5228610150647316
0.9214259244515394,0.0171841152587081,-0.0439065441172149,-0.5237627281593096
0.9213588418376608,0.0163650766496568,-0.041957040129084,-0.5246231277313953
0.9212951578457442,0.0155491116573097,-0.0399945565725728,-0.5254422275543642
0.9212348439278536,0.014736091534604,-0.0380198762777744,-0.5262200498050227
0.9211778725897736,0.0139258888599477,-0.0360337731083682,-0.52695662230045
0.921124217211336,0.0131183746196226,-0.0340370050835711,-0.5276519806249012
0.9210738523438364,0.0123134220783379,-0.0320303241576541,-0.5283061640808208
0.9210267535879936,0.0115109048836187,-0.0300144719526533,-0.5289192170513671
0.9209828975035272,0.01071069497455,-0.0279901747904598,-0.5294911899705969
0.9209422618731372,0.0099126667725955,-0.0259581545935584,-0.5300221356714981
0.9209048254514084,0.0091166921593233,-0.0239191165489331,-0.5305121124456121
0.920870568346126,0.0083226480070941,-0.0218737687637198,-0.530961178842148
0.9208394716154,0.0075304074496157,-0.0198228003570611,-0.531369398728127
0.920811517595822,0.0067398469848681,-0.0177669001608289,-0.5317368367837799
0.9207866896999948,0.0059508412791464,-0.015706743759596,-0.5320635609576132
0.9207649725270386,0.0051632655131185,-0.0136430000129607,-0.5323496408225098
0.920746351941312,0.0043769988599159,-0.0115763407141775,-0.5325951463497219
0.9207308148560496,0.0035919160650225,-0.0095074189946528,-0.5328001505826536
0.920718349446811,0.0028078958475856,-0.0074368918809806,-0.5329647266556478
0.9207089450115132,0.0020248138193229,-0.0053654021534821,-0.533088949481516
0.920702592089017,0.0012425507418847,-0.0032936006758247,-0.5331728940377952
0.920699282344256,0.0004609835672306,-0.0012221232153122,-0.533216636746462
0.9206990086416058,-0.0003200114025123,0.0008484006995276,-0.5332202543782737
0.9207017650307244,-0.0011005530781831,0.0029173328323734,-0.5331838241243172
0.9207075521687926,-0.0018813452266999,0.0049855869175042,-0.5331073518507337
0.9207163739629524,-0.0026625654563943,0.0070526801615701,-0.5329908164896373
0.9207282353745856,-0.0034443336646102,0.0091179745638128,-0.5328341991090579
0.9207431424905256,-0.0042267689702297,0.0111808273747308,-0.5326374820297551
0.920761102542342,-0.0050099913222612,0.0132405948664943,-0.5324006486385019
0.9207821239207258,-0.0057941216829539,0.0152966323127277,-0.532123683276618
0.9208062161626512,-0.0065792812886724,0.0173482915467594,-0.5318065714973486
0.9208333898159148,-0.0073655880606431,0.019394911157885,-0.5314493019428863
0.9208636566705372,-0.008153164205148,0.0214358358822924,-0.5310518634020661
0.9208970295006133,-0.0089421287887297,0.02347039681954,-0.5306142483143392
0.9209335222018344,-0.0097326021542563,0.0254979225148621,-0.5301364510756962
0.9209731498358572,-0.010524706601698,0.027517740206139,-0.5296184675832097
0.9210159284476982,-0.0113185627494252,0.0295291660905553,-0.5290602977512616
0.921061875112522,-0.0121142911788596,0.0315315092161473,-0.5284619450220083
0.9211110079700564,-0.0129120133110268,0.0335240733249855,-0.5278234160459906
0.921163346194637,-0.0137118510527891,0.0355061555773934,-0.5271447212049243
0.9212189099629084,-0.014513926550385,0.0374770455945276,-0.5264258751616867
0.9212777203849792,-0.0153183615562899,0.0394360236152115,-0.525666897876075
0.9213397994826826,-0.016125277602037,0.0413823607011638,-0.5248678150003377
0.9214051703073022,-0.016934797833634,0.043315322901651,-0.5240286564791762
0.9214738565450804,-0.0177470424611955,0.0452341601644339,-0.5231494617188163
0.921545883049522,-0.0185621356505973,0.0471381225621877,-0.5222302728515825
0.921621275046122,-0.0193801966528753,0.0490264392761665,-0.521271144980136
0.9217000589050242,-0.0202013490451563,0.0508983401263534,-0.5202721363701774
0.921782261583567,-0.0210257148388171,0.0527530417212297,-0.5192333156057912
0.9218679106891756,-0.0218534157657369,0.0545897504987208,-0.5181547607918844
0.9219570341844688,-0.0226845710406224,0.0564076579298448,-0.5170365632376854
0.9220496608919404,-0.023519302676219,0.0582059523585777,-0.5158788210635
0.9221458195776964,-0.0243577276076014,0.059983802079829,-0.5146816505895717
0.9222455396698792,-0.0251999648932792,0.0617403712632248,-0.5134451772021155
0.92234885073861,-0.0260461316514013,0.0634748115374708,-0.5121695416715083
0.9224557823992662,-0.0268963430412017,0.0651862625606016,-0.5108549010890321
0.9225663640121076,-0.0277507107147092,0.066873849670397,-0.5095014322271539
0.9226806252944268,-0.0286093483021676,0.0685366954489753,-0.5081093236719626
0.9227985948575356,-0.0294723610703675,0.0701739003503848,-0.5066787932324052
0.922920301436456,-0.0303398561261908,0.0717845635999612,-0.5052100723863329
0.9230457727715272,-0.0312119350025288,0.0733677700713369,-0.503703419241016
0.923175035406786,-0.0320886934707379,0.0749225917266708,-0.5021591201230013
0.92330811517977,-0.0329702259138202,0.0764480969997259,-0.5005774828436338
0.923445035916747,-0.0338566176304235,0.0779433390278094,-0.4989588512548786
0.9235858202364672,-0.0347479513611351,0.0794073690333338,-0.4973035945295829
0.9237304882115528,-0.0356442998499292,0.0808392260565987,-0.4956121216729528
0.923879057554687,-0.0365457284848321,0.0822379441968379,-0.4938848777716682
0.9240315435391188,-0.0374522960477326,0.0836025564212651,-0.492122343314175
0.924187957849258,-0.0383640491930958,0.0849320892384226,-0.4903250456758784
0.924348309000672,-0.0392810264288469,0.0862255721903914,-0.4884935521989175
0.924512601221986,-0.0402032530805902,0.0874820342119989,-0.4866284807902836
0.9246808343707348,-0.0411307424187942,0.0887005094565636,-0.484730498363642
0.92485300378708,-0.0420634962979607,0.0898800422464168,-0.482800319881546
0.9250290992919192,-0.0430015011728464,0.0910196863672743,-0.4808387167851319
0.9252091047963248,-0.0439447276339631,0.0921185095871678,-0.4788465182040286
0.9253929983931596,-0.0448931323930741,0.0931756009998448,-0.4768246066740279
0.9255807520063484,-0.0458466577918226,0.0941900751823966,-0.47477391868271
0.9257723305794584,-0.0468052289989201,0.09516107417961,-0.4726954500288536
0.9259676921964944,-0.0477687559362312,0.0960877747148061,-0.4705902508125929
0.9261667878126127,-0.0487371330733287,0.0969693928407759,-0.4684594246521115
0.9263695617154796,-0.0497102426340002,0.097805191386207,-0.466304120072088
0.9265759504309096,-0.0506879501423324,0.09859448028756,-0.4641255385067411
0.926785884086326,-0.0516701116392732,0.0993366266594412,-0.4619249162109856
0.926999286020086,-0.0526565722215305,0.100031056565309,-0.4597035250468909
0.9272160731029012,-0.0536471678359364,0.1006772590852155,-0.4574626658601001
0.927436156562636,-0.0546417291314322,0.1012747908044897,-0.4552036569587625
0.9276594421919316,-0.0556400822443224,0.101823277294224,-0.4529278293403691
0.9278858310459864,-0.0566420516316277,0.1023224151070436,-0.450636517195045
0.9281152201982718,-0.0576474629361246,0.1027719727117884,-0.4483310482634103
0.9283475032307226,-0.0586561445034325,0.1031717898625613,-0.4460127372929276
0.9285825709149672,-0.0596679296113016,0.1035217765639376,-0.4436828779492243
0.9288203120036428,-0.0606826590395771,0.1038219113057462,-0.4413427340620738
0.9290606138448214,-0.0617001827713173,0.1040722382138938,-0.438993533041715
0.9293033625819348,-0.062720359897278,0.1042728632960756,-0.4366364636660309
0.9295484444254786,-0.0637430630077163,0.1044239512061036,-0.4342726637473877
0.9297957452980968,-0.0647681757224675,0.1045257201782948,-0.4319032239130385
0.9300451515781184,-0.0657955948788784,0.1045784378065938,-0.4295291809004289
0.9302965504800124,-0.0668252312100394,0.1045824162461193,-0.4271515146135813
0.9305498300340288,-0.0678570084356578,0.1045380073788906,-0.4247711491150879
0.930804881419362,-0.0688908719659262,0.104445597223769,-0.4223889317250388
0.931061594932736,-0.06992677181898,0.1043056021238961,-0.4200056718304357
0.9313198619545476,-0.0709646701150879,0.1041184647268756,-0.4176221231530985
0.9315795750443924,-0.0720045409590953,0.1038846498897592,-0.415238983795064
0.9318406277649554,-0.0730463693108965,0.1036046410216131,-0.412856898772524
0.9321029146766536,-0.074090150621927,0.1032789365828566,-0.4104764609295029
0.9323663310942346,-0.0751358895968073,0.1029080471234925,-0.4080982139664686
0.9326307730257384,-0.0761835997538416,0.1024924924177484,-0.4057226537345411
0.932896137072985,-0.0772333028943737,0.1020327988615054,-0.4033502298210413
0.9331623200235752,-0.078285027412684,0.1015294976882947,-0.4009813498079795
0.9334292189248145,-0.0793388085671758,0.1009831226406773,-0.3986163791302554
0.93369673076183,-0.0803946872331729,0.1003942085485076,-0.3962556443943675
0.9339647522270816,-0.0814527090607443,0.0997632900416809,-0.3938994357811362
0.93423317967834,-0.0825129244129318,0.099090900028276,-0.3915480077118664
0.9345019087820976,-0.0835753870939566,0.0983775690974641,-0.3892015822046691
0.934770834488832,-0.0846401544151874,0.097623824302675,-0.3868603492423306
0.9350398508184372,-0.0857072865357433,0.0968301885446026,-0.3845244687395929
0.9353088504980231,-0.0867768452340329,0.0959971806062746,-0.3821940737143464
0.9355777250906184,-0.0878488946424025,0.0951253138630956,-0.3798692691369216
0.9358463646634304,-0.0889235001694211,0.0942150964506968,-0.3775501347227161
0.936114657674947,-0.0900007282999589,0.0932670309037588,-0.3752367257699581
0.9363824908664932,-0.0910806464241262,0.0922816138404533,-0.3729290739129769
0.9366497489078848,-0.092163321677877,0.0912593366585105,-0.3706271899481667
0.9369163146467896,-0.0932488222256191,0.0902006840538852,-0.3683310614182046
0.9371820686351554,-0.0943372156262367,0.0891061353000431,-0.3660406563859045
0.9374468891684512,-0.0954285692725907,0.0879761636651694,-0.3637559227553701
0.937710652055054,-0.0965229497316772,0.0868112369492587,-0.3614767898878444
0.9379732306580224,-0.0976204232070184,0.0856118169034675,-0.3592031678377028
0.9382344956442172,-0.0987210547910963,0.0843783599517307,-0.3569349490873617
0.9384943149089504,-0.0998249084368834,0.083111317207364,-0.3546720087448801
0.938752553494466,-0.1009320469055997,0.0818111345241889,-0.352414204769828
0.9390090733949864,-0.1020425312226942,0.0804782531531822,-0.3501613791726502
0.9392637336841304,-0.1031564215218455,0.0791131087622759,-0.3479133563676489
0.939516390177216,-0.1042737758796069,0.0777161328637961,-0.3456699455850324
0.9397668953623984,-0.1053946502853171,0.0762877529498684,-0.3434309409309387
0.940015098445064,-0.1065190991257715,0.0748283919489889,-0.3411961204087695
0.9402608451372696,-0.107647174532608,0.0733384691222556,-0.3389652471964633
0.9405039776194362,-0.1087789264876658,0.0718184000142244,-0.3367380693807908
0.9407443345370614,-0.109914403106864,0.0702685961334755,-0.3345143193332799
0.9409817506592844,-0.111053649320246,0.0686894668270442,-0.3322937162047233
0.941216057039887,-0.1121967078972578,0.0670814179853998,-0.3300759637925366
0.9414470809198876,-0.1133436192859633,0.0654448523106631,-0.3278607507346419
0.9416746454761842,-0.1144944206568418,0.0637801707514781,-0.3256477522053269
0.9418985698798584,-0.1156491464527482,0.0620877718128294,-0.3234366286709922
0.942118669235522,-0.1168078283776273,0.060368051624813,-0.3212270257273522
0.9423347543765836,-0.1179704946088261,0.0586214051716495,-0.3190185753930655
0.9425466319331544,-0.1191371704267098,0.0568482254222211,-0.3168108946776691
0.9427541041204508,-0.1203078773479154,0.05504890468976,-0.3146035869789924
0.9429569688157792,-0.1214826338273051,0.0532238336122329,-0.3123962404891406
0.9431550193716242,-0.1226614544947978,0.0513734023566986,-0.3101884293529937
0.9433480446041976,-0.1238443503647174,0.0494980003300589,-0.3079797129712821
0.9435358286266756,-0.1250313281019149,0.0475980173678667,-0.3057696370503396
0.9437181509663272,-0.1262223910435931,0.0456738421202771,-0.3035577313589421
0.9438947862102496,-0.1274175372134821,0.0437258652521252,-0.3013435130642943
0.944065504293235,-0.1286167615023636,0.0417544759142106,-0.2991264823079422
0.944230070132116,-0.1298200535315928,0.0397600651964815,-0.2969061257744909
0.944388243681533,-0.1310273982784879,0.0377430251023114,-0.2946819151146293
0.944539779903967,-0.1322387762065308,0.0357037482866487,-0.2924533062745936
0.944684428595478,-0.1334541622364622,0.0336426297360211,-0.2902197409369774
0.9448219344390488,-0.1346735264955871,0.0315600654542142,-0.2879806446672055
0.9449520369168686,-0.1358968340279388,0.0294564528638767,-0.2857354269528357
0.9450744700767804,-0.1371240429507255,0.0273321939050198,-0.2834834840679036
0.9451889627323868,-0.1383551066958499,0.0251876910936958,-0.2812241944178906
0.9452952382007328,-0.1395899718456772,0.0230233511537415,-0.2789569219478077
0.945393014346708,-0.1408285789498349,0.0208395834915729,-0.2766810140550935
0.9454820035246068,-0.1420708624633143,0.0186368001561781,-0.2743958010869221
0.9455619124264684,-0.1433167492673425,0.0164154183120846,-0.2721005984184442
0.9456324420954368,-0.1445661592424501,0.0141758590832097,-0.2697947047349783
0.9456932879022824,-0.1458190058368609,0.0119185463438686,-0.2674774002803302
0.945744139371553,-0.1470751936126841,0.009643910938128,-0.2651479506614347
0.9457846802417076,-0.1483346203150083,0.0073523867525487,-0.2628056022629494
0.9458145883130106,-0.1495971740398569,0.0050444156309947,-0.2604495867124605
0.9458335354789964,-0.1508627354006037,0.0027204432034139,-0.2580791160300066
0.9458411876214826,-0.152131175177929,0.0003809229237791,-0.2556933861506829
0.9458372045868866,-0.1534023555477168,-0.0019736864516767,-0.2532915737298791
0.9458212339950178,-0.1546764825682872,-0.0043435781573776,-0.2508721640719368
0.9457928942035592,-0.1559540953470277,-0.0067295906520383,-0.2484329518545897
0.9457517945401264,-0.1572350311975328,-0.009131275938061,-0.2459730102375405
0.9456975360723272,-0.1585191188986757,-0.0115481815354064,-0.2434913824905986
0.9456297115070346,-0.1598061751714741,-0.0139798444167432,-0.2409870871518707
0.945547905158374,-0.161096002770449,-0.0164257879064901,-0.238459120158154
0.945451692655136,-0.1623883929210052,-0.0188855268394649,-0.2359064484093069
0.9453406412182336,-0.1636831192835508,-0.021358556661603,-0.2333280199160655
0.945214309136962,-0.1649799432717071,-0.023844364144427,-0.2307227515093512
0.9450722461484384,-0.1662786079113971,-0.026342416295588,-0.228089539184764
0.9449139930303668,-0.1675788409231201,-0.0288521669193568,-0.2254272500064162
0.9447390817172044,-0.168880352098232,-0.0313730522970067,-0.2227347253451188
0.9445470352653688,-0.170182832570104,-0.0339044905215112,-0.220010780280118
0.9443373679342704,-0.1714859533808654,-0.036445879500821,-0.2172542044114122
0.9441095850468656,-0.1727893655549007,-0.0389965979346533,-0.2144637594374051
0.94386318304191,-0.1740926988114169,-0.0415560036984238,-0.2116381794709051
0.9435976498093562,-0.1753955591003116,-0.0441234299375146,-0.2087761739246673
0.9433124648222893,-0.1766975276676235,-0.0466981841789038,-0.2058764271555522
0.943007099035509,-0.1779981611188947,-0.0492795494797832,-0.2029375957679136
0.9426810155353248,-0.1792969882247963,-0.0518667791752137,-0.1999583131559593
0.9423336699396176,-0.1805935084420727,-0.0544590950225955,-0.1969371903980094
0.9419645110412188,-0.1818871898276595,-0.0570556841609332,-0.193872818658712
0.9415729811883822,-0.1831774682241461,-0.059655698643267,-0.1907637687249744
0.9411585176062238,-0.1844637436125175,-0.0622582492916863,-0.1876085974844384
0.9407205530438716,-0.1857453793288995,-0.0648624053048523,-0.184405847895072
0.9402585178315797,-0.1870216975451309,-0.0674671862814366,-0.1811540585719482
0.9397718416654692,-0.1882919767061434,-0.0700715581082106,-0.1778517694264809
0.939259955080708,-0.1895554504448078,-0.0726744318227582,-0.1744975241193407
0.9387222933292544,-0.1908113013448369,-0.0752746517720197,-0.171089887048487
0.9381582987818214,-0.1920586598512518,-0.077870994140506,-0.1676274483370438
0.9375674259661428,-0.1932965983531845,-0.0804621552463849,-0.1641088435888128
0.9369491462673494,-0.1945241280418507,-0.083046745192821,-0.1605327686239794
0.9363029540655352,-0.1957401946415474,-0.0856232787109309,-0.15689800020896
0.9356283736932266,-0.1969436747702914,-0.0881901667225983,-0.1532034185467054
0.9349249683486676,-0.1981333712211589,-0.0907457048350348,-0.1494480374640847
0.934192350432322,-0.1993080088199177,-0.093288062031507,-0.145631038561136
0.9334301920779564,-0.2004662330508919,-0.0958152741417254,-0.1417518028791142
0.9326382370029556,-0.2016066095267738,-0.0983252378608951,-0.1378099464213306
0.9318163174306884,-0.2027276196401172,-0.1008156946685507,-0.133805377474823
0.9309643646787568,-0.2038276688718444,-0.1032842407482384,-0.1297383192591792
0.9300824273212812,-0.2049050875986846,-0.1057283184349693,-0.1256093676820257
0.9291706823055624,-0.2059581441564064,-0.1081452330088584,-0.1214195135302789
0.9282294488448252,-0.2069850561516308,-0.1105321638193493,-0.1171701780453123
0.9272591961145836,-0.2079840101160722,-0.1128861929245893,-0.1128632211628116
0.9262605475360748,-0.2089531841996035,-0.1152043400342782,-0.1085009379060968
0.9252342814684822,-0.2098907728673958,-0.1174836019962164,-0.1040860435150146
0.9241813212770212,-0.2107950183629815,-0.1197210095439313,-0.0996216187529932
0.923102724339002,-0.2116642379757841,-0.1219136762839516,-0.095111058607692
0.921999659647599,-0.212496854988038,-0.1240588603685038,-0.0905579809616327
0.920873387801424,-0.2132914206593095,-0.1261540084568274,-0.0859661537525143
0.919725232480489,-0.2140466358523715,-0.128196804165893,-0.0813393943207924
0.9185565546480436,-0.2147613636578958,-0.1301851992472596,-0.0766814866149907
0.9173687264941928,-0.2154346363108525,-0.1321174354334505,-0.0719961020567095
0.9161631107173112,-0.2160656541268626,-0.1339920496922644,-0.0672867445875652
0.9149410411059578,-0.2166537803870289,-0.1358078724583548,-0.0625567019496785
0.913703808844383,-0.2171985309742415,-0.1375640140048721,-0.057809019162105
0.9124526525050284,-0.2176995613163128,-0.1392598446861465,-0.0530464848086871
0.9111887533291412,-0.2181566511120305,-0.1408949687424742,-0.0482716353266197
0.9099132301700052,-0.2185696898837449,-0.142469200556844,-0.0434867553802875
0.90862714161589,-0.2189386610920941,-0.1439825343110805,-0.0386939025776174
0.9073314859654884,-0.2192636286424413,-0.1454351197485047,-0.0338949212106586
0.9060272046216842,-0.2195447239158016,-0.1468272369698156,-0.0290914662203808
0.9047151852149218,-0.2197821345726787,-0.1481592747945448,-0.0242850237773813
0.9033962658489052,-0.2199760946853922,-0.1494317108729316,-0.0194769339555067
0.902071237714946,-0.2201268765589648,-0.1506450960364515,-0.0146684057188272
0.900740849318196,-0.2202347835039509,-0.1518000392805256,-0.0098605363859792
0.899405811244037,-0.2203001438421737,-0.152897194511213,-0.0050543317861663
0.8980667961706276,-0.2203233061593509,-0.1539372529721062,-0.0002507083243399
0.8967244460438568,-0.2203046350227892,-0.1549209312089815,0.0045494799288888
0.8953789260936738,-0.2202444810489921,-0.1558492645012392,0.0093470286262917
0.8940302504408082,-0.2201431397646877,-0.1567233057617279,0.014143206547672
0.8926789552440582,-0.2200009129423312,-0.1575437058537329,0.0189373694265271
0.8913255616428186,-0.2198181087073727,-0.1583111176921343,0.0237288839687001
0.8899705732212457,-0.2195950403255905,-0.1590261964343776,0.0285171373819422
0.888614479357796,-0.2193320257746205,-0.1596895963693053,0.0333015261052153
0.8872577538743527,-0.2190293867865493,-0.1603019706568019,0.0380814612353261
0.8859008569572876,-0.2186874485181048,-0.1608639694937259,0.0428563624280191
0.8845442351338342,-0.2183065389676239,-0.1613762394240053,0.047625658694971
0.8831883210569,-0.2178869883084092,-0.1618394227099885,0.0523887898780761
0.8818335345997173,-0.2174291286269605,-0.1622541562813066,0.0571452035294559
0.8804802824854497,-0.2169332932686514,-0.1626210712829656,0.0618943569472131
0.8791289586783595,-0.2163998164070967,-0.1629407923686081,0.0666357165364619
0.877779946282215,-0.2158290333130148,-0.1632139367826102,0.0713687518844624
0.8764336152913754,-0.2152212789865968,-0.1634411144391284,0.0760929443825345
0.8750903235632974,-0.2145768879694693,-0.163622927143235,0.0808077845418185
0.8737504185178678,-0.2138961946707782,-0.1637599679251105,0.0855127667521485
0.8724142355778415,-0.2131795321560913,-0.1638528208573982,0.0902073954712424
0.8710820991353789,-0.2124272321006694,-0.1639020604861068,0.0948911825431423
0.8697543228811125,-0.2116396244860948,-0.1639082514153283,0.0995636467441669
0.8684312099378659,-0.2108170371940338,-0.1638719479167167,0.104224314006646
0.8671130477499489,-0.2099597921012428,-0.1637936931380475,0.1088727361406999
0.8658001175621141,-0.2090682103722688,-0.1636740188676872,0.1135084581463372
0.8644926923192117,-0.2081426109839944,-0.1635134454664681,0.1181310262406593
0.8631910356319475,-0.207183309653383,-0.1633124815410482,0.1227399921477293
0.861895401252969,-0.2061906179460256,-0.1630716234866084,0.1273349156011082
0.8606060334849875,-0.2051648430076492,-0.1627913551105644,0.1319153635480083
0.8593231685068865,-0.204106288096675,-0.1624721475380056,0.1364809060679445
0.8580470335378102,-0.2030152514305509,-0.1621144586879617,0.1410311199523998
0.8567778466397377,-0.2018920254148764,-0.1617187327605593,0.1455655900315755
0.8555158192723691,-0.2007368983522224,-0.1612854006336253,0.1500839006457298
0.8542611528760785,-0.199550150832659,-0.1608148783672252,0.1545856484478581
0.8530140438176611,-0.1983320597469369,-0.1603075685496251,0.1590704252585516
0.8517746796500467,-0.1970828942809983,-0.1597638585935593,0.16353783202135
0.8505432406042445,-0.1958029166850559,-0.1591841208184299,0.167987474015377
0.8493199014689079,-0.1944923836938284,-0.1585687129727991,0.1724189545847626
0.8481048289385003,-0.1931515431859221,-0.15791797657477,0.176831885239115
0.8468981837236091,-0.1917806357656171,-0.1572322374698877,0.1812258785377532
0.8457001207153002,-0.1903798943950059,-0.1565118055497541,0.185600547966667
0.8445107894296623,-0.1889495443477067,-0.1557569746354174,0.1899555067749164
0.843330332410989,-0.1874898006389334,-0.1549680209996246,0.1942903742874066
0.8421588886494725,-0.1860008715284277,-0.1541452051165823,0.1986047638232283
0.8409965910951843,-0.1844829548590899,-0.1532887696041593,0.2028982922306388
0.8398435677387366,-0.1829362386615366,-0.1523989394099982,0.2071705763481024
0.8386999425174331,-0.1813609016769341,-0.1514759220168597,0.2114212300416759
0.837565835939574,-0.1797571136071249,-0.1505199075370752,0.2156498622293795
0.8364413628470452,-0.1781250312314156,-0.149531066313371,0.2198560855789018
0.8353266358186537,-0.1764648024535543,-0.1485095512330916,0.2240395041628268
0.8342217630913917,-0.1747765625665206,-0.147455495396591,0.2281997215374326
0.8331268498845092,-0.173060435358,-0.1463690126867839,0.2323363360968064
0.8320419996310697,-0.1713165342925016,-0.1452501984677649,0.2364489366760482
0.8309673128747156,-0.1695449600145806,-0.1440991279530672,0.2405371069516203
0.8299028873550175,-0.1677457995274075,-0.1429158555772111,0.244600425380049
0.8288488203493398,-0.1659191292510832,-0.1417004169463086,0.2486384564687724
0.8278052057947222,-0.1640650092006438,-0.1404528249379299,0.2526507619575246
0.8267721392208283,-0.1621834907012571,-0.1391730748170349,0.2566368820411115
0.8257497134857785,-0.1602746079459947,-0.1378611385436488,0.2605963518575787
0.8247380227911548,-0.1583383843101614,-0.1365169690346216,0.2645286860940837
0.8237371596597342,-0.1563748257013074,-0.1351404955764608,0.2684333907515009
0.8227472192413231,-0.1543839278270679,-0.133731628884056,0.272309946418337
0.82176829784913,-0.152365672572434,-0.132290258656153,0.2761578138840651
0.8208004927083614,-0.1503200264089756,-0.1308162524785738,0.2799764350849884
0.8198439055327159,-0.1482469469779139,-0.1293094606574612,0.2837652188804039
0.8188986393796724,-0.146146375578237,-0.1277697109466363,0.2875235532751039
0.8179648025624838,-0.1440182447561978,-0.1261968142287516,0.2912507897067516
0.8170425080304407,-0.1418624763645857,-0.1245905633703335,0.2949462451634462
0.8161318751287163,-0.1396789850636979,-0.1229507361358954,0.2986091947658596
0.8152330293394626,-0.1374676773183412,-0.1212770948327506,0.3022388723510069
0.814346105266785,-0.1352284584859371,-0.119569392145517,0.3058344579043064
0.8134712464273218,-0.1329612326078822,-0.1178273716210113,0.3093950777355899
0.8126086069470675,-0.1306659072203871,-0.1160507720792473,0.3129197968741841
0.8117583538729947,-0.1283424005711777,-0.1142393341071798,0.3164076087803827
0.8109206683455435,-0.1259906466775359,-0.1123928051321139,0.3198574295432149
0.8100957464858335,-0.1236106002497301,-0.1105109445963874,0.3232680931599355
0.8092838038359309,-0.1212022529702518,-0.1085935384086642,0.3266383319719748
0.8084850743065926,-0.1187656353973275,-0.1066404024076827,0.3299667796266107
0.8076998145776537,-0.1163008363030835,-0.1046514000446453,0.3332519513218003
0.8069283054493935,-0.1138080152032767,-0.1026264551798479,0.3364922364971605
0.8061708525191943,-0.1112874145414219,-0.100565565029379,0.3396858943036698
0.805427789973189,-0.1087393845920469,-0.0984688240241099,0.3428310358745365
0.8046994811304746,-0.1061644009823503,-0.0963364423334468,0.3459256201466703
0.8039863172791825,-0.1035630787464425,-0.0941687620294447,0.3489674570494054
0.8032887193317318,-0.100936199371358,-0.0919662845795275,0.3519541988591749
0.8026071336096469,-0.0982847194642063,-0.0897296835533525,0.3548833568423691
0.8019420301218033,-0.0956097907023283,-0.0874598270861117,0.357752307728791
0.8012938967678781,-0.0929127660191473,-0.0851577890013431,0.3605583182470795
0.8006632311153895,-0.0901951956833238,-0.0828248512000591,0.3632985810146048
0.8000505320937185,-0.0874588213073862,-0.0804625038694417,0.3659702518106125
0.7994562872730807,-0.0847055468435773,-0.0780724251590036,0.36857050721394
0.7988809632323647,-0.0819374171533043,-0.0756564662878133,0.3710965900311487
0.7983249914873318,-0.0791565681266565,-0.0732166106273993,0.373545875350145
0.7977887570221689,-0.0763651777229676,-0.0707549318265585,0.3759159264104536
0.7972725892122845,-0.0735654175020227,-0.0682735506847967,0.3782045408573414
0.7967767542050177,-0.0707593998785915,-0.0657745866156686,0.380409791187099
0.7963014498070726,-0.0679491265728469,-0.063260108589529,0.3825300544431025
0.7958468056336829,-0.065136456655068,-0.0607321023010018,0.3845640184774733
0.7954128840466513,-0.0623230717438954,-0.0581924339472714,0.3865106843168665
0.7949996853194836,-0.0595104616693281,-0.0556428318383916,0.3883693490253988
0.794607153980452,-0.0566999161298237,-0.0530848732949348,0.3901395824551147
0.7942351862371932,-0.0538925239923587,-0.050519978571011,0.3918211982371676
0.7938836383105967,-0.0510891818965919,-0.047949413571225,0.3934142197447755
0.7935523347090502,-0.0482906075428788,-0.0453742973477476,0.3949188454194083
0.7932410757934985,-0.045497353457579,-0.0427956105926085,0.3963354164907821
0.7929496454491131,-0.0427098291606817,-0.0402142124716466,0.3976643834853391
0.7926778164125855,-0.039928309605683,-0.0376308453524399,0.3989062827983969
0.792425356790726,-0.0371529623639876,-0.0350461574169692,0.4000617073410827
0.792192034067361,-0.034383858324213,-0.0324607105157896,0.4011312882476083
0.7919776187259495,-0.0316209836732316,-0.0298749895844339,0.4021156780587704
0.7917818878379476,-0.0288642588927295,-0.0272894189968516,0.4030155338343535
0.7916046269839866,-0.0261135430027114,-0.0247043654333468,0.4038315077603956
0.7914456326531947,-0.0233686495889066,-0.0221201520411446,0.4045642354611821
0.791304713474798,-0.0206293513611434,-0.019537062052925,0.4052143296223283
0.7911816913441352,-0.0178953859344291,-0.0169553437019811,0.4057823740809234
0.7910764025096199,-0.0151664661040018,-0.0143752195250773,0.4062689180945918
0.7909886980586205,-0.0124422819637617,-0.011796888084386,0.4066744734055129
0.7909184444245927,-0.0097225060336007,-0.0092205286125141,0.4069995112437672
0.7908655236917885,-0.0070067957629436,-0.0066463032456253,0.4072444603129928
0.7908298338741865,-0.0042947992220036,-0.004074362332943,0.4074097049497187
0.7908112889971943,-0.0015861553782123,-0.0015048446576069,0.4074955842555854
0.790808360265599,7.773267706595588e-13,-2.191308983226503e-12,0.4075091479011171
