2.95863830425395
0.7264083210654113,3.758707860873507e-23,3.923400555917269e-13,0.5805638412340591
0.72640997419161,0.0020933797163275,0.0009169242235484,0.5805524885385808
0.7264201319932897,0.0055953188532221,0.0024507939653927,0.5804827386777722
0.7264395531948407,0.0090983018800698,0.0039850678422595,0.5803494184284458
0.726468255839394,0.0126027276116896,0.0055198887068886,0.5801524752460878
0.7265062640601474,0.0161089109815568,0.0070553646986044,0.5798918489864759
0.726553608274389,0.0196171679411808,0.0085916072214126,0.5795674707690716
0.7266103253480066,0.0231278206847817,0.0101287340184642,0.5791792620913047
0.7266764586275091,0.026641191481547,0.0116668672516039,0.5787271348997579
0.7267520581259279,0.0301576069583314,0.0132061361494433,0.5782109906587054
0.7268371806674634,0.033677397511005,0.0147466775130025,0.5776307197568549
0.7269318902161859,0.0372009030417389,0.0162886389792981,0.5769861997203349
0.7270362579468286,0.0407284668440451,0.0178321770856576,0.5762772952505208
0.727150362977827,0.0442604516172356,0.0193774650050688,0.5755038538364933
0.7272742921851644,0.0477972225429072,0.0209246858556854,0.5746657076983237
0.7274081410297255,0.0513391628415816,0.0224740402093772,0.573762668944925
0.7275520138353687,0.0548866696202633,0.0240257449640853,0.5727945285702968
0.7277060242979384,0.0584401559099144,0.0255800349131936,0.571761054003342
0.7278702960151472,0.0620000519120832,0.0271371639589029,0.570661986651283
0.7280449633623156,0.0655668121642695,0.0286974089067396,0.569497037284586
0.7282301717438852,0.0691409081336261,0.0302610668812129,0.5682658857646393
0.7284260786359358,0.0727228365862063,0.0318284596399525,0.5669681756685798
0.7286328541768838,0.0763131172608953,0.0333999332109507,0.5656035121371892
0.7288506823866046,0.0799123007019228,0.0349758619819335,0.5641714557946148
0.7290797615283285,0.0835209600981672,0.0365566458002052,0.5626715225742664
0.7293203054977231,0.0871396996703874,0.0381427143317338,0.5611031770430011
0.7295725451485194,0.0907691593075129,0.039734529806204,0.559465826498666
0.7298367285673272,0.0944100030709966,0.0413325827153479,0.5577588222155001
0.7301131238354546,0.0980629418215202,0.0429374025161707,0.555981444932329
0.7304020190003963,0.1017287149664832,0.0445495504443516,0.554132908827098
0.7307037244853818,0.1054081045246577,0.0461696265644167,0.5522123501787486
0.731018574238033,0.1091019305458579,0.0477982686945231,0.5502188246499815
0.7313469282586018,0.1128110617007058,0.0494361580858538,0.5481512963373139
0.7316891737376805,0.1165364075508195,0.0510840171139726,0.5460086362441547
0.7320457283174885,0.1202789330166795,0.0527426168702906,0.5437896080456232
0.732417041500244,0.1240396500315765,0.0544127747875404,0.5414928662458532
0.7328035975216626,0.1278196234048654,0.0560953586661329,0.5391169459366048
0.7332059188076124,0.1316199792954022,0.0577912920284807,0.5366602499505764
0.7336245683766252,0.1354419007333639,0.0595015538741957,0.5341210435140359
0.7340601548435188,0.1392866445879565,0.0612271882038596,0.5314974341941158
0.7345133336158929,0.1431555211158267,0.0629692969899358,0.5287873761400412
0.7349848121278942,0.1470499077938372,0.0647290486820813,0.5259886511154783
0.7354753540839263,0.1509712502451255,0.0665076811863221,0.5230988571032066
0.7359857838642662,0.1549210613932414,0.0683065042803865,0.5201153975261177
0.736516987620979,0.1589008932919191,0.0701268897453261,0.5170354912328362
0.7370699211607231,0.1629123594092799,0.0719702846358369,0.513856144360364
0.737645606345943,0.1669570700440747,0.0738381848686847,0.5105741900953699
0.7382451351327515,0.1710366272195395,0.0757321358128803,0.5071862848280883
0.7388696633391982,0.1751525506567863,0.0776537006738933,0.5036889631268847
0.7395204015276579,0.179306196135678,0.0796044241556118,0.5000787069997006
0.7401985949572505,0.1834986202159239,0.0815857691331785,0.4963520721365902
0.7409054933703851,0.1877304093035474,0.0835990333654038,0.4925058625494454
0.7416422999182121,0.1920014230825467,0.0856452207655469,0.4885374064711096
0.7424100959344831,0.1963104576242205,0.0877248668344839,0.4844449420512932
0.7432097424124466,0.2006548577057584,0.0898378293132761,0.4802280976949501
0.7440417548087471,0.2050300818432828,0.0919830427560098,0.4758884738727632
0.7449061704168909,0.209429338325616,0.0941582925771826,0.4714302156057336
0.7458024386721752,0.2138434356651204,0.0963600808188936,0.4668604178911909
0.7467293850240124,0.218261046205781,0.0985836899168519,0.4621891203427249
0.7476852805328774,0.222669438845366,0.1008234871222047,0.457428764580021
0.7486680298653094,0.2270556240205851,0.1030734587364479,0.4525930997959008
0.7496754281609261,0.2314075918179915,0.1053278265048046,0.4476958280836403
0.7507054113279666,0.2357152900398518,0.1075815681987195,0.4427493790080422
0.7517562293529443,0.2399710983363477,0.1098307065264959,0.437764140743379
0.7528265262547551,0.2441698312260727,0.1120723664566053,0.432748188929705
0.7539153360473392,0.2483084012613972,0.1143046538350463,0.4277074289243725
0.7550220326491875,0.2523853533974274,0.1165264565199462,0.4226459433080376
0.7561462609502438,0.2564003981602254,0.1187372321273525,0.4175664036737211
0.7572878712676194,0.2603540254605762,0.1209368268258978,0.412470441159966
0.7584468565197053,0.2642471855919754,0.1231253198479403,0.4073589808493049
0.7596233164434035,0.2680811061739383,0.1253029350343721,0.4022324367244154
0.7608174147557941,0.271857114640235,0.1274699493418344,0.3970909239660962
0.7620293619536391,0.2755765662237622,0.1296266565441793,0.391934348462376
0.7632593923334905,0.2792407659670661,0.1317733247318298,0.386762514549218
0.7645077569735724,0.2828509488774944,0.1339101854308751,0.3815751595071786
0.7657747104459687,0.2864082460275356,0.136037413370237,0.3763720113637219
0.7670605097563497,0.2899136894575603,0.1381551283827406,0.3711527934034125
0.7683654050248084,0.2933681951530192,0.1402633838575711,0.3659172613142976
0.7696896406188991,0.2967725759136648,0.1423621729147734,0.3606651965595921
0.7710334520154298,0.3001275422017486,0.1444514273803398,0.3553964168122685
0.7723970633448577,0.3034337050985982,0.1465310179870725,0.3501107830163059
0.7737806870117291,0.3066915842388459,0.1486007577388057,0.3448081980185276
0.7751845261890156,0.3099016215421334,0.1506604092001791,0.3394885944194364
0.7766087677087653,0.3130641722038394,0.1527096774009311,0.3341519589814573
0.7780535893210851,0.3161795283144893,0.1547482237622772,0.3287983024455031
0.7795191536297421,0.3192479115817965,0.1567756603331578,0.3234276798534027
0.7810056109149086,0.3222694855663079,0.1587915567584951,0.3180401774901907
0.7825130978532011,0.325244358380498,0.1607954412003934,0.3126359152796
0.7840417394184601,0.3281725913791107,0.1627868054008173,0.307215037793923
0.7855916451339712,0.3310541964343959,0.1647651021562706,0.301777725540795
0.7871629130083863,0.3338891477330213,0.1667297527512452,0.2963241790029082
0.7887556236137495,0.3366773749273449,0.1686801417051501,0.2908546373571832
0.7903698482878515,0.3394187814619007,0.1706156290698199,0.2853693482824888
0.79200564251611,0.3421132360056539,0.1725355441566532,0.2798685892262764
0.7936630490253662,0.3447605809247209,0.1744391912052061,0.2743526552207594
0.7953420931637534,0.3473606278119958,0.1763258459190314,0.2688218727360502
0.7970427920573842,0.3499131744644728,0.1781947675710561,0.2632765680179124
0.7987651443880283,0.352417991323245,0.180045189090203,0.2577170995832559
0.8005091360090838,0.3548748325277935,0.1818763250147466,0.2521438384438335
0.8022747369069575,0.3572834336214719,0.1836873697756632,0.2465571767675964
0.804061905807659,0.3596435198284552,0.185477503918874,0.2409575122226792
0.8058705834992264,0.3619547988041214,0.1872458887011009,0.2353452680986712
0.8077007008834355,0.3642169728450996,0.1889916754577813,0.2297208672544741
0.8095521691422166,0.3664297279492615,0.1907139973377797,0.2240847617590038
0.8114248880037186,0.3685927457023087,0.1924119785758115,0.2184374065748597
0.8133187416148333,0.3707056994712732,0.1940847317409109,0.2127792715892553
0.8152335983590991,0.3727682556517135,0.1957313588629762,0.2071108413900367
0.8171693132382165,0.3747800774663997,0.1973509546501944,0.2014326076003834
0.8191257247831059,0.3767408227571923,0.1989426049414561,0.1957450774890618
0.8211026591553943,0.3786501491944967,0.2005053911446091,0.1900487615294297
0.8230999255665017,0.3805077106018975,0.202038387501666,0.1843441863325002
0.8251173190120001,0.3823131606128137,0.2035406643088778,0.1786318863179204
0.827154620366964,0.3840661534582726,0.2050112888476109,0.1729124032204136
0.8292115949358286,0.3857663434329715,0.206449325203641,0.1671862899353674
0.8312879937602898,0.3874133867458241,0.2078538360840712,0.1614541066206948
0.8333835525326442,0.3890069412803084,0.2092238828848628,0.1557164235498038
0.8354979933511277,0.3905466685499335,0.2105585276365901,0.1499738161674915
0.8376310240627302,0.3920322336375361,0.211856833241838,0.1442268668840062
0.8397823372705014,0.3934633050135981,0.2131178635810987,0.1384761677032762
0.8419516105296859,0.3948395552456377,0.2143406843829993,0.1327223196139361
0.844138511195684,0.3961606643819527,0.2155243665087454,0.1269659198359687
0.8463426884342844,0.3974263152642854,0.2166679820440957,0.1212075830755805
0.848563781109457,0.3986361986680521,0.2177706091486706,0.1154479208351032
0.85080141223966,0.3997900103027967,0.2188313296073158,0.1096875561012786
0.8530551936965048,0.4008874536117136,0.2198492316185866,0.103927111332466
0.855324722136781,0.4019282378587661,0.2208234082686206,0.0981672191431988
0.8576095833719447,0.4029120804168237,0.2217529598729368,0.0924085113658818
0.8599093497719038,0.4038387056096237,0.2226369931148229,0.0866516259522386
0.8622235845230738,0.4047078464672799,0.2234746229217813,0.0808971966198209
0.864551832298503,0.4055192412380846,0.2242649692931462,0.0751458763709855
0.8668936321920109,0.4062726382745643,0.225007162179521,0.0693983056414881
0.8692485101824372,0.4069677930766775,0.2257003388052187,0.0636551314367178
0.8716159808608521,0.4076044689167983,0.2263436444095065,0.0579170033670444
0.8739955482223186,0.4081824369813064,0.226936232518475,0.0521845720801781
0.8763867056274363,0.4087014762270997,0.2274772649175285,0.0464584897321243
0.8787889377432392,0.4091613736065407,0.2279659119957299,0.0407394057404631
0.8812017176254238,0.4095619232602048,0.2284013519880222,0.0350279741467255
0.883624511711216,0.4099029271767241,0.228782771759219,0.0293248421540347
0.8860567743378163,0.4101841940263621,0.229109365595352,0.0236306634891164
0.8884979524968633,0.4104055396283491,0.2293803357575337,0.0179460875484235
0.8909474855633704,0.4105667864438537,0.229594891972444,0.0122717604883519
0.893404804557168,0.41066776310425,0.2297522509137445,0.0066083273372528
0.8958693316460324,0.4107083040550283,0.2298516357713038,0.0009564334720902
0.8983404828638548,0.4106882492096308,0.2298922758814543,-0.0046832812862099
0.9008192841990206,0.4106073708286185,0.2298733741268614,-0.0103138447098844
0.9033084643288752,0.4104651686894605,0.2297939049399314,-0.0159420783180868
0.9058074913430296,0.4102611258461652,0.2296527402476691,-0.0215673697444918
0.9083158148593355,0.4099947220829691,0.2294487412202836,-0.0271890902483262
0.9108328630089654,0.4096654342926462,0.2291807581924453,-0.0328065885354735
0.913358041788276,0.4092727368325963,0.2288476306035166,-0.038419190000155
0.9158907383246658,0.4088161011510756,0.2284481862757222,-0.044026204646458
0.9184303136951928,0.4082949971242852,0.2279812421362196,-0.0496269118492369
0.9209761104705576,0.4077088918153332,0.2274456026695363,-0.0552205777756073
0.9235274471876732,0.4070572505194661,0.2268400603283129,-0.06080644388049
0.9260836225143716,0.4063395357115055,0.2261633940092682,-0.0663837367893011
0.928643911535773,0.4055552077773845,0.2254143691167917,-0.0719516609103117
0.9312075686304908,0.4047037239389456,0.2245917358844329,-0.0775094054972595
0.933773829199532,0.4037845370467157,0.2236942274534789,-0.083056149152389
0.9363419034780144,0.4027970971191575,0.2227205605635051,-0.0885910472752796
0.9389109849309268,0.4017408475346674,0.2216694309413225,-0.0941132510935004
0.9414802487668572,0.4006152241841206,0.2205395114230847,-0.0996219053093681
0.9440488509112364,0.3994196544505374,0.2193294498170389,-0.1051161468708551
0.9466159302352904,0.3981535544940444,0.2180378649322125,-0.1105951108157538
0.949180611669818,0.3968163254449605,0.2166633412981463,-0.1160579380571413
0.9517420064723864,0.3954073503762327,0.2152044244629948,-0.1215037771965321
0.9542992140706632,0.3939259899375896,0.2136596146935706,-0.1269317898587643
0.9568513274730144,0.3923715750190138,0.2120273572830531,-0.1323411637629599
0.9593974322442804,0.3907434021368176,0.2103060353513347,-0.1377311123551565
0.9619366135759708,0.3890407228262381,0.2084939559595966,-0.1431008918923985
0.9644679576531566,0.3872627350397798,0.2065893378286823,-0.1484498067875261
0.9669905581377496,0.3854085694894286,0.2045902931070669,-0.1537772262297952
0.9695035221690764,0.3834772739205105,0.2024948061743393,-0.1590826003369068
0.9720059748931008,0.3814677959043736,0.2003007099962398,-0.1643654739195278
0.9744970683911722,0.3793789590834853,0.198005654337989,-0.1696255104446231
0.9769759897579716,0.377209435948634,0.1956070688855939,-0.1748625153602108
0.9794419729172836,0.3749577124015333,0.1931021157424601,-0.1800764688022532
0.9818943084364732,0.3726220477922668,0.1904876349538334,-0.1852675559870846
0.9843323586420122,0.3702004224220781,0.1877600736634576,-0.1904362112757542
0.9867555720595907,0.3676904757908373,0.1849154018461288,-0.1955831640110822
0.9891634998194736,0.3650894308426083,0.1819490084938944,-0.2007094926521708
0.991555811979104,0.3623940032935785,0.1788555761828629,-0.2058166840833435
0.9939323090110964,0.3596002982549025,0.1756289353922412,-0.2109066894640351
0.9962929177949988,0.3567037046531065,0.1722619095799758,-0.2159819554175902
0.9986376569192076,0.3536988075208824,0.1687461736902377,-0.2210453991866173
1.0009665192855404,0.3505793953821596,0.1650722173541783,-0.2261002150747221
1.0032791782955754,0.3473387274036846,0.1612296129407557,-0.2311493020567496
1.005574313882284,0.3439704504429023,0.1572080700847255,-0.2361938442993279
1.0078481788920215,0.3404709816260156,0.1530003004366805,-0.2412301440425422
1.0100919486190103,0.3368446206820212,0.1486083251533615,-0.2462435350161457
1.0122882117462804,0.3331117282893833,0.1440538259181269,-0.2511998865204786
1.0144101249468191,0.3293145149450237,0.1393860336974427,-0.2560424061579585
1.0164287715998546,0.3255084192176906,0.1346720670920234,-0.2607068917367989
1.0183250704525135,0.3217405552649198,0.1299705955455499,-0.2651486412029091
1.0200939231607342,0.3180372017317479,0.1253156757251076,-0.2693531974591402
1.0217396775854477,0.3144073198292305,0.1207202546739319,-0.273327343826949
1.0232705855742483,0.3108506414742301,0.1161857311067871,-0.2770870869305705
1.0246956059706402,0.3073632652172531,0.1117087591815771,-0.2806504898266985
1.0260231152061132,0.3039403632051949,0.1072846098774303,-0.284034678562072
1.0272605413604734,0.3005772748816996,0.1029085689261767,-0.2872549226824544
1.0284143629826383,0.2972698595594404,0.0985764160344841,-0.2903245598455492
1.0294902167928566,0.2940145689787408,0.0942845499708237,-0.2932551845849616
1.03049303074507,0.2908084000873203,0.0900299562590854,-0.2960569111856357
1.0314271466167628,0.2876488135766202,0.0858101253071005,-0.2987386246207736
1.032296418760699,0.2845336659652036,0.0816229837146947,-0.3013081825770256
1.0331042991392627,0.2814611334102834,0.0774668102268858,-0.3037725945190883
1.0338539017584545,0.2784296617207639,0.0733401830942164,-0.3061381549388677
1.034548059383908,0.2754379058133464,0.069241910026159,-0.3084105661501449
1.0351893636140386,0.2724847021445125,0.0651710003822124,-0.3105950202417634
1.035780200823987,0.269569032786035,0.0611266241339659,-0.3126962763839627
1.0363227804917714,0.2666899996831464,0.0571080830895322,-0.3147187211130486
1.036819158238227,0.2638468047530063,0.053114788905023,-0.3166664171479375
1.0372712549910172,0.2610387332162361,0.0491462445603221,-0.3185431441553933
1.0376808736218337,0.2582651351983609,0.0452020224291613,-0.3203524358047633
1.0380497108112554,0.2555254240658128,0.0412817653455798,-0.3220976019339051
1.0383793701089272,0.2528190548051844,0.0373851587181548,-0.3237817606431565
1.038671369905286,0.2501455277873062,0.0335119383433637,-0.3254078514009189
1.0389271528222532,0.247504372399001,0.0296618689512274,-0.3269786587561824
1.0391480918192646,0.2448951495372153,0.0258347495915095,-0.3284968225581439
1.0393354968189563,0.2423174415049055,0.0220304004787235,-0.3299648543389684
1.0394906196097038,0.239770852133359,0.0182486644953136,-0.3313851463320423
1.039614658600431,0.2372550018572151,0.0144894011143139,-0.3327599823881795
1.039708762857367,0.2347695242092272,0.0107524821706969,-0.3340915470700601
1.0397740355096197,0.2323140673300823,0.007037795027952,-0.3353819312763941
1.0398115371065375,0.2298882849168416,0.0033452296848828,-0.3366331427866003
1.039822288166861,0.2274918432289607,-0.0003253099757046,-0.3378471077327348
1.039807271836093,0.2251244149784833,-0.0039739148343341,-0.3390256784919334
1.039767402540646,0.2227841774040679,-0.007603006360994,-0.340171367198724
1.0397035160664183,0.2204698479049083,-0.0112142225050467,-0.3412863197497974
1.0396164246258583,0.2181812305246696,-0.0148075315643989,-0.3423720878969932
1.0395069175766087,0.2159181395635803,-0.0183828852519925,-0.3434301725155018
1.039375762395322,0.2136803889396628,-0.0219402349500286,-0.3444620310228163
1.039223705646351,0.2114677915136524,-0.0254795326144242,-0.3454690796810065
1.0390514739221204,0.209280159436618,-0.0290007300821176,-0.3464526952637475
1.0388597748170798,0.2071173053505149,-0.0325037769854263,-0.3474142162168707
1.0386492975089845,0.2049790397089156,-0.0359886249493542,-0.3483549454187314
1.038420713281848,0.2028651694783696,-0.0394552296935109,-0.3492761521503308
1.038174676708282,0.2007755032444287,-0.0429035426262681,-0.3501790711815769
1.037911825608691,0.1987098451960258,-0.0463335206620971,-0.3510649066203871
1.0376327819567182,0.1966679985422483,-0.0497451206148356,-0.3519348315528183
1.0373381522804264,0.1946497645655697,-0.0531383007509829,-0.3527899895098612
1.037028527887608,0.1926549411449529,-0.0565130233142035,-0.3536314960706072
1.0367044855339285,0.1906833245847819,-0.0598692515109589,-0.354460439002315
1.0363665877967168,0.188734709404972,-0.063206949896137,-0.3552778792145585
1.0360153832619268,0.186808887354875,-0.0665260861257089,-0.3560848519827618
1.0356514069074412,0.1849056478415713,-0.0698266303239279,-0.3568823675314213
1.0352751805561942,0.1830247787113868,-0.0731085538166419,-0.3576714114302778
1.0348872131014246,0.1811660658818967,-0.076371829849746,-0.3584529454336753
1.0344880005427162,0.1793292923085727,-0.0796164355210425,-0.3592279085684352
1.0340780265829792,0.1775142397077151,-0.0828423488761054,-0.3599972170341364
1.0336577628263928,0.1757206883171639,-0.0860495494216933,-0.3607617648967632
1.0332276688670463,0.1739484163380609,-0.0892380192397791,-0.361522424897173
1.0327881924916482,0.1721971999984392,-0.0924077430184344,-0.3622800489798078
1.0323397701100028,0.1704668145272519,-0.0955587064245895,-0.3630354684061019
1.0318828270438285,0.1687570344836101,-0.0986908956058476,-0.3637894941147929
1.031417777189116,0.167067631836327,-0.1018043008367036,-0.3645429180652286
1.0309450238380669,0.1653983784446933,-0.1048989121150796,-0.3652965126313545
1.0304649595707978,0.1637490450248728,-0.1079747211755014,-0.366051031523362
1.0299779664298887,0.1621194012487578,-0.1110317214462151,-0.3668072102073614
1.0294844162962664,0.1605092165085852,-0.1140699067458434,-0.3675657660004378
1.0289846708687425,0.1589182593542551,-0.1170892724613735,-0.3683273987676618
1.0284790819911334,0.1573462981047902,-0.1200898145204956,-0.369092791064374
1.027967991784261,0.1557931008152038,-0.1230715295691702,-0.3698626085680575
1.027451732886118,0.154258435588567,-0.126034414487039,-0.3706375003332923
1.0269306283223705,0.1527420698049139,-0.1289784679948546,-0.3714180995901879
1.0264049921153815,0.1512437715462156,-0.1319036880156895,-0.3722050234255451
1.025875129345842,0.1497633093545087,-0.1348100722273814,-0.372998873277562
1.025341336059915,0.1483004516154134,-0.1376976193745081,-0.3738002356513067
1.0248038996280684,0.1468549672277373,-0.1405663280624501,-0.3746096821516408
1.0242630991193913,0.1454266262533126,-0.1434161955492051,-0.3754277694815755
1.023719205067462,0.1440151989461097,-0.1462472197563923,-0.3762550403503142
1.023172479835749,0.1426204564077637,-0.1490593980544033,-0.3770920234739231
1.0226231777767698,0.141242170674074,-0.1518527271624608,-0.3779392338786081
1.02207154547047,0.1398801149963766,-0.1546272026451431,-0.3787971730738816
1.0215178217672405,0.1385340636340118,-0.1573828193945028,-0.3796663295205298
1.020962238026798,0.1372037921387785,-0.1601195711094212,-0.3805471787901379
1.0204050180915134,0.1358890769992503,-0.1628374510831021,-0.3814401841387111
1.0198463788006218,0.134589696570694,-0.1655364503334159,-0.382345796212504
1.019286529999256,0.1333054307828875,-0.1682165582330484,-0.3832644535408011
1.0187256744255733,0.1320360606037455,-0.1708777636683781,-0.3841965832413915
1.0181640079038383,0.130781368228469,-0.1735200546952131,-0.385142601236457
1.0176017203299694,0.1295411389946032,-0.1761434145217912,-0.3861029110968886
1.017038994495701,0.1283151584807971,-0.1787478276374129,-0.3870779065285035
1.0164760072559806,0.1271032148329052,-0.181333274921675,-0.3880679698986727
1.015912929284971,0.1259050979439983,-0.1838997353783003,-0.3890734731383284
1.0153499252322942,0.124720599531935,-0.1864471859755252,-0.3900947779664764
1.0147871541204456,0.1235495137139238,-0.1889756004039632,-0.3911322356578611
1.0142247689123411,0.1223916358481443,-0.1914849515656315,-0.3921861883244021
1.0136629173286469,0.1212467639837357,-0.1939752084316625,-0.3932569678942963
1.0131017414577104,0.1201146978018446,-0.1964463383139445,-0.3943448973144388
1.012541378306271,0.118995239492305,-0.1988983049354331,-0.3954502899766534
1.0119819595462254,0.1178881929990925,-0.2013310700483265,-0.3965734506790129
1.0114236119331752,0.1167933646213517,-0.203744592088082,-0.3977146752752878
1.010866457555018,0.1157105632552271,-0.2061388255940524,-0.3988742506107673
1.0103106135135564,0.1146395995383187,-0.2085137230550804,-0.4000524556328775
1.0097561923316587,0.1135802864201695,-0.210869233608636,-0.4012495610154317
1.0092033021410678,0.1125324392922099,-0.2132053026983854,-0.4024658291952203
1.0086520467145546,0.1114958758223909,-0.2155218723852473,-0.4037015147345613
1.0081025255335196,0.1104704158656911,-0.2178188814907687,-0.4049568646142006
1.007554833767185,0.109455881217363,-0.2200962660931025,-0.4062321187380809
1.0070090629363515,0.1084520966329493,-0.2223539571737389,-0.4075275088263532
1.006465300529848,0.1074588889014139,-0.2245918826260336,-0.4088432597063829
1.0059236303839247,0.1064760873382121,-0.2268099660767935,-0.4101795888296889
1.0053841323896897,0.1055035230533901,-0.2290081284649114,-0.4115367074088228
1.0048468831518216,0.1045410299481298,-0.2311862857166139,-0.4129148191983446
1.0043119556426596,0.1035884438929471,-0.2333443505230619,-0.4143141217538304
1.0037794194986351,0.1026456030712405,-0.2354822314841593,-0.4157348060867173
1.003249341544317,0.1017123487123407,-0.2375998313612119,-0.4171770556235456
1.002721784593653,0.1007885227945064,-0.239697052203766,-0.4186410498429473
1.0021968090127749,0.0998739706205612,-0.2417737894199705,-0.420126960435438
1.0016744725240236,0.0989685402749883,-0.243829932917528,-0.4216349520923397
1.0011548292269188,0.0980720807533315,-0.2458653712631413,-0.4231651857031184
1.000637930870041,0.0971844440021074,-0.2478799869589787,-0.4247178150900018
1.000123826519932,0.0963054841700657,-0.2498736580510824,-0.4262929882741678
0.999612562817539,0.095435057880119,-0.2518462574208366,-0.4278908470240627
0.9991041836115137,0.0945730234423841,-0.253797654475891,-0.4295115283336859
0.9985987303299388,0.0937192413327505,-0.2557277139685096,-0.4311551636351948
0.9980962421208174,0.0928735742736543,-0.2576362957179664,-0.4328218786653043
0.9975967559830888,0.0920358872995327,-0.2595232543697955,-0.4345117933277491
0.9971003065151472,0.0912060471851119,-0.2613884405888464,-0.4362250228539692
0.9966069267018124,0.0903839236145779,-0.2632316983366086,-0.4379616753947862
0.9961166466377954,0.0895693869085328,-0.2650528698766327,-0.4397218567827168
0.9956294952077906,0.0887623106838779,-0.2668517897136519,-0.4415056649233134
0.9951454990524724,0.0879625699928629,-0.2686282886702315,-0.4433131937172155
0.9946646828574378,0.0871700416720011,-0.2703821930007845,-0.4451445323617859
0.9941870697885998,0.0863846049277922,-0.2721133230001185,-0.4469997639714435
0.9937126813291076,0.0856061409358891,-0.2738214938070695,-0.4488789664099867
0.9932415371617652,0.0848345325224807,-0.2755065160097387,-0.4507822130274022
0.9927736554291636,0.084069664468268,-0.2771681948824931,-0.4527095718993568
0.992309052662036,0.0833114232701452,-0.2788063308136022,-0.4546611063668617
0.9918477441015556,0.0825596975488382,-0.2804207183348299,-0.4566368739241531
0.9913897434563672,0.0818143775360298,-0.2820111471447064,-0.4586369274539459
0.9909350629881644,0.0810753551015814,-0.2835774019523569,-0.4606613151238429
0.9904837137704112,0.0803425240633876,-0.2851192617327672,-0.4627100794629671
0.990035705545248,0.0796157798460484,-0.2866365003691687,-0.4647832581955073
0.9895910470082174,0.0788950198368543,-0.2881288858285111,-0.4668808831272837
0.9891497454769076,0.0781801427448134,-0.2895961814162307,-0.4690029818829824
0.9887118072577726,0.0774710490942603,-0.2910381446684644,-0.4711495763857956
0.9882772374431074,0.0767676407968833,-0.2924545281508477,-0.4733206840214353
0.9878460402768636,0.0760698216471446,-0.2938450783798517,-0.4755163160078023
0.987418218759047,0.0753774965872659,-0.2952095372236293,-0.4777364795552923
0.986993775168808,0.0746905724612424,-0.2965476403266325,-0.4799811753691209
0.9865727108417977,0.0740089575641315,-0.2978591179471893,-0.4822503989097488
0.9861550259952788,0.0733325612704102,-0.2991436955886949,-0.484544141534147
0.9857407204277072,0.0726612950803072,-0.3004010919397987,-0.4868623868217549
0.9853297927788182,0.0719950713372517,-0.3016310212546957,-0.4892051147561941
0.9849222409763588,0.0713338038684564,-0.3028331920617108,-0.4915722994321292
0.9845180622923796,0.0706774079957809,-0.3040073071004838,-0.4939639088209798
0.9841172531710416,0.0700258001772357,-0.3051530639131634,-0.4963799058996612
0.983719809542832,0.0693788984402904,-0.3062701540212204,-0.4988202468917642
0.9833257267462024,0.0687366221801155,-0.3073582632576335,-0.501284881784754
0.9829349992850868,0.0680988916904093,-0.3084170725085761,-0.5037737559641924
0.9825476210479628,0.0674656284468515,-0.3094462571540546,-0.5062868090082427
0.982163585486409,0.0668367553284405,-0.3104454866699632,-0.508823973610955
0.981782885608282,0.0662121965387841,-0.3114144247473691,-0.5113851756448168
0.9814055137843916,0.0655918772218205,-0.3123527298609916,-0.5139703355246847
0.9810314618456288,0.0649757235536727,-0.3132600550633971,-0.5165793676808069
0.980660721306967,0.0643636630469248,-0.3141360475069931,-0.519212179061972
0.9802932831878588,0.0637556241922794,-0.3149803489572799,-0.5218686704204459
0.97992913802253,0.0631515364124074,-0.3157925958105739,-0.5245487363335588
0.9795682761201806,0.0625513304328845,-0.3165724185735,-0.5272522633390969
0.9792106871974964,0.0619549376125748,-0.3173194427329032,-0.5299791327003995
0.9788563609228872,0.0613622907916778,-0.3180332876537555,-0.5327292163381675
0.9785052863410472,0.0607733232751261,-0.3187135678404686,-0.5355023812470404
0.978157452397181,0.0601879696526768,-0.3193598919231287,-0.5382984854798119
0.9778128476129724,0.0596061652016021,-0.3199718633567528,-0.5411173806998656
0.9774714602869424,0.0590278461691813,-0.3205490800885119,-0.5439589106135967
0.97713327857311,0.0584529498552337,-0.3210911345076513,-0.546822910278301
0.9767982902477156,0.0578814141650407,-0.321597613889676,-0.5497092080572917
0.976466482968034,0.0573131779982628,-0.3220681000293467,-0.5526176234392112
0.9761378441888392,0.0567481810585004,-0.3225021694472114,-0.5555479677112621
0.9758123611054648,0.0561863637060293,-0.3228993935105361,-0.5585000444707084
0.9754900207947996,0.0556276671521436,-0.3232593382996707,-0.5614736483553173
0.9751708103495016,0.0550720336480103,-0.323581564561326,-0.564468563713252
0.97485471651353,0.0545194058064159,-0.323865628167272,-0.567484567947349
0.9745417260504512,0.0539697271966461,-0.3241110797887468,-0.5705214280461307
0.9742318256361756,0.0534229421159888,-0.3243174651051069,-0.573578901495722
0.9739250017429044,0.0528789953407941,-0.3244843249378427,-0.5766567373896645
0.9736212410265308,0.0523378327707299,-0.3246111951118395,-0.5797546724843963
0.9733205300195826,0.0517994008472354,-0.3246976067640192,-0.5828724341275385
0.9730228550984488,0.0512636464507454,-0.3247430863872733,-0.5860097405871734
0.972728202604474,0.0507305170749449,-0.3247471558455906,-0.5891662997611375
0.9724365592099998,0.0501999614546687,-0.3247093325317698,-0.5923418050781291
0.9721479098993142,0.0496719258408935,-0.3246291290065037,-0.5955359576189421
0.9718622411089762,0.0491463596685507,-0.3245060534014339,-0.5987484319331304
0.9715795394624288,0.0486232132449023,-0.3243396097648292,-0.6019788892190753
0.9712997917452204,0.0481024376758494,-0.3241292982893033,-0.6052269773477391
0.9710229847303375,0.0475839845096301,-0.323874615372471,-0.608492332696342
0.970749105386154,0.0470678060920264,-0.3235750539525191,-0.6117745775592888
0.9704781406932887,0.0465538551922314,-0.3232301035298712,-0.6150733221263885
0.9702100779904276,0.046042085628722,-0.3228392508134329,-0.6183881600814621
0.9699449046607734,0.045532451650019,-0.3224019796110776,-0.6217186721493566
0.9696826084110036,0.0450249084422903,-0.32191777152169,-0.6250644223936984
0.9694231769357304,0.0445194114579093,-0.321386105645456,-0.628424962209562
0.9691665983574111,0.0440159172440592,-0.3208064597225876,-0.6317998244412765
0.9689128610527612,0.0435143830915559,-0.3201783102549756,-0.6351885252298226
0.9686619535193656,0.0430147667502813,-0.3195011325385596,-0.6385905655209703
0.9684138646935652,0.0425170270419544,-0.3187744019004133,-0.6420054264827264
0.9681685837348628,0.0420211234198745,-0.3179975936444662,-0.6454325720414635
0.9679261002508884,0.0415270164109478,-0.3171701842719437,-0.6488714453941253
0.967686404060963,0.0410346671289751,-0.3162916513126418,-0.6523214719290951
0.9674494854321842,0.0405440377483343,-0.3153614747408723,-0.6557820554978175
0.96721533497272,0.0400550912840703,-0.3143791373082881,-0.6592525795051495
0.9669839438232868,0.0395677919932302,-0.313344126117831,-0.6627324036235553
0.966755303532302,0.0390821051240088,-0.3122559330136555,-0.6662208651212296
0.9665294059667676,0.0385979967305049,-0.3111140549936393,-0.6697172798000572
0.9663062435776792,0.0381154342492503,-0.3099179964587972,-0.6732209374525158
0.9660858092775858,0.0376343862590488,-0.3086672697443846,-0.6767311031893295
0.9658680965741128,0.0371548227959484,-0.3073613970645724,-0.6802470147741464
0.9656530993343307,0.0366767148634982,-0.3059999103915867,-0.6837678858710735
0.96544081207263,0.0362000350977429,-0.3045823545155988,-0.6872929008696692
0.9652312298321548,0.0357247575475272,-0.3031082878503663,-0.6908212162138333
0.9650243481489336,0.035250857634252,-0.3015772837071387,-0.6943519604833785
0.9648201632458936,0.0347783126461118,-0.2999889334101955,-0.6978842305348203
0.9646186718969456,0.0343071014902015,-0.2983428472032585,-0.7014170932079581
0.9644198713773802,0.033837204636388,-0.2966386557121714,-0.704949585694722
0.9642237595856928,0.0333686044716917,-0.2948760129735775,-0.7084807128900652
0.9640303348843904,0.0329012849979946,-0.2930545971856416,-0.7120094497505194
0.9638395963837196,0.0324352326000696,-0.2911741156405265,-0.7155347356638665
0.9636515436833626,0.0319704355219899,-0.2892343048475501,-0.7190554786498159
0.963466176920054,0.0315068840788868,-0.2872349334784343,-0.7225705541216194
0.9632834965982492,0.031044570334068,-0.2851758030984425,-0.7260788078028256
0.9631035038644712,0.0305834888983354,-0.2830567538828899,-0.729579050242111
0.9629262002645406,0.0301236364420453,-0.2808776648420513,-0.7330700612105009
0.9627515877407188,0.0296650118067415,-0.278638456613143,-0.7365505896802029
0.9625796684971988,0.0292076157752047,-0.2763390926123552,-0.740019356522871
0.9624104451893416,0.0287514517038718,-0.273979584508458,-0.743475050799607
0.9622439206560572,0.0282965249520623,-0.2715599917538145,-0.7469163353186611
0.9620800979273474,0.0278428430335384,-0.2690804246002217,-0.7503418468485494
0.9619189800394864,0.0273904152385448,-0.2665410442112507,-0.7537502004656622
0.9617605701391676,0.0269392530537993,-0.2639420670608248,-0.7571399880081889
0.9616048712638032,0.0264893696779312,-0.2612837642488373,-0.7605097834813213
0.9614518863735446,0.0260407802384427,-0.2585664646347231,-0.763858143300075
0.9613016181520062,0.0255935013355197,-0.2557905538746106,-0.76718361168806
0.9611540691534928,0.0251475515994515,-0.2529564794975097,-0.7704847186278626
0.9610092410906208,0.0247029496414392,-0.2500647392522876,-0.7737599971957798
0.9608671352127364,0.0242597152357608,-0.2471158892753059,-0.7770079769169638
0.9607277527251048,0.0238178707478634,-0.2441105549120892,-0.7802271756725188
0.960591093565068,0.0233774373663305,-0.2410494062109521,-0.7834161295890394
0.96045715731209,0.0229384380012773,-0.2379331777722748,-0.7865733741641389
0.9603259421194976,0.0225008938303534,-0.2347626445663768,-0.7896974714637914
0.9601974460068586,0.0220648285563256,-0.2315386521681745,-0.7927869818215392
0.9600716653351298,0.0216302633059144,-0.2282620793864508,-0.7958405024651267
0.9599485957117148,0.0211972195877855,-0.2249338588320718,-0.7988566484525604
0.9598282317772928,0.0207657185380626,-0.2215549706333102,-0.8018340601450747
0.9597105664918044,0.0203357782285344,-0.2181264198005963,-0.8047714235349106
0.9595955924823378,0.0199074184107069,-0.2146492720790386,-0.8076674393570223
0.959483300909358,0.0194806563071228,-0.2111246191939895,-0.8105208537088968
0.9593736814694288,0.019055506331928,-0.2075535737124521,-0.8133304609058926
0.9592667229813197,0.0186319821081232,-0.2039372833939553,-0.8160950911433709
0.959162413523998,0.0182100969129736,-0.200276933421931,-0.8188136090802088
0.95906073942388,0.0177898593724595,-0.1965737067413051,-0.8214849425642967
0.9589616860808144,0.0173712764272515,-0.1928288064125299,-0.8241080636922457
0.9588652384082724,0.0169543550232376,-0.189043468691452,-0.8266819791014958
0.9587713798889684,0.0165390978439091,-0.1852189221445425,-0.8292057570402944
0.9586800933938672,0.0161255065057205,-0.1813564135994681,-0.8316785075679729
0.9585913606384638,0.0157135788264029,-0.1774571801037153,-0.8340993990167314
0.958505162786949,0.0153033112075568,-0.1735224682055716,-0.8364676433633738
0.9584214805840428,0.0148946990564254,-0.1695535358893446,-0.8387824939396322
0.9583402938334532,0.0144877339572161,-0.1655516226692769,-0.8410432611840715
0.9582615820513312,0.0140824065081453,-0.161517974419045,-0.8432492958515864
0.9581853240553072,0.0136787039291193,-0.1574538173197071,-0.8454000015542026
0.9581114982227792,0.0132766109494524,-0.1533603637964745,-0.8474948286117768
0.9580400831894984,0.0128761133645845,-0.1492388467671364,-0.8495332549511081
0.9579710567369556,0.0124771916268734,-0.1450904520942607,-0.8515148183914409
0.9579043967235912,0.0120798255868084,-0.1409163646999152,-0.8534390907876592
0.9578400810810076,0.0116839943269852,-0.1367177654829649,-0.8553056784185603
0.957778087635812,0.0112896748362001,-0.1324958156963119,-0.8571142274311504
0.9577183941783066,0.0108968420588157,-0.1282516555307716,-0.8588644221359291
0.9576609786238396,0.0105054696013163,-0.1239864100229368,-0.8605559804481553
0.9576058188224958,0.0101155280694639,-0.1197011693061143,-0.8621886595752465
0.9575528935105824,0.0097269915640052,-0.1153970588051058,-0.863762227786485
0.9575021809971984,0.0093398281247889,-0.1110751330004981,-0.865276503180063
0.9574536600731446,0.0089540057890498,-0.1067364406413049,-0.8667313266463729
0.9574073101857968,0.0085694940405307,-0.102382040709043,-0.8681265562536951
0.9573631107317097,0.0081862578359501,-0.098012934159604,-0.8694620882080251
0.9573210419334968,0.0078042646328897,-0.093630142698876,-0.8707378301347566
0.9572810840637904,0.0074234774124978,-0.0892346285360352,-0.8719537241530552
0.9572432182347528,0.0070438615821023,-0.0848273729161957,-0.8731097225429503
0.9572074259320208,0.0066653805658391,-0.0804093250608311,-0.8742058014398413
0.9571736891621806,0.0062879968869595,-0.0759814140660412,-0.8752419559178144
0.957141990564364,0.0059116732264407,-0.0715445610036558,-0.8762181960887745
0.9571123133412024,0.0055363715519798,-0.0670996685206411,-0.8771345487286868
0.9570846413178832,0.0051620536678511,-0.0626476271372153,-0.8779910549676587
0.9570589589720212,0.0047886815838594,-0.0581893195916061,-0.8787877688622275
0.957035251388768,0.0044162168494164,-0.0537256128874162,-0.879524758288011
0.9570135040898652,0.0040446172717016,-0.0492573186961539,-0.8802021097861541
0.95699370348466,0.0036738438888692,-0.0447852769805302,-0.8808199140473223
0.9569758366442472,0.0033038578293665,-0.0403103186766821,-0.881378272431086
0.9569598911169096,0.002934615816188,-0.0358332112487067,-0.881877302278509
0.9569458554273876,0.0025660810491285,-0.0313547906424165,-0.8823171208381656
0.9569337186061372,0.0021982131608908,-0.0268758398959409,-0.8826978595409178
0.9569234703352434,0.0018309703875902,-0.0223971154014862,-0.8830196590187505
0.95691510100609,0.0014643106708212,-0.0179193605040046,-0.8832826668818701
0.9569086017982152,0.0010981963702818,-0.0134433634247441,-0.8834870348389985
0.9569039644803652,0.0007325857301481,-0.0089698533210548,-0.8836329245735076
0.956901181550144,0.0003674399095645,-0.0044995864573674,-0.8837205029985334
0.9569002461594712,2.7150297412e-06,-3.32491736714e-05,-0.8837499442643758
0.9569011521809898,-0.0003616257987351,0.0044283945513374,-0.8837214273521227
0.9569038973657366,-0.0007259440697481,0.0088885614715729,-0.8836350364176204
0.956908486721063,-0.0010906073770295,0.0133505396720246,-0.8834906544633392
0.9569149259103116,-0.0014556542585204,0.0178135816958811,-0.8832881712991398
0.9569232212965147,-0.0018211254360807,0.0222769606962344,-0.8830274824122478
0.9569333798883914,-0.0021870602020665,0.0267399259788535,-0.8827084909284394
0.9569454093849664,-0.0025534987010351,0.0312017306288397,-0.8823311064909019
0.9569593181025688,-0.0029204795893683,0.0356616027659921,-0.8818952478485449
0.9569751150805588,-0.0032880431891435,0.0401187837124616,-0.881400839854717
0.9569928099998994,-0.003656229046092,0.0445724980502797,-0.8808478163530883
0.9570124132125644,-0.0040250768162704,0.0490219642175388,-0.8802361196026924
0.9570339357276386,-0.0043946259971383,0.0534663910802421,-0.8795657010739136
0.9570573891141256,-0.0047649145209128,0.0579049609687106,-0.8788365248411795
0.9570827855799896,-0.0051359804391779,0.0623368499683791,-0.8780485654877597
0.9571101381162144,-0.0055078637862314,0.0667612499430033,-0.8772018040389834
0.9571394601076774,-0.0058806011751703,0.0711773040866732,-0.8762962404177207
0.957170765878777,-0.0062542331428926,0.0755841941867824,-0.8753318769729894
0.9572040698948128,-0.0066287943340585,0.0799810245830022,-0.8743087435195133
0.957239387560057,-0.0070043233402182,0.0843669385025546,-0.873226873132505
0.9572767347078276,-0.0073808567084898,0.08874104752873,-0.8720863182536225
0.9573161280373204,-0.0077584335356416,0.0931024852371494,-0.8708871377434163
0.9573575841365004,-0.0081370861798667,0.0974503001037546,-0.8696294270208806
0.957401120607888,-0.0085168513652576,0.1017835843476673,-0.868313284121039
0.9574467553370872,-0.0088977633050012,0.1061013948788281,-0.8669388323071543
0.95749450663144,-0.009279855317549,0.1104027726210609,-0.8655062161335546
0.9575443931550592,-0.0096631595337918,0.1146867399170969,-0.8640156036581741
0.9575964344234972,-0.0100477107301368,0.1189523437369789,-0.8624671719733608
0.9576506497214312,-0.0104335383105784,0.1231985670298798,-0.8608611397204546
0.957707058926744,-0.0108206728286157,0.1274244024206975,-0.8591977426379859
0.9577656823736752,-0.0112091449280849,0.1316288407864428,-0.8574772378824108
0.9578265403535908,-0.0115989822101827,0.1358108382745878,-0.8556999187774977
0.9578896531523472,-0.0119902099730579,0.139969326179903,-0.8538661135438594
0.9579550418329176,-0.0123828562236418,0.1441032652711527,-0.8519761625295516
0.9580227272995184,-0.0127769459355427,0.1482115855296361,-0.8500304454035688
0.9580927299691712,-0.013172499692209,0.1522931745126903,-0.8480293901198298
0.9581650710236796,-0.0135695411143029,0.1563469559444368,-0.8459734367103009
0.9582397713789506,-0.0139680910517841,0.1603718305558495,-0.8438630665798108
0.9583168512571104,-0.0143681657975309,0.1643666607451616,-0.8416988138447671
0.958396330952224,-0.014769781535489,0.1683303177611209,-0.8394812429548983
0.9584782308128938,-0.0151729543051565,0.1722616824049947,-0.8372109487068861
0.9585625708024272,-0.0155776979703631,0.1761596266580598,-0.834888567792571
0.958649369991244,-0.015984022171247,0.1800229966537312,-0.8325147916538901
0.9587386475330169,-0.0163919372673059,0.1838506624104354,-0.8300903385389581
0.9588304216329846,-0.0168014497398056,0.1876414761827146,-0.8276159805628099
0.9589247102047256,-0.0172125654971444,0.1913943059681181,-0.8250925244795518
0.9590215299383616,-0.017625286045522,0.1951080027616166,-0.8225208352096893
0.9591208974610363,-0.018039613786294,0.1987814511554237,-0.8199018032407144
0.9592228280598396,-0.0184555467996804,0.2024135246335346,-0.8172363768877855
0.959327336376181,-0.0188730820712292,0.2060031170654618,-0.8145255419761315
0.9594344361759728,-0.0192922147451735,0.2095491382453201,-0.811770326018358
0.9595441397323196,-0.0197129359948511,0.2130504986055817,-0.808971811894102
0.9596564590044137,-0.0201352378283596,0.2165061519587661,-0.8061311054395844
0.9597714045846856,-0.0205591091923639,0.2199150648044362,-0.803249360250586
0.959888985913664,-0.0209845370554664,0.2232762278608063,-0.8003277696986022
0.9600092113077598,-0.0214115067125451,0.2265886606481752,-0.797367563781348
0.960132088187178,-0.0218400027462751,0.2298514207110676,-0.7943700011240192
0.9602576226508764,-0.0222700076685809,0.2330635947760793,-0.7913363769791091
0.96038581986764,-0.0227015034242422,0.2362243117701844,-0.7882680111887117
0.9605166836577124,-0.0231344700843963,0.2393327344796141,-0.7851662557742126
0.9606502168568138,-0.0235688871924251,0.2423880707264571,-0.78203248367182
0.9607864215604678,-0.024004734596289,0.2453895797763582,-0.7788680807525616
0.960925298642738,-0.0244419909332229,0.2483365622664438,-0.7756744548060703
0.961066848232763,-0.024880635200213,0.251228371489377,-0.7724530221778471
0.961211069503054,-0.0253206460940054,0.2540644089835676,-0.7692052105303842
0.96135796115516,-0.0257620034891161,0.2568441339186699,-0.7659324458806377
0.9615075209112716,-0.0262046868626868,0.259567052527376,-0.7626361621650836
0.9616597460507612,-0.0266486768815007,0.2622327275912173,-0.7593177874614969
0.96181463327405,-0.0270939549318749,0.2648407745436886,-0.7559787454528207
0.9619721791734476,-0.0275405043971329,0.2673908677603594,-0.7526204438787003
0.9621323794153424,-0.0279883082521204,0.2698827254309622,-0.7492442907244994
0.9622952300719544,-0.0284373527398002,0.2723161289872292,-0.7458516647552621
0.9624607269462522,-0.028887625331468,0.2746909095315085,-0.7424439291169951
0.9626288653708795,-0.0293391141122697,0.2770069432043289,-0.7390224344243644
0.9627996413714484,-0.0297918108076625,0.2792641649303407,-0.7355884943411547
0.9629730506254596,-0.0302457078493912,0.2814625510886057,-0.7321434064262724
0.9631490890665648,-0.0307007998875867,0.2836021252630413,-0.7286884394308588
0.9633277530663455,-0.0311570841215676,0.2856829573829881,-0.7252248296572074
0.963509039035745,-0.0316145591532933,0.2877051561563682,-0.7217537886674895
0.9636929438345462,-0.0320732259265087,0.289668871250489,-0.7182764952821196
0.9638794649000736,-0.0325330879147854,0.291574291636308,-0.7147940934149881
0.9640685998131728,-0.0329941499352699,0.2934216383856676,-0.7113077004351193
0.9642603468937272,-0.0334564195115277,0.2952111681546534,-0.7078183963338843
0.9644547048649889,-0.0339199059412739,0.2969431671635525,-0.7043272303841241
0.964651673131172,-0.0343846208654887,0.2986179512725446,-0.7008352165534228
0.9648512513538076,-0.0348505771755491,0.3002358599783555,-0.6973433415196116
0.9650534399855588,-0.0353177901910744,0.3017972587485872,-0.6938525556998949
0.965258239977958,-0.0357862768885887,0.3033025343389787,-0.6903637790184592
0.9654656528491226,-0.0362560559898986,0.3047520933506839,-0.6868779002787069
0.9656756806855455,-0.0367271479003934,0.306146360327814,-0.6833957777299383
0.9658883262678456,-0.0371995749272502,0.3074857767229133,-0.6799182376366516
0.9661035927559924,-0.0376733605227418,0.3087707971642474,-0.6764460800841051
0.966321483936702,-0.0381485297917703,0.3100018895234906,-0.6729800754912304
0.9665420042017192,-0.0386251093949324,0.3111795332003265,-0.6695209656542396
0.966765158371736,-0.0391031271298036,0.3123042167873553,-0.6660694671370193
0.9669909518421808,-0.0395826122166224,0.313376437609387,-0.6626262695623689
0.9672193905081798,-0.0400635951082743,0.3143967001245114,-0.6591920373939255
0.96745048070375,-0.0405461073414247,0.3153655145806588,-0.6557674114139604
0.9676842292416876,-0.0410301816044782,0.316283396212864,-0.6523530086657812
0.967920643402748,-0.0415158517002725,0.3171508642526373,-0.6489494231734853
0.9681597308100562,-0.0420031522793386,0.3179684406293556,-0.6455572282650341
0.9684014996140686,-0.0424921192128728,0.3187366498518569,-0.6421769744297254
0.9686459582185322,-0.0429827890325564,0.3194560173698313,-0.6388091936809841
0.9688931155254148,-0.0434751994271774,0.320127069707437,-0.6354543965910893
0.9691429807198418,-0.0439693888125215,0.3207503332014075,-0.6321130757284904
0.9693955631357952,-0.0444653960794112,0.3213263332319965,-0.6287857077788757
0.969650872633824,-0.0449632613485232,0.3218555946501527,-0.6254727489151973
0.9699089193131748,-0.0454630254108634,0.3223386405843066,-0.6221746390545273
0.970169713472319,-0.0459647296688123,0.3227759920147442,-0.6188918026725136
0.9704332656248849,-0.0464684161862799,0.3231681674848485,-0.6156246488917965
0.9706995866167348,-0.0469741279296038,0.323515682929665,-0.6123735703644411
0.9709686872985148,-0.0474819081645249,0.3238190509318504,-0.6091389475876122
0.971240578989708,-0.0479918013566364,0.3240787810217965,-0.60592114355896
0.9715152727901952,-0.048503851898481,0.3242953787010115,-0.6027205122690933
0.971792780265401,-0.0490181054211594,0.3244693459065199,-0.5995373908088281
0.9720731130807876,-0.049534608131108,0.3246011804065267,-0.5963721039908156
0.9723562827000752,-0.0500534062875282,0.3246913755689612,-0.5932249678729893
0.9726423010359035,-0.0505745474286934,0.3247404204895762,-0.5900962826323103
0.9729311798383018,-0.0510980792782335,0.3247487996062332,-0.586986339601103
0.973222931050358,-0.0516240504267203,0.3247169926675842,-0.583895417504545
0.973517567822932,-0.052152512172289,0.3246454742040102,-0.5808237722502613
0.9738151024089974,-0.0526835147533331,0.3245347135909112,-0.5777716594778137
0.974115546775514,-0.0532171085087369,0.3243851752227254,-0.5747393277955528
0.9744189128490032,-0.0537533443583176,0.324197318439138,-0.5717270162503876
0.9747252123899204,-0.0542922736189348,0.3239715975569107,-0.5687349556412254
0.9750344573704222,-0.054833948706402,0.32370846152622,-0.5657633649192149
0.9753466596482208,-0.0553784225951637,0.3234083540455407,-0.5628124545477537
0.9756618308826568,-0.0559257487131742,0.3230717136214313,-0.559882427322943
0.9759799826595298,-0.0564759812007078,0.3226989734180333,-0.5569734772294187
0.9763011264108952,-0.0570291748114692,0.3222905612936244,-0.5540857902442816
0.9766252735283092,-0.057585385148557,0.3218468996059552,-0.5512195433765824
0.9769524351884584,-0.0581446684055627,0.3213684053821682,-0.5483749062914561
0.977282622345748,-0.0587070813985606,0.320855490314555,-0.5455520413693662
0.9776158461724136,-0.059272682356812,0.3203085599981395,-0.5427511000356058
0.9779521171139188,-0.0598415293602716,0.3197280153874692,-0.5399722308140044
0.978291445644658,-0.0604136816718005,0.3191142515792459,-0.537215572891331
0.9786338420120116,-0.0609891993467911,0.318467658162121,-0.5344812583331512
0.978979316207972,-0.0615681432324827,0.3177886192306376,-0.5317694123195076
0.9793278778245796,-0.0621505747747416,0.3170775136468094,-0.5290801542519636
0.979679536468878,-0.0627365567603753,0.3163347141550242,-0.5264135945463608
0.9800343010848374,-0.0633261522346854,0.3155605887371571,-0.5237698398329174
0.9803921806015404,-0.0639194256331389,0.3147554992141707,-0.5211489880055824
0.9807531832364664,-0.0645164416759136,0.3139198027353412,-0.518551133371697
0.9811173172655656,-0.0651172666969713,0.3130538499968255,-0.5159763609991285
0.9814845902909786,-0.0657219674857741,0.3121579868734273,-0.5134247519921316
0.9818550095678608,-0.0663306118838602,0.3112325536347968,-0.510896381066461
0.9822285819290018,-0.0669432687163819,0.3102778850745986,-0.5083913170458884
0.9826053139441522,-0.0675600081098714,0.3092943100394744,-0.5059096217788663
0.9829852114496042,-0.0681809007800052,0.3082821525946484,-0.5034513532117748
0.9833682797540128,-0.068806018430409,0.3072417314765739,-0.5010165638833786
0.9837545239948196,-0.0694354343942018,0.3061733590501136,-0.498605298640624
0.98414394840529,-0.0700692225003486,0.3050773432472067,-0.4962175992191651
0.9845365569826382,-0.0707074582264166,0.3039539856674486,-0.4938534999833322
0.9849323527752956,-0.0713502176037087,0.3028035835278076,-0.4915130322053382
0.9853313383996444,-0.0719975781244419,0.3016264281422177,-0.4891962208181276
0.9857335158501512,-0.0726496185003637,0.300422805385376,-0.4869030855006168
0.986138886348748,-0.0733064184879356,0.2991929960783309,-0.4846336414326432
0.9865474504692148,-0.0739680591609017,0.2979372755509049,-0.4823878984692901
0.9869592081289827,-0.0746346229690621,0.2966559135806056,-0.4801658611097633
0.987374158243063,-0.0753061932519979,0.2953491753959609,-0.4779675302430225
0.9877922992703366,-0.0759828551988649,0.2940173198880773,-0.4757929001030213
0.9882136286720936,-0.0766646950491873,0.2926606012179632,-0.4736419610516607
0.9886381428470424,-0.0773518000666259,0.291279268970383,-0.471514699695274
0.9890658375031172,-0.0780442592211439,0.2898735668658925,-0.4694110968508249
0.9894967072714342,-0.0787421626464037,0.2884437339176358,-0.4673311293527213
0.9899307461453402,-0.0794456024351115,0.2869900028763149,-0.4652747677870875
0.99036794677479,-0.0801546715821073,0.2855126024710174,-0.4632419797425674
0.9908083007460864,-0.0808694645246616,0.284011756393629,-0.4612327282468025
0.9912517987843456,-0.0815900775611848,0.2824876824892596,-0.4592469707059221
0.9916984303976356,-0.0823166083658746,0.2809405938453989,-0.4572846603865859
0.9921481838822612,-0.0830491560905728,0.2793706986645635,-0.4553457461878276
0.9926010462198172,-0.0837878212923229,0.2777782005070062,-0.4534301728823863
0.9930570032251768,-0.0845327062721145,0.2761632976463208,-0.4515378802903044
0.993516039436232,-0.085283914995689,0.2745261833163022,-0.4496688035770964
0.9939781379900255,-0.0860415529931955,0.2728670460128899,-0.4478228735654864
0.9944432807014376,-0.0868057275925926,0.2711860690685615,-0.4460000162169083
0.9949114477467492,-0.0875765475065307,0.2694834316462342,-0.444200153665831
0.995382617919339,-0.088354123360685,0.2677593076649803,-0.4424232029905503
0.9958567684967792,-0.0891385675876009,0.2660138661146238,-0.4406690765335458
0.9963338747923388,-0.0899299937968303,0.2642472725486988,-0.438937683311055
0.9968139110354324,-0.0907285183499745,0.2624596856597843,-0.4372289255651658
0.997296849157517,-0.0915342584651049,0.26065126159719,-0.4355427029350784
0.9977826595084318,-0.0923473335247338,0.2588221511356457,-0.433878909601106
0.998271310630828,-0.0931678648256283,0.2569725003179445,-0.4322374348657775
0.9987627691649412,-0.0939959755459068,0.2551024506156195,-0.4306181632334138
0.9992569995676664,-0.0948317903987291,0.2532121398003997,-0.4290209750615746
0.9997539645058764,-0.095675436426559,0.2513017002370168,-0.4274457450065252
1.0002536243807814,-0.096527042331747,0.2493712604826599,-0.4258923433042466
1.0007559374410782,-0.09738673880269,0.2474209446364643,-0.4243606351148935
1.001260859582772,-0.0982546583100437,0.245450872887723,-0.4228504808519407
1.0017683446479737,-0.0991309357627622,0.2434611601119978,-0.4213617350077488
1.0022783437422875,-0.1000157074777161,0.2414519182948087,-0.4198942478920956
1.0027908054269208,-0.1009091116501139,0.2394232555475793,-0.4184478647129178
1.003305676053246,-0.1018112890891718,0.2373752745190377,-0.417022424348636
1.0038228991701328,-0.1027223823412833,0.2353080744681107,-0.4156177607355564
1.0043424154571303,-0.1036425357210712,0.2332217512724956,-0.4142337026954298
1.0048641632661806,-0.1045718964316425,0.2311163949680707,-0.4128700721856981
1.0053880773885446,-0.1055106125366988,0.2289920944225636,-0.4115266872340665
1.0059140901352162,-0.1064588350445288,0.2268489326887804,-0.4102033587617569
1.0064421305815945,-0.1074167167300811,0.2246869897477632,-0.4088998922248716
1.0069721244477488,-0.1083844120786219,0.2225063427032658,-0.4076160875310309
1.0075039946517748,-0.1093620784695723,0.2203070631838403,-0.4063517373570056
1.008037660361807,-0.1103498746226575,0.2180892209130724,-0.405106629099691
1.008573037212553,-0.1113479611588821,0.2158528825037049,-0.4038805439514554
1.0091100377636064,-0.1123565016425355,0.2135981091886983,-0.4026732555124203
1.0096485705861036,-0.1133756610672422,0.2113249602768084,-0.4014845315305058
1.0101885407388267,-0.1144056069343268,0.2090334907976518,-0.4003141324494227
1.0107298490098608,-0.1154465080012194,0.2067237543432456,-0.3991618126907539
1.011272392524362,-0.1164985356293603,0.2043958001175188,-0.398027318946728
1.0118160645627043,-0.1175618636516994,0.2020496732943567,-0.3969103902341451
1.0123607538332078,-0.1186366671554913,0.1996854177520569,-0.3958107590115645
1.012906344822596,-0.1197231233565762,0.1973030741762885,-0.3947281500386828
1.0134527178788946,-0.1208214119835405,0.1949026792651264,-0.393662279843025
1.013999748667476,-0.1219317144086234,0.1924842676741665,-0.3926128574079856
1.0145473080984695,-0.1230542137007428,0.1900478719222732,-0.3915795838874631
1.0150952625250935,-0.1241890952474256,0.1875935210679087,-0.3905621518244885
1.015643473194253,-0.1253365458452506,0.1851212427058653,-0.3895602457748048
1.0161917964563816,-0.1264967543491697,0.1826310615775242,-0.3885735414931638
1.01674008383781,-0.1276699120718381,0.1801229987437304,-0.3876017054108144
1.017288181141486,-0.128856211099288,0.1775970752040294,-0.3866443958189686
1.0178359288112149,-0.130055845273825,0.1750533097813647,-0.3857012617675342
1.0183831623620885,-0.1312690113981287,0.1724917165890561,-0.3847719419214452
1.0189297113244442,-0.1324959071771352,0.1699123094053109,-0.3838560659583114
1.019475399378939,-0.1337367317317207,0.1673151005619688,-0.382953253875898
1.0200200442475444,-0.1349916855897416,0.1647001009452295,-0.3820631157270291
1.0205634579722829,-0.136260971592242,0.1620673180996552,-0.3811852507293597
1.0211054460112554,-0.1375447930603674,0.159416760025063,-0.380319248291931
1.0216458077760835,-0.1388433552974903,0.15674843202835,-0.3794646866878542
1.0221843361470877,-0.1401568647184392,0.1540623385023645,-0.3786211333810966
1.0227208173734192,-0.1414855288660893,0.1513584828508109,-0.377788144719498
1.023255031194828,-0.1428295569977063,0.1486368662619502,-0.3769652652859339
1.0237867501397755,-0.144189158613007,0.1458974906537589,-0.3761520285158735
1.0243157400215124,-0.1455645449824249,0.1431403555296833,-0.3753479554587421
1.0248417593521573,-0.1469559279553934,0.1403654603382717,-0.3745525552003378
1.025364559216778,-0.1483635199005441,0.1375728045194193,-0.3737653245656064
1.025883883613689,-0.1497875349385735,0.1347623850022586,-0.3729857471195087
1.0263994683820354,-0.1512281863425047,0.1319342012846588,-0.3722132942854
1.026911042026753,-0.1526856891022462,0.1290882502931956,-0.3714474236044582
1.0274183249625084,-0.1541602581708648,0.1262245297694879,-0.3706875793627892
1.0279210294543029,-0.1556521085952023,0.1233430379174359,-0.3699331921651326
1.0284188598143962,-0.1571614564634035,0.1204437714954143,-0.3691836781156878
1.0289115117817422,-0.1586885174353905,0.1175267285752904,-0.3684384392157252
1.0293986724816433,-0.1602335069495891,0.1145919080347941,-0.367696862885653
1.0298800204375709,-0.1617966406499141,0.1116393086508813,-0.3669583213941112
1.0303552254152395,-0.1633781343339862,0.1086689291202681,-0.3662221715237344
1.030823947765828,-0.1649782021872542,0.1056807712721516,-0.3654877550097305
1.031285838977014,-0.166597059048598,0.1026748357072726,-0.3647543970948417
1.0317405409779432,-0.1682349185328882,0.0996511252131139,-0.364021407002452
1.0321876862882424,-0.1698919940343492,0.0966096427911614,-0.3632880770728155
1.0326268976083508,-0.1715684977824741,0.0935503932968222,-0.3625536827705748
1.0330577876737532,-0.1732646408150054,0.0904733833655751,-0.3618174822618019
1.0334799590935753,-0.1749806329234898,0.0873786213926397,-0.3610787159941672
1.0338930043471697,-0.1767166833107493,0.0842661162429081,-0.360336605962578
1.0342965053467106,-0.1784729995218382,0.0811358790773329,-0.3595903557033512
1.0346900331140436,-0.1802497867191501,0.0779879245105107,-0.3588391501116581
1.035073147892034,-0.1820472489271784,0.0748222682715163,-0.3580821544099325
1.035445399137623,-0.1838655900709861,0.0716389253113722,-0.357318513197345
1.0358063244416424,-0.1857050097861005,0.0684379170552287,-0.356547351669114
1.0361554499405696,-0.1875657062870394,0.0652192662272628,-0.3557677738428709
1.0364922900687947,-0.1894478764036147,0.0619829967194711,-0.3549788619565962
1.0368163469791576,-0.1913517137487353,0.0587291366555754,-0.3541796766193232
1.0371271107683722,-0.1932774115301906,0.055457713485821,-0.3533692549822943
1.0374240584417265,-0.195225158005014,0.0521687616510274,-0.3525466119670322
1.0377066542630329,-0.1971951403161332,0.0488623159521395,-0.3517107379357932
1.0379743491457225,-0.1991875427314012,0.0455384144752821,-0.3508605986726919
1.0382265804973008,-0.2012025480745927,0.0421970961436673,-0.3499951339657526
1.0384627716100223,-0.2032403360547087,0.0388384034636475,-0.3491132574581725
1.038682331187866,-0.2053010823310641,0.0354623839801517,-0.3482138561526023
1.0388846533573235,-0.2073849625992464,0.0320690835380448,-0.3472957876582263
1.0390691166394894,-0.2094921473827719,0.0286585547948843,-0.3463578814218106
1.0392350838433544,-0.2116228058789149,0.025230850917269,-0.3453989359302842
1.03938190140962,-0.2137771053021695,0.021786026693275,-0.3444177177817673
1.0395088987692411,-0.215955210668777,0.0183241389197843,-0.3434129604774962
1.039615387669608,-0.2181572847040728,0.0148452465965806,-0.3423833630618492
1.0397006614414843,-0.2203834874362923,0.0113494116191114,-0.3413275888055938
1.039763994314407,-0.22263397936812,0.0078366938941961,-0.3402442620515271
1.0398046403802703,-0.2249089174016871,0.004307157857006,-0.3391319683549894
1.0398218327592148,-0.227208460115838,0.0007608643930756,-0.3379892499773536
1.039814782428263,-0.2295327645362097,-0.0028021239301283,-0.3368146052929727
1.03978266381441,-0.2318826850592093,-0.0063828044997911,-0.3356061238603516
1.0397245637012211,-0.2342601763919152,-0.0099838112097148,-0.334361237552474
1.0396395324637606,-0.2366655014456763,-0.0136051738194038,-0.3330781627304117
1.0395265851804731,-0.2390989403904312,-0.017246944697162,-0.3317550393377452
1.0393846995167495,-0.2415607779515208,-0.0209091789697347,-0.3303899330283864
1.0392128132035754,-0.2440513049869116,-0.0245919363924893,-0.3289808295243894
1.0390098212243648,-0.2465708198445741,-0.0282952827926259,-0.3275256285534794
1.0387745722146535,-0.2491196344446573,-0.0320192983013893,-0.3260221343732005
1.0385058655372288,-0.2516980679340174,-0.0357640672494522,-0.3244680528294044
1.0382024459335892,-0.2543064614541113,-0.0395296987592369,-0.3228609751088664
1.037863000558796,-0.2569451647067282,-0.043316306194239,-0.3211983775067767
1.0374861517687903,-0.2596145554685287,-0.0471240341336734,-0.3194775999966343
1.0370704519063787,-0.2623150346854536,-0.0509530497902239,-0.3176958383999686
1.0366143755591009,-0.2650470352844189,-0.0548035539220125,-0.3158501264603171
1.036116310979048,-0.2678110285500976,-0.0586757878569826,-0.3139373174438413
1.0355745508744134,-0.2706075275318594,-0.0625700360291712,-0.3119540656497335
1.0349872796896131,-0.2734371016329656,-0.0664866437251836,-0.3098967974832879
1.034352560063413,-0.2763003851236489,-0.0704260257062549,-0.3077616833278677
1.0336683158605169,-0.2791980918182204,-0.0743886827407928,-0.3055446010155573
1.0329323124099818,-0.2821310300089169,-0.0783752176708089,-0.3032410941609839
1.032142131423485,-0.2851001255232703,-0.0823863615754764,-0.3008463181243543
1.031295140812143,-0.2881064476057986,-0.0864230024445007,-0.2983549758512353
1.030388458319897,-0.2911512382032275,-0.0904862169356066,-0.2957612413361565
1.0294189044249888,-0.2942359552130563,-0.0945773189333992,-0.2930586591114
1.0283829451991544,-0.2973623198927003,-0.098697911156464,-0.2902400241059563
1.0272766207562454,-0.3005323753885572,-0.1028499485607834,-0.2872972315667262
1.0260954513350324,-0.3037485690019479,-0.1070358291240947,-0.2842210787311308
1.0248343273683116,-0.3070138279809887,-0.1112584714847756,-0.2810010382520029
1.0234873684979682,-0.310331658816292,-0.1155214179052454,-0.2776249663290069
1.0220477621152158,-0.313706227851382,-0.1198289070874825,-0.2740787754989186
1.0205076061392286,-0.3171423620134994,-0.12418584002541,-0.270346130927789
1.0188578455138386,-0.3206452949206408,-0.1285974236282126,-0.2664083749112046
1.0170885358468846,-0.324219768609871,-0.1330680211593465,-0.2622451985676519
1.0151900868840855,-0.3278674842194514,-0.1375980038272464,-0.2578374977773031
1.0131568353143765,-0.3315811099276796,-0.1421765096381678,-0.2531753153724219
1.010994393375144,-0.3353337672306867,-0.1467690234164248,-0.2482737797440937
1.008727314799691,-0.3390715246060668,-0.1513091901448487,-0.2431888973503785
1.006394024507086,-0.3427282907427006,-0.1557179362353342,-0.2380046645102269
1.0040277803719269,-0.3462573554821929,-0.1599415699646857,-0.2327907357770841
1.0016463658649415,-0.3496420101217228,-0.1639634118576183,-0.2275812377069671
0.9992560212618704,-0.3528840304614852,-0.1677889216414738,-0.2223849089258475
0.9968576852998609,-0.3559918879388117,-0.1714311699557948,-0.2171994021087655
0.9944505065945992,-0.3589750819807005,-0.1749040227671121,-0.2120190490170898
0.9920332856923156,-0.3618422107145657,-0.1782199080814441,-0.2068379253334594
0.9896049798587856,-0.3646005368038146,-0.1813893785158983,-0.2016508457003388
0.9871648407035822,-0.3672560529359659,-0.1844212552815573,-0.1964535746425416
0.9847124219047512,-0.369813675682816,-0.1873229088202381,-0.1912427757124724
0.982247544671248,-0.3722774476507648,-0.1901005361363606,-0.1860158862946695
0.9797702563395536,-0.3746507104913167,-0.1927593938944158,-0.180770990529258
0.9772807875804228,-0.3769362490961357,-0.1953039900356594,-0.1755066989582278
0.9747795199195742,-0.3791364020626105,-0.1977382305799378,-0.1702220572139532
0.9722669549501588,-0.381253152399436,-0.2000655390329857,-0.1649164636113271
0.9697436905285528,-0.3832881977080763,-0.2022889488480605,-0.1595896054760793
0.9672104006440236,-0.3852430062996091,-0.204411177149635,-0.1542414062002398
0.9646678207894216,-0.3871188604365071,-0.2064346818340529,-0.1488719861503852
0.9621167325826472,-0.3889168934918627,-0.208361710035756,-0.1434816236954783
0.9595579541131788,-0.3906381174990559,-0.2101943345869138,-0.1380707296233201
0.9569923294186418,-0.3922834471904547,-0.2119344854215144,-0.1326398207183962
0.9544207215263408,-0.3938537182061344,-0.2135839737044997,-0.1271895016454291
0.951844005231365,-0.3953497028041531,-0.2151445124638285,-0.1217204468740835
0.9492630616615144,-0.3967721222214805,-0.2166177329883647,-0.1162333868484072
0.9466787737241972,-0.3981216567553481,-0.2180051982682817,-0.1107290963902608
0.9440920213336312,-0.3993989544566578,-0.2193084145083206,-0.1052083829098436
0.9415036778529394,-0.4006046378925142,-0.2205288402408401,-0.0996720774066179
0.938914608975699,-0.4017393088151738,-0.2216678929805058,-0.0941210308610069
0.9363256663179828,-0.4028035543652591,-0.2227269571345103,-0.0885560994219289
0.933737690187627,-0.4037979485163713,-0.2237073868889431,-0.0829781493604692
0.9311515025799671,-0.4047230570696752,-0.2246105124413542,-0.0773880411081819
0.9285679107503826,-0.405579437948328,-0.2254376414033752,-0.0717866361152938
0.925987702606863,-0.4063676442604091,-0.2261900627931267,-0.0661747861252834
0.9234116460021444,-0.4070882254410889,-0.2268690490044409,-0.0605533308615874
0.9208404878777908,-0.4077417281851671,-0.227475857474067,-0.0549230954160058
0.9182749574964348,-0.4083286962444881,-0.2280117312197278,-0.0492848966442312
0.9157157587202892,-0.4088496726969901,-0.2284779015749476,-0.0436395255509746
0.913163575854785,-0.4093051986997287,-0.2288755876054172,-0.0379877594151228
0.9106190707828048,-0.4096958142611878,-0.2292059973353636,-0.0323303548297842
0.908082882542906,-0.4100220582155501,-0.229470328178697,-0.0266680460734644
0.905555630027434,-0.4102844677713637,-0.2296697669906681,-0.0210015504726096
0.9030379067455808,-0.4104835789162609,-0.229805490752538,-0.0153315560152727
0.9005302873963359,-0.4106199254772834,-0.2298786661811212,-0.0096587354248133
0.8980333223624541,-0.4106940392965505,-0.2298904501331812,-0.0039837331152557
0.8955475414900225,-0.410706449592375,-0.2298419894116793,0.0016928269554142
0.8930734537194563,-0.4106576826819587,-0.2297344208139477,0.0073703427435474
0.8906077014702247,-0.4105480429543819,-0.2295685669372203,0.0130571265013129
0.8881498820779338,-0.4103776919158677,-0.2293451838758315,0.0187547822430286
0.8857005754617936,-0.4101468048866313,-0.229065066188309,0.0244626441515317
0.8832603534143825,-0.409855564112935,-0.2287290161088946,0.0301800440742361
0.8808297822135155,-0.4095041595987828,-0.2283378444321825,0.0359063049284524
0.8784094178102385,-0.4090927889898527,-0.2278923702862529,0.0416407515027206
0.8759998085820158,-0.4086216583121342,-0.2273934218729072,0.047382703532088
0.8736014936380603,-0.4080909821041106,-0.22684183649727,0.0531314792115251
0.8712150019945936,-0.4075009835284442,-0.2262384605778745,0.0588863967185543
0.8688408528063729,-0.4068518946709724,-0.2255841498327445,0.0646467732135668
0.8664795555479547,-0.4061439568740071,-0.2248797694680442,0.0704119239207473
0.8641316090416921,-0.4053774207218876,-0.2241261939947495,0.0761811640123394
0.8617974994090712,-0.4045525454905561,-0.223324306518217,0.0819538132357218
0.8594777029691113,-0.4036696002255855,-0.2224749996049049,0.0877291883700829
0.8571726839296181,-0.4027288631091448,-0.221579174446191,0.0935066084782831
0.8548828935625493,-0.4017306211258113,-0.2206377403236923,0.0992853966204323
0.8526087720137419,-0.4006751708563733,-0.219651615121934,0.1050648749304847
0.8503507454954438,-0.3995628172455958,-0.2186217239131285,0.1108443713533318
0.8481092275520533,-0.3983938740767755,-0.2175489991435879,0.1166232161469659
0.8458846172682891,-0.3971686629373955,-0.2164343794086579,0.1224007462167014
0.8436772993397722,-0.3958875129753951,-0.2152788089651111,0.1281763047699745
0.841487645760171,-0.3945507616702342,-0.2140832381357452,0.133949236698288
0.8393160167937448,-0.3931587554349267,-0.2128486235081341,0.1397188856717927
0.8371627536000918,-0.391711844658495,-0.2115759232165244,0.1454846135570361
0.8350281841357775,-0.3902103869009252,-0.2102660995008257,0.1512457848102707
0.8329126221571069,-0.3886547459915226,-0.2089201175734134,0.1570017689917221
0.8308163667058029,-0.3870452912987947,-0.2075389446497342,0.1627519420989853
0.8287396988722275,-0.3853823946506694,-0.2061235469961156,0.1684956955567987
0.8266828882060667,-0.3836664347817282,-0.2046748934122675,0.1742324186718765
0.8246461850213173,-0.3818977905499242,-0.2031939491417602,0.1799615200691136
0.8226298272708544,-0.3800768459421902,-0.2016816797911976,0.1856824087561358
0.8206340362349263,-0.3782039857696985,-0.2001390473847663,0.1913945063831907
0.8186590168618935,-0.3762795950184956,-0.1985670095472233,0.1970972466963051
0.8167049592269904,-0.3743040593565106,-0.1969665196244656,0.2027900717257952
0.8147720376120999,-0.3722777633578186,-0.1953385249360265,0.2084724348282559
0.8128604095605325,-0.370201088422643,-0.1936839648368791,0.2141438040070155
0.8109702202260256,-0.3680744164548329,-0.1920037733714074,0.219803649528461
0.8091015970559001,-0.3658981230301539,-0.1902988735617408,0.2254514602263767
0.8072546526787561,-0.3636725792630054,-0.1885701786764081,0.2310867356215273
0.8054294846230373,-0.361398150249704,-0.1868185907788332,0.2367089874315764
0.803626174392614,-0.3590751924958003,-0.1850449985451563,0.2423177432139501
0.8018447895358537,-0.3567040550373902,-0.1832502779475889,0.2479125408104245
0.8000853823459166,-0.3542850762669814,-0.181435289664164,0.2534929332323129
0.7983479919067618,-0.3518185851114863,-0.1796008798160652,0.2590584831009693
0.7966326397917902,-0.3493048931777901,-0.1777478740089791,0.2646087774239725
0.7949393362563224,-0.346744301663141,-0.175877082401631,0.2701434088325922
0.7932680763431758,-0.3441370938677365,-0.1739892941029799,0.2756619891654426
0.7916188406409314,-0.3414835340232823,-0.1720852763526708,0.2811641483246732
0.7899915960866972,-0.3387838662183043,-0.1701657737926278,0.2866495329332317
0.7883862957551835,-0.33603831159935,-0.1682315065475255,0.2921178084001368
0.7868028818638897,-0.3332470710421869,-0.166283172189663,0.2975686500073605
0.785241278343443,-0.3304103093207846,-0.1643214348382478,0.3030017699399845
0.7837014009947216,-0.3275281699963825,-0.1623469357914606,0.3084168839060772
0.7821831509087598,-0.3246007606587376,-0.1603602835262651,0.3138137353999688
0.780686417537022,-0.3216281551104188,-0.1583620555713008,0.319192086709097
0.779211076717807,-0.3186103858283623,-0.1563527938172865,0.3245517277512163
0.777756990676786,-0.3155474395900817,-0.1543330021546029,0.3298924782112372
0.7763240137846942,-0.3124392653663693,-0.1523031522065328,0.3352141683145119
0.7749119832177997,-0.3092857498066353,-0.1502636678585896,0.3405166753059424
0.7735207288419693,-0.306086733485634,-0.1482149366423548,0.3457998889862987
0.7721500676483216,-0.302841993490521,-0.1461572992063904,0.3510637345324475
0.7707998030263212,-0.2995512351921019,-0.1440910451168303,0.3563081779762563
0.7694697295130588,-0.296214097006938,-0.1420164169271517,0.3615332103918503
0.7681596292025464,-0.2928301347138085,-0.1399336014670387,0.3667388642776529
0.7668692757163466,-0.2893988238542831,-0.1378427325844226,0.3719252004795949
0.7655984318533308,-0.2859195456157822,-0.135743883781579,0.3770923200009675
0.7643468533318953,-0.2823915881647319,-0.1336370704314374,0.3822403513946599
0.7631142830401405,-0.2788141209169731,-0.1315222358980544,0.3873694769430888
0.7619004609824718,-0.2751862123970222,-0.1293992638132901,0.3924798941698534
0.7607051220951068,-0.2715068142363878,-0.1272679700348306,0.397571826523328
0.7595279962500396,-0.2677747498759374,-0.1251280976766708,0.4026455253011027
0.7583688198619547,-0.2639887403578227,-0.1229793332754581,0.4077012207580174
0.7572273366966316,-0.2601473986692099,-0.1208213042651752,0.4127391176013829
0.7561033068452471,-0.2562492521739149,-0.1186535919627067,0.4177593534938746
0.7549965218222657,-0.2522927918154665,-0.1164757582166491,0.4227619267471237
0.7539068175964099,-0.2482765228831702,-0.1142873710310362,0.4277466283909959
0.7528341060199311,-0.2441990959448259,-0.1120880713502089,0.4327128838424199
0.7517784035024616,-0.2400594508160397,-0.1098776423992705,0.4376595963939715
0.7507398789716715,-0.2358570653293383,-0.1076561296051349,0.4425848879304871
0.7497189151570229,-0.2315923055586373,-0.1054240058606709,0.4474857574017301
0.7487161771990718,-0.2272668712264966,-0.1031823758898519,0.4523576802422281
0.747732687513502,-0.2228843487350184,-0.100933223737897,0.4571941503772546
0.7467698830828083,-0.2184507789279815,-0.0986796542050264,0.4619862812404702
0.7458296167438092,-0.2139750477852215,-0.0964260337321458,0.4667226684007882
0.7449140723712818,-0.209468895882364,-0.0941779376104921,0.4713896934862301
0.7440255613933627,-0.2049462765259137,-0.0919417846914682,0.475972477665178
0.7431662333863456,-0.2004220777127964,-0.0897241872359003,0.4804563658519389
0.7423377824686863,-0.1959105197707161,-0.0875311827585409,0.4848285448356123
0.7415412471271382,-0.1914237417903631,-0.0853675974686484,0.4890792702843896
0.7407769616130953,-0.1869710107833464,-0.0832367357974388,0.4932023429383366
0.740044632497934,-0.1825585808642491,-0.0811403872084873,0.4971949112465837
0.7393434916562875,-0.1781900696871643,-0.0790790695204755,0.5010568169102702
0.7386724593817157,-0.173867040918504,-0.0770523519869331,0.5047898239722015
0.7380302818708414,-0.1695895838424548,-0.0750591590099624,0.5083969317106071
0.7374156344121118,-0.1653568080779712,-0.0730980194513173,0.5118818333976768
0.7368271910898901,-0.1611672201214896,-0.0711672503287208,0.5152485317205542
0.7362636671021489,-0.1570189842845652,-0.0692650800602366,0.5185010897674192
0.735723842043253,-0.1529100946333813,-0.0673897265775388,0.52164347989871
0.7352065716880853,-0.14883849037209,-0.0655394472047187,0.5246794935617833
0.7347107927557056,-0.1448021343283236,-0.063712570488645,0.5276126898424107
0.7342355202747965,-0.1407990402388191,-0.0619075043323693,0.530446387601543
0.7337798461967345,-0.1368273118972608,-0.0601227494780262,0.5331836515387115
0.7333429334170113,-0.1328851435422321,-0.0583568956420382,0.5358273072581081
0.7329240117942275,-0.1289708343124255,-0.0566086242803613,0.5383799464152713
0.7325223714277579,-0.125082774220322,-0.0548766989167998,0.5408439504458008
0.7321373592381728,-0.1212194563612097,-0.053159967532658,0.5432214961424469
0.7317683732065363,-0.1173794631425272,-0.051457353663097,0.5455145772480141
0.7314148582119554,-0.1135614632084385,-0.0497678525670116,0.5477250179273777
0.7310763024957065,-0.1097642114989203,-0.0480905290278592,0.5498544837349592
0.730752233116884,-0.1059865342930226,-0.0464245087463011,0.5519045002244142
0.7304422132432202,-0.1022273304765233,-0.0447689771161372,0.553876461248448
0.7301458389026783,-0.0984855636900951,-0.0431231741431484,0.555771641661033
0.7298627369612747,-0.0947602665983727,-0.0414863948497223,0.5575912031248252
0.7295925618683593,-0.0910505268715837,-0.03985798176555,0.5593362086189904
0.7293349936032847,-0.0873554849305413,-0.0382373227138148,0.5610076300437697
0.7290897358410993,-0.0836743326292481,-0.0366238490982333,0.5626063550363004
0.7288565142678399,-0.0800063122852787,-0.0350170344184746,0.5641331933760554
0.7286350746200431,-0.0763507091650624,-0.0334163899851148,0.5655888857231608
0.7284251813955476,-0.0727068520530101,-0.0318214642327469,0.5669741084472983
0.7282266162646394,-0.0690741070044547,-0.0302318390920069,0.5682894808405757
0.7280391772680367,-0.0654518832577681,-0.0286471317182506,0.5695355675053212
0.7278626767088588,-0.0618396125322208,-0.0270669846025508,0.57071288974941
0.72769694107983,-0.0582367648066319,-0.0254910716638477,0.5718219237731216
0.7275418096234942,-0.0546428367303615,-0.023919092380386,0.572863108192812
0.7273971338275239,-0.0510573578846987,-0.0223507737389151,0.5738368455654704
0.7272627760447593,-0.0474798746966498,-0.0207858624131791,0.5747435100041549
0.7271386093740119,-0.0439099630208799,-0.0192241294827526,0.5755834465074969
0.7270245164206244,-0.040347209990116,-0.0176653617067331,0.5763569780039369
0.7269203892304703,-0.0367912261558047,-0.0161093660437447,0.5770644046185746
0.7268261285769327,-0.0332416388647114,-0.0145559659587468,0.5777060074367361
0.7267416433476693,-0.0296980841861316,-0.0130049970879883,0.5782820517194303
0.7266668502777658,-0.0261602086402343,-0.0114563071862941,0.5787927878632287
0.7266016737202067,-0.022627673615579,-0.0099097572473299,0.5792384521852548
0.7265460451103853,-0.0191001422253527,-0.008365214931296,0.5796192698779317
0.7264999029190532,-0.0155772882694744,-0.0068225576662505,0.5799354546965403
0.7264631922705304,-0.0120587824368185,-0.0052816657823881,0.5801872109981585
0.7264358649560609,-0.0085443032432444,-0.0037424264773707,0.5803747331308862
0.7264178792191175,-0.0050335300180108,-0.0022047299227981,0.5804982064372726
0.7264091996713504,-0.0015261400680036,-0.0006684672033256,0.5805578074119705
0.7264083210597406,2.7363463274768237e-11,-3.667861695789976e-12,0.580563841242957
