3.0616305034672
0.7966773514259518,-2.0370977504134267e-28,-1.2951870200148516e-14,0.3779549250521854
0.7966796819148516,0.0013323934404956,0.001322137036004,0.3779441438291894
0.7966967379835271,0.0038427627511768,0.0038129390637749,0.3778652442493841
0.7967303553939892,0.0063535488925197,0.0063034470164072,0.3777097572534121
0.7967805639712349,0.0088650676725964,0.0087935116939907,0.3774775911930982
0.7968474046699783,0.0113774911034779,0.0112828410242533,0.3771686258545948
0.7969309298656096,0.0138909826902888,0.0137711343821047,0.3767827112231122
0.7970312032251454,0.0164056980036072,0.0162580832469197,0.3763196682154983
0.7971482992930102,0.0189217785063068,0.0187433652120632,0.3757792907512664
0.7972823032231224,0.0214393518483007,0.0212266444353389,0.3751613471637955
0.7974333101594425,0.0239585260084491,0.0237075660582126,0.3744655832438038
0.7976014245853568,0.0264793860143993,0.0261857532438931,0.3736917254262685
0.7977867598180376,0.0290019939952031,0.028660807557081,0.372839483303201
0.7979894367310906,0.0315263797512245,0.0311323001106418,0.3719085556685308
0.7982095826871602,0.0340525377300342,0.0335997691331936,0.3708986355568913
0.7984473306433947,0.0365804269458335,0.0360627205055317,0.3698094144425325
0.798702816794157,0.0391099568632427,0.0385206147415053,0.3686405930730058
0.7989761791888366,0.0416409873198164,0.0409728678523615,0.3673918877281451
0.7992675552199734,0.0441733190320315,0.0434188432200101,0.3660630415257045
0.7995770791563457,0.0467066878049046,0.0458578472962244,0.3646538353551299
0.7999048790784563,0.0492407563340568,0.0482891232135104,0.3631641013386125
0.800251073645053,0.0517751076283913,0.0507118462236305,0.3615937368209342
0.8006157678154312,0.0543092336836374,0.0531251148870816,0.3599427228128875
0.8009990495029367,0.0568425338558445,0.0555279518321549,0.3582111378814587
0.8014009846930017,0.0593743047882591,0.0579192967329698,0.3563991786312364
0.8018216127742885,0.0619037348804273,0.0602980039358085,0.3545071787933204
0.8022609429568099,0.0644299070017165,0.0626628480730415,0.3525356229950998
0.8027189489872922,0.0669517921152255,0.0650125212978096,0.3504851677485466
0.8031955662406165,0.0694682575243291,0.0673456443419573,0.3483566513232003
0.8036906883747335,0.0719780718549733,0.0696607744566276,0.3461511051937283
0.8042041653222854,0.0744799161046119,0.0719564188491963,0.3438697591640387
0.804735803287365,0.0769724022562954,0.0742310547399352,0.341514037329914
0.8052853643857208,0.079454087011822,0.0764831444620295,0.3390855554922201
0.8058525710391495,0.0819235035901792,0.0787111663725557,0.3365860975308857
0.8064371071456519,0.0843791741919875,0.0809136274108935,0.3340176061972724
0.8070386251951236,0.0868196440489626,0.0830890943399106,0.3313821479657802
0.8076567515108034,0.0892435018163826,0.0852362116776416,0.3286818866255305
0.8082910926103809,0.0916494003227538,0.0873537190978309,0.3259190524659935
0.8089412433712251,0.0940360799155545,0.0894404702084945,0.3230959042246173
0.8096067923604887,0.0964023774384783,0.0914954378950096,0.3202147040442604
0.8102873280388053,0.0987472363118773,0.09351772010682,0.3172776892158377
0.8109824455750497,0.1010697165355979,0.0955065450380125,0.3142870419246353
0.8116917500213631,0.1033689909554012,0.0974612641379023,0.3112448752637921
0.8124148605298899,0.1056443449958314,0.0993813480225835,0.308153215184782
0.8131514120807216,0.1078951685243202,0.1012663756987725,0.3050139934967414
0.8139010567983915,0.110120947441863,0.1031160237588911,0.3018290428560379
0.8146634671437026,0.1123212615826471,0.1049300609894699,0.2986000840236719
0.8154383338092164,0.1144957678868265,0.1067083309861248,0.2953287357812118
0.8162253649659855,0.1166441895115489,0.1084507401716674,0.2920165190631562
0.8170242889880176,0.1187663154361394,0.110157254611181,0.2886648465132901
0.8178348485427857,0.1208619777711945,0.1118278791037124,0.2852750483468987
0.818656805033691,0.1229310579942398,0.1134626599464727,0.2818483546862452
0.8194899310520024,0.1249734629582144,0.1150616638530891,0.278385928019544
0.8203340161554119,0.126989135715535,0.1166249847686985,0.2748888399590162
0.8211888583180811,0.1289780316018382,0.1181527236400181,0.271358107542622
0.8220542686156952,0.1309401273299697,0.1196449942297991,0.2677946744718511
0.8229300666949342,0.1328754084885048,0.121101912340915,0.2641994304791285
0.8238160814928164,0.1347838699032988,0.1225235951487876,0.2605732088977555
0.8247121476010767,0.1366655068059301,0.1239101537810991,0.2569168020244096
0.8256181079399851,0.1385203199594023,0.1252616964435082,0.2532309505784532
0.8265338087113215,0.1403483047390288,0.1265783198072212,0.249516364620646
0.8274591028220922,0.142149458017692,0.1278601135503569,0.2457737098911256
0.8283938446572457,0.1439237677882946,0.1291071524939754,0.2420036292208102
0.8293378924423844,0.1456712181223144,0.1303194998699517,0.2382067330892834
0.8302911079740946,0.1473917887029573,0.1314972066450556,0.2343836008788421
0.8312533530980084,0.1490854487351258,0.1326403071077282,0.230534795088861
0.8322244920586273,0.1507521616789954,0.1337488219652577,0.226660851919017
0.8332043882494071,0.152391880042271,0.1348227547147784,0.2227622942440234
0.8341929066381737,0.1540045500728959,0.1358620946767046,0.2188396218827506
0.8351899112600115,0.1555901080269493,0.1368668144542305,0.2148933215063435
0.8361952655520977,0.1571484813338157,0.1378368706698887,0.2109238651777128
0.8372088316329932,0.1586795880324779,0.1387722035961746,0.2069317130547048
0.8382304712003427,0.1601833386586396,0.1396727382960205,0.2029173096909954
0.8392600427163194,0.1616596326070797,0.1405383824353208,0.198881094912633
0.840297402701859,0.1631083607271398,0.1413690279240128,0.1948234984800565
0.8413424059180172,0.1645294060655339,0.142164551354469,0.1907449391500455
0.8423949044936103,0.1659226431348963,0.1429248135999895,0.1866458278353802
0.8434547476046945,0.167287938014453,0.1436496599275437,0.1825265685678427
0.844521780242344,0.1686251473335966,0.1443389195552856,0.1783875629691517
0.8455958443967105,0.1699341203564001,0.1449924068561328,0.1742292053116311
0.8466767797829546,0.171214700230211,0.1456099219862175,0.1700518793906071
0.8477644202651001,0.1724667201593424,0.1461912490833833,0.1658559719948185
0.8488585962968146,0.1736900068717196,0.146736158087966,0.1616418630694121
0.8499591337580864,0.1748843796949318,0.1472444043772266,0.1574099298117086
0.8510658548937421,0.1760496519927065,0.1477157294613912,0.1531605426478086
0.8521785761474318,0.1771856292542879,0.1481498602742623,0.1488940731224514
0.8532971104471957,0.1782921118862086,0.1485465103796665,0.1446108846722481
0.8544212639746978,0.1793688923287261,0.1489053789807846,0.1403113445375578
0.8555508390125655,0.1804157582741467,0.149226152187881,0.1359958123641899
0.8566856316416651,0.1814324907764591,0.1495085024471006,0.1316646485077706
0.8578254337620104,0.1824188664213366,0.1497520892587935,0.1273182057883404
0.8589700296847519,0.1833746546345137,0.1499565585508764,0.1229568419440425
0.8601191996616538,0.1842996210485552,0.150121543599375,0.1185809056001158
0.8612727168599628,0.185193525210336,0.1502466645654346,0.1141907472083206
0.8624303489686648,0.1860561221755202,0.1503315288831928,0.1097867123108878
0.8635918580569625,0.1868871625515914,0.1503757312279958,0.1053691414425095
0.8647569986767729,0.1876863913495062,0.1503788534945176,0.1009383766782479
0.8659255195141601,0.1884535494095209,0.1503404649525997,0.0964947546543107
0.8670971684661344,0.1891883765939156,0.1502601217076314,0.0920385865293477
0.8682716818312147,0.1898906047835668,0.1501373669590639,0.0875701983138235
0.8694487886312169,0.1905599611161033,0.1499717311375827,0.0830899136326352
0.870628212021422,0.1911961688942527,0.1497627316282035,0.0785980475146521
0.8718096666713014,0.1917989462078184,0.1495098730653117,0.0740949154789117
0.8729928614427852,0.1923680074422589,0.149212646722579,0.0695808224018653
0.8741774988358261,0.1929030628596134,0.1488705302393022,0.0650560636252498
0.8753632728553683,0.1934038175861923,0.1484829879487629,0.0605209320503843
0.8765498706906668,0.1938699723693077,0.1480494701622624,0.0559757106212892
0.877736972618233,0.1943012233672379,0.1475694127477012,0.0514206715004782
0.878924249905774,0.1946972612645058,0.1470422375773661,0.0468560828552297
0.8801113677978268,0.1950577721723299,0.1464673508333528,0.0422821960555212
0.881297982288712,0.1953824363255699,0.1458441438899377,0.0376992566437309
0.8824837418397214,0.1956709284256292,0.1451719919880837,0.0331074962056429
0.8836682857266239,0.1959229169372019,0.144450254505361,0.0285071371275103
0.8848512427287553,0.1961380636721206,0.1436782753097001,0.0238983960070871
0.8860322329506333,0.1963160239664219,0.1428553811020984,0.0192814747764564
0.8872108653780956,0.1964564459948093,0.1419808824214062,0.0146565683062162
0.888386735887426,0.1965589704961254,0.1410540748262731,0.0100238702889474
0.8895594279699574,0.1966232309073948,0.1400742382002001,0.0053835684187595
0.8907285081890851,0.1966488532480259,0.1390406405395388,0.0007358603555235
0.8918935264727123,0.1966354566957458,0.1379525383667029,-0.0039190492723902
0.8930542063006148,0.1965826421353618,0.1368089849674837,-0.0085817169749907
0.8942103846038426,0.1964899651745521,0.13560884401717,-0.013253241828611
0.8953614651086137,0.196356984810902,0.1343513633421192,-0.0179330583488534
0.8965068045915535,0.1961832714714446,0.1330358335102689,-0.0226204731984062
0.8976457095097106,0.1959684140892665,0.1316616025735046,-0.0273146476843376
0.8987774245007571,0.1957120304167154,0.1302281036952256,-0.0320145446220472
0.899901125304734,0.1954137794050366,0.1287348825328324,-0.0367188899949226
0.9010159089993108,0.1950733771000886,0.1271816332932394,-0.0414261195517432
0.902120788153268,0.1946906147651574,0.1255682355948882,-0.0461343370929539
0.9032146786991614,0.1942653827290461,0.1238948071571684,-0.0508412404366589
0.9042963986525856,0.1937976945879796,0.1221617484141206,-0.0555440868731279
0.9053646639965484,0.1932877158713757,0.1203697981780522,-0.0602396397490331
0.906418096078764,0.1927357907571348,0.1185200771381445,-0.0649241582057243
0.9074552344459976,0.1921424671884039,0.1166141251811344,-0.0695934056344805
0.9084745592277824,0.1915085161345465,0.1146539217042352,-0.0742426973217182
0.9094745238051642,0.1908349411088776,0.1126418814879182,-0.078866994783586
0.9104535985770508,0.1901229731299848,0.1105808168417515,-0.0834610563280142
0.9114103161679992,0.1893740537502037,0.108473878267909,-0.0880196051970567
0.9123433188083728,0.1885898034271145,0.1063244677108928,-0.0925375231786124
0.9132514010957348,0.1877719787969672,0.1041361356703101,-0.0970100415680088
0.9141335423161392,0.1869224244332379,0.1019124762292819,-0.1014329024016721
0.9149889268128076,0.1860430231379326,0.0996570279338078,-0.1058024806622205
0.9158169482403598,0.1851356530437357,0.0973731983094743,-0.1101158419809428
0.9166172045321532,0.1842021495888938,0.0950642029666531,-0.1143707642516114
0.9173894818416448,0.1832442783575233,0.0927330314573786,-0.1185657083932817
0.9181337324777378,0.1822637173767622,0.0903824335542241,-0.1226997581037851
0.9188500507443942,0.1812620467560078,0.0880149193130513,-0.1267725451297163
0.9195386474326016,0.1802407463638657,0.0856327738544121,-0.1307841608545585
0.9201998280912604,0.1792011950006474,0.0832380713024635,-0.1347350815619331
0.9208339720049024,0.1781446750417433,0.0808326976694928,-0.1386260896555982
0.921441513433222,0.1770723803752283,0.0784183777251389,-0.1424581989406779
0.9220229288425292,0.1759854201249319,0.0759966894843988,-0.1462326083941516
0.922578723787006,0.1748848277434499,0.0735690886841239,-0.149950646660207
0.9231094239058896,0.1737715670760365,0.0711369246323555,-0.1536137359033319
0.9236155670737386,0.1726465397407075,0.0687014576402463,-0.1572233575263883
0.9240976986302388,0.1715105889466812,0.0662638677097193,-0.1607810342821899
0.9245563660547736,0.1703645068779104,0.063825270242947,-0.1642883043777847
0.924992116325348,0.1692090379555342,0.0613867223067205,-0.1677467114069701
0.9254054934594954,0.1680448829088528,0.0589492303384473,-0.1711577933237898
0.9257970362106216,0.1668727038939931,0.0565137597488422,-0.1745230698372543
0.9261672775338724,0.165693125605371,0.0540812359684801,-0.1778440424479411
0.926516743316195,0.1645067390486834,0.0516525509992691,-0.1811221871545523
0.9268459516443728,0.1633141044857905,0.0492285681301937,-0.1843589501197067
0.9271554126608316,0.1621157527996356,0.0468101234025682,-0.1875557478772535
0.9274456282146296,0.1609121878040966,0.0443980290247829,-0.1907139649636003
0.9277170918842896,0.159703887350342,0.0419930743771021,-0.1938349547596114
0.9279702888395484,0.1584913051865922,0.0395960285718927,-0.1969200382505833
0.9282056958104375,0.157274872590122,0.0372076425703355,-0.1999705033597548
0.9284237811173068,0.1560549998903572,0.0348286511015572,-0.202987604498223
0.9286250051230148,0.1548320755205283,0.0324597698259999,-0.205972568035033
0.9288098198538248,0.1536064696778726,0.03010170153666,-0.2089265862146799
0.9289786694059808,0.1523785336457482,0.0277551339305157,-0.2118508216957172
0.9291319900152698,0.1511486008399433,0.0254207408060105,-0.2147464076357085
0.9292702101859732,0.1499169874072204,0.023099182442254,-0.2176144487225726
0.9293937507511592,0.1486839933581821,0.0207911070265948,-0.2204560208335235
0.9295030249847104,0.1474499033562969,0.0184971514492472,-0.2232721714160652
0.9295984387636936,0.1462149868097981,0.0162179408410074,-0.2260639213365896
0.9296803906363336,0.1449794988159667,0.013954089742549,-0.2288322646536265
0.9297492719821124,0.1437436796309103,0.0117062006046524,-0.2315781715981006
0.92980546697698,0.1425077571845187,0.0094748678836147,-0.2343025846607244
0.9298493528061744,0.1412719453257517,0.0072606743821155,-0.2370064241064151
0.9298812996491332,0.1400364463558334,0.0050641953961223,-0.2396905839055302
0.9299016708257803,0.1388014497377714,0.002885995998631,-0.2423559360050048
0.929910822835231,0.1375671333926075,0.0007266330019295,-0.2450033288492904
0.9299091054366556,0.1363336642392238,-0.0014133444372302,-0.2476335875179535
0.9298968601649216,0.135101087542131,-0.0035335846413467,-0.2502477490275357
0.929874407947888,0.1338689712554673,-0.005634529028936,-0.2528478065340692
0.9298420623531352,0.1326374456720402,-0.0077156272014327,-0.2554345104596522
0.9298001314712498,0.1314066352573424,-0.0097763272393874,-0.2580085845572186
0.9297489179573372,0.1301766557605708,-0.0118160808673189,-0.2605707328781121
0.92968871903228,0.1289476133962283,-0.0138343449229133,-0.2631216422316987
0.9296198266080212,0.1277196068781805,-0.0158305780891934,-0.2656619786680985
0.9295425272409265,0.1264927257184681,-0.0178042437654498,-0.2681923916864881
0.92945710233792,0.1252670530709971,-0.0197548055309539,-0.2707135089993642
0.9293638280665784,0.1240426635301011,-0.0216817307618291,-0.273225941684262
0.9292629754643188,0.1228196243484576,-0.0235844886887993,-0.2757302822330676
0.929154810522629,0.1215979959433257,-0.0254625496352724,-0.2782271040498765
0.9290395942166432,0.1203778317204041,-0.0273153853064592,-0.2807169623120534
0.9289175825452322,0.1191591781156722,-0.0291424686995502,-0.283200394346759
0.9287890266041744,0.1179420749694466,-0.0309432734954911,-0.2856779192984622
0.9286541727191902,0.1167265563531341,-0.0327172728049906,-0.288150036848188
0.9285132624008162,0.1155126497100425,-0.0344639403927004,-0.2906172293322874
0.9283665324987584,0.114300376851618,-0.036182749152926,-0.2930799600537503
0.9282142152113224,0.1130897536137209,-0.0378731715375383,-0.2955386742889293
0.9280565382315448,0.1118807906363153,-0.0395346783792093,-0.2979937979805697
0.9278937247532802,0.1106734929821498,-0.0411667393471541,-0.3004457387583756
0.9277259935978373,0.1094678606948626,-0.0427688220878427,-0.3028948850204527
0.9275535592531864,0.1082638886682679,-0.0443403923087909,-0.3053416063826669
0.9273766320340288,0.1070615673571482,-0.0458809127521985,-0.3077862523865441
0.92719541816152,0.1058608828630457,-0.0473898430280266,-0.310229152443374
0.9270101198036887,0.1046618167679784,-0.0488666397491143,-0.3126706162591
0.9268209351886408,0.1034643464535631,-0.0503107560440921,-0.3151109332398591
0.9266280586852792,0.1022684451855103,-0.0517216413764027,-0.317550372341772
0.9264316810519608,0.1010740832048456,-0.0530987402147277,-0.319989179831427
0.9262319894832703,0.099881227513094,-0.0544414923223506,-0.3224275796710615
0.926029167699676,0.0986898419422917,-0.0557493326976291,-0.3248657732903099
0.9258233961180796,0.0974998876917093,-0.0570216910293882,-0.327303938367676
0.9256148520004208,0.0963113237025924,-0.0582579914096845,-0.3297422279042357
0.9254037096128056,0.0951241070741184,-0.0594576520754068,-0.3321807691747445
0.9251901404662768,0.0939381939139277,-0.0606200848138978,-0.3346196617464754
0.9249743132901171,0.092753538688698,-0.0617446959402679,-0.3370589785449001
0.9247563943690148,0.0915700956047919,-0.0628308853411933,-0.3394987627123119
0.9245365478354576,0.0903878196868117,-0.0638780460666861,-0.3419390250424682
0.9243149356860704,0.0892066663644277,-0.0648855654143906,-0.3443797444598481
0.9240917181849916,0.0880265931549672,-0.0658528242907205,-0.3468208641465137
0.923867054027392,0.0868475600532688,-0.0667791979519082,-0.3492622903091842
0.9236411005489104,0.0856695301934843,-0.0676640566848235,-0.3517038903683149
0.92341401418169,0.0844924718138362,-0.0685067657818607,-0.354145488433325
0.9231859505319638,0.0833163582730027,-0.0693066873015503,-0.3565868648116489
0.9229570649468066,0.0821411706453878,-0.0700631803093216,-0.3590277501783244
0.9227275126301736,0.0809668980328755,-0.0707756031318999,-0.3614678245062267
0.9224974490867788,0.0797935396356293,-0.0714433148281197,-0.3639067123873875
0.922267030456848,0.0786211063378443,-0.072065677501093,-0.3663439794235612
0.9220364138209242,0.0774496222408427,-0.0726420591380019,-0.368779128815635
0.9218057575873156,0.0762791267335498,-0.07317183672295,-0.3712115969545218
0.9215752217773724,0.0751096761798885,-0.0736544001480203,-0.3736407499607649
0.9213449682533758,0.0739413454726946,-0.0740891567413771,-0.3760658806900444
0.921115161200456,0.0727742310535003,-0.0744755358855774,-0.3784862029267519
0.9208859669689357,0.0716084508826667,-0.0748129953706936,-0.3809008521807754
0.9206575545610224,0.0704441478936542,-0.075101027114541,-0.3833088795744515
0.9204300952722432,0.0692814893728225,-0.0753391646569483,-0.3857092545319794
0.9202037628065424,0.0681206689728428,-0.0755269902608845,-0.3881008624068783
0.9199787328595468,0.066961906232774,-0.0756641428817849,-0.3904825076869671
0.9197551828112815,0.0658054468594105,-0.0757503260459977,-0.392852916065503
0.919533290913433,0.0646515605748821,-0.0757853158550731,-0.3952107419484609
0.9193132356444976,0.0635005399491981,-0.0757689684360669,-0.397554574347141
0.9190951940169008,0.0623526938014262,-0.0757012265628738,-0.3998829541830522
0.9188793404702442,0.0612083435570754,-0.07558212473822,-0.4021943857502155
0.9186658474174106,0.0600678283570973,-0.0754117945956246,-0.4044873308081708
0.9184548830822372,0.0589314957967636,-0.0751904683252648,-0.4067602320144488
0.9182466094026444,0.0577996925594615,-0.0749184792643438,-0.4090115363281026
0.9180411815643642,0.0566727634515638,-0.0745962621906289,-0.4112397014310922
0.9178387456680668,0.0555510398610253,-0.0742243492485254,-0.4134432229064753
0.9176394384830686,0.0544348390738484,-0.0738033666959991,-0.4156206394252831
0.9174433859734704,0.0533244563321767,-0.073334027876059,-0.4177705517784547
0.9172507029728996,0.0522201627147501,-0.0728171265464592,-0.4198916298836053
0.9170614926050892,0.0511222011018306,-0.0722535283117627,-0.4219826229429058
0.9168758459278284,0.050030782865357,-0.0716441611346164,-0.4240423674876574
0.9166938421083196,0.0489460871848689,-0.07099000640496,-0.4260697897693175
0.9165155485388644,0.0478682596505008,-0.0702920892150201,-0.4280639089164535
0.9163410214342208,0.0467974134410863,-0.0695514700247797,-0.4300238347436261
0.9161703065591732,0.0457336311689536,-0.0687692371220792,-0.4319487639903335
0.9160034394912354,0.0446769637029314,-0.0679464971696534,-0.4338379816617644
0.9158404464197312,0.043627432146721,-0.067084368175824,-0.4356908561838201
0.9156813456113032,0.042585034239818,-0.0661839769981042,-0.4375068266846612
0.9155261475194792,0.0415497421738371,-0.0652464506392695,-0.4392854053880228
0.915374855788922,0.0405215061794819,-0.0642729127237081,-0.441026169590608
0.9152274681331534,0.0395002575415515,-0.0632644804522227,-0.442728754742997
0.915083977065266,0.0384859108524536,-0.0622222616618899,-0.4443928489047792
0.9149443703696544,0.0374783646060024,-0.061147350791486,-0.4460181899224424
0.914808632408668,0.0364775080547834,-0.0600408322073899,-0.4476045526006412
0.91467674388666,0.0354832172154617,-0.058903772655498,-0.4491517535526864
0.914548682634278,0.0344953582772026,-0.0577372218382767,-0.4506596439766504
0.9144244244322683,0.0335137918214238,-0.0565422149202326,-0.4521281016581024
0.9143039430963878,0.0325383716381491,-0.055319769220822,-0.4535570314452573
0.914187210937435,0.0315689465448076,-0.054070884697308,-0.4549463611400867
0.914074199006372,0.0306053606746888,-0.0527965428817342,-0.4562960397595805
0.9139648775073576,0.029647455345223,-0.0514977081598513,-0.4576060336404809
0.9138592161881358,0.0286950710880851,-0.050175329753785,-0.4588763226421181
0.9137571842047068,0.0277480451436797,-0.0488303376678988,-0.4601069025395211
0.9136587504017816,0.0268062125794845,-0.0474636435591904,-0.4612977823448216
0.9135638840677556,0.025869412438596,-0.046076149431509,-0.4624489757374609
0.9134725541674376,0.0249374793970461,-0.044668735382265,-0.463560510831024
0.9133847300254666,0.0240102493078323,-0.0432422675180092,-0.4646324223226607
0.9133003814282578,0.023087559538889,-0.0417975986566246,-0.4656647505797356
0.9132194784781896,0.0221692465844506,-0.0403355647435405,-0.46665754371077
0.9131419919094936,0.0212551487191362,-0.0388569891602795,-0.4676108539395204
0.9130678930532924,0.020345104977492,-0.0373626814005898,-0.4685247382181735
0.9129971539023134,0.0194389552316105,-0.035853437469956,-0.469399257583426
0.9129297471964214,0.0185365406354475,-0.0343300409540181,-0.4702344762156345
0.9128656464553,0.0176377035000889,-0.0327932631968027,-0.4710304611163777
0.912804826076684,0.0167422881821525,-0.0312438652509255,-0.4717872809428804
0.9127472612579572,0.0158501395110964,-0.0296825956230543,-0.4725050070133362
0.9126929281154538,0.0149611040666961,-0.028110192922846,-0.4731837118350395
0.912641803665322,0.014075029513722,-0.0265273851858515,-0.4738234693350915
0.9125938658471462,0.0131917645553782,-0.024934890260758,-0.4744243545447788
0.9125490934791076,0.0123111575392209,-0.0233334137478839,-0.4749864441300941
0.91250746650002,0.0114330607801394,-0.0217236573550432,-0.4755098133081407
0.9124689658086828,0.0105573275328128,-0.0201063140046066,-0.4759945378033325
0.9124335731914488,0.0096838097016216,-0.0184820640629161,-0.4764406947020965
0.912401271545038,0.008812362639084,-0.0168515847294891,-0.4768483595798199
0.912372044704736,0.0079428407659301,-0.0152155424440436,-0.4772176085928111
0.9123458776316816,0.0070751027188536,-0.0135746030846143,-0.4775485160380508
0.9123227561700646,0.0062090036458034,-0.0119294179817748,-0.4778411573438574
0.912302667276429,0.0053444021262731,-0.0102806375039448,-0.4780956060924776
0.9122855989267544,0.0044811573206966,-0.0086289062340721,-0.4783119351143419
0.9122715401206656,0.0036191288717157,-0.0069748633109264,-0.4784902163557212
0.9122604808853642,0.0027581767864436,-0.0053191427351656,-0.4786305207503638
0.9122524122765472,0.0018981608741612,-0.0036623728199209,-0.4787329181305083
0.9122473264004854,0.0010389429301718,-0.0020051809379079,-0.4787974768708556
0.9122452163858036,0.000180384845945,-0.0003481904256714,-0.4788242641730131
0.9122460763902058,-0.0006776524128301,0.0013079808583043,-0.4788133459089388
0.912249902609681,-0.0015354687016687,0.0029630283713722,-0.4787647737416322
0.9122566967920748,-0.0023936007560067,0.0046171049564875,-0.4786785404843965
0.912266461970676,-0.0032521844357401,0.0062695883078137,-0.478554634273342
0.9122792022000512,-0.0041113575115237,0.0079198579207715,-0.478393041935813
0.912294922498742,-0.0049712554770237,0.009567286527978,-0.47819374973348
0.9123136289200464,-0.0058320166006417,0.0112112492899831,-0.4779567424823824
0.9123353284492588,-0.0066937767117783,0.0128511133066448,-0.4776820048740959
0.912360029021839,-0.0075566715902562,0.0144862417355288,-0.4773695212627421
0.9123877396212254,-0.0084208403085484,0.0161159996140238,-0.4770192744466051
0.9124184701273734,-0.0092864200801831,0.0177397435949158,-0.4766312476027617
0.9124522314109352,-0.0101535498154426,0.0193568281892506,-0.4762054231127994
0.9124890352329524,-0.0110223676516339,0.0209666006590498,-0.475741783843365
0.9125288942877112,-0.0118930126131139,0.0225684036713839,-0.4752403126150875
0.9125718222321162,-0.0127656253815049,0.0241615762193817,-0.4747009918414723
0.9126178335519812,-0.0136403458168649,0.0257454486203235,-0.4741238052116289
0.9126669436511808,-0.0145173152610348,0.0273193462987423,-0.4735087365633686
0.9127191687284146,-0.0153966746361466,0.0288825859249222,-0.472855771413863
0.9127745260004948,-0.0162785685590049,0.0304344822969855,-0.4721648941458481
0.9128330333615164,-0.0171631399504617,0.0319743383223267,-0.4714360922368137
0.9128947095999111,-0.0180505340535495,0.0335014517273237,-0.4706693535008495
0.9129595742269836,-0.0189408961905889,0.0350151107296044,-0.4698646681659553
0.9130276474653114,-0.0198343721925003,0.0365145944623752,-0.4690220289348011
0.9130989503265866,-0.0207311098625301,0.0379991750706693,-0.4681414299246892
0.9131735043847083,-0.0216312565276174,0.0394681132854946,-0.4672228693547381
0.9132513319514496,-0.022534961769893,0.040920662634818,-0.4662663472322558
0.9133324558639506,-0.0234423753416234,0.0423560657168296,-0.4652718678029786
0.9134168996804176,-0.0243536498851423,0.0437735582261215,-0.4642394369541666
0.9135046871453744,-0.0252689356603082,0.0451723604623996,-0.4631690685254259
0.9135958425727024,-0.0261883854391998,0.0465516848525858,-0.4620607793399234
0.9136903906790552,-0.0271121532419778,0.0479107337134083,-0.4609145909369851
0.9137883561851498,-0.0280403911775396,0.0492486945523591,-0.4597305340384999
0.913889764203409,-0.0289732540009106,0.0505647467533968,-0.4585086434299972
0.9139946398298756,-0.0299108959339921,0.0518580569139694,-0.4572489624313849
0.9141030080205148,-0.0308534704848572,0.0531277788104916,-0.455951543832831
0.9142148936286668,-0.031801131682352,0.0543730552910143,-0.454616448834548
0.9143303210600588,-0.0327540320479327,0.055593015850849,-0.4532437504858879
0.9144493140744454,-0.0337123220713264,0.0567867765238188,-0.4518335352519048
0.9145718958153628,-0.034676151569865,0.057953442198578,-0.4503859017829618
0.9146980884140624,-0.035645667665341,0.0590921047989398,-0.4489009646317342
0.9148279125315312,-0.0366210126057025,0.0602018417960156,-0.4473788585285586
0.9149613875271192,-0.0376023264535648,0.06128172055225,-0.4458197351621454
0.9150985309324868,-0.0385897445196413,0.0623307966593181,-0.4442237679997449
0.9152393578338034,-0.0395833944919708,0.0633481126351682,-0.4425911579544531
0.9153838806426569,-0.0405833965794438,0.0643327002955051,-0.4409221343277693
0.9155321089100232,-0.0415898639377479,0.0652835834568326,-0.4392169551139707
0.9156840482410504,-0.0426028971142169,0.0661997753437343,-0.4374759174548974
0.9158397002841272,-0.0436225860470642,0.0670802838194949,-0.4356993554808611
0.9159990616559868,-0.0446490050459385,0.0679241106093965,-0.4338876501382517
0.9161621237261678,-0.0456822136348476,0.0687302563299419,-0.4320412289360121
0.9163288715670096,-0.0467222521023705,0.0694977216161909,-0.4301605749538737
0.9164992833361768,-0.0477691400307437,0.0702255114834545,-0.4282462306541956
0.9166733293821026,-0.0488228731997875,0.070912639132364,-0.4262988045707564
0.9168509719552754,-0.0498834242335864,0.0715581328277955,-0.4243189709850678
0.9170321637158976,-0.0509507360208414,0.0721610387363114,-0.4223074828465291
0.917216847683242,-0.0520247238197797,0.0727204298546208,-0.4202651684010972
0.9174049564365806,-0.0531052727449232,0.07323541228302,-0.4181929360757511
0.9175964110187094,-0.0541922335498802,0.073705131427107,-0.4160917824902259
0.9177911215090476,-0.055285427779097,0.0741287826705248,-0.413962782088859
0.9179889861658792,-0.0563846444217884,0.074505617821032,-0.4118070926236891
0.9181898916034964,-0.0574896421701335,0.0748349538263273,-0.4096259494119352
0.9183937130620848,-0.0586001517636023,0.0751161806856468,-0.4074206588697167
0.9186003149947318,-0.0597158796259134,0.0753487687101933,-0.4051925889659091
0.9188095515737496,-0.06083651060912,0.0755322743820799,-0.4029431609737882
0.9190212679666938,-0.0619617144198224,0.0756663455081048,-0.4006738334226635
0.919235301288442,-0.0630911498201455,0.0757507241975269,-0.3983860901014793
0.919451481707378,-0.0642244692638623,0.0757852483831018,-0.3960814269477762
0.9196696345009854,-0.0653613281283661,0.0757698516194894,-0.3937613293903521
0.9198895814426584,-0.0665013900663558,0.0757045604571493,-0.3914272574219752
0.9201111426459394,-0.0676443345078565,0.075589489903818,-0.3890806263084898
0.9203341355540056,-0.068789849342639,0.075424839195432,-0.3867228179178956
0.9205583775024576,-0.0699376420746889,0.0752108854641318,-0.3843551544672138
0.9207836868157876,-0.0710874433351626,0.0749479763580483,-0.3819788881400144
0.9210098835589232,-0.0722390087168204,0.0746365222367421,-0.3795951945184115
0.9212367899952756,-0.0733921192636719,0.0742769883876945,-0.3772051691924852
0.9214642311162544,-0.0745465825100206,0.0738698869967541,-0.37480982363278
0.9216920348696148,-0.0757022321941387,0.0734157695334259,-0.3724100841948092
0.9219200324884754,-0.0768589287052096,0.0729152190297734,-0.370006789969073
0.9221480578442934,-0.0780165548043269,0.0723688447606397,-0.3676007007894061
0.9223759478193434,-0.0791750167322256,0.0717772752669462,-0.3651924943545769
0.9226035419088152,-0.0803342416117921,0.071141153425348,-0.3627827713055164
0.9228306819149388,-0.0814941755008345,0.0704611319243449,-0.3603720591727642
0.9230572115362156,-0.0826547810705478,0.0697378696174641,-0.3579608172805905
0.9232829761857434,-0.0838160365978154,0.0689720276888607,-0.3555494390628431
0.9235078224150376,-0.0849779330580691,0.0681642675732615,-0.3531382584336956
0.9237315977239552,-0.0861404732994874,0.0673152481080609,-0.3507275519142167
0.9239541499974592,-0.0873036693722553,0.0664256244544654,-0.3483175446415986
0.9241753272912592,-0.0884675417245207,0.0654960461852241,-0.3459084125367697
0.9243949774478466,-0.0896321175719684,0.0645271563587104,-0.343500286201897
0.9246129477864148,-0.0907974296884656,0.0635195906567677,-0.3410932539454008
0.9248290846883152,-0.091963514656555,0.0624739773476928,-0.3386873659097369
0.9250432334264036,-0.0931304124301122,0.0613909364270889,-0.3362826354671077
0.92525523794055,-0.0942981656380197,0.060271079162572,-0.3338790411289434
0.9254649404211688,-0.0954668178272321,0.059115008894083,-0.3314765306055821
0.9256721811486,-0.0966364130823704,0.0579233207781653,-0.3290750219912833
0.9258767983803782,-0.0978069959325438,0.0566966013323172,-0.3266744043276174
0.9260786280518748,-0.0989786101998488,0.0554354291834913,-0.3242745403020207
0.9262775035864256,-0.1001512984295418,0.0541403753886736,-0.3218752677081639
0.926473255765386,-0.1013251016546858,0.0528120034848916,-0.3194764001819923
0.926665712507876,-0.1025000586049304,0.0514508702414912,-0.3170777290348132
0.926854698765546,-0.1036762055701061,0.0500575257615471,-0.3146790237071817
0.9270400365012696,-0.1048535768040655,0.0486325129457189,-0.3122800310866617
0.9272215442957048,-0.1060322025598018,0.0471763698518507,-0.3098804796153087
0.9273990374161396,-0.1072121099761738,0.0456896287160221,-0.3074800775445741
0.9275723277024076,-0.1083933228434891,0.0441728162858417,-0.3050785134438664
0.9277412233954948,-0.1095758609431859,0.0426264547406407,-0.3026754575384816
0.9279055289554184,-0.110759739210641,0.0410510629291235,-0.3002705633698086
0.9280650452311758,-0.1119449694078706,0.039447154278923,-0.2978634643244515
0.9282195691388812,-0.1131315583046541,0.0378152393049762,-0.295453777224798
0.9283688936168772,-0.1143195077375549,0.0361558256972889,-0.2930411020712511
0.9285128075905672,-0.1155088147749353,0.0344694182262735,-0.2906250215390712
0.9286510958555184,-0.116699471223018,0.0327565195593262,-0.2882051017829929
0.9287835390624544,-0.1178914639590121,0.0310176298996932,-0.2857808915308608
0.9289099135700596,-0.119084774110661,0.0292532482777116,-0.2833519234915607
0.9290299914142194,-0.1202793771938766,0.0274638724686701,-0.2809177137866517
0.9291435402593988,-0.1214752431378023,0.0256499990386378,-0.2784777615786061
0.9292503232856087,-0.1226723356206811,0.0238121244245792,-0.2760315500744639
0.9293500991144912,-0.1238706116574467,0.0219507456654644,-0.2735785469932393
0.9294426218716784,-0.1250700228779665,0.020066358474989,-0.2711182015392331
0.9295276409672596,-0.1262705134238828,0.0181594605499012,-0.2686499482654393
0.9296049011550506,-0.1274720211963873,0.0162305496569958,-0.2661732040444892
0.9296741424127536,-0.1286744768135808,0.0142801252940319,-0.2636873697039917
0.929735099914426,-0.1298778037865236,0.0123086884150557,-0.2611918291271752
0.9297875039615124,-0.131081918030991,0.0103167422080119,-0.2586859496902442
0.9298310799233512,-0.1322867272858298,0.0083047930402753,-0.2561690828729752
0.929865548250288,-0.1334921327622979,0.006273347644171,-0.2536405601644004
0.9298906243157332,-0.1346980258231786,0.0042229186041461,-0.2510996993237744
0.9299060184584756,-0.1359042909634737,0.0021540192499336,-0.2485457974062662
0.9299114358660524,-0.137110802335713,6.7169458696e-05,-0.2459781373229125
0.9299065765736044,-0.1383174256114684,-0.0020371076253805,-0.2433959831221218
0.929891129914742,-0.1395243347919408,-0.004158844942114,-0.2407978950013556
0.92986476732613,-0.1407317314168643,-0.0062981540787531,-0.238182316301347
0.9298271538831676,-0.1419394479902882,-0.0084545166386196,-0.235548434527402
0.9297779482381956,-0.1431473079970243,-0.0106274099394916,-0.2328954117719011
0.9297168025906024,-0.144355122996815,-0.0128163021854166,-0.2302223897210981
0.9296433625947536,-0.1455626928370568,-0.0150206531750313,-0.2275284878543947
0.929557267274478,-0.1467698052372926,-0.0172399139272644,-0.224812802928803
0.9294581489687412,-0.1479762349454588,-0.0194735255405846,-0.2220744093609913
0.929345633263676,-0.1491817432376185,-0.0217209186942269,-0.2193123587872093
0.92921933883675,-0.1503860781808277,-0.0239815146163836,-0.2165256777706263
0.9290788774208416,-0.1515889734224297,-0.0262547233496728,-0.2137133687721366
0.9289238537607376,-0.1527901473317934,-0.0285399426719547,-0.2108744102813199
0.928753865558434,-0.1539893023199692,-0.0308365573730475,-0.2080077564674297
0.9285685030862352,-0.1551861262162993,-0.0331439425421339,-0.2051123317371077
0.9283673495262276,-0.1563802885178706,-0.0354614570665425,-0.202187037450288
0.9281499805172116,-0.1575714420952456,-0.0377884476313158,-0.1992307454475846
0.9279159641911078,-0.1587592214530382,-0.0401242461537039,-0.196242299705846
0.9276648612138626,-0.1599432412933898,-0.0424681677917329,-0.1932205172641215
0.9273962246349872,-0.1611230960929774,-0.044819510980211,-0.1901641865024134
0.9271095996289592,-0.1622983599075426,-0.0471775580126522,-0.1870720645701028
0.9268045237794392,-0.1634685838430617,-0.0495415710096463,-0.1839428807544556
0.926480527058804,-0.1646332950996981,-0.0519107910285161,-0.1807753357744154
0.9261371314481978,-0.1657919971500975,-0.0542844395714758,-0.1775680977371242
0.9257738518878404,-0.1669441653573095,-0.056661710827317,-0.1743198105149346
0.9253901957453404,-0.1680892479585753,-0.05904177488401,-0.1710290874133316
0.9249856634720384,-0.1692266631026368,-0.061423772911572,-0.1676945156689092
0.9245597491588258,-0.1703557967013961,-0.0638068139781285,-0.1643146589387685
0.9241119415306016,-0.171475999532235,-0.0661899702446418,-0.1608880623421959
0.923641724487786,-0.1725865859609483,-0.0685722755432836,-0.1574132529879989
0.9231485791068252,-0.1736868295906079,-0.0709527173294298,-0.1538887504804197
0.922631985442398,-0.1747759604124587,-0.0733302316168271,-0.1503130739594162
0.9220914248697218,-0.1758531616323781,-0.0757036970045918,-0.1466847513530704
0.9215263844171038,-0.1769175637613267,-0.0780719223006002,-0.1430023397804149
0.9209363599271362,-0.1779682426569276,-0.0804336423225063,-0.1392644352980677
0.920320863296205,-0.1790042117886777,-0.0827875001528751,-0.1354697060710307
0.919679429209338,-0.1800244182318819,-0.0851320366246864,-0.1316169177588325
0.9190116251524996,-0.1810277360700925,-0.0874656726136016,-0.1277049746337473
0.9183170612193609,-0.1820129635444024,-0.0897866982673257,-0.1237329544489182
0.9175954067323208,-0.1829788141937754,-0.0920932459997538,-0.1197001772486335
0.9168464053578734,-0.183923915358193,-0.0943832777983476,-0.1156062584287046
0.916069894911704,-0.1848468053882188,-0.0966545662337868,-0.1114511818535963
0.9152658297253448,-0.1857459336196504,-0.0989046779898951,-0.1072353798383284
0.914434302818446,-0.1866196664332845,-0.1011309678406066,-0.1029598058982433
0.9135755683428364,-0.1874662981904631,-0.1033305802941756,-0.0986260044735465
0.9126900624166906,-0.1882840682982019,-0.1055004624024485,-0.094236169674745
0.9117784184233996,-0.1890711865516435,-0.1076373944842572,-0.0897931762664933
0.9108414710590308,-0.1898258686740074,-0.1097380466269509,-0.085300559574464
0.9098802530059584,-0.1905463748828169,-0.111799045045239,-0.0807624683575339
0.9088959767090968,-0.1912310541771847,-0.1138170593143362,-0.0761835584944251
0.9078900045169278,-0.1918783875903222,-0.1157888961667784,-0.0715688474795972
0.9068638085054388,-0.1924870266616015,-0.1177115926304185,-0.0669235379445475
0.9058189261989258,-0.193055821711443,-0.1195824944053234,-0.062252838681617
0.9047569121633636,-0.1935838400246757,-0.1213993202877658,-0.0575617810893519
0.9036792996822932,-0.1940703678886947,-0.1231601906665266,-0.0528550909105773
0.9025875642775854,-0.1945149040006799,-0.1248636404993656,-0.0481370736781625
0.901483101092147,-0.1949171414525179,-0.1265086019557888,-0.0434115626074829
0.9003672097825588,-0.1952769448031247,-0.1280943734320236,-0.0386818969286995
0.8992410881578562,-0.1955943241693023,-0.1296205771352432,-0.0339509335341119
0.8981058327227784,-0.1958694090662394,-0.1310871113424192,-0.029221082343845
0.8969624427418063,-0.1961024241995962,-0.1324941038428489,-0.0244943504962242
0.8958118284928835,-0.1962936676534168,-0.1338418665161405,-0.0197723981920443
0.894654818515365,-0.1964434927284511,-0.1351308575673201,-0.0150565851461205
0.8934921712755951,-0.1965522923650262,-0.1363616446134325,-0.0103480306173298
0.8923245821917434,-0.1966204872711619,-0.1375348784472637,-0.005647650660197
0.8911526912919482,-0.1966485162710104,-0.1386512701970448,-0.000956195127764
0.8899770932279535,-0.1966368288455184,-0.1397115701214554,0.0037257083234973
0.8887981469698043,-0.1965858681204281,-0.1407167163100805,0.0083983045174184
0.8876158766604718,-0.1964960253958173,-0.1416678587101663,0.01306308335932
0.8864307271881617,-0.1963676833102398,-0.1425657316073015,0.0177197957285141
0.8852431243696318,-0.196201217908992,-0.1434110600901632,0.022368211068079
0.8840534790414849,-0.1959969984112202,-0.1442045561589889,0.027008102986557
0.8828621886100154,-0.1957553871423676,-0.1449469174333987,0.0316392450139531
0.881669637527517,-0.1954767394227231,-0.1456388268012669,0.0362614105421459
0.8804761999109584,-0.1951614040747318,-0.1462809510070801,0.040874364435105
0.8792822387720891,-0.1948097232897647,-0.1468739414254037,0.0454778677471711
0.8780881089777641,-0.1944220335517484,-0.1474184329262192,0.0500716679568847
0.8768941550829081,-0.1939986651311918,-0.147915045395976,0.0546555089091689
0.8757007137055834,-0.1935399429375669,-0.1483643830267792,0.0592291231652538
0.8745081136460379,-0.1930461867660138,-0.1487670347990007,0.0637922329829304
0.8733166753515423,-0.1925177112043322,-0.1491235750864128,0.0683445537032885
0.8721267123162465,-0.1919548263318983,-0.149434563589274,0.0728857896573393
0.8709385305500762,-0.1913578376130807,-0.1497005459046841,0.0774156373895627
0.8697524276926765,-0.1907270454510619,-0.1499220539637571,0.0819337901467947
0.8685686953663448,-0.1900627464015789,-0.1500996057806339,0.0864399299650782
0.86738761784469,-0.1893652325240954,-0.1502337060067027,0.0909337337455032
0.866209471912958,-0.188634791209029,-0.1503248460606538,0.0954148747259164
0.8650345287153492,-0.1878717062558348,-0.1503735041254878,0.0998830163503247
0.8638630521504232,-0.187076256840519,-0.1503801454453483,0.1043378192239642
0.862695299052602,-0.186248717449301,-0.1503452223098627,0.1087789412312724
0.8615315163180763,-0.1853893555009681,-0.1502691737738006,0.1132060492456536
0.8603719468309483,-0.1844984353043285,-0.1501524257608659,0.1176187973409867
0.8592168288100629,-0.1835762176864029,-0.1499953913648231,0.1220168299777631
0.8580663936419187,-0.1826229581894942,-0.1497984706766827,0.1263997909236135
0.8569208682391354,-0.1816389087925614,-0.1495620511209338,0.1307673149153907
0.8557804721922763,-0.1806243153130992,-0.1492865068950894,0.135119039130422
0.8546454192800756,-0.1795794183242686,-0.148972199045741,0.1394545980370304
0.8535159184150154,-0.1785044537632149,-0.1486194756329634,0.1437736203553843
0.8523921729408628,-0.1773996520305682,-0.148228671448821,0.1480757322867943
0.8512743801108699,-0.1762652371032585,-0.1478001076144535,0.1523605600503853
0.8501627326014065,-0.1751014276672848,-0.1473340919093297,0.1566277246032059
0.849057417907317,-0.1739084361779021,-0.146830918377903,0.160876844446556
0.8479586180696216,-0.1726864681338746,-0.1462908669293277,0.1651075371576016
0.8468665114428587,-0.1714357236204993,-0.1457142039440171,0.1693194130472642
0.8457812715366183,-0.1701563956613687,-0.1451011815147494,0.1735120800503253
0.8447030670498765,-0.168848669757174,-0.144452037124446,0.1776851440289015
0.8436320631400451,-0.1675127249409563,-0.1437669940929461,0.1818382042733945
0.8425684199056609,-0.1661487314238253,-0.1430462603185896,0.1859708597737918
0.8415122953426021,-0.1647568538417061,-0.1422900299086712,0.1900826981179062
0.8404638430811008,-0.1633372479200401,-0.1414984813989938,0.1941733046224265
0.8394232138088848,-0.1618900617873732,-0.1406717783922193,0.1982422571374314
0.8383905548921231,-0.1604154349349243,-0.139810068935212,0.2022891278412538
0.8373660118079524,-0.1589134997205567,-0.1389134863690008,0.2063134779233703
0.8363497261734824,-0.1573843779527705,-0.1379821472819898,0.2103148655968655
0.8353418380035618,-0.1558281835607721,-0.1370161530507785,0.2142928375045158
0.8343424855754761,-0.1542450218890046,-0.13601558943711,0.2182469294691147
0.8333518056225969,-0.1526349894343809,-0.134980526439503,0.2221766659367838
0.8323699339099299,-0.1509981742047989,-0.133911018554476,0.2260815578804804
0.831397003746962,-0.1493346525786499,-0.132807102737765,0.2299611088965346
0.8304331493726862,-0.1476444943459348,-0.1316688017477473,0.2338148018843827
0.829478504773205,-0.1459277602451942,-0.1304961226431637,0.2376421038380074
0.8285332025648543,-0.1441844992318917,-0.1292890549659084,0.2414424704431267
0.8275973790285931,-0.1424147571195411,-0.1280475768247099,0.2452153259112336
0.8266711693339455,-0.1406185673103419,-0.12677164866042,0.2489600821844191
0.8257547107606102,-0.1387959561631052,-0.1254612171241265,0.2526761259887964
0.8248481427972718,-0.136946942771555,-0.12411621516695,0.2563628183767725
0.8239516084392364,-0.1350715412330494,-0.1227365639783862,0.2600194893602742
0.823065254380044,-0.1331697608511565,-0.1213221735083802,0.2636454369766949
0.8221892307526647,-0.1312416053332619,-0.119872942256251,0.2672399281874823
0.8213236930784308,-0.1292870768802432,-0.1183887607752984,0.2708021906939842
0.8204688030567759,-0.1273061781728993,-0.11686951376486,0.2743314093989424
0.8196247289897189,-0.1252989137374126,-0.1153150817855185,0.277826724322222
0.8187916460011355,-0.1232652909543615,-0.1137253427720807,0.2812872293392661
0.8179697395354589,-0.1212053294869186,-0.112100180281602,0.2847119572210336
0.8171592035391178,-0.1191190582971274,-0.1104394822375469,0.2880998866676282
0.8163602440863432,-0.1170065266295881,-0.1087431508243373,0.2914499266295651
0.8155730793868706,-0.1148678067527791,-0.1070111061482119,0.2947609155989374
0.8147979399262952,-0.1127029973710629,-0.1052432905661007,0.298031620356861
0.8140350720857344,-0.1105122375819527,-0.1034396818746589,0.3012607199834468
0.8132847367306365,-0.1082957079985304,-0.1016002963600978,0.3044468110044816
0.8125472120680325,-0.1060536449877419,-0.0997252028932629,0.3075883944794031
0.8118227944266505,-0.1037863506237729,-0.0978145339334246,0.3106838717974413
0.8111117973403791,-0.1014941986033676,-0.095868493437273,0.3137315477539749
0.8104145533715011,-0.0991776501709442,-0.0938873735358778,0.3167296219728331
0.8097314118345479,-0.0968372584497311,-0.0918715617167984,0.3196761979758968
0.8090627390803364,-0.0944736824027744,-0.0898215564604604,0.3225692814398498
0.8084089175479444,-0.0920876985751646,-0.0877379813266533,0.3254067838980248
0.807770341329915,-0.0896802013853315,-0.0856215892168104,0.3281865418458001
0.8071474131288433,-0.0872522085076334,-0.0834732709974904,0.3309063302503522
0.8065405396224531,-0.0848048603950076,-0.0812940588784579,0.3335638834240111
0.8059501255548498,-0.0823394138097829,-0.0790851241643138,0.3361569220086032
0.8053765671435599,-0.0798572304503553,-0.0768477701100702,0.3386831835753129
0.8048202461433287,-0.0773597655877991,-0.0745834241535143,0.3411404509498395
0.8042815216353697,-0.0748485429022722,-0.0722936168944929,0.3435265911792973
0.8037607234231289,-0.0723251309449603,-0.0699799615217134,0.3458395880356127
0.8032581456449098,-0.0697911147797789,-0.067644127827619,0.3480775740654884
0.8027740423914917,-0.0672480711823982,-0.0652878184809365,0.3502388541199726
0.8023086235569657,-0.0646975388359545,-0.0629127397491648,0.3523219280851228
0.8018620526883248,-0.0621409925016363,-0.0605205750057048,0.3543255048086562
0.801434446300887,-0.0595798194925946,-0.0581129596592307,0.3562485094172495
0.8010258760994953,-0.0570153087390396,-0.0556914673968679,0.3580900773764102
0.8006363707205669,-0.0544486342654352,-0.0532575909049945,0.3598495503664678
0.8002659192323559,-0.0518808469874451,-0.0508127302401025,0.361526463855746
0.7999144760953822,-0.0493128759347946,-0.048358190194279,0.3631205276027561
0.7995819656571588,-0.0467455274380591,-0.0458951759145464,0.3646316077674511
0.7992682868216046,-0.0441794866926066,-0.043424790999249,0.3660597077635313
0.7989733188586122,-0.0416153313354398,-0.0409480474654573,0.3674049434601401
0.7986969251080109,-0.0390535315237113,-0.0384658630883644,0.3686675275440358
0.7984389581420369,-0.0364944660029962,-0.0359790745125747,0.369847746868491
0.7981992631757482,-0.033938427163719,-0.0334884400899959,0.3709459474722544
0.7979776815155469,-0.0313856298027179,-0.030994646605176,0.3719625191671608
0.7977740538756911,-0.0288362235243132,-0.0284983198712449,0.3728978805048411
0.7975882225791925,-0.0262902969177095,-0.0260000275697239,0.373752468684759
0.7974200341343157,-0.0237478907368781,-0.0235002911405921,0.3745267276026476
0.7972693405273207,-0.0212089979080605,-0.0209995849572982,0.3752211016998638
0.7971360010624017,-0.018673574628315,-0.0184983465594635,0.3758360272251544
0.7970198835814754,-0.0161415472710682,-0.0159969829386428,0.3763719262998674
0.7969208651507672,-0.0136128117627345,-0.0134958695044629,0.3768292034160891
0.7968388331008606,-0.01108724359242,-0.0109953596494996,0.3772082402916233
0.7967736854802099,-0.0085646985920732,-0.0084957852834405,0.3775093934316281
0.7967253315415248,-0.0060450161754251,-0.0059974598576339,0.3777329915492455
0.7966936921631611,-0.0035280266235083,-0.0035006854606519,0.3778793333034003
0.7966786999818466,-0.0010135479654618,-0.0010057496391129,0.3779486863945471
0.7966773514262181,-2.1450636406017412e-13,5.02673206878579e-13,0.3779549250519218
