3.18656977708368
0.8316906276319587,5.778082270883064e-29,1.7419214959695253e-15,0.0455383200663242
0.8316909976031955,0.000213253181089,0.0001580030159751,0.0455356652438016
0.8316942035915644,0.0006629168813838,0.0004911391332183,0.0455126591014617
0.8317006990241586,0.0011122660708955,0.0008239572995949,0.0454660437650631
0.8317104761079602,0.0015609127007549,0.0011561126938171,0.0453958666785555
0.8317235184028927,0.0020084137631618,0.0014872204536235,0.0453022331057623
0.8317398013114623,0.0024543350771133,0.0018169033162331,0.0451853027199815
0.8317592925395465,0.0028982557691201,0.0021447952913517,0.0450452864425416
0.8317819527138702,0.0033397723409789,0.0024705449899114,0.0448824421926723
0.8318077361274233,0.0037785021575923,0.0027938184767533,0.0446970697472477
0.8318365915449526,0.0042140857648013,0.0031143012076183,0.0444895051894828
0.8318684630510137,0.0046461885513438,0.0034316994293633,0.044260115064026
0.8319032908565653,0.0050745011273444,0.0037457405845211,0.0440092908350401
0.831941012117945,0.0054987396926574,0.0040561736608797,0.0437374432531296
0.8319815616239983,0.0059186449296881,0.0043627684170857,0.043444997664219
0.8320248725197694,0.006333981681752,0.004665315147235,0.0431323890428976
0.8320708767777322,0.0067445365361319,0.0049636228869625,0.042800058831751
0.8321195057583219,0.0071501169785113,0.0052575187452461,0.0424484511204955
0.8321706905551325,0.0075505491440736,0.0055468461987696,0.0420780103627265
0.8322243623640738,0.0079456764263031,0.0058314639996955,0.0416891789028111
0.8322804526762834,0.0083353572653815,0.0061112444855894,0.0412823957619483
0.8323388935840809,0.0087194642676645,0.0063860728463246,0.0408580945894624
0.8323996178055266,0.0090978817983534,0.0066558452953587,0.0404167036401721
0.8324625588855873,0.0094705052121956,0.0069204684204874,0.0399586444583238
0.8325276512559757,0.0098372394491532,0.0071798580823864,0.0394843315748965
0.8325948302252004,0.0101979975740779,0.0074339382832555,0.0389941727044252
0.8326640321310131,0.0105527004516637,0.0076826408437146,0.0384885677485719
0.8327351941981992,0.0109012750333044,0.0079259041083865,0.0379679099413899
0.8328082546906904,0.0112436543686982,0.0081636728708314,0.0374325848390306
0.8328831528042442,0.011579776426103,0.0083958974692518,0.0368829711988484
0.8329598286719803,0.0119095836253287,0.0086225333888789,0.0363194410296706
0.8330382233471255,0.0122330223496481,0.00884354085467,0.0357423598042339
0.8331182787870801,0.0125500425401744,0.0090588844861413,0.0351520866579769
0.8331999378907696,0.0128605975490691,0.0092685331317658,0.0345489741902739
0.8332831442729034,0.0131646430521174,0.0094724590740762,0.0339333702063681
0.8333678425050078,0.0134621377876529,0.0096706384728797,0.0333056160100206
0.8334539778671954,0.0137530424880746,0.0098630505940667,0.0326660483093058
0.8335414964491348,0.0140373201361196,0.0100496779325771,0.0320149985387075
0.8336303451239125,0.0143149357583559,0.0102305060254573,0.0313527931177903
0.8337204714207751,0.014585855946294,0.0104055230937135,0.0306797544646525
0.833811823609377,0.014850049067328,0.0105747201378654,0.029996200433494
0.8339043506560379,0.0151074850679369,0.0107380907673431,0.0293024447026301
0.8339980021836535,0.0153581353152903,0.010895631059065,0.0285987971363985
0.834092728448462,0.0156019725046099,0.0110473394611462,0.0278855640214338
0.8341884803121202,0.01583897056602,0.0111932166987045,0.0271630483384866
0.8342852093270747,0.0160691048481966,0.0113332658498857,0.0264315491773296
0.8343828675893968,0.0162923517301526,0.0114674920709757,0.0256913629055523
0.8344814077967388,0.0165086887530984,0.0115959026441793,0.0249427827905797
0.8345807832276491,0.0167180945545389,0.0117185069035057,0.0241860992136139
0.8346809477290671,0.0169205488265917,0.0118353161765851,0.0234215998216759
0.8347818557039752,0.0171160322780532,0.0119463437296653,0.0226495696783487
0.8348834620587313,0.0173045265265848,0.0120516046749528,0.0218702917241103
0.834985722303425,0.0174860142788837,0.0121511160398995,0.0210840460634204
0.8350885924032067,0.0176604790476643,0.0122448965777164,0.020291111160938
0.8351920289231471,0.017827905400007,0.0123329668718221,0.0194917627826965
0.8352959889130167,0.0179882787449899,0.0124153491879698,0.01868627493664
0.8354004299172172,0.018141585351037,0.0124920674541209,0.0178749198523804
0.835505310007952,0.0182878123878998,0.0125631472500175,0.0170579677775566
0.8356105877327432,0.018426947842076,0.0126286157331595,0.0162356874388991
0.8357162221177853,0.0185589805210634,0.0126885016110178,0.0154083460710656
0.8358221727331279,0.0186839001249761,0.0127428351405648,0.0145762089578766
0.8359283995943788,0.0188016971135857,0.01279164803483,0.0137395402533188
0.8360348631923974,0.0189123627418538,0.0128349734483385,0.0128986028022733
0.8361415244865743,0.0190158890473792,0.0128728459397034,0.0120536582452282
0.8362483449607455,0.0191122688936096,0.012905301452437,0.0112049666246147
0.836355286503871,0.0192014958487376,0.0129323772376251,0.010352787380678
0.8364623114551769,0.0192835642324487,0.0129541118408006,0.0094973790468635
0.8365693826946952,0.0193584691732083,0.012970545079584,0.0086389985733616
0.8366764634819269,0.0194262064770831,0.0129817179733101,0.0077779026647929
0.836783517539658,0.0194867726907347,0.0129876727265808,0.0069143471601266
0.8368905090646173,0.0195401650954734,0.0129884526880917,0.006048586991958
0.8369974026486329,0.0195863816601818,0.0129841023109482,0.0051808768706149
0.8371041633345231,0.0196254210693664,0.0129746671191397,0.0043114708803208
0.8372107566319547,0.0196572827170046,0.0129601936629557,0.0034406223930603
0.8373171483597287,0.0196819666583192,0.012940729504387,0.0025685854035427
0.8374233049005013,0.0196994736779178,0.0129163231410109,0.0016956124910886
0.8375291929125964,0.0197098052193102,0.0128870240195439,0.0008219572255696
0.8376347795876692,0.0197129634275332,0.0128528824394582,-5.21279071227e-05
0.8377400323749274,0.0197089511242297,0.0128139495925362,-0.0009263891854789
0.8378449394880491,0.0196977689637666,0.012770268541328,-0.0018007427982593
0.8379494849043403,0.0196794136370243,0.0127218816008365,-0.0026750682833845
0.8380536368416076,0.0196538825928636,0.0126688375048592,-0.0035491110094364
0.8381573637709477,0.0196211739987916,0.0126111858321446,-0.0044226148975341
0.8382606344575526,0.0195812867489683,0.0125489769561044,-0.0052953227071834
0.838363417888886,0.0195342205097538,0.0124822620569589,-0.0061669753740313
0.8384656833313576,0.0194799757228331,0.0124110930596657,-0.007037312431866
0.8385674002877792,0.0194185536466847,0.0123355226299987,-0.0079060715976747
0.8386685384295816,0.0193499564342823,0.012255604201159,-0.0087729881341418
0.8387690676973891,0.0192741871079912,0.0121713918726817,-0.0096377956524964
0.8388689582030675,0.0191912496611412,0.0120829404591984,-0.0105002252191104
0.8389681802741114,0.0191011490697848,0.0119903054289745,-0.0113600056818302
0.8390667043781602,0.0190038914070593,0.0118935429483091,-0.0122168629628437
0.8391645011698841,0.0188994838585245,0.011792709816904,-0.0130705204100592
0.8392615414267516,0.0187879348480505,0.0116878635104692,-0.0139206981851988
0.8393577960747323,0.0186692540819779,0.0115790621368012,-0.0147671134350452
0.8394532361330941,0.0185434526922542,0.0114663644802179,-0.015609479755838
0.8395478327329121,0.0184105433034357,0.0113498299687445,-0.0164475073049058
0.8396415570931054,0.0182705401583754,0.0112295186901969,-0.0172809025417336
0.8397343804728065,0.018123459298752,0.0111054914471238,-0.0181093677571819
0.8398262742126383,0.017969318623215,0.0109778097006135,-0.0189326013960315
0.8399172096649,0.0178081381301205,0.0108465356642991,-0.0197502973922726
0.8400071582192525,0.0176399400235929,0.0107117322759246,-0.0205621453596499
0.8400960912659734,0.0174647489387011,0.0105734632605096,-0.0213678302269113
0.84018398019415,0.0172825921238194,0.0104317931505174,-0.0221670321906051
0.8402707963785275,0.0170934996605386,0.0102867873287909,-0.0229594265709785
0.8403565111549887,0.0168975047313856,0.0101385120999091,-0.0237446835686317
0.8404410958560558,0.0166946437715411,0.0099870346661038,-0.0245224685774944
0.8405245217716124,0.01648495680589,0.0098324232371834,-0.0252924418225984
0.8406067601504175,0.0162684877229131,0.0096747470832123,-0.0260542583780538
0.840687782247566,0.0160452844410599,0.0095140765034494,-0.0268075686236363
0.8407675592661545,0.0158153993763784,0.0093504830077495,-0.0275520177330171
0.8408460624301051,0.0155788895796784,0.0091840392520705,-0.0282872463923996
0.8409232629990222,0.015335817034837,0.0090148190877818,-0.0290128910005162
0.8409991322725563,0.0150862490143373,0.0088428976453996,-0.0297285837854688
0.8410736416253013,0.0148302583626913,0.0086683513631662,-0.0304339532256711
0.8411467625743201,0.014567923672746,0.0084912579415385,-0.0311286248025506
0.841218466829056,0.014299329513164,0.0083116963345558,-0.0318122216132407
0.8412887263110498,0.0140245667768668,0.0081297468222266,-0.032484364718859
0.8413575132532772,0.0137437327308005,0.0079454908854584,-0.033144674277609
0.8414248002792839,0.0134569311060803,0.007759011116389,-0.0337927705178662
0.8414905604349294,0.0131642723731466,0.0075703912553799,-0.0344282742831511
0.8415547673463879,0.0128658734406012,0.0073797158635287,-0.0350508088244154
0.8416173952407656,0.0125618579043068,0.0071870703638795,-0.0356600002983533
0.8416784190501762,0.0122523558943308,0.0069925408345912,-0.0362554790989656
0.8417378145233034,0.0119375038017661,0.0067962137441258,-0.0368368812946853
0.8417955582978839,0.0116174441229666,0.006598175778542,-0.0374038497130626
0.8418516280268797,0.0112923249238102,0.006398513452178,-0.0379560355780294
0.8419060023936946,0.010962299830883,0.0061973130641415,-0.0384930990800501
0.8419586612481459,0.0106275272384972,0.0059946601926822,-0.0390147111531355
0.8420095856312971,0.0102881700490874,0.0057906395396256,-0.039520554173628
0.8420587578003281,0.0099443953618971,0.0055853347597749,-0.0400103226653965
0.8421061614005451,0.0095963729915554,0.0053788276146808,-0.0404837254803442
0.8421517813503228,0.0092442758372957,0.0051711982556152,-0.0409404851251148
0.8421956039069789,0.0088882789320193,0.0049625247334828,-0.0413803388832207
0.8422376166564153,0.0085285589100284,0.0047528827782496,-0.041803039171939
0.8422778085448478,0.0081652929828249,0.0045423453096323,-0.0422083543131592
0.842316169748144,0.0077986592415122,0.0043309827336701,-0.0425960676537846
0.8423526916926803,0.0074288355957124,0.0041188624565963,-0.0429659781917681
0.8423873670062066,0.0070559991844465,0.0039060486881668,-0.0433179004791972
0.8424201894074416,0.0066803263951026,0.003692602600046,-0.0436516638793968
0.8424511536889403,0.006301991836822,0.0034785818938189,-0.0439671127450969
0.8424802555667372,0.0059211687930207,0.0032640412148224,-0.0442641052159429
0.8425074916271503,0.0055380286036323,0.0030490319588165,-0.0445425129757746
0.8425328592504757,0.0051527402344684,0.0028336021894797,-0.0448022207494291
0.8425563565222159,0.0047654699701501,0.0026177966270915,-0.0450431256457302
0.8425779820397098,0.0043763830460785,0.0024016577126101,-0.0452651353994797
0.8425977349837471,0.0039856409320095,0.0021852242475259,-0.045468169305523
0.8426156148924959,0.0035934037646603,0.0019685328968574,-0.0456521560755152
0.8426316216638052,0.0031998288439488,0.00175161750052,-0.0458170340156986
0.8426457554432556,0.0028050713606491,0.0015345096192976,-0.0459627500101882
0.8426580165724042,0.0024092839081676,0.0013172384050991,-0.0460892591035903
0.8426684054837933,0.0020126177883264,0.0010998314529076,-0.0461965235162414
0.8426769226771755,0.0016152221741168,0.0008823144708318,-0.0462845124802398
0.8426835686472459,0.0012172451546304,0.0006647119796417,-0.0463532015598672
0.8426883438587301,0.0008188331514401,0.0004470471168241,-0.0464025724468305
0.8426912487019285,0.0004201312822139,0.0002293419569198,-0.0464326125405085
0.8426922834599121,2.12836981689e-05,1.16178143452e-05,-0.0464433146362369
0.8426914482918796,-0.00037756482476,-0.0002061037716803,-0.0464346767691577
0.8426887430271158,-0.0007762930371405,-0.0004238141107596,-0.0464067000885838
0.8426841668959639,-0.0011747827196834,-0.0006415060856551,-0.0463593860738264
0.8426777189757171,-0.0015728906885766,-0.0008591587651743,-0.0462927411370995
0.8426693982328355,-0.0019704721997071,-0.0010767500632924,-0.0462067770405938
0.8426592035315579,-0.0023673819790126,-0.0012942571851778,-0.0461015109548026
0.8426471336932325,-0.0027634728509961,-0.0015116557568929,-0.0459769660287688
0.8426331875030507,-0.0031585968482909,-0.0017289203115924,-0.0458331714043509
0.842617363792931,-0.0035526038206526,-0.0019460234013806,-0.045670163002574
0.842599661444346,-0.0039453426297399,-0.0021629361272193,-0.0454879834696946
0.8425800795407228,-0.00433665887321,-0.0023796267517572,-0.0452866836472755
0.8425586174051051,-0.0047263958409418,-0.0025960610865214,-0.0450663228409199
0.8425352746223932,-0.0051143953273258,-0.0028122028036864,-0.0448269689136875
0.8425100512233592,-0.0055004957577617,-0.0030280122502301,-0.0445687000185852
0.84248294768726,-0.0058845336626199,-0.0032434471185098,-0.0442916044462789
0.842453965123732,-0.0062663423581125,-0.0034584615552004,-0.0439957822850118
0.8424231052674073,-0.006645753443026,-0.0036730068448604,-0.0436813451391078
0.8423903707491948,-0.0070225947506959,-0.0038870300935858,-0.0433484186425471
0.8423557651103867,-0.0073966918110593,-0.0041004748853842,-0.0429971423162917
0.8423192927694402,-0.0077678693962153,-0.0043132820052252,-0.0426276689268365
0.8422809594102119,-0.0081359487188296,-0.0045253876751795,-0.0422401680880678
0.8422407718304387,-0.0085007503808587,-0.0047367250784004,-0.0418348243571262
0.8421987381687134,-0.0088620933655715,-0.0049472236237519,-0.0414118391379504
0.8421548679756995,-0.0092197956637629,-0.0051568091502372,-0.0409714309753142
0.8421091721742665,-0.0095736756659853,-0.0053654045956713,-0.0405138347119371
0.842061663154819,-0.0099235522873036,-0.0055729299414894,-0.0400393019865689
0.8420123549171304,-0.0102692448269834,-0.0057793020034963,-0.0395481021681812
0.8419612629082467,-0.0106105749420187,-0.0059844354955662,-0.0390405202414673
0.8419084042011633,-0.0109473660569563,-0.0061882425874974,-0.0385168580817639
0.8418537973590327,-0.0112794448695633,-0.0063906337343099,-0.0379774325919535
0.8417974623608517,-0.0116066421879118,-0.006591518137831,-0.0374225744633013
0.8417394207280238,-0.0119287925129061,-0.0067908034591146,-0.036852628917961
0.8416796952543916,-0.012245735830468,-0.0069883969092086,-0.0362679525541084
0.8416183100056064,-0.0125573176551067,-0.0071842052971023,-0.0356689128679003
0.8415552902159615,-0.0128633895662247,-0.0073781354024553,-0.0350558867860475
0.8414906622070784,-0.0131638095234232,-0.0075700942334647,-0.03442925943747
0.8414244531526995,-0.0134584427746217,-0.007759989689495,-0.0337894214658059
0.8413566912223639,-0.0137471609475501,-0.0079477300796061,-0.0331367700424109
0.8412874051701773,-0.0140298435570498,-0.008133225213753,-0.0324717045473054
0.8412166244297987,-0.0143063771822667,-0.0083163860097891,-0.0317946271794971
0.8411443788846537,-0.0145766559872313,-0.0084971249857442,-0.0311059404735851
0.841070698825021,-0.0148405814139351,-0.0086753562233082,-0.0304060466503105
0.8409956148474405,-0.0150980620866988,-0.0088509954772148,-0.0296953464472373
0.8409191577528161,-0.0153490136848762,-0.0090239602716793,-0.028974237973978
0.8408413585463583,-0.0155933584691478,-0.0091941697618329,-0.0282431165598207
0.8407622482432694,-0.0158310254298116,-0.0093615450271244,-0.0275023728017551
0.8406818579178229,-0.0160619496446239,-0.0095260088182781,-0.0267523929343834
0.8406002185936561,-0.0162860721500309,-0.0096874856582543,-0.0259935577315319
0.8405173612815016,-0.0165033393955436,-0.0098459016433626,-0.0252262428075286
0.8404333168616824,-0.0167137031456891,-0.0100011845604026,-0.0244508174946067
0.8403481161349221,-0.0169171199435092,-0.0101532636806219,-0.0236676453014597
0.8402617898018583,-0.0171135508017512,-0.0103020697086191,-0.022877083721526
0.8401743684174738,-0.0173029609627461,-0.0104475347771602,-0.0220794838281188
0.8400858824405041,-0.0174853194652488,-0.0105895922869805,-0.0212751907508158
0.8399963621886759,-0.0176605989460944,-0.0107281769161094,-0.0204645433000579
0.8399058378885157,-0.0178287752644615,-0.0108632244829046,-0.0196478744611458
0.8398143396559179,-0.0179898272930901,-0.0109946719295389,-0.0188255112649484
0.8397218975377677,-0.0181437366153651,-0.0111224572210591,-0.0179977752155366
0.8396285415123578,-0.01829048732281,-0.011246519315271,-0.0171649823492176
0.8395343014914646,-0.018430065822112,-0.0113667981332624,-0.0163274433143311
0.8394392073695343,-0.0185624605901632,-0.0114832344760136,-0.0154854638725167
0.8393432890368192,-0.0186876620093054,-0.0115957699987295,-0.0146393450778829
0.8392465763781135,-0.0188056622332394,-0.0117043472053301,-0.0137893833319061
0.8391490992812135,-0.0189164550476776,-0.0118089094323013,-0.0129358705277728
0.8390508877375054,-0.0190200356471336,-0.0119094007426924,-0.0120790949990603
0.8389519717429577,-0.0191164006510811,-0.0120057660384798,-0.0112193407208663
0.8388523814230059,-0.0192055478840643,-0.0120979509408548,-0.0103568884684525
0.8387521469753013,-0.0192874763593941,-0.0121859018609298,-0.0094920153862876
0.8386512987260685,-0.0193621861581415,-0.012269565960715,-0.0086249955455059
0.838549867133215,-0.0194296783690121,-0.0123488911689465,-0.0077561000378534
0.8384478828242075,-0.0194899550113387,-0.0124238261712164,-0.0068855973674697
0.8383453765532761,-0.0195430190143376,-0.0124943204624936,-0.0060137531528126
0.8382423792976231,-0.0195888741212421,-0.0125603242998223,-0.0051408310141263
0.8381389221922847,-0.0196275248898559,-0.0126217887721964,-0.0042670920849854
0.8380350365867483,-0.0196589766325337,-0.0126786657863769,-0.003392795559859
0.8379307540450703,-0.0196832353913304,-0.0127309080936099,-0.0025181987599556
0.8378261063582652,-0.0197003079112871,-0.0127784693091639,-0.0016435573026758
0.8377211256055557,-0.0197102016155628,-0.0128213039146436,-0.0007691256763456
0.8376158440230004,-0.0197129246036176,-0.0128593673407289,0.0001048437906955
0.8375102941642903,-0.0197084856173747,-0.0128926159262424,0.0009780995248262
0.8374044861341517,-0.0196968907888319,-0.0129210125385454,0.0018505780711337
0.837298438939465,-0.0196781426066685,-0.0129445150694894,0.0027221437178689
0.8371921859051056,-0.0196522443454985,-0.0129630776324342,0.0035925453677489
0.8370857606899482,-0.0196191999416653,-0.012976655321328,0.0044615323725776
0.8369791973478535,-0.0195790140072549,-0.0129852042341076,0.0053288539821091
0.8368725303123966,-0.0195316918311689,-0.0129886815126463,0.00619425941918
0.8367657944399172,-0.0194772394048407,-0.0129870453792807,0.007057497480494
0.8366590249080927,-0.0194156633761118,-0.0129802551718209,0.0079183173059685
0.836552257406502,-0.0193469711592905,-0.0129682713876883,0.0087764667886976
0.836445527958254,-0.0192711708463406,-0.012951055714134,0.0096316939640555
0.8363388730047565,-0.0191882712590984,-0.012928571066863,0.0104837462726806
0.8362323294523393,-0.0190982820012747,-0.0129007816417397,0.0113323701384246
0.836125934574607,-0.019001213392209,-0.0128676529311574,0.0121773116960571
0.8360197260793001,-0.0188970765271077,-0.0128291517736346,0.0130183162037381
0.8359137421569504,-0.0187858833441518,-0.0127852464149123,0.0138551276076228
0.8358080213244784,-0.0186676464748386,-0.012735906482576,0.0146874897243777
0.8357026025950173,-0.0185423794274554,-0.0126811030885882,0.0155151448444478
0.8355975254150356,-0.0184100965399181,-0.0126208088453478,0.0163378341765332
0.8354928296495762,-0.0182708129713124,-0.0125549978924923,0.0171552979078639
0.8353885556069719,-0.0181245447431245,-0.0124836459460843,0.0179672749549506
0.8352847440450041,-0.0179713087623687,-0.0124067303409688,0.0187735028607295
0.835181436173246,-0.0178111228407371,-0.0123242300714096,0.0195737177212543
0.8350786736222385,-0.0176440056589492,-0.0122361258024797,0.0203676543678728
0.8349764984921347,-0.0174699768544916,-0.0121423999449063,0.0211550459334175
0.8348749533414448,-0.0172890570218799,-0.0120430366861782,0.021935623883288
0.8347740811482708,-0.0171012676545653,-0.0119380219873859,0.0227091182551125
0.8346739254152291,-0.0169066313518804,-0.0118273437276766,0.0234752567955292
0.8345745300938021,-0.0167051717032858,-0.011710991671255,0.0242337654840981
0.8344759395506189,-0.0164969132243241,-0.0115889574573966,0.0249843687291555
0.8343781986581343,-0.0162818815520214,-0.0114612347418347,0.0257267886155419
0.8342813527884572,-0.0160601034602728,-0.0113278192376491,0.0264607448941254
0.8341854477388528,-0.0158316067052139,-0.0111887086514808,0.0271859554856618
0.8340905298678475,-0.0155964203585333,-0.0110439029144612,0.0279021353888843
0.8339966460339933,-0.0153545746994378,-0.010893404149771,0.0286089970850617
0.8339038435485032,-0.0151061011078786,-0.0107372166354503,0.0293062508311685
0.833812170247054,-0.0148510322635844,-0.0105753469575188,0.0299936040548388
0.8337216745065611,-0.0145894022255444,-0.0104078040926248,0.0306707611660215
0.8336324052445822,-0.0143212464682779,-0.0102345994643038,0.031337423498184
0.833544411920776,-0.01404660192335,-0.0100557470027521,0.0319932892324903
0.8334577444818244,-0.0137655068338282,-0.0098712630816239,0.0326380537405759
0.8333724535491747,-0.0134780013986569,-0.0096811669738546,0.0332714081195208
0.8332885902389858,-0.0131841272494732,-0.0094854805447684,0.0338930404639032
0.8332062063296778,-0.0128839280745504,-0.0092842287008146,0.0345026345514467
0.8331253541377766,-0.0125774492582574,-0.009077439187457,0.0350998706922943
0.8330460866635924,-0.0122647384989504,-0.008865143042585,0.0356844245781541
0.8329684575131097,-0.011945845630936,-0.0086473745185996,0.0362559677857554
0.8328925209608766,-0.0116208229956906,-0.0084241713766046,0.0368141672360675
0.8328183319529759,-0.0112897256181122,-0.0081955750522277,0.0373586850942087
0.8327459461236891,-0.0109526114715683,-0.0079616308847836,0.0378891785658357
0.832675419762621,-0.0106095415436477,-0.0077223882101466,0.0384053000532429
0.8326068099331881,-0.0102605806803532,-0.0074779009988841,0.038906696200209
0.8325401743938354,-0.0099057975685054,-0.0072282278995397,0.0393930083785634
0.8324755716288588,-0.0095452653021732,-0.0069734326911729,0.0398638723672503
0.8324130608314974,-0.0091790617990732,-0.0067135846349667,0.0403189183757266
0.8323527019099606,-0.0088072704520832,-0.0064487589956367,0.0407577708948689
0.8322945554988682,-0.0084299809860058,-0.0061790377145347,0.0411800485037369
0.8322386829012164,-0.0080472900679527,-0.00590450991188,0.0415853641751244
0.8321851460019478,-0.0076593018678054,-0.0056252723537662,0.0419733257783218
0.8321340072754936,-0.0072661295150987,-0.0053414305660106,0.042343535892377
0.8320853296520385,-0.0068678958779251,-0.0050530994648712,0.0426955926352235
0.8320391764159033,-0.0064647348887334,-0.0047604043823641,0.0430290902495918
0.8319956110427973,-0.0060567927979723,-0.0044634820400442,0.043343620120641
0.8319546969940971,-0.0056442295025728,-0.004162481574448,0.0436387720924236
0.8319164974957525,-0.0052272203103895,-0.0038575658761387,0.0439141358836095
0.831881075206223,-0.0048059572407835,-0.0035489125833335,0.0441693032916414
0.8318484918712123,-0.0043806508759539,-0.0032367154666292,0.0444038704796977
0.8318188078624447,-0.0039515316486785,-0.002921185385782,0.0446174410875756
0.8317920816832852,-0.0035188515095741,-0.0026025515042519,0.0448096295708501
0.8317683693562139,-0.0030828847203373,-0.0022810618352523,0.0449800653819351
0.8317477238214253,-0.0026439297619429,-0.00195698457867,0.0451283970661502
0.8317301941471259,-0.0022023084816119,-0.0016306073855401,0.0452542977102192
0.8317158248231867,-0.0017583670936819,-0.0013022379483834,0.0453574697956074
0.8317046549466757,-0.0013124746668869,-0.0009722026909707,0.0454376508388795
0.8316967174640502,-0.0008650218554492,-0.0006408455910251,0.045494618642118
0.8316920384448487,-0.0004164184186053,-0.0003085260612411,0.0455281963416888
0.8316906276352198,-1.2956554232279593e-12,9.243243431940327e-12,0.0455383200619845
