2.97861607757682
0.7503196482742208,9.529036398695852e-25,3.574745284987014e-13,0.527117615049036
0.7503216989269802,0.0018849935606611,0.0011468691423249,0.5271063173264605
0.7503354232662539,0.0052280173389586,0.0031807107321769,0.5270307130642551
0.7503620620512915,0.0085720334626911,0.0052148086226227,0.5268840040353392
0.7504016434351812,0.0119176793458081,0.0072493295799929,0.5266661081121056
0.7504542063585036,0.0152654248482642,0.0092843401780478,0.5263769193397506
0.7505198009779486,0.0186157391156381,0.0113199090558877,0.5260163058338482
0.7505984888540965,0.0219690944388293,0.0133561100118262,0.5255841090781479
0.7506903429265358,0.0253259589385284,0.015393018308343,0.5250801444645311
0.7507954477944098,0.0286868028351818,0.0174307152289753,0.5245042002295504
0.7509138999467188,0.0320520987106029,0.0194692889777847,0.5238560367480576
0.7510458081545465,0.0354223248927539,0.0215088374628228,0.5231353850262417
0.7511912937919539,0.0387979648380744,0.0235494686430535,0.5223419456788504
0.7513504912397944,0.0421795078758005,0.0255913016924293,0.5214753875515771
0.7515235487083255,0.0455674568940858,0.0276344723373337,0.5205353441765175
0.7517106285515276,0.0489623232647631,0.0296791304686764,0.5195214131212827
0.751911908139524,0.0523646322624989,0.0317254440758322,0.518433152437274
0.752127580482843,0.0557749220241364,0.0337735992677133,0.5172700786077534
0.7523578557395769,0.0591937549368553,0.0358238077382057,0.5160316599070554
0.7526029613734089,0.0626217061607022,0.0378763004804563,0.5147173172282163
0.7528631440466174,0.0660593774140375,0.0399313366486832,0.513326415780235
0.7531386705633103,0.0695073942003267,0.0419892024622758,0.5118582621499899
0.7534298291956406,0.0729664074711722,0.0440502127648563,0.5103120995676294
0.7537369306839176,0.076437090374452,0.0461147096544026,0.508687105182513
0.7540603107466114,0.0799201508991562,0.0481830705713092,0.5069823796591936
0.7544003308141941,0.0834163223737136,0.0502557032031661,0.5051969465454265
0.7547573804409011,0.0869263715120257,0.0523330508392905,0.5033297431491522
0.7551318781617039,0.0904510890713876,0.0544155874340194,0.5013796199902699
0.7555242731877321,0.0939912890479483,0.0565038177844733,0.4993453362230499
0.7559350477308748,0.0975478122532934,0.058598280322664,0.4972255522515779
0.7563647169644815,0.1011215085667885,0.0606995373957368,0.4950188349987567
0.7568138311884264,0.1047132392129723,0.0628081774302157,0.4927236521399297
0.7572829743471478,0.1083238497519063,0.0649247999655646,0.4903383853683882
0.7577727637993517,0.1119541567738574,0.0670500088738866,0.4878613373071704
0.7582838481448673,0.1156049226959746,0.0691843987081593,0.4852907482951539
0.7588169015649332,0.1192768112556479,0.071328529893643,0.4826248303321388
0.7593726181365495,0.1229703513015085,0.0734829088950989,0.4798618002524586
0.7599516982917577,0.1266858581462275,0.0756479436985426,0.4769999505874168
0.7605548339214555,0.1304233627471518,0.0778239039180118,0.4740377244813316
0.7611826844922903,0.1341825032775142,0.0800108589117908,0.4709738312585151
0.761835848698963,0.1379624149161241,0.0822086146308347,0.4678073785190111
0.7625148266449845,0.1417615927787208,0.0844166343504362,0.4645380434158667
0.7632199755053231,0.1455777520869789,0.0866339569876725,0.4611662664448238
0.7639514640078318,0.1494077164551059,0.0888591305437393,0.457693440519217
0.7647092299658511,0.1532473519150546,0.0910901705022854,0.45412207478678
0.7654929487294939,0.1570915767784936,0.0933245603841201,0.4504558970438956
0.7663020259690309,0.1609344947028483,0.0955593219598491,0.4466998354387972
0.7671356189803239,0.1647696430122296,0.0977911509001364,0.4428598666630251
0.7679926904891115,0.1685903468353316,0.1000166132259432,0.4389427203615321
0.7688720865730554,0.1723901172219788,0.1022323677543036,0.4349554866343115
0.7697726242180466,0.1761630195065147,0.1044353727707445,0.4309051983445003
0.7706931718625377,0.1799039466925083,0.1066230397122832,0.4267984650480649
0.7716327111571478,0.18360876764841,0.1087933164601373,0.4226412086557602
0.772590374032999,0.1872743505531411,0.1109447001704929,0.4184385215727454
0.7735654563588668,0.1908984899553116,0.1130761955428733,0.4141946350665269
0.7745574141333248,0.1944797775198942,0.1151872412158783,0.409912965961794
0.7755658477004103,0.1980174470884445,0.117277621560243,0.4055962135541573
0.7765904828055065,0.2015112297218834,0.1193473843627938,0.4012464662910887
0.7776311499256348,0.2049612227323111,0.1213967664872957,0.3968653113497635
0.7786877620227862,0.2083677716699155,0.1234261267018954,0.3924539460706521
0.7797602994322198,0.2117313908423347,0.1254359008369104,0.3880132549978144
0.7808487938350528,0.2150526918997298,0.1274265612392867,0.3835438872473223
0.781953317447314,0.2183323376318839,0.1293985907933806,0.3790463091899036
0.7830739733432214,0.2215710053116586,0.1313524622631174,0.3745208501788593
0.7842108878761476,0.2247693609326166,0.1332886238275303,0.3699677378066469
0.7853642038075372,0.2279280389489626,0.1352074876310439,0.3653871287294872
0.7865340775179489,0.2310476356641053,0.137109426369608,0.3607791220334757
0.7877206737879685,0.2341286973156578,0.1389947664831569,0.3561437814446463
0.7889241641400777,0.2371717188629647,0.1408637877098256,0.3514811427408983
0.7901447236076415,0.2401771392093081,0.1427167203537706,0.3467912268353012
0.7913825300838682,0.2431453433723257,0.1445537467273531,0.3420740424351124
0.7926377613248778,0.2460766590671318,0.1463749990810255,0.3373295974008531
0.793910597351487,0.248971366100279,0.1481805654283884,0.3325578893903914
0.795201215537836,0.2518296885207699,0.1499704846330276,0.3277589240309844
0.7965097915905461,0.2546518006807065,0.1517447500888308,0.322932710565153
0.7978364998359811,0.257437831150117,0.1535033120846922,0.3180792602120533
0.7991815103523028,0.2601878598477426,0.1552460758766919,0.3131985959977201
0.8005449902107059,0.2629019238756292,0.1569729052260755,0.3082907473672158
0.8019271026410744,0.2655800186869489,0.1586836230030374,0.3033557524194248
0.8033280075897281,0.268222101840924,0.1603780134389199,0.2983936551094251
0.8047478611767253,0.2708280943490724,0.162055822853117,0.2934045064208566
0.8061868116585466,0.2733978758073301,0.163716756350733,0.2883883776034178
0.807645003524409,0.2759312944207388,0.1653604841065667,0.2833453447522519
0.8091225775647374,0.2784281689113999,0.1669866424829155,0.2782754878617457
0.8106196659173508,0.2808882820987896,0.1685948297033463,0.2731789069434202
0.8121363964390534,0.2833113903561692,0.1701846118539389,0.2680557060046029
0.8136728886011931,0.2856972187198312,0.1717555195435236,0.2629060060540355
0.8152292568152538,0.2880454679817006,0.1733070524158048,0.257729932882386
0.8168056085059402,0.2903558131637179,0.1748386780258269,0.2525276226596143
0.8184020423540984,0.2926279025885651,0.1763498310840794,0.2472992267141655
0.8200186499372061,0.2948613618691407,0.1778399159695066,0.2420449050849291
0.821655515332309,0.2970557946576524,0.1793083071150323,0.2367648269023387
0.8233127113493157,0.2992107790507475,0.1807543464771816,0.2314591814925831
0.8249903036967422,0.3013258746073083,0.1821773481136424,0.2261281638665722
0.8266883488615215,0.3034006206912952,0.1835765969747418,0.2207719805971086
0.8284068935109493,0.3054345369681734,0.1849513491320395,0.2153908506837492
0.8301459727518563,0.3074271226311463,0.18630083114923,0.209985009913713
0.8319056132628798,0.3093778612098897,0.1876242432392008,0.2045547000450749
0.8336858300476616,0.31128621784922,0.1889207573334158,0.1991001779237803
0.8354866260332955,0.3131516400890644,0.190189517517489,0.1936217155839148
0.8373079915516766,0.3149735585002972,0.1914296403759176,0.1881196006928909
0.839149906657858,0.3167513900062069,0.1926402171722253,0.1825941284941792
0.8410123380854235,0.3184845357160402,0.1938203122966112,0.1770456100019486
0.8428952357680664,0.3201723789067407,0.1949689618160044,0.1714743811366374
0.8447985400582312,0.3218142926465597,0.1960851785934337,0.1658807801587286
0.8467221757465963,0.3234096351307309,0.1971679490410814,0.1602651644081887
0.8486660517865913,0.3249577505657435,0.1982162336575432,0.1546279098871106
0.8506300629240425,0.3264579714224671,0.1992289684915935,0.1489694053878353
0.8526140861122078,0.3279096165373524,0.2002050637972202,0.1432900617263259
0.8546179843961147,0.3293119949093686,0.2011434065324481,0.1375902994441565
0.8566416048610944,0.3306644047819141,0.2020428596605535,0.1318705536981713
0.8586847725716906,0.331966130525771,0.202902260025824,0.1261312901921389
0.8607473001375108,0.3332164497777948,0.2037204230317092,0.1203729770293678
0.8628289777012453,0.3344146277389184,0.2044961388009866,0.1145961117496848
0.8649295782829745,0.335559921351178,0.205228174862856,0.108801205159988
0.8670488560399471,0.3366515788538834,0.2059152757693231,0.1029887851061632
0.8691865420707001,0.3376888384015453,0.206556162168234,0.097159406785739
0.8713423523929137,0.338670932693243,0.2071495336037977,0.0913136297905804
0.873515978664419,0.3395970849851688,0.2076940659327168,0.0854520423149615
0.8757070928292844,0.3404665119642599,0.20818841298657,0.0795752473133233
0.8779153433708143,0.3412784227358369,0.2086312058612447,0.0736838714289334
0.880140358637875,0.3420320206545821,0.209021053814798,0.0677785549061948
0.8823817462091853,0.3427265033017124,0.2093565440045634,0.0618599522349502
0.8846390872297574,0.3433610611269412,0.2096362406399784,0.0559287459306639
0.8869119446290087,0.3439348802620436,0.2098586860698054,0.0499856236815988
0.8891998551877319,0.3444471404256582,0.2100223995056012,0.0440312980597074
0.8915023337071809,0.344897016266432,0.210125877238635,0.0380664943673837
0.8938188712838162,0.3452836769739135,0.2101675920150439,0.0320919539503339
0.896148940425425,0.3456062869117017,0.2101459923678419,0.0261084198473076
0.8984919910033673,0.345864004370463,0.2100595013852188,0.0201166461315828
0.9008474548644806,0.3460559814576816,0.2099065152577812,0.0141173849361372
0.9032147360783156,0.3461813624943679,0.2096854023617252,0.0081114100767615
0.9055932100502606,0.3462392840139695,0.209394502560541,0.0020995176788724
0.9079822359084424,0.3462288745010535,0.2090321242231762,-0.0039175066533862
0.9103814638182272,0.3461492377553751,0.2085964807443855,-0.0099396591529483
0.9127921012480228,0.3459993088229562,0.2080853519164678,-0.0159708702727907
0.9152136179727706,0.3457779697661101,0.2074966841672309,-0.0220107427557076
0.9176454588552868,0.3454840643024232,0.2068283511360298,-0.0280588761373898
0.9200870406233048,0.3451163953610485,0.2060781490735108,-0.0341148620873664
0.9225377456868148,0.3446737232845743,0.2052437931288561,-0.0401782728405404
0.9249969217237156,0.3441547632919556,0.2043229117596677,-0.0462486643685899
0.9274638755575576,0.3435581838827075,0.2033130427268832,-0.0523255658386745
0.9299378735090794,0.3428826038458971,0.2022116263509901,-0.0584084855148336
0.9324181366830072,0.3421265900980032,0.2010160000866343,-0.064496904627554
0.934903823086476,0.3412886602630232,0.1997233999678472,-0.0705902395523433
0.9373940414384834,0.3403672756518204,0.1983309465198763,-0.0766878823419897
0.9398878227415468,0.3393608483348337,0.1968356521370491,-0.0827891382667594
0.9423841117755528,0.3382677439211282,0.1952344206724868,-0.0888932129358582
0.9448817520824948,0.3370862883828348,0.1935240523880344,-0.0949991840375372
0.9473794529483164,0.3358147866776021,0.1917012650575026,-0.101105929536826
0.9498757597428962,0.3344515460156169,0.1897627204570438,-0.1072120642522664
0.9523690023468958,0.3329949187847547,0.1877050777318694,-0.1133158224278811
0.9548572217236267,0.3314433719863099,0.1855250828581461,-0.1194148853131948
0.9573380758867948,0.3297955902418112,0.1832197040492815,-0.1255061548801457
0.9598087096591322,0.3280506325995082,0.1807863417387612,-0.1315854323150122
0.9622655874533508,0.3262081590713933,0.1782231360500535,-0.1376469944406442
0.9647043064202104,0.3242687310316379,0.1755293791744246,-0.1436831039110184
0.9671193831966358,0.3222342071498961,0.172706065638817,-0.1496834276787831
0.9695041177438398,0.3201081609591111,0.169756481891427,-0.1556346109355606
0.9718506035478373,0.3178962392867045,0.1666867278207013,-0.1615201757937841
0.9741500018096336,0.3156062976665502,0.163505945656442,-0.1673210470867381
0.9763931401164084,0.3132481480916731,0.1602260256519076,-0.1730168856260382
0.97857134856783,0.3108328759485234,0.1568607193285003,-0.178588055693134
0.9806772903379748,0.3083718899292991,0.1534243736470498,-0.1840176562813229
0.9827055337211178,0.3058759870533897,0.1499306659299878,-0.1892929915479886
0.9846527237255036,0.3033546983196424,0.14639170462409,-0.1944060997052812
0.9865173963880084,0.3008160134538514,0.1428176376242269,-0.1993534076595265
0.9882996029413118,0.2982664014032459,0.1392166607435791,-0.2041348993002897
0.9900004944366236,0.2957109946218744,0.1355952502551549,-0.2087531608512066
0.9916219447110052,0.2931538457781774,0.131958497581806,-0.2132124944838705
0.9931662616569144,0.2905981688900246,0.1283104254526426,-0.2175182325659382
0.994635987040484,0.2880465320883933,0.1246542398950408,-0.2216762609239509
0.9960337508205818,0.2855010279726086,0.1209925550066716,-0.2256926655214243
0.9973621922093856,0.2829633754395306,0.1173275237705001,-0.2295735460193702
0.998623897869321,0.28043502063255,0.1136609709726478,-0.2333248631016593
0.9998213747820396,0.2779171934358399,0.1099944648978252,-0.2369523747766514
1.000957034989843,0.2754109511407617,0.1063293724471993,-0.2404616007754612
1.0020331858706604,0.272917218042046,0.1026669100850532,-0.243857798036209
1.0030520306150383,0.2704368069023695,0.0990081696878715,-0.2471459636813709
1.0040156700033411,0.2679704384527804,0.0953541425026497,-0.2503308399961341
1.004926107374748,0.265518753129652,0.091705732467694,-0.2534169282998326
1.0057852518672514,0.2630823266574085,0.0880637759175407,-0.2564084961422322
1.0065949249256518,0.2606616760541684,0.0844290476382215,-0.2593095948438442
1.0073568664464294,0.258257264313555,0.0808022652845001,-0.2621240761710126
1.0080727383707493,0.2558695112838964,0.0771841035005531,-0.2648555997878177
1.0087441318450792,0.2534987915985797,0.0735751888200135,-0.2675076540899304
1.009372569666892,0.2511454462828359,0.0699761155135692,-0.270083559590531
1.0099595131514896,0.2488097772928152,0.0663874357025006,-0.2725864900126631
1.010506364008673,0.2464920583694116,0.0628096745297253,-0.2750194738852598
1.0110144692333165,0.2441925333409278,0.0592433263274577,-0.2773854087575664
1.0114851252161998,0.241911414589235,0.0556888509997293,-0.2796870736194761
1.0119195785599815,0.2396488958580269,0.0521466928681624,-0.2819271258733082
1.0123190311424977,0.2374051438964793,0.0486172667354558,-0.2841081190230222
1.0126846418573126,0.2351803041007195,0.0451009657694296,-0.2862325052297616
1.0130175292919656,0.2329745003538574,0.0415981604170449,-0.2883026429988778
1.0133187737293383,0.2307878374268423,0.0381092014160151,-0.2903208017426059
1.013589419162321,0.2286204023858639,0.0346344213254103,-0.2922891667800616
1.0138304750517746,0.2264722669385131,0.0311741376409537,-0.2942098430132048
1.0140429187733526,0.2243434817369993,0.0277286429724765,-0.2960848652722303
1.0142276960921457,0.2222340871162595,0.024298221749185,-0.2979161935706984
1.0143857234632865,0.2201441060796997,0.0208831383460825,-0.2997057238218333
1.0145178887985875,0.2180735519928647,0.0174836490876496,-0.3014552853060361
1.0146250533058077,0.2160224214126276,0.0140999900299815,-0.3031666506172985
1.014708052177861,0.2139907013779158,0.0107323884298848,-0.3048415329863368
1.014767695878734,0.211978367164317,0.0073810586348417,-0.3064815914799575
1.014804771129531,0.2099853820411854,0.0040462012217883,-0.3080884341973524
1.0148200417598952,0.2080117017226296,0.0007280100298327,-0.3096636174954321
1.0148142496792336,0.2060572706869643,-0.002573334367611,-0.3112086516052925
1.0147881043168103,0.2041214204750221,-0.0058586886632211,-0.3127254724822633
1.0147422431711255,0.2022025583095677,-0.0091305034217377,-0.3142166666140945
1.0146772852861674,0.2003006783625123,-0.0123885480608513,-0.3156835210366559
1.0145938358831708,0.198415775465623,-0.0156325839714171,-0.3171272849092975
1.0144924867168883,0.1965478369393708,-0.0188623785942627,-0.3185491772766801
1.014373816430676,0.1946968422845579,-0.0220777062060346,-0.3199503885371374
1.014238390989462,0.1928627646433831,-0.0252783456320269,-0.3213320804893304
1.0140867637213002,0.1910455673188498,-0.0284640865789093,-0.3226953900314763
1.0139194760432797,0.1892452097129805,-0.0316347195163044,-0.3240414257053134
1.0137370572865183,0.1874616420124208,-0.0347900452321903,-0.3253712726448026
1.0135400253386464,0.1856948097535303,-0.0379298670535751,-0.326685990060871
1.0133288866343853,0.1839446513932806,-0.0410539953679245,-0.327986613912153
1.013104136426545,0.1822110991688871,-0.0441622463571242,-0.3292741570724647
1.012866259070905,0.1804940799015565,-0.0472544407971219,-0.3305496095054485
1.0126157282777184,0.1787935154546226,-0.0503304034515881,-0.3318139386587047
1.012353007017588,0.1771093210272925,-0.0533899663898723,-0.3330680914333753
1.01207854830753,0.1754414093041905,-0.056432961683588,-0.3343129917650822
1.011792794675474,0.1737896860610127,-0.0594592296014344,-0.3355495445359991
1.011496178783354,0.1721540533117569,-0.0624686131079685,-0.3367786338467222
1.011189123557626,0.1705344091821931,-0.0654609582816265,-0.3380011236949336
1.0108720421868362,0.1689306472372494,-0.0684361157578732,-0.3392178590493929
1.0105453383198324,0.1673426569902143,-0.0713939400005232,-0.3404296660199845
1.010209406293464,0.1657703244952064,-0.0743342883968266,-0.3416373519386377
1.0098646312177553,0.1642135322389882,-0.0772570216468372,-0.3428417059542979
1.0095113892713476,0.1626721600079751,-0.0801620023184263,-0.3440434988576534
1.0091500474935884,0.1611460835439229,-0.0830490975582176,-0.3452434846097686
1.0087809642304155,0.1596351761224853,-0.0859181763008773,-0.3464423995896997
1.0084044891626585,0.1581393082549465,-0.0887691099959427,-0.3476409632808593
1.008020963483207,0.1566583480421206,-0.0916017720985198,-0.3488398784348309
1.0076307198354593,0.1551921606168902,-0.0944160392983528,-0.3500398319638552
1.0072340828741797,0.1537406099486931,-0.0972117882139815,-0.3512414938963717
1.0068313689414603,0.1523035572857602,-0.0999888985242948,-0.3524455190603606
1.0064228864267808,0.1508808621996837,-0.1027472511062906,-0.3536525466374454
1.006008935795236,0.149472382388617,-0.1054867285502384,-0.3548632007264252
1.005589809732793,0.1480779739107792,-0.1082072148400424,-0.3560780905433557
1.005165793430337,0.1466974918516119,-0.1109085941735331,-0.3572978102215641
1.004737164445345,0.1453307895915526,-0.1135907525083204,-0.3585229398259235
1.0043041929262464,0.1439777192979648,-0.1162535767177547,-0.3597540453042535
1.0038671420304297,0.1426381329598551,-0.1188969526552144,-0.3609916778980513
1.003426267308346,0.1413118802385818,-0.1215207694912847,-0.3622363764769861
1.002981817761646,0.1399988114618035,-0.1241249138993867,-0.3634886651243382
1.002534035230753,0.1386987755060355,-0.126709274324049,-0.3647490554470641
1.0020831551079707,0.1374116216556783,-0.1292737373741308,-0.3660180451353908
1.001629405717669,0.1361371975751144,-0.1318181919321541,-0.367296120272883
1.001173009083366,0.1348753512836547,-0.1343425252942697,-0.3685837537390029
1.0007141810033249,0.1336259310868748,-0.1368466233585151,-0.3698814055491545
1.000253130594532,0.1323887841061372,-0.1393303736291975,-0.3711895246962893
0.9997900610335908,0.1311637580822621,-0.141793661656868,-0.3725085476076305
0.9993251695715883,0.1299507011526166,-0.1442363715230732,-0.3738388986386876
0.9988586475275232,0.1287494615976192,-0.1466583863879579,-0.3751809906274888
0.9983906802037964,0.1275598874147153,-0.1490595893860948,-0.3765352256801592
0.9979214473452538,0.1263818272833534,-0.1514398617101325,-0.3779019943868975
0.9974511232191222,0.1252151305283584,-0.1537990827043797,-0.3792816761101646
0.9969798765760344,0.1240596468003348,-0.1561371305279979,-0.3806746396217372
0.9965078708030372,0.1229152262438283,-0.158453881828235,-0.3820812431802058
0.996035264198704,0.1217817199481732,-0.1607492108348358,-0.3835018342292567
0.9955622098764896,0.1206589794950659,-0.1630229902782347,-0.3849367501959394
0.9950888559923976,0.1195468572947697,-0.1652750907067375,-0.3863863183187127
0.9946153458410576,0.1184452065998365,-0.1675053804518401,-0.3878508558579054
0.994141817957015,0.1173538815324274,-0.1697137255616941,-0.3893306702849231
0.993668406254534,0.1162727371998879,-0.1718999895518338,-0.3908260593432393
0.9931952399949548,0.1152016294176331,-0.1740640339455995,-0.3923373116489368
0.992722444081308,0.1141404151794847,-0.1762057172988211,-0.3938647062507742
0.9922501392115224,0.1130889527928038,-0.1783248949016097,-0.395408512605703
0.9917784417636436,0.1120471014201089,-0.1804214196730107,-0.3969689914247784
0.9913074640049422,0.1110147213511246,-0.1824951415769629,-0.3985463944710548
0.9908373141820888,0.109991674006224,-0.1845459075775135,-0.4001409647291933
0.9903680966340118,0.1089778219902871,-0.1865735614895786,-0.4017529364904624
0.9898999119321732,0.1079730292046873,-0.1885779437117531,-0.4033825353289966
0.98943285700149,0.1069771609155522,-0.1905588910464073,-0.4050299781253813
0.9889670250539484,0.1059900834257961,-0.1925162373041914,-0.4066954737469494
0.9885025056819704,0.1050116640962608,-0.1944498132039883,-0.4083792231824556
0.9880393852858688,0.1040417720648354,-0.1963594448974716,-0.4100814184323746
0.9875777469882908,0.1030802778778189,-0.198244954652917,-0.4118022432108059
0.987117670337738,0.1021270526999267,-0.2001061623421721,-0.4135418744929275
0.9866592319273872,0.1011819694318071,-0.2019428831836834,-0.4153004806427601
0.9862025054213904,0.1002449025830228,-0.2037549279444296,-0.4170782216789105
0.9857475613742356,0.0993157277296811,-0.2055421039322926,-0.4188752503699068
0.985294467386776,0.0983943216715258,-0.2073042146189591,-0.4206917120510539
0.9848432882709964,0.0974805626038419,-0.2090410592419267,-0.4225277443703925
0.9843940862021312,0.0965743302614072,-0.2107524324697111,-0.4243834770461706
0.983946920674666,0.0956755056677886,-0.2124381248155417,-0.4262590324138035
0.983501848758308,0.0947839714919057,-0.214097921904878,-0.4281545247200672
0.9830589247713156,0.0938996112380003,-0.2157316059197561,-0.4300700618741265
0.98261820069405,0.0930223099238787,-0.2173389542556088,-0.4320057440715306
0.982179726298481,0.0921519541853493,-0.2189197392760793,-0.4339616635473718
0.9817435488837656,0.0912884316025336,-0.2204737294742586,-0.435937906090461
0.9813097136801386,0.0904316313566345,-0.2220006882064726,-0.4379345495879141
0.9808782637797012,0.089581443947789,-0.2235003741429726,-0.4399516646435591
0.9804492400826296,0.0887377609491978,-0.2249725416270579,-0.4419893151693073
0.9800226816088152,0.087900475482438,-0.226416939768848,-0.4440475572423023
0.979598625523736,0.0870694821300276,-0.2278333125509072,-0.4461264392494015
0.979177106920753,0.0862446763750487,-0.2292213997179308,-0.448226003257694
0.9787581592244768,0.0854259552602229,-0.2305809355830504,-0.4503462833380938
0.9783418139798244,0.0846132168453317,-0.231911649878281,-0.4524873068963052
0.9779281011466372,0.083806360655706,-0.2332132669448515,-0.4546490934609707
0.9775170488659036,0.0830052871008723,-0.2344855066140406,-0.4568316561695599
0.977108684124978,0.0822098986480678,-0.2357280822838532,-0.4590349985006511
0.9767030318347992,0.0814200979033526,-0.2369407038920861,-0.4612591194524976
0.9763001158353006,0.0806357894515544,-0.2381230749661416,-0.4635040083945684
0.9758999581846168,0.0798568783552816,-0.2392748948757386,-0.4657696491939112
0.9755025800130804,0.0790832717026795,-0.2403958564576734,-0.4680560156672721
0.9751080008722084,0.0783148772276462,-0.2414856480308344,-0.4703630754460812
0.9747162389322402,0.0775516035833581,-0.2425439528964678,-0.4726907891376797
0.9743273111910092,0.0767933606398729,-0.2435704488583685,-0.4750391093237307
0.9739412336497546,0.076040059720317,-0.2445648078863854,-0.477407979657189
0.9735580209854476,0.0752916128570028,-0.2455266970793473,-0.4797973370318977
0.97317768707092,0.0745479337037479,-0.2464557774382657,-0.4822071085475329
0.9728002441256568,0.0738089357740293,-0.247351706036637,-0.4846372170584437
0.9724257040626464,0.073074534975476,-0.2482141328365867,-0.4870875727808864
0.9720540774032314,0.0723446473890648,-0.2490427033990266,-0.4895580803664678
0.971685373867746,0.071619190328861,-0.2498370575551944,-0.4920486352646182
0.971319602274634,0.0708980820501014,-0.2505968297337664,-0.4945591245048327
0.9709567705842636,0.0701812417421718,-0.2513216489424075,-0.4970894265391336
0.970596886043959,0.0694685897240834,-0.2520111385634778,-0.4996394103452246
0.970239955038362,0.0687600470591728,-0.2526649167335266,-0.5022089365812875
0.9698859832478384,0.0680555357799198,-0.2532825961065379,-0.5047978565837978
0.969534975658097,0.06735497882081,-0.253863783922647,-0.507406012382275
0.9691869365831856,0.0666582999789129,-0.2544080820466802,-0.5100332366163798
0.9688418697982843,0.0659654240965177,-0.2549150868479267,-0.5126793515991068
0.9684997783456286,0.0652762765897785,-0.2553843895746269,-0.515344170860275
0.9681606650490602,0.0645907844047721,-0.2558155757335866,-0.51802749519166
0.9678245317068844,0.063908874309696,-0.2562082262464224,-0.5207291190250537
0.9674913800230026,0.0632304746977583,-0.256561916332793,-0.5234488231261764
0.9671612111698628,0.0625555146304635,-0.2568762162032247,-0.5261863780245355
0.9668340259733504,0.0618839241400401,-0.2571506909710722,-0.5289415425070497
0.966509824760246,0.0612156338442858,-0.2573849009025967,-0.5317140648846345
0.9661886075608548,0.0605505752903876,-0.2575784013551441,-0.5345036812799279
0.9658703741673962,0.0598886810091538,-0.2577307429103374,-0.5373101150440631
0.9655551239792518,0.0592298841266027,-0.2578414716060963,-0.5401330780558716
0.965242856300487,0.058574118918495,-0.2579101289708659,-0.5429722680121734
0.9649335701388032,0.0579213203285784,-0.2579362522957773,-0.5458273701161972
0.9646272644050922,0.0572714243264732,-0.2579193747888069,-0.5486980551576414
0.9643239370803416,0.0566243660702021,-0.2578590256113323,-0.5515839873296239
0.9640235855757088,0.0559800805755624,-0.2577547296679494,-0.5544848211633518
0.963726208541134,0.0553385065419601,-0.2576060085117986,-0.5574001838649183
0.9634318045805094,0.0546995835826851,-0.2574123806661554,-0.560329687076225
0.963140372320306,0.054063252324918,-0.257173361991565,-0.563272925992372
0.9628519103669398,0.0534294542706456,-0.2568884660063915,-0.5662294795718292
0.9625664175487362,0.0527981322860772,-0.2565572045256336,-0.5691989078088697
0.9622838926675634,0.0521692300178946,-0.2561790878654872,-0.5721807540022879
0.9620043347905036,0.0515426925030918,-0.2557536256668,-0.5751745414324876
0.9617277430706928,0.0509184657404362,-0.2552803272071132,-0.5781797749250902
0.9614541170507386,0.0502964973474591,-0.2547587024968266,-0.5811959372298232
0.9611834564282,0.049676736012898,-0.2541882625720036,-0.584222491174331
0.9609157611840312,0.0490591317683444,-0.2535685204122327,-0.5872588779005634
0.9606510317289296,0.0484436363170879,-0.2528989920950065,-0.590304514776324
0.9603892688161264,0.047830202832441,-0.2521791975137403,-0.5933587959134407
0.9601304735644884,0.0472187860115624,-0.251408661368477,-0.596421091462593
0.9598746475562624,0.0466093423139377,-0.2505869144839871,-0.5994907459906947
0.9596217928661556,0.0460018300499762,-0.2497134950767731,-0.6025670776093738
0.9593719120906212,0.0453962094786967,-0.2487879501313377,-0.6056493770793613
0.9591250082811468,0.0447924426789174,-0.2478098365006744,-0.6087369081026891
0.9588810851431452,0.0441904940759338,-0.2467787231364211,-0.611828904304211
0.9586401469548324,0.0435903303012478,-0.2456941924263629,-0.614924569642134
0.9584021985464646,0.0429919202014809,-0.2445558417949364,-0.6180230781238302
0.958167245423632,0.0423952352199777,-0.2433632861202698,-0.6211235716451826
0.9579352937087652,0.0418002493374414,-0.2421161594759426,-0.6242251601645534
0.9577063501284312,0.0412069391332383,-0.2408141171581187,-0.6273269213328928
0.9574804220685784,0.0406152840343849,-0.2394568382351198,-0.6304278992206226
0.9572575176241968,0.0400252665708126,-0.2380440283062134,-0.6335271030882245
0.9570376453119026,0.0394368717458564,-0.2365754202054041,-0.6366235109074598
0.9568208145381124,0.0388500884257775,-0.2350507797080833,-0.639716062377665
0.9566070351051478,0.0382649081816961,-0.2334699051145141,-0.6428036654519105
0.9563963173674576,0.037681325866809,-0.2318326311058291,-0.6458851938679964
0.9561886721719748,0.0370993396313447,-0.2301388313162999,-0.6489594877662549
0.9559841107569736,0.0365189508253809,-0.2283884205885279,-0.6520253550416136
0.9557826448720836,0.0359401645386746,-0.2265813591990429,-0.6550815694781414
0.9555842862560234,0.0353629883061213,-0.2247176514095916,-0.6581268787218406
0.955389047212069,0.0347874339730234,-0.2227973538905468,-0.6611599957252638
0.9551969398465836,0.0342135156936985,-0.2208205718032094,-0.6641796107542098
0.9550079764839744,0.0336412513568101,-0.2187874659180105,-0.6671843854743935
0.9548221689251792,0.0330706605572637,-0.216698247787241,-0.6701729653505856
0.9546395291161678,0.0325017668198035,-0.2145531898059232,-0.6731439698554904
0.9544600685467874,0.031934595978074,-0.2123526215402663,-0.6760960030101612
0.9542837978997226,0.0313691752186555,-0.210096927611497,-0.679027660463152
0.9541107274738284,0.0308055345786707,-0.2077865550593355,-0.6819375239236636
0.9539408662861266,0.0302437041793842,-0.2054220034184101,-0.6848241777685066
0.953774223274133,0.0296837183078718,-0.2030038428220493,-0.6876861904174701
0.9536108052699308,0.0291256087832572,-0.20053268664848,-0.6905221507777464
0.9534506185788114,0.0285694102753247,-0.1980092145800431,-0.6933306433948215
0.953293667972948,0.0280151569590917,-0.1954341583055704,-0.6961102679637718
0.9531399566720656,0.0274628823930981,-0.192808300416388,-0.6988596422085611
0.9529894864686056,0.0269126199133471,-0.1901324756409545,-0.7015774021840799
0.9528422575212588,0.0263644018200885,-0.1874075661516618,-0.7042622085422493
0.9526982682487908,0.0258182588527265,-0.1846344977096314,-0.7069127511693053
0.9525575151899036,0.0252742194667381,-0.1818142343283201,-0.7095277545667928
0.9524199934708484,0.0247323114385132,-0.1789477848158525,-0.7121059719196985
0.9522856962843134,0.0241925596450839,-0.1760361894024618,-0.7146461974605659
0.9521546149738892,0.0236549860743558,-0.1730805172679826,-0.7171472677265031
0.9520267387210054,0.0231196081494683,-0.1700818544831633,-0.7196080703759566
0.9519020558143274,0.0225864436710746,-0.1670413289545682,-0.7220275224254314
0.9517805524173072,0.0220555053574686,-0.1639600774338745,-0.724404596361384
0.9516622129370282,0.0215268018751197,-0.1608392478305081,-0.726738315668092
0.951547020738843,0.0210003406072615,-0.157680012659224,-0.7290277430360891
0.951434957316298,0.0204761235031128,-0.1544835415716948,-0.7312719989003602
0.9513260032019718,0.0199541507593693,-0.1512510203716953,-0.7334702454053008
0.951220137385438,0.0194344176321517,-0.1479836286456305,-0.7356216999281098
0.9511173379489756,0.0189169169652652,-0.1446825523626652,-0.7377256240249069
0.9510175819255896,0.0184016380484246,-0.1413489740091867,-0.7397813278302191
0.9509208456387508,0.017888567879397,-0.1379840780204558,-0.7417881644737857
0.9508271041566072,0.0173776877448775,-0.1345890256222521,-0.7437455426913555
0.9507363320668302,0.0168689767207663,-0.131164974848173,-0.7456529119550322
0.95064850379082,0.0163624130993969,-0.1277130882253827,-0.7475097566789463
0.9505635931225226,0.0158579714034617,-0.1242345105978992,-0.749315606662351
0.9504815731739537,0.0153556213694473,-0.1207303593787753,-0.7510700390895508
0.95040241730038,0.0148553330286739,-0.1172017576913482,-0.7527726593604988
0.9503260984972836,0.0143570726695674,-0.1136498045951704,-0.7544231143403024
0.9502525898875448,0.0138608054513923,-0.1100755917063102,-0.7560210822129729
0.950181864502546,0.0133664935617906,-0.106480188486799,-0.7575662774168449
0.9501138952970064,0.0128740956920591,-0.1028646365576919,-0.7590584505298189
0.9500486560092756,0.0123835728756023,-0.099229991282488,-0.7604973694006865
0.9499861202027382,0.0118948812381159,-0.0955772674789993,-0.7618828401108358
0.9499262616679308,0.0114079742343547,-0.0919074541988171,-0.7632146981260218
0.9498690551773252,0.0109228085322323,-0.0882215583113647,-0.7644927912776415
0.9498144755452614,0.0104393361535416,-0.0845205446186631,-0.7657170004053044
0.94976249826378,0.0099575093297214,-0.0808053717076058,-0.7668872249255888
0.9497130992245656,0.0094772777134851,-0.0770769699663934,-0.7680033887402716
0.9496662550473324,0.0089985910770947,-0.0733362618051414,-0.7690654324890631
0.949621943076259,0.0085213992395283,-0.0695841609096711,-0.7700733132005414
0.9495801409866782,0.0080456474076544,-0.0658215351304677,-0.7710270128457254
0.9495408276887076,0.0075712859231715,-0.0620492830787805,-0.7719265173236207
0.9495039823729056,0.0070982592419924,-0.0582682468386672,-0.7727718377791455
0.9494695853107314,0.0066265151586452,-0.0544792850289996,-0.7735629918608865
0.949437617422407,0.0061559994151369,-0.0506832298710487,-0.7743000131518795
0.9494080603497204,0.0056866560038571,-0.0468808893339601,-0.7749829490692591
0.9493808967038893,0.0052184307941957,-0.0430730765159486,-0.7756118546856875
0.9493561097880596,0.0047512669126943,-0.0392605722997062,-0.7761867986900072
0.949333683937062,0.004285110647632,-0.0354441735659108,-0.7767078550753986
0.9493136041895024,0.0038199052613754,-0.0316246429055338,-0.7771751103107005
0.9492958565113696,0.0033555951022245,-0.0278027423809267,-0.7775886577348287
0.9492804277378432,0.0028921245378228,-0.0239792250801759,-0.7779485985003787
0.9492673055785736,0.0024294381288315,-0.0201548368155005,-0.778255041061601
0.9492564785307414,0.0019674766624162,-0.0163302835500125,-0.7785081028351858
0.9492479360964946,0.0015061848671444,-0.0125062954950941,-0.7787079047650769
0.9492416686421996,0.0010455074368637,-0.0086835946386232,-0.7788545742712962
0.9492376673908444,0.0005853876231356,-0.0048628833636127,-0.7789482451133606
0.9492359244620444,0.0001257706159012,-0.0010448728424309,-0.7789890561581692
0.9492364328405748,-0.0003334009971662,0.0027697543193471,-0.7789771518406583
0.9492391877516808,-0.0007923425064016,0.0065816331326047,-0.7789126497108437
0.9492441934347212,-0.0012516453479124,0.0103945227058402,-0.7787954817341468
0.9492514557312608,-0.0017113660985524,0.014207734094637,-0.7786255679929662
0.9492609813867012,-0.0021715620968596,0.0180205796994921,-0.7784028332330675
0.9492727778408128,-0.0026322833222496,0.0218323057311846,-0.7781272119700782
0.9492868535894694,-0.0030935888623459,0.0256422282948607,-0.7777986402605866
0.949303217882724,-0.0035555330604292,0.029449618349955,-0.7774170630072987
0.949321880878568,-0.0040181718531888,0.0332537538621547,-0.7769824306317735
0.9493428534565428,-0.0044815580691296,0.0370538808647815,-0.7764947036949554
0.9493661474671898,-0.0049457476474667,0.0408492643460568,-0.7759538473829006
0.9493917755289936,-0.0054107948103945,0.044639148351368,-0.7753598365429463
0.9494197511286304,-0.0058767543747361,0.0484227747348504,-0.7747126536758863
0.9494500885116776,-0.0063436799467495,0.0521993683046728,-0.7740122917999769
0.9494828028499216,-0.0068116266809118,0.0559681590261538,-0.7732587509305616
0.949517909981764,-0.0072806474639717,0.059728351076422,-0.7724520444223033
0.9495554265179416,-0.0077507949187587,0.0634791390999593,-0.7715921968708426
0.949595369892382,-0.0082221221015043,0.0672197137134405,-0.7706792433086649
0.9496377582447928,-0.008694681152429,0.0709492507471686,-0.7697132322566711
0.9496826104411668,-0.0091685237826599,0.0746669152438205,-0.768694225604322
0.9497299461977776,-0.0096437026367401,0.0783718721734635,-0.767622296159738
0.9497797856402788,-0.0101202670032376,0.0820632531316123,-0.7664975379853932
0.9498321497362928,-0.0105982674666311,0.0857401929705431,-0.7653200569149954
0.9498870599565072,-0.0110777527841247,0.0894018058321985,-0.7640899785258567
0.9499445382899944,-0.0115587704335787,0.0930471899847595,-0.7628074480438735
0.9500046074999812,-0.0120413689304416,0.0966754457910414,-0.7614726249099217
0.9500672908077812,-0.0125255952894256,0.1002856568177711,-0.7600856901048395
0.9501326115932728,-0.0130114931643727,0.1038768769298238,-0.7586468529171837
0.9502005936567444,-0.0134991053397044,0.1074481499409951,-0.7571563452253173
0.9502712615884408,-0.0139884764513667,0.1109985300070711,-0.7556144135679222
0.9503446398215072,-0.0144796465064807,0.1145270351245892,-0.7540213399479331
0.9504207531216228,-0.0149726548008341,0.1180326770293358,-0.7523774310356045
0.9504996268157592,-0.0154675415034283,0.1215144731429751,-0.7506830132522225
0.950581285670304,-0.0159643408653738,0.124971399865194,-0.7489384567640265
0.95066575497553,-0.0164630884537292,0.1284024450395965,-0.7471441518957083
0.950753059496384,-0.0169638150979447,0.1318065672629083,-0.745300531218946
0.9508432241308344,-0.0174665512264693,0.1351827275507695,-0.7434080550759988
0.9509362736187192,-0.0179713254284473,0.1385298808720371,-0.7414672173018343
0.9510322320243914,-0.0184781620629833,0.1418469622606444,-0.7394785553460022
0.9511311235360912,-0.0189870859243051,0.1451329194957381,-0.7374426329002896
0.9512329712095424,-0.0194981160292452,0.1483866745879142,-0.7353600650258786
0.9513377977061788,-0.0200112699510784,0.1516071543797804,-0.7332315018054917
0.951445625168682,-0.0205265634683446,0.1547932900900261,-0.7310576298912085
0.9515564743427244,-0.0210440067845605,0.1579439963561655,-0.7288391889220056
0.9516703657595486,-0.02156361055321,0.1610582107721761,-0.7265769463141355
0.951787318055803,-0.0220853784788011,0.1641348514861354,-0.7242717292694277
0.9519073493464012,-0.022609314051316,0.1671728603931086,-0.7219243957117255
0.9520304760047243,-0.0231354154715765,0.1701711756671064,-0.7195358565299067
0.9521567137096708,-0.0236636805872794,0.1731287628657234,-0.7171070531809924
0.9522860760898078,-0.0241941014804407,0.1760445866863564,-0.7146389818936555
0.9524185752588724,-0.0247266672158644,0.1789176296183521,-0.7121326808851971
0.9525542222061306,-0.0252613657033273,0.1817469042544895,-0.7095892207578112
0.9526930258636744,-0.0257981802786165,0.1845314372813887,-0.7070097197237646
0.952834993448786,-0.0263370914531711,0.1872702815615222,-0.7043953344863841
0.9529801308014388,-0.0268780784524666,0.1899625260270556,-0.7017472515207763
0.9531284420203768,-0.027421118042551,0.1926072914635967,-0.6990666912974639
0.9532799290620668,-0.0279661833414455,0.195203726892662,-0.6963549127800688
0.9534345923011376,-0.0285132461177454,0.1977510226903819,-0.6936132005337505
0.953592431015181,-0.0290622785953739,0.2002484199196899,-0.6908428537382412
0.9537534418137488,-0.0296132481016505,0.2026951869986878,-0.6880452112644546
0.9539176207854674,-0.0301661246409572,0.205090655040698,-0.6852216114841098
0.9540849620894896,-0.0307208760625589,0.207434196440535,-0.6823734145894204
0.9542554582751728,-0.0312774692656388,0.2097252310143698,-0.6795019944894801
0.9544291011742536,-0.0318358731191538,0.2119632380320694,-0.6766087215952817
0.954605881093655,-0.0323960557777945,0.214147744698597,-0.6736949744668391
0.9547857876518396,-0.0329579873230245,0.2162783361803185,-0.6707621239925299
0.9549688092607652,-0.0335216380381336,0.21835464797673,-0.6678115402384251
0.9551549338165576,-0.0340869804702837,0.2203763726582298,-0.6648445796336656
0.955344148529332,-0.0346539887630736,0.2223432558702416,-0.6618625864526037
0.9555364402671864,-0.0352226395526824,0.2242550978686939,-0.6588668862088576
0.9557317954686702,-0.0357929115438354,0.2261117501914814,-0.6558587860893029
0.9559302005145418,-0.0363647864347336,0.2279131167258411,-0.65283956840609
0.956131641428427,-0.0369382478765701,0.2296591482667328,-0.6498104945422818
0.9563361045861484,-0.0375132833304709,0.2313498460655171,-0.6467727937370351
0.9565435764880886,-0.0380898832067591,0.232985256627226,-0.6437276663610952
0.956754043592557,-0.0386680402347479,0.2345654676546453,-0.6406762861207361
0.9569674930103912,-0.0392477512044499,0.2360906104945578,-0.6376197898784394
0.9571839121981696,-0.0398290159215802,0.2375608546169155,-0.6345592823368083
0.9574032889460236,-0.0404118370142315,0.2389764047749752,-0.6314958363497419
0.9576256116010472,-0.0409962203720738,0.2403374997432595,-0.6284304900341054
0.9578508691952832,-0.0415821753157225,0.2416444102325705,-0.6253642454453395
0.9580790512386348,-0.0421697139025665,0.242897434943387,-0.6222980718931701
0.9583101478879548,-0.0427588512333644,0.2440968990547369,-0.6192329041130153
0.9585441499652544,-0.0433496053665805,0.2452431518352842,-0.616169642602472
0.9587810489848754,-0.0439419972650184,0.2463365644097993,-0.6131091538842938
0.959020837019974,-0.0445360503542569,0.2473775269447193,-0.6100522728517324
0.9592635068692204,-0.0451317908437072,0.2483664473620677,-0.6069998012441136
0.959509051896766,-0.0457292472436929,0.2493037487035162,-0.603952510334232
0.9597574661510428,-0.0463284505821555,0.2501898678146128,-0.6009111400763432
0.9600087442442512,-0.0469294340448,0.2510252531894935,-0.5978764012543523
0.960262881323496,-0.0475322328541416,0.2518103633610087,-0.5948489764347115
0.9605198731937924,-0.0481368845144011,0.252545665833964,-0.5918295191269908
0.960779716074252,-0.0487434281960008,0.2532316350077411,-0.5888186572912106
0.961042406731158,-0.0493519050223119,0.2538687513693428,-0.5858169923371648
0.961307942387864,-0.0499623578358418,0.2544575001092206,-0.582825100753313
0.9615763206900472,-0.0505748311043836,0.2549983700185964,-0.5798435350419132
0.961847539640748,-0.0511893707664682,0.2554918524311,-0.5768728249525891
0.9621215976656756,-0.0518060243786698,0.2559384404877543,-0.5739134772611003
0.9623984933882452,-0.0524248406135879,0.2563386279797759,-0.5709659786778271
0.9626782258104608,-0.0530458696789629,0.2566929089531075,-0.5680307943239516
0.9629607942108536,-0.0536691631011626,0.2570017768677901,-0.5651083692790524
0.96324619792454,-0.0542947732623833,0.2572657237978804,-0.5621991312296329
0.9635344365857736,-0.0549227539620291,0.2574852401877433,-0.5593034883119068
0.963825509963123,-0.0555531600807062,0.2576608141789495,-0.5564218311738992
0.9641194178431906,-0.05618604736298,0.2577929311335809,-0.5535545344236852
0.9644161601332788,-0.0568214726773097,0.2578820733258629,-0.5507019558906233
0.9647157366990602,-0.0574594937068045,0.2579287195314041,-0.5478644384679673
0.9650181475138484,-0.0581001693105645,0.2579333447489097,-0.545042308934285
0.9653233923984368,-0.0587435590152385,0.2578964198824237,-0.542235880637822
0.9656314728927556,-0.0593897269845173,0.2578184109621478,-0.5394454368037855
0.9659423887053152,-0.0600387345866634,0.2576997793522635,-0.5366712633709793
0.9662561394951096,-0.0606906442285075,0.2575409816516121,-0.5339136324487445
0.9665727245547696,-0.0613455187514979,0.257342469664496,-0.53117280525117
0.9668921430775846,-0.0620034220454305,0.2571046901271514,-0.5284490298454737
0.967214393793395,-0.0626644183563934,0.2568280848192207,-0.5257425443739715
0.9675394755027604,-0.0633285734448988,0.2565130899964353,-0.5230535726281236
0.9678673862424844,-0.0639959529385745,0.2561601370141345,-0.5203823310961313
0.9681981241417542,-0.0646666241457168,0.2557696513936759,-0.5177290219318694
0.96853168658502,-0.0653406544156147,0.255342053603719,-0.5150938398383287
0.9688680707468302,-0.0660181122932668,0.25487775838049,-0.5124769677529243
0.9692072733512092,-0.0666990670983046,0.2543771749028141,-0.5098785788216595
0.9695492905577366,-0.0673835887672028,0.2538407068942515,-0.5072988372578661
0.9698941178947744,-0.0680717477937687,0.2532687526958921,-0.5047378987814441
0.9702417506770744,-0.0687636161346382,0.2526617044937405,-0.5021959075069504
0.9705921833688648,-0.0694592660116101,0.2520199492961953,-0.4996730006555659
0.9709454098482272,-0.0701587705166793,0.2513438684624315,-0.497169306505561
0.9713014233968966,-0.0708622036676522,0.2506338376425079,-0.4946849444309093
0.9716602165697252,-0.0715696402278181,0.2498902269654047,-0.4922200257609912
0.9720217812896012,-0.0722811559727571,0.2491134007825087,-0.4897746530515532
0.972386108503046,-0.0729968270935773,0.2483037183479976,-0.4873489223269417
0.9727531886818412,-0.0737167312656556,0.2474615326646897,-0.4849429196146887
0.9731230111360062,-0.0744409463829255,0.2465871919537313,-0.4825567254089404
0.9734955645751876,-0.0751695517446479,0.2456810383185245,-0.4801904108570108
0.973870836675312,-0.0759026272924401,0.2447434086834832,-0.4778440404653609
0.9742488140970382,-0.0766402537356199,0.2437746347192456,-0.4755176717985967
0.974629482705992,-0.077382513070273,0.242775042207591,-0.4732113539891692
0.975012827374246,-0.0781294882819839,0.2417449514483949,-0.4709251288610158
0.9753988316441976,-0.0788812627838637,0.240684678108736,-0.4686590327509626
0.9757874782325356,-0.0796379214925679,0.2395945317933746,-0.4664130933400484
0.976178748501736,-0.0803995498942859,0.2384748174086418,-0.4641873325998089
0.9765726228531302,-0.0811662349072248,0.2373258339772715,-0.4619817643441487
0.976969080165532,-0.0819380638875025,0.236147876169172,-0.4597963972215374
0.9773680983111868,-0.0827151257338005,0.2349412327112571,-0.4576312316265838
0.9777696537472704,-0.0834975101942249,0.233706187485382,-0.4554862617887113
0.9781737215512516,-0.0842853080387135,0.2324430193391708,-0.4533614753490744
0.9785802752867474,-0.0850786109025847,0.2311520024115599,-0.451256853839408
0.9789892872365984,-0.0858775118482481,0.2298334052881794,-0.4491723712523282
0.9794007281811756,-0.0866821050423597,0.2284874915719824,-0.4471079949995556
0.9798145671934748,-0.087492485465575,0.2271145204453677,-0.4450636866943246
0.9802307719035888,-0.0883087495424128,0.2257147456823151,-0.4430394005881547
0.9806493080782172,-0.0891309944318618,0.2242884169212583,-0.4410350853959262
0.981070139966139,-0.0899593188211531,0.2228357783725674,-0.4390506823626618
0.9814932298988638,-0.0907938222597099,0.2213570700372149,-0.4370861269273017
0.9819185386071252,-0.0916346059031182,0.2198525264641982,-0.4351413469793006
0.9823460244629554,-0.0924817711373236,0.2183223792783962,-0.4332162660633704
0.9827756443574608,-0.0933354214376054,0.2167668539236373,-0.4313107990866707
0.983207353001196,-0.0941956611114471,0.215186171978425,-0.4294248552355814
0.9836411030062702,-0.0950625955867915,0.2135805507159977,-0.4275583372862073
0.9840768450332404,-0.0959363318367697,0.211950202381808,-0.4257111406904121
0.9845145273668006,-0.0968169776634638,0.2102953355887683,-0.4238831550986078
0.9849540959642484,-0.0977046419246653,0.2086161549786566,-0.4220742638066952
0.9853954946969864,-0.098599435158583,0.2069128601039112,-0.4202843424603487
0.9858386650200448,-0.0995014690586445,0.2051856464745806,-0.4185132601276214
0.9862835457648312,-0.1004108561898731,0.2034347061751022,-0.4167608797859207
0.9867300731990716,-0.1013277102487218,0.2016602274417019,-0.4150270577239145
0.9871781812270182,-0.1022521466210379,0.1998623936403423,-0.4133116424463744
0.9876278009366816,-0.1031842816010957,0.1980413848356614,-0.4116144761040837
0.9880788606820836,-0.1041242327067788,0.1961973772451795,-0.409935393814566
0.9885312858998642,-0.1050721184477526,0.1943305437547842,-0.4082742239923139
0.9889849993575214,-0.1060280589993177,0.1924410526490404,-0.4066307870851276
0.989439920669044,-0.1069921753441712,0.1905290693556917,-0.4050048969970827
0.989895966483588,-0.1079645898247256,0.1885947554118829,-0.4033963600270143
0.99035305014723,-0.1089454255830059,0.1866382696297497,-0.401804975696713
0.9908110819661424,-0.1099348072836151,0.1846597667084743,-0.4002305354470697
0.991269968730276,-0.1109328602536208,0.1826593989989914,-0.3986728239111395
0.9917296140039464,-0.1119397112738175,0.1806373149690987,-0.3971316175229812
0.9921899178814416,-0.1129554882210257,0.1785936599602831,-0.3956066849732376
0.9926507767975068,-0.1139803198189884,0.1765285767314983,-0.394097787438355
0.993112083520228,-0.1150143357894566,0.1744422051959117,-0.3926046781920924
0.9935737272050176,-0.1160576671507109,0.1723346818535012,-0.3911271020338792
0.994035593022746,-0.1171104455585244,0.1702061411542554,-0.3896647960801022
0.9944975623437712,-0.118172803898531,0.1680567143322378,-0.3882174887576757
0.994959512581851,-0.1192448761196303,0.1658865297680878,-0.3867848998943213
0.9954213167636498,-0.1203267964148529,0.1636957146718372,-0.3853667416263117
0.995882843712128,-0.1214186998154636,0.1614843939015007,-0.3839627173821106
0.9963439581549488,-0.1225207226418817,0.1592526890657339,-0.3825725211346039
0.9968045203530856,-0.1236330018210532,0.1570007199194847,-0.3811958381053532
0.9972643860513148,-0.1247556749531346,0.1547286042386917,-0.3798323444681464
0.9977234063698092,-0.1258888802387405,0.1524364579732149,-0.3784817072265409
0.9981814277558848,-0.1270327565549955,0.1501243950947607,-0.3771435839090895
0.9986382917413829,-0.1281874430458613,0.1477925284223663,-0.3758176228269541
0.9990938350496352,-0.1293530795852793,0.1454409686794387,-0.374503462304888
0.9995478891657024,-0.1305298058790356,0.1430698262943664,-0.3732007314638015
1.0000002809103716,-0.1317177631524876,0.1406792079836304,-0.3719090481097943
1.0004508313989808,-0.1329170916517246,0.1382692217663233,-0.3706280212524988
1.0008993568473905,-0.1341279329606699,0.1358399722762135,-0.3693572483285293
1.0013456676738623,-0.1353504278223159,0.1333915651115372,-0.3680963172809683
1.001789568908617,-0.1365847174329299,0.130924104199715,-0.3668448049133196
1.00223085987356,-0.1378309427839761,0.1284376930780086,-0.3656022773121498
1.002669334327743,-0.1390892452946069,0.1259324335889251,-0.3643682889484264
1.0031047797891617,-0.1403597650911158,0.1234084292583834,-0.3631423840924322
1.0035369782271906,-0.1416426432187046,0.1208657808396998,-0.361924094365514
1.0039657052839024,-0.1429380196130018,0.1183045902899642,-0.3607129404271425
1.0043907304136694,-0.1442460337089933,0.1157249594907478,-0.3595084310735961
1.0048118167818223,-0.1455668243646685,0.1131269903298018,-0.3583100630091075
1.0052287212111797,-0.1469005299407115,0.1105107844723901,-0.3571173204732257
1.0056411939047358,-0.1482472876634821,0.1078764445332698,-0.3559296755019054
1.0060489783796656,-0.1496072336308971,0.1052240739732188,-0.3547465875869871
1.00645181159398,-0.1509805034957626,0.102553775678121,-0.3535675027605942
1.0068494234276433,-0.1523672309819524,0.0998656547555394,-0.3523918545498494
1.0072415369709065,-0.1537675491211868,0.097159816027415,-0.3512190625716944
1.0076278681258553,-0.1551815891471479,0.0944363660719936,-0.3500485331310049
1.0080081254858724,-0.1566094802952763,0.0916954134876046,-0.3488796590153936
1.0083820104859569,-0.1580513506488048,0.0889370671493212,-0.3477118184374665
1.0087492170370962,-0.1595073260777695,0.0861614381278711,-0.3465443755391132
1.0091094315041471,-0.160977530440663,0.0833686391718883,-0.3453766798427773
1.0094623325512746,-0.1624620852859646,0.0805587851431551,-0.3442080661013836
1.0098075910516455,-0.1639611098115811,0.0777319929544123,-0.3430378539312774
1.010144869824162,-0.1654747200619979,0.0748883829355032,-0.3418653480271112
1.0104738239511644,-0.1670030307397217,0.0720280752826389,-0.3406898363405195
1.01079410010345,-0.1685461525960263,0.0691511948128061,-0.3395105916749333
1.0111053366861074,-0.1701041934462785,0.0662578688888952,-0.3383268704488099
1.0114071636252404,-0.171677257578122,0.0633482283574258,-0.3371379126910013
1.0116992024700966,-0.1732654468171013,0.060422405414944,-0.3359429407676304
1.011981065916992,-0.1748688585945597,0.0574805370135718,-0.3347411603577194
1.0122523577167202,-0.1764875858629664,0.0545227648138039,-0.3335317600032937
1.012512672810978,-0.1781217185394585,0.0515492323609614,-0.3323139095100107
1.0127615968860877,-0.1797713415666853,0.048560088447416,-0.3310867608582571
1.0129987063367103,-0.1814365353435897,0.0455554861226,-0.3298494473184307
1.01322356831549,-0.1831173771106147,0.042535580015379,-0.3286010818400267
1.0134357400358365,-0.184813936893637,0.039500533437983,-0.3273407594557617
1.013634769123288,-0.1865262810834665,0.036450511735284,-0.3260675539871286
1.0138201931096789,-0.1882544697125979,0.0333856869580187,-0.3247805194040722
1.013991539402102,-0.1899985574659564,0.0303062358356733,-0.3234786883796928
1.0141483251259635,-0.1917585941132627,0.0272123388160669,-0.3221610712334585
1.0142900566858457,-0.1935346218385163,0.0241041845487191,-0.3208266571591746
1.0144162297379002,-0.1953266769520183,0.0209819666303135,-0.3194744121411272
1.0145263288473731,-0.1971347881951138,0.0178458863324834,-0.3181032793812115
1.0146198274480231,-0.1989589800907945,0.0146961465633514,-0.3167121758538595
1.014696187219409,-0.2007992666107281,0.011532962598796,-0.3152999961624935
1.0147548580935024,-0.2026556557655201,0.0083565538758236,-0.3138656080497428
1.0147952778532412,-0.2045281481666322,0.005167146251289,-0.3124078524060469
1.0148168717689006,-0.2064167344106054,0.0019649761919558,-0.3109255441730436
1.014819052329394,-0.2083213983690921,-0.0012497150956508,-0.3094174685728286
1.014801218798729,-0.2102421153404078,-0.0044766787631121,-0.3078823812332001
1.0147627102821402,-0.2121806980988687,-0.0077187388157697,-0.3063175089012321
1.014702828079972,-0.214137391228592,-0.0109760652189767,-0.3047212597984102
1.0146208545930415,-0.216112214840859,-0.0142484556775447,-0.3030921699661447
1.014516051710436,-0.2181051787830031,-0.0175356967325243,-0.3014287305478415
1.0143876599420312,-0.2201162830859565,-0.0208375648714012,-0.299729384880714
1.0142348975615223,-0.2221455166776561,-0.0241538247867323,-0.2979925268339983
1.0140569598245943,-0.2241928550641161,-0.02748422601453,-0.2962164998915179
1.0138530177488552,-0.2262582626393237,-0.0308285071517463,-0.2943995920400712
1.0136222176630396,-0.2283416858969431,-0.0341863853374598,-0.2925400383778295
1.013363678744292,-0.2304430649646157,-0.0375575753620575,-0.2906360072197032
1.0130764934763887,-0.2325623173980662,-0.0409417640667137,-0.2886856106169424
1.0127597252947882,-0.2346993469402187,-0.0443386250521322,-0.286686892345309
1.0124124071829823,-0.2368540415369721,-0.0477478160415085,-0.2846378249966709
1.0120335404055745,-0.2390262702704476,-0.0511689746328533,-0.282536307817227
1.0116220926764523,-0.2412158832610625,-0.0546017188326155,-0.2803801613657912
1.0111769966661763,-0.2434227087615946,-0.0580456432272376,-0.2781671244317016
1.0106971467614707,-0.2456465579128965,-0.061500327162321,-0.2758948427108931
1.0101813990898076,-0.2478872126815992,-0.0649653167830942,-0.273560873857774
1.0096285667917626,-0.2501444353917845,-0.0684401407653529,-0.27116266999179
1.009037418780004,-0.2524179605866833,-0.0719242986470847,-0.2686975774211416
1.0084066761230304,-0.2547074962834478,-0.0754172638208398,-0.266162825846135
1.007735009516601,-0.2570127195210395,-0.0789184778548923,-0.2635555227097306
1.0070210352856774,-0.2593332761039863,-0.0824273513618894,-0.2608726419210961
1.0062633117332362,-0.2616687774420932,-0.0859432605589717,-0.2581110145392986
1.0054603349210114,-0.2640187978204183,-0.0894655446507469,-0.2552673176550381
1.004610532246372,-0.2663828761484874,-0.092993510054054,-0.252338056085486
1.0037122619233694,-0.2687604994464025,-0.0965264075562113,-0.249319564855628
1.0027638027214687,-0.2711511121440107,-0.1000634483100652,-0.2462079780795975
1.0017633497634262,-0.2735541057352489,-0.1036037907050704,-0.2429992195582568
1.000709008751825,-0.2759688113871749,-0.1071465320890989,-0.2396889877794788
0.9995987898421018,-0.2783944916864966,-0.1106906996645764,-0.2362727396697818
0.9984305995681128,-0.2808303346168592,-0.1142352451119215,-0.2327456682814704
0.9972022360139234,-0.2832754384802868,-0.1177790265551027,-0.2291026901968283
0.9959113864854898,-0.2857287913496317,-0.1213207834400783,-0.2253384390768147
0.9945556221884414,-0.2881892561080527,-0.1248591204373102,-0.2214472488818364
0.9931324028864036,-0.2906555370746402,-0.1283924658628375,-0.2174231641486104
0.9916390895986088,-0.2931261366182156,-0.1319190173092469,-0.2132599691443431
0.9900729722754388,-0.2955992944433635,-0.135436664446654,-0.2089512533102567
0.9884313160031748,-0.2980729106629448,-0.1389428911058484,-0.2044905199097897
0.9867114471749906,-0.3005444297617566,-0.1424346247226812,-0.1998713925684468
0.98491089337191,-0.3030106833310328,-0.1459080310536943,-0.1950879502162548
0.9830275974316912,-0.3054676860041359,-0.149358246874114,-0.1901352378782368
0.981060244534825,-0.3079103647336307,-0.1527790229107682,-0.185010047165176
0.9790086964081912,-0.3103322688381369,-0.1561623426985973,-0.1797119421453813
0.976874528422608,-0.3127252991694642,-0.1594980676989912,-0.1742445169260169
0.9746615459615292,-0.3150796124075478,-0.1627738202478439,-0.1686165740344305
0.972376091357798,-0.3173838616040617,-0.1659753193119417,-0.1628427688022583
0.9700268744408204,-0.3196259271822382,-0.169087374173923,-0.1569430878739519
0.9676242156303684,-0.3217940558204838,-0.172095417828309,-0.1509409329557508
0.9651788897130896,-0.3238780566180448,-0.1749871012153601,-0.1448603088866321
0.9627009639435616,-0.3258701452218783,-0.1777533972420316,-0.1387230833127323
0.960199061873169,-0.327765162287822,-0.1803888513346047,-0.1325473409620467
0.9576801156114072,-0.3295602960690863,-0.1828911657345182,-0.1263469337582548
0.9551494837736216,-0.3312545554767478,-0.1852604569732216,-0.1201318926767263
0.9526112458599334,-0.3328482149649852,-0.1874984869349408,-0.1139092282484809
0.9500685198156528,-0.3343423564307031,-0.1896080348810116,-0.1076837507058414
0.9475237269275716,-0.3357385401558039,-0.1915924508314348,-0.1014587356711385
0.944978798148301,-0.3370385813994885,-0.1934553555533642,-0.0952364312156717
0.94243532152793,-0.3382444088840329,-0.1952004532924028,-0.0890184126209607
0.93989464237345,-0.3393579796707826,-0.1968314216568359,-0.0828058177163564
0.93735793236387,-0.3403812290267933,-0.1983518489176695,-0.0765995049740371
0.9348262340740838,-0.3413160435310301,-0.1997652026723208,-0.0704001514375864
0.9323004915092103,-0.342164247130838,-0.2010748156626562,-0.0642083170147208
0.9297815704665064,-0.3429275952667566,-0.2022838821467929,-0.0580244847104841
0.9272702763500892,-0.3436077725541784,-0.2033954583925052,-0.0518490955652012
0.9247673591483188,-0.344206395652831,-0.2044124704122088,-0.0456825529769664
0.922273526479117,-0.3447250144678989,-0.2053377182769296,-0.0395252476882971
0.9197894414256028,-0.3451651172634153,-0.2061738864996653,-0.0333775460530048
0.91731573184348,-0.3455281329693616,-0.2069235492855584,-0.0272398072215363
0.9148529894546108,-0.3458154354155617,-0.2075891789857818,-0.0211123756745919
0.9124017764158384,-0.346028346131804,-0.208173151571978,-0.0149955927946636
0.9099626232836976,-0.3461681380282497,-0.2086777539920064,-0.0088897875070552
0.9075360363537304,-0.3462360379968734,-0.2091051887186103,-0.0027952907160444
0.9051224948231928,-0.3462332301068251,-0.2094575801515472,0.0032875753078433
0.9027223719079144,-0.3461608544254566,-0.2097369874999463,0.0093587001650448
0.9003342767137131,-0.3460198757732325,-0.2099455185331382,0.015422410791686
0.8979588245563672,-0.3458112209011922,-0.2100849190275862,0.0214779331625141
0.8955966119128763,-0.3455358072454779,-0.2101569014472279,0.0275244883889035
0.8932482113744021,-0.345194543633459,-0.2101631472967037,0.0335613069670085
0.8909141751277422,-0.3447883315491692,-0.2101053086812864,0.0395876212127216
0.888595014185103,-0.3443180615689987,-0.2099850086044239,0.0456027204458368
0.8862912294527168,-0.343784618808252,-0.2098038424791158,0.0516058722515005
0.8840033015556488,-0.3431888822526849,-0.2095633795452646,0.0575963497009834
0.8817316856155315,-0.3425317237016224,-0.2092651631656299,0.063573446211254
0.8794768119016941,-0.3418140076289006,-0.2089107111294989,0.0695364752285487
0.8772390893830868,-0.3410365920783305,-0.2085015164739056,0.075484762138694
0.8750189039096792,-0.3402003279561215,-0.2080390475160404,0.0814176502794235
0.8728166151145832,-0.33930605734711,-0.2075247471529097,0.0873345105615454
0.8706325627726087,-0.3383546154217348,-0.206960034131695,0.0932347257709338
0.8684670643522923,-0.337346829125467,-0.2063463025470066,0.0991176983200839
0.8663204139907367,-0.3362835160450124,-0.2056849213096029,0.1049828543459366
0.8641928836514858,-0.3351654841536141,-0.204977234107329,0.1108296419227812
0.8620847279103353,-0.3339935337212322,-0.2042245607718019,0.1166575191453396
0.859996178750065,-0.3327684539768967,-0.203428195309132,0.1224659696415696
0.8579274473606855,-0.3314910231364041,-0.2025894059985725,0.1282544989808768
0.8558787269398562,-0.330162009311007,-0.2017094361008227,0.1340226281218315
0.8538501933231557,-0.3287821703200762,-0.2007895038673793,0.139769892775284
0.8518420023261838,-0.3273522511237594,-0.1998308009400242,0.1454958521414899
0.8498542922299979,-0.3258729845454123,-0.1988344929217015,0.1512000831739539
0.8478871860896153,-0.3243450922190057,-0.1978017201234493,0.1568821751287742
0.8459407902104401,-0.3227692827159655,-0.1967335964084583,0.1625417350719878
0.8440151931893448,-0.3211462497490862,-0.1956312080674316,0.168178391945588
0.8421104711090555,-0.3194766755654011,-0.1944956162199372,0.1737917826009905
0.8402266838386112,-0.3177612270313982,-0.1933278542575728,0.1793815637355542
0.8383638771186009,-0.316000556420257,-0.1921289284760079,0.1849474069771074
0.8365220847581897,-0.3141953026280069,-0.1908998190041668,0.1904889934212716
0.8347013260189181,-0.3123460877721051,-0.1896414775884874,0.1960060225682741
0.8329016095200403,-0.3104535200965362,-0.1883548296707959,0.2014982016656703
0.831122927848072,-0.3085181873260196,-0.1870407699732174,0.2069652632606688
0.8293652670192444,-0.3065406657031366,-0.1857001687444979,0.2124069373626527
0.8276285991020277,-0.3045215111258135,-0.1843338658439277,0.2178229750849738
0.8259128873811107,-0.3024612638103839,-0.1829426740120305,0.223213133783875
0.8242180848617748,-0.300360445634939,-0.1815273771752676,0.2285771826828209
0.8225441324274736,-0.2982195565725526,-0.1800887281609652,0.2339149098540764
0.8208909644908583,-0.2960390805908124,-0.1786274527845478,0.2392261053448213
0.8192585066520528,-0.2938194817618227,-0.177144247335808,0.2445105694962635
0.8176466741580185,-0.2915612008268898,-0.1756397764064283,0.2497681190154633
0.8160553765461258,-0.2892646602967664,-0.1741146764161313,0.2549985729144873
0.814484515003435,-0.2869302596197273,-0.1725695525051137,0.2602017620069159
0.8129339815718046,-0.284558372406929,-0.1710049768379065,0.2653775326554598
0.8114036641916443,-0.2821493526182185,-0.1694214928193826,0.2705257309663595
0.809893443793658,-0.2797035289022999,-0.1678196114718821,0.2756462132926913
0.8084031935313839,-0.2772212016254352,-0.1661998096340229,0.2807388498837757
0.8069327823513058,-0.2747026470524769,-0.1645625328345014,0.2858035136970062
0.8054820725135331,-0.2721481115825064,-0.1629081916646873,0.290840089746189
0.8040509213754172,-0.2695578129228617,-0.1612371626914084,0.2958484699110409
0.802639183331079,-0.2669319419019486,-0.1595497897477141,0.3008285469292275
0.8012467053115915,-0.264270652225236,-0.1578463774778307,0.3057802310754716
0.7998733324862339,-0.2615740689377491,-0.156127196921992,0.3107034309241115
0.7985189033591356,-0.2588422767961855,-0.1543924782206173,0.315598071632877
0.7971832560007331,-0.25607533020996,-0.1526424170871879,0.320464073379088
0.7958662220779923,-0.2532732386987274,-0.1508771657125266,0.325301373714732
0.7945676325741755,-0.2504359759582901,-0.1490968386444216,0.3301099075491412
0.7932873152019221,-0.2475634717368452,-0.1473015077782311,0.334889617260807
0.792025095676408,-0.2446556115244483,-0.1454912022886848,0.3396404487094265
0.7907807984896249,-0.2417122351833321,-0.1436659078727033,0.3443623489341733
0.7895542456969823,-0.2387331306363074,-0.1418255629237066,0.3490552713594242
0.7883452596089383,-0.2357180365747327,-0.1399700602898938,0.3537191661184169
0.7871536633271358,-0.2326666402209715,-0.1380992459178353,0.3583539782971094
0.7859792809399087,-0.2295785739831266,-0.1362129167983332,0.3629596474220385
0.7848219378375102,-0.2264534120590604,-0.1343108188687489,0.3675361064387539
0.7836814631454627,-0.223290672615627,-0.1323926482723583,0.3720832721511655
0.7825576907475036,-0.2200898164329249,-0.1304580503907774,0.3766010408710721
0.7814504626875355,-0.216850252517533,-0.1285066230164168,0.3810892741695341
0.7803596296574022,-0.2135713358855304,-0.1265379146962004,0.385547795885137
0.7792850557258635,-0.2102523783096447,-0.1245514307826385,0.3899763714534357
0.7782266215735864,-0.2068926561042818,-0.1225466375389418,0.3943746924657511
0.7771842303388089,-0.2034914277997088,-0.1205229719883637,0.398742349523366
0.7761578137721926,-0.2000479557356859,-0.1184798538769584,0.4030788024959708
0.7751473407239308,-0.1965615392391803,-0.1164167042771483,0.407383339425368
0.7741528293608348,-0.1930315665413063,-0.1143329749871213,0.4116550174402468
0.773174357663398,-0.1894575687524279,-0.112228178820586,0.4158926084174738
0.7722120811635822,-0.1858393100291609,-0.1101019409368169,0.4200945104912384
0.7712662502361634,-0.1821768908666408,-0.1079540575579367,0.4242586575458689
0.7703372311968314,-0.1784708837435953,-0.1057845734666573,0.4283824078271751
0.7694255265587014,-0.1747224878256263,-0.1035938706037021,0.4324624316106582
0.7685317931451661,-0.1709337001002134,-0.1013827665085721,0.4364946041112325
0.7676568509524404,-0.1671074735997316,-0.0991526058732327,0.4404739367948063
0.7668016791454694,-0.1632478414834453,-0.09690533338833,0.4443945663734344
0.7659673888066142,-0.1593599481869527,-0.0946435142318612,0.4482498533095392
0.76515517041267,-0.155449954417319,-0.0923702834010893,0.4520326056446027
0.7643662165356966,-0.1515247879562496,-0.0900892077676994,0.4557354325593878
0.7636016298296805,-0.147591756905101,-0.087804070199957,0.4593511861795347
0.7628623330777553,-0.1436580862273927,-0.0855186102240859,0.4628734146439937
0.7621489992480468,-0.1397304654324476,-0.0832362710118481,0.4662967385348758
0.7614620161251571,-0.1358147027015432,-0.080960006842423,0.4696170738731453
0.7608014852661978,-0.1319155189597198,-0.0786921696910537,0.4728316933838304
0.760167252162217,-0.1280365044314965,-0.0764344878098243,0.4759391324099311
0.7595589521698853,-0.124180183341909,-0.0741881049799464,0.4789390083130256
0.7589760632188883,-0.1203481547498203,-0.071953662359994,0.4818317947605359
0.7584179571159179,-0.1165412704715806,-0.0697314008419537,0.4846185909007725
0.7578839398572794,-0.1127597869943206,-0.0675212476526293,0.4873009347377511
0.7573732882472929,-0.1090035345333026,-0.0653229127707183,0.4898806267274823
0.7568852726768307,-0.1052720251683344,-0.0631359498241493,0.4923596166617436
0.756419176078856,-0.1015645602721835,-0.0609598167560632,0.4947399057835815
0.7559743052250922,-0.0978803022320461,-0.0587939158518198,0.4970234849840799
0.7555499980775083,-0.0942183304301547,-0.0566376247967432,0.499212291573867
0.7551456284552386,-0.090577686947778,-0.0544903219669368,0.5013081789695071
0.7547606069497367,-0.0869573975812738,-0.0523513974117864,0.5033129054534042
0.7543943817319296,-0.0833564961661809,-0.0502202659647373,0.5052281236022391
0.7540464377757168,-0.0797740375681553,-0.0480963738291698,0.5070553781997442
0.753716295762336,-0.0762091091891036,-0.0459792044150228,0.5087961062131784
0.7534035098489862,-0.0726608309408484,-0.0438682774295378,0.510451643208723
0.7531076659932011,-0.0691283601189588,-0.0417631509343265,0.5120232273480476
0.7528283801960474,-0.0656108950432558,-0.0396634227320299,0.5135120042683814
0.7525652962029853,-0.0621076707541539,-0.0375687270497327,0.5149190353066319
0.7523180834310503,-0.0586179546542735,-0.0354787311858756,0.5162453049769583
0.7520864359380472,-0.0551410549456457,-0.0333931398297812,0.5174917232488355
0.751870069975326,-0.0516763075304349,-0.0313116864903129,0.5186591357723844
0.7516687228186375,-0.048223078269609,-0.029234134105255,0.5197483275792908
0.7514821512545148,-0.0447807582542583,-0.0271602714531247,0.5207600289157954
0.7513101304024492,-0.0413487622092351,-0.0250899114324745,0.5216949195190078
0.7511524526189832,-0.0379265264741278,-0.0230228890771143,0.5225536326719599
0.7510089263464312,-0.0345135029866837,-0.0209590571413364,0.5233367597640606
0.7508793752771435,-0.0311091566138791,-0.0188982836864954,0.5240448533149615
0.7507636378013832,-0.0277129679379906,-0.0168404529649377,0.5246784286009222
0.7506615661537833,-0.0243244262208088,-0.0147854603543,0.5252379670662204
0.7505730258969713,-0.020943027829373,-0.0127332105870063,0.5257239180184423
0.7504978954641227,-0.0175682740334143,-0.0106836155984379,0.5261367001110556
0.7504360657993191,-0.0141996696470744,-0.0086365928896495,0.5264767023902366
0.7503874401347355,-0.0108367276495377,-0.0065920675315821,0.5267442846822414
0.7503519335467115,-0.0074789573314238,-0.0045499641633198,0.52693977928527
0.7503294728938183,-0.0041258689281474,-0.0025102090177481,0.5270634906433803
0.7503199966662485,-0.0007769705856372,-0.0004727273010172,0.5271156955867644
0.7503196482657549,2.6480394591486822e-11,-5.628611671800593e-12,0.5271176150608727
