2.93140052222384
0.6835018427006234,-1.4050159855163001e-22,3.214719840970653e-13,0.6750459589536273
0.6835026481644441,0.0024382538731966,0.000445997136719,0.6750339323210154
0.6835069929280699,0.0061651532508413,0.0011278626681573,0.6749690716017044
0.6835151068172304,0.0098928795727889,0.0018102794744252,0.6748479991307653
0.6835269981888364,0.0136216869416762,0.0024935371784783,0.6746706910699213
0.6835426785690252,0.0173517949477832,0.0031779208117205,0.6744371234163844
0.683562162731788,0.0210834286095503,0.0038637186971155,0.674147271127315
0.6835854687089865,0.0248168110714858,0.0045512216806088,0.6738011083442152
0.6836126179165388,0.028552176080767,0.0052407259968491,0.6733986069705605
0.6836436351531322,0.032289756448671,0.0059325317141549,0.6729397372281083
0.6836785486990129,0.0360297891517397,0.0066269442339656,0.6724244668113696
0.6837173904870006,0.039772523458326,0.0073242763647773,0.6718527590743577
0.6837601960859314,0.0435182084092911,0.0080248465566238,0.6712245740827613
0.6838070050242057,0.0472671118544206,0.0087289830147861,0.670539864769572
0.6838578607297613,0.0510195030205918,0.0094370210054296,0.6697985788430849
0.6839128108674454,0.0547756680158508,0.010149306328469,0.6690006549949719
0.6839719074148441,0.0585359024669355,0.0108661945045643,0.6681460230753067
0.6840352067924576,0.0623005094213926,0.0115880509298573,0.6672346035963771
0.6841027702102201,0.066069809117736,0.0123152533093177,0.6662663042720846
0.6841746637961129,0.069844133698603,0.01304819122727,0.6652410198802654
0.684250958959987,0.0736238343378004,0.0137872681172733,0.6641586289368454
0.6843317324606709,0.0774092719506207,0.0145329000507483,0.6630189947949611
0.6844170667037227,0.08120082003448,0.015285516867429,0.6618219636352679
0.6845070502451431,0.0849988745433475,0.0160455647480644,0.6605673598218691
0.6846017777948991,0.0888038406883427,0.0168135042193045,0.6592549885124269
0.6847013508010914,0.0926161443452343,0.0175898130664338,0.6578846303909909
0.6848058776223924,0.0964362250514921,0.018374985581157,0.6564560424153892
0.6849154740192626,0.1002645409533281,0.0191695342375084,0.6549689544375094
0.6850302633790224,0.1041015630676384,0.0199739891933636,0.6534230697661361
0.6851503775817833,0.1079477902765763,0.0207889021530572,0.6518180574145124
0.6852759568476877,0.1118037292747264,0.021614842910669,0.6501535584216764
0.6854071504974697,0.1156699047385618,0.0224524022211334,0.6484291801921066
0.6855441178557462,0.1195468703289727,0.0233021950254277,0.6466444895516884
0.6856870281400467,0.1234351892041979,0.0241648570801321,0.6447990195298079
0.6858360616254984,0.1273354506489286,0.0250410494718963,0.6428922598745626
0.6859914098441158,0.1312482582677298,0.0259314569353349,0.640923660626422
0.6861532768842296,0.1351742458758331,0.0268367924348095,0.6388926221434076
0.6863218797638228,0.1391140676874128,0.0277577960378154,0.6367984975790363
0.686497449079599,0.1430683954733043,0.0286952353217643,0.6346405923019165
0.6866802306441804,0.1470379362324894,0.029649910742047,0.6324181518772695
0.6868704861078524,0.1510234240472596,0.0306226550860885,0.6301303634928666
0.6870684937977234,0.1550256164792139,0.0316143339648757,0.6277763553100698
0.687274550751368,0.1590453131658755,0.0326258519253625,0.6253551825175285
0.6874889730250195,0.1630833371685289,0.0336581494903292,0.6228658349472803
0.6877120982674008,0.1671405588314927,0.0347122109767576,0.6203072190669044
0.6879442873281629,0.1712178964472133,0.0357890668447242,0.6176781529516313
0.6881859252169663,0.1753163038634769,0.036889792667807,0.6149773697655734
0.6884374247510741,0.1794368016800939,0.0380155199139351,0.612203492494103
0.6886992277116607,0.1835804611681368,0.0391674345053489,0.6093550386757378
0.6889718085666872,0.187748427217238,0.040346786244761,0.6064303986383648
0.6892556765131285,0.1919419094797992,0.0415548898944676,0.6034278345290174
0.6895513806781567,0.1961622163205675,0.0427931388940492,0.6003454482538731
0.6898595134380333,0.2004107529544526,0.0440630096503946,0.5971811730876544
0.6901807151771282,0.204689034569469,0.0453660707185164,0.5939327535587114
0.6905156802450156,0.2089987073757084,0.0467039952985419,0.5905977175316367
0.6908651638375785,0.2133415714710458,0.0480785755142866,0.5871733444369936
0.6912299893709973,0.2177195988237867,0.0494917364865295,0.5836566347582023
0.6916110579721758,0.2221349646700658,0.0509455561952187,0.5800442660141615
0.692009359497061,0.2265900812049789,0.0524422881190195,0.5763325429861657
0.692425985959931,0.231087640401583,0.053984389332053,0.5725173358303808
0.6928621495956176,0.2356306841371736,0.0555745611829418,0.5685939889219169
0.6933191982475501,0.2402226198107122,0.0572157747452042,0.5645572695722424
0.6937986428261731,0.2448673311528227,0.0589113337937146,0.5604012268536419
0.6943021857029537,0.2495692549651161,0.0606649321724565,0.5561190680472913
0.694831755081746,0.2543334700975888,0.0624807222513697,0.5517030121006761
0.6953895456491652,0.2591657911868298,0.0643633930130743,0.5471441244838218
0.6959780675223213,0.2640728738381259,0.0663182617081909,0.5424321246865529
0.6966001913146799,0.2690622220198028,0.0683513359474757,0.537555270484419
0.6972591765782016,0.2741420152914933,0.0704693063235078,0.5325004110323901
0.6979586459166534,0.2793205220505496,0.0726793568539339,0.5272534684405301
0.6987024057465844,0.2846045248327523,0.0749885086225929,0.5218009995070312
0.6994939078047622,0.2899956929850803,0.0774019344440292,0.516134107271816
0.7003350548106488,0.295483702704412,0.07991951010947,0.5102563108487901
0.7012242227232489,0.3010365203494929,0.0825305004535521,0.5041954413161097
0.7021546449167265,0.3065957768851232,0.0852099634990929,0.4980111628465706
0.7031157390423587,0.3120904830463237,0.0879239151228628,0.4917822278468794
0.7040974979257806,0.3174641889164846,0.0906423757302095,0.4855763175685618
0.7050936786743329,0.3226892073770804,0.0933476759089724,0.4794316675604379
0.7061017183070816,0.3277608860506021,0.0960331313141572,0.47336093520899
0.7071212531088078,0.3326862542436359,0.0986982119719134,0.4673627294890854
0.708152914188203,0.3374763204379333,0.1013449262448861,0.4614300345253682
0.7091976777120674,0.34214243207542,0.1039759722516963,0.4555544430481627
0.710256578123995,0.3466949342587397,0.1065939724513367,0.449727871063882
0.7113305945011297,0.3511428178963081,0.1092012041219446,0.443943134889729
0.712420616772905,0.3554937628269439,0.1117995463540955,0.438194040398283
0.713527438817575,0.3597542841722881,0.1143904950978315,0.4324753237369898
0.7146517696810685,0.3639299253303628,0.1169752184249686,0.4267825076956943
0.7157942378567527,0.3680253968942221,0.119554591122704,0.421111808287136
0.7169554078083932,0.3720447375346257,0.1221292532724571,0.4154599923532859
0.71813578602173,0.3759914154931034,0.1246996407685034,0.4098243001464937
0.7193358300642139,0.379868425405493,0.1272660196281883,0.4042023619927583
0.7205559542932072,0.3836783608170658,0.1298285102912439,0.3985921388560993
0.7217965379726033,0.3874234838819817,0.1323871147927968,0.3929918581165982
0.7230579257825911,0.3911057632358302,0.134941726246263,0.387399989244983
0.7243404348718987,0.3947269256825741,0.1374921506158151,0.3818151934814391
0.7256443550890236,0.3982884822267129,0.1400381133400748,0.3762363073961341
0.7269699563683771,0.4017917698792861,0.1425792791570259,0.3706622980843468
0.7283174852382247,0.4052379600205676,0.1451152497957805,0.365092267286356
0.7296871696989953,0.4086280870942144,0.1476455774807123,0.3595254212159958
0.7310792182844805,0.411963059618701,0.150169766762033,0.353961066286685
0.732493823747838,0.4152436808780584,0.1526872845071255,0.3483985871149164
0.7339311639498209,0.4184706606352701,0.1551975641488225,0.3428374372823054
0.7353914006033574,0.4216446209630894,0.1577000059838314,0.3372771390060456
0.7368746815838022,0.4247661091773292,0.1601939835290302,0.3317172695302635
0.738381139027795,0.4278356006634236,0.1626788424361717,0.3261574641504728
0.7399108925637623,0.4308535117910292,0.1651539078863506,0.320597400426693
0.7414640511573553,0.4338202084331414,0.1676184891032384,0.3150367887061492
0.7430407077220101,0.4367360002143602,0.1700718722995297,0.3094753888014971
0.7446409439152484,0.4396011542291581,0.1725133299215256,0.3039129900680004
0.7462648301213607,0.4424158984758849,0.1749421218162601,0.2983494095568878
0.7479124226476297,0.4451804204044774,0.1773574922972751,0.292784499673531
0.7495837659697618,0.4478948741588682,0.1797586748245508,0.2872181385059509
0.751278895528372,0.4505593876738887,0.1821448969960453,0.2816502191585546
0.7529978304089995,0.4531740535694642,0.1845153712004038,0.2760806725178073
0.7547405814157097,0.455738944318549,0.1868693070463368,0.2705094393337963
0.7565071466055975,0.4582541072843776,0.1892059059617215,0.2649364838104663
0.7582975116210326,0.4607195673893,0.1915243626495941,0.2593617913163883
0.7601116514093574,0.4631353313381924,0.1938238681826171,0.2537853620515106
0.761949528266718,0.4655013865875636,0.1961036082659049,0.248207216296444
0.7638110931396639,0.4678177046900942,0.1983627656900527,0.2426273895871372
0.7656962869282612,0.4700842441864802,0.2006005225398885,0.2370459282585063
0.7676050366426926,0.4723009472089139,0.2028160562598028,0.2314629002915445
0.7695372583062481,0.4744677443566927,0.2050085438589906,0.2258783860271624
0.7714928563651634,0.4765845550676914,0.2071771618023491,0.2202924794715049
0.7734717239726995,0.4786512889507382,0.2093210869017472,0.2147052870767247
0.7754737422141584,0.4806678459374003,0.2114394960307352,0.209116929563923
0.7774987819864526,0.482634119069972,0.2135315686408044,0.2035275363576714
0.779546700280102,0.4845499916902522,0.2155964833990162,0.1979372556024499
0.7816173444127356,0.4864153423836037,0.2176334230793243,0.1923462421938333
0.7837105485073557,0.4882300424017035,0.2196415714632902,0.1867546672010121
0.7858261367302507,0.4899939592814127,0.2216201169764686,0.1811627089395014
0.7879639213473661,0.4917069557129032,0.2235682511784087,0.1755705580996794
0.7901237036423335,0.4933688909120793,0.2254851700226235,0.1699784152056749
0.7923052719496029,0.4949796197007772,0.2273700725119446,0.1643864956010953
0.7945084055808481,0.4965389960016086,0.2292221645014291,0.1587950192726291
0.7967328704725243,0.49804687010493,0.2310406552677316,0.1532042219876078
0.7989784238519592,0.4995030924106139,0.2328247617333058,0.1476143434631485
0.8012448090076844,0.5009075103414856,0.2345737045137702,0.1420256405040413
0.8035317602635111,0.5022599720307734,0.23628671219833,0.1364383746094424
0.8058390017442979,0.5035603257373144,0.2379630205047718,0.1308528152311034
0.8081662450568813,0.5048084188967285,0.2396018708448749,0.1252692454551908
0.8105131933909105,0.5060041007228278,0.2412025135003604,0.1196879521942764
0.8128795370440213,0.5071472201141608,0.242764204683333,0.1141092370287251
0.8152649564253363,0.5082376275826072,0.244286208873519,0.1085334090952775
0.817669124488902,0.5092751764670383,0.245767800410775,0.1029607796591455
0.820091700341406,0.5102597203057624,0.2472082596179882,0.0973916771634767
0.8225323359417271,0.5111911160024177,0.2486068771131739,0.0918264318206075
0.824990671939336,0.5120692222483314,0.2499629513794636,0.0862653854191861
0.8274663410005214,0.5128939009630356,0.2512757907618747,0.0807088839317203
0.8299589649742215,0.5136650164253803,0.2525447119685463,0.0751572841355672
0.8324681557422967,0.5143824358225956,0.2537690406929608,0.0696109518217482
0.8349935197779743,0.5150460306121563,0.2549481138212749,0.0640702519823243
0.8375346510596324,0.515655674602971,0.2560812759977349,0.0585355646969812
0.8400911355347236,0.5162112453933102,0.2571678818726045,0.0530072754467292
0.8426625518793754,0.516712624525303,0.258207296333717,0.047485773767836
0.8452484701337775,0.517159697205482,0.25919889385529,0.0419714564727458
0.847848451509184,0.5175523523799563,0.2601420584338871,0.0364647282634588
0.8504620496121473,0.5178904830098823,0.2610361840223493,0.0309659993474422
0.8530888090708741,0.5181739859439607,0.2618806740078778,0.0254756885575489
0.8557282701976319,0.5184027624347612,0.2626749426186494,0.0199942138532878
0.8583799618514668,0.5185767174232945,0.2634184125728059,0.0145220074514977
0.8610434091307069,0.518695760241485,0.2641105173131873,0.0090595000673272
0.8637181289156339,0.5187598041942515,0.2647506995157387,0.0036071304210592
0.8664036302724301,0.5187687666739141,0.2653384111651231,-0.0018346554265284
0.8690994159423173,0.5187225692017439,0.2658731137888269,-0.007265406898495
0.8718095503544377,0.518620919744227,0.2663550437439835,-0.0126937924888506
0.8745344295412256,0.518463409191517,0.2667835323875633,-0.0181209988719693
0.8772735553638331,0.5182496395277585,0.2671577318530284,-0.0235464217363985
0.8800264146444475,0.5179792180137477,0.2674767986994065,-0.0289694420222118
0.8827924780493829,0.5176517575867104,0.26773989406461,-0.0343894237710481
0.8855711962292889,0.5172668777949443,0.2679461837704724,-0.0398057067048492
0.888362005435804,0.5168242045926054,0.2680948393080286,-0.0452176173538508
0.891164323287805,0.5163233713101458,0.2681850378925773,-0.0506244608784217
0.8939775499622843,0.5157640189977253,0.2682159630471612,-0.0560255235179486
0.8968010684886332,0.5151457968266897,0.2681868050466368,-0.0614200732497089
0.8996342474568434,0.5144683618516579,0.2680967612142997,-0.0668073650009673
0.902476435715172,0.5137313806010069,0.267945036374223,-0.0721866305844384
0.905326967026751,0.5129345284250322,0.2677308431288603,-0.0775570876269268
0.9081851574638016,0.5120774905303427,0.2674534023076346,-0.0829179346593463
0.9110503034852852,0.5111599631073739,0.267111943663549,-0.0882683476075202
0.9139216896693072,0.5101816513095367,0.2667057053516155,-0.0936074942814497
0.91679857993735,0.5091422724178088,0.2662339352569023,-0.098934517992178
0.9196802238806868,0.5080415541687606,0.2656958905134152,-0.1042485493680889
0.9225658547493584,0.5068792357478695,0.2650908380019134,-0.109548702598284
0.925454688575018,0.5056550685457033,0.2644180548410894,-0.1148340738378658
0.9283459271423052,0.5043688152789598,0.2636768279675953,-0.12010374665128
0.9312387547313946,0.5030202517101163,0.2628664551104373,-0.1253567860454794
0.9341323423116408,0.5016091650768825,0.2619862438702013,-0.1305922460948891
0.9370258451953768,0.5001353553878777,0.2610355124137096,-0.1358091656370249
0.939918404679564,0.4985986348651756,0.260013589043832,-0.1410065712187357
0.9428091466974616,0.496998828862713,0.2589198126844748,-0.1461834746442468
0.9456971843711522,0.49533577467796,0.2577535319329982,-0.1513388775323184
0.9485816171219964,0.4936093221197982,0.256514105229884,-0.1564717696811794
0.9514615320844484,0.4918193327364872,0.2552009000644389,-0.1615811315576414
0.9543360039651976,0.4899656798628802,0.2538132927022341,-0.166665934010475
0.9572040948160008,0.4880482487354814,0.2523506679474935,-0.1717251378543922
0.9600648562525068,0.4860669349039968,0.2508124175578841,-0.1767576977765735
0.9629173300738084,0.4840216434671581,0.2491979391686761,-0.1817625634000617
0.9657605467594954,0.4819122897851331,0.2475066363395488,-0.1867386766478877
0.9685935290787828,0.4797387963933425,0.2457379155256344,-0.1916849780894302
0.9714152904591046,0.4775010935391546,0.2438911858276679,-0.1966004041108547
0.974224836741874,0.4751991170860534,0.241965856554488,-0.2014838900430685
0.9770211685451868,0.4728328055396068,0.2399613338881062,-0.2063343743421294
0.9798032788603216,0.4704021008128959,0.2378770205806309,-0.211150794525351
0.9825701569100082,0.4679069435296578,0.2357123109263256,-0.2159320940193035
0.9853207873528526,0.4653472719193856,0.233466588613512,-0.2206772209734173
0.9880541532526812,0.4627230169871763,0.2311392211864338,-0.2253851336366741
0.990769234191454,0.460034101802761,0.2287295579382406,-0.2300547974195672
0.993465011177569,0.4572804338054907,0.2262369214040631,-0.2346851937376217
0.99614046454168,0.4544619033413871,0.2236606041533369,-0.2392753168700525
0.9987945775973442,0.451578375824112,0.2209998595837216,-0.2438241808394148
1.0014263357133182,0.4486296878795959,0.2182538960193324,-0.2483308185384128
1.004034729894182,0.4456156377754132,0.215421865198023,-0.2527942887381198
1.006618757875853,0.4425359773497982,0.212502851678897,-0.2572136790111415
1.0091774242603389,0.4393904039741489,0.2094958618480801,-0.2615881072328606
1.011709742906046,0.4361785484712777,0.2063998085684726,-0.2659167272005409
1.0142147398106502,0.4328999604694018,0.2032134926796009,-0.2701987354025789
1.0166914534370068,0.4295540948893419,0.1999355848291581,-0.2744333737949243
1.0191389359816387,0.4261402949693428,0.1965646031207581,-0.2786199346447118
1.0215562545112222,0.4226577726586847,0.193098887187972,-0.282757765697459
1.02394249633579,0.4191055792303179,0.18953656131336,-0.2868462832737555
1.0262967630397375,0.4154825882384948,0.1858755084553786,-0.2908849667680265
1.028618177246384,0.4117874549860025,0.1821133191478337,-0.2948733759542934
1.030905878592136,0.4080185860664259,0.1782472484745758,-0.2988111510335378
1.0331590196153302,0.404174103083516,0.1742741650391546,-0.3026980139796326
1.0353767583096674,0.4002518048331001,0.1701904959270569,-0.3065337658814944
1.0375582462706274,0.3962491294414813,0.1659921689359824,-0.3103182787220099
1.039702598504904,0.392163143297533,0.1616745802661395,-0.3140514576109841
1.0418088536459127,0.3879905463183291,0.1572325776479256,-0.3177331884213986
1.0438758826820171,0.3837277858391139,0.1526605588363467,-0.3213631968654916
1.0459022561106497,0.3793712894585453,0.1479527025295623,-0.3249408331943731
1.0478859927596471,0.374918029364752,0.1431035708760592,-0.3284646410359953
1.0498241567310862,0.3703666069891035,0.1381093117341905,-0.3319316356205108
1.0517122289223186,0.3657192223304905,0.1329698987563831,-0.3353361316406266
1.0535432864160668,0.3609847592951452,0.1276927277388794,-0.3386681310858283
1.0553073134776074,0.3561824992511199,0.1222970982524529,-0.3419117967547906
1.0569914947376526,0.3513441653727624,0.1168170193365919,-0.3450455503582222
1.0585824424632593,0.3465105283177273,0.1112979148573881,-0.3480456988123132
1.060069767355631,0.3417220528268419,0.1057862630725895,-0.3508928318869554
1.0614485665487632,0.337009515680358,0.1003186742838668,-0.3535766864712128
1.0627192922169977,0.3323907169641962,0.0949175903215892,-0.3560964086797338
1.0638859621942058,0.3278727854260045,0.0895934197883534,-0.3584576592589783
1.0649543053218784,0.3234561705888158,0.0843488164998118,-0.3606693954571146
1.0659305305458089,0.3191378755762119,0.079182268705317,-0.3627416595743392
1.06682068822632,0.3149134488534312,0.0740903635951934,-0.3646843937706311
1.067630400291036,0.3107780504076763,0.0690690305335819,-0.366506914004535
1.0683647817925834,0.3067269660739651,0.0641141625721106,-0.3682177349374765
1.0690284507503105,0.3027558221712626,0.0592218933609051,-0.3698245622252976
1.0696255714905314,0.2988606573275293,0.0543887063333337,-0.3713343514272617
1.0701599085731728,0.2950379187520687,0.0496114519119497,-0.3727533916502627
1.0706348785907738,0.291284434288668,0.0448873331327556,-0.3740873884057228
1.071053596755309,0.2875973754452016,0.0402138777156131,-0.3753415393497286
1.0714189183076808,0.2839742102032776,0.0355888946413775,-0.3765206036750753
1.0717334731087786,0.2804126625619677,0.031010436575732,-0.3776289601771013
1.0719996941669143,0.2769106844811972,0.0264767759989671,-0.3786706540806305
1.0722198430681582,0.2734664148646269,0.0219863627046375,-0.3796494416795637
1.072396029935716,0.2700781611295735,0.0175378087058367,-0.3805688228659808
1.0725302312165563,0.2667443707549754,0.0131298587554579,-0.3814320723948876
1.0726243041565948,0.2634636163372148,0.0087613772855865,-0.382242263784632
1.072679999438573,0.2602345776271661,0.0044313304149361,-0.3830022911593583
1.072698971883522,0.2570560270215109,0.0001387716027241,-0.383714887662981
1.0726827896045967,0.2539268176841276,-0.0041171699477891,-0.3843826411437037
1.072632909512528,0.2508443780138195,-0.0083393548115737,-0.3850083036013242
1.0725506485480425,0.2478060993414748,-0.012530782076527,-0.3855944666418343
1.0724372671149047,0.244811205898889,-0.016691985187382,-0.386143237260461
1.072293974814344,0.2418589747318253,-0.0208234416763696,-0.3866566341608069
1.0721219344579458,0.2389487227130469,-0.024925588737177,-0.3871365962877607
1.07192226556129,0.2360798004903674,-0.0289988296855177,-0.3875849891316007
1.0716960473735475,0.2332515876004526,-0.0330435391063242,-0.3880036101502233
1.071444321642724,0.2304634896808927,-0.0370600652624293,-0.3883941933130171
1.07116809494555,0.2277149345364421,-0.0410487343408208,-0.3887584133483911
1.0708683407557529,0.2250053691194549,-0.0450098536031259,-0.389097889424762
1.0705460011703438,0.2223342561431504,-0.0489437152713629,-0.3894141884988288
1.0702019889202057,0.2197010750335111,-0.0528505941741587,-0.3897088278381014
1.069837188488881,0.2171053169885952,-0.05673075417201,-0.3899832779872043
1.0694524574273123,0.2145464837171654,-0.0605844493526432,-0.3902389650187722
1.069048627867333,0.212024088276049,-0.0644119221213004,-0.3904772723957765
1.0686265072026049,0.2095376512480678,-0.068213408389721,-0.3906995431225883
1.0681868792184694,0.2070867008948997,-0.07198913688937,-0.3909070813258528
1.0677305048289902,0.2046707715234597,-0.0757393312668425,-0.3911011538680073
1.0672581232736629,0.2022894048268465,-0.0794642076338692,-0.391282991596299
1.066770452297504,0.1999421463065216,-0.0831639798131627,-0.3914537908777827
1.0662681891699552,0.1976285465812142,-0.0868388570617274,-0.3916147146432142
1.0657520111293974,0.1953481600634397,-0.0904890459402921,-0.391766893555586
1.065222576070464,0.1931005451067064,-0.0941147499104403,-0.3919114269966004
1.0646805230779748,0.1908852636412422,-0.0977161697674409,-0.3920493840268188
1.0641264729232294,0.1887018808639346,-0.1012935040231028,-0.3921818042832164
1.0635610281914143,0.1865499637208983,-0.1048469513257194,-0.3923096988957567
1.0629847742212988,0.1844290827240621,-0.1083767074399404,-0.3924340511591461
1.0623982794083615,0.1823388112806408,-0.1118829662854722,-0.3925558173193375
1.0618020954612464,0.1802787250664683,-0.1153659209650815,-0.3926759273184457
1.0611967576957186,0.1782484017045522,-0.1188257643320994,-0.3927952854914486
1.0605827855979917,0.1762474214272347,-0.1222626878998624,-0.3929147711800111
1.0599606833066904,0.1742753674345218,-0.1256768812367822,-0.3930352393380507
1.0593309395753248,0.1723318246680446,-0.1290685341178261,-0.3931575212117817
1.058694028458958,0.1704163809704248,-0.1324378345754253,-0.3932824248572124
1.0580504093436034,0.1685286262131207,-0.1357849704797411,-0.3934107357665247
1.0574005276723757,0.1666681535599532,-0.1391101273696724,-0.3935432173394365
1.056744814679802,0.1648345578506594,-0.1424134913938461,-0.3936806115372621
1.0560836883768243,0.1630274376152325,-0.1456952457791123,-0.393823639268579
1.055417553327459,0.1612463936599289,-0.1489555734327166,-0.3939730010089765
1.0547468012228736,0.1594910299256319,-0.1521946554649013,-0.3941293772431302
1.0540718107364038,0.1577609524411543,-0.1554126732000575,-0.3942934290595392
1.0533929485935265,0.156055771445637,-0.1586098043215267,-0.3944657984474978
1.0527105692052203,0.1543750997810472,-0.161786225908695,-0.3946471089218485
1.052025015080475,0.1527185533517249,-0.1649421136694995,-0.3948379659613157
1.051336617202791,0.1510857514653851,-0.1680776413641503,-0.3950389574400699
1.0506456952945276,0.1494763168945673,-0.1711929807442224,-0.3952506540776161
1.0499525582965918,0.1478898764351548,-0.1742883005149116,-0.3954736098094837
1.0492575040979102,0.14632605974846,-0.1773637686361245,-0.3957083623879717
1.0485608202503414,0.1447845004928994,-0.18041955017665,-0.3959554336693318
1.0478627840713293,0.1432648360348904,-0.1834558079131545,-0.396215330080741
1.0471636630495955,0.1417667078420593,-0.1864727015771438,-0.3964885429736186
1.0464637145378894,0.1402897603571976,-0.1894703901599258,-0.3967755492504354
1.0457631868517652,0.1388336428821462,-0.1924490281433222,-0.3970768114309064
1.045062319060834,0.1373980086461905,-0.1954087673758067,-0.3973927782100119
1.0443613412264467,0.1359825148574004,-0.1983497569859088,-0.3977238848464567
1.043660474456518,0.1345868223947613,-0.2012721440436355,-0.3980705536358279
1.0429599313672495,0.1332105963250691,-0.2041760725023641,-0.398433194185607
1.0422599168315154,0.1318535069364864,-0.2070616809847819,-0.3988122034920225
1.0415606270339783,0.1305152274789826,-0.2099291075470258,-0.3992079669098561
1.0408622509063183,0.1291954365499895,-0.2127784845933156,-0.3996208578495474
1.0401649693445023,0.1278938161938538,-0.215609942911729,-0.4000512386786299
1.039468955942635,0.126610052923233,-0.2184236094641073,-0.4004994607730798
1.0387743775548406,0.1253438383606381,-0.2212196059127834,-0.4009658645950272
1.0380813935528244,0.1240948675034788,-0.2239980523853166,-0.4014507806309874
1.037390156911668,0.1228628403491457,-0.2267590638475028,-0.4019545291234215
1.036700813728085,0.1216474606684271,-0.2295027527717615,-0.4024774208512555
1.0360135038712075,0.1204484368257571,-0.2322292272497267,-0.4030197571111714
1.0353283610807706,0.1192654816021217,-0.2349385913106174,-0.4035818300677903
1.0346455132359016,0.1180983123222357,-0.2376309445467752,-0.4041639229617899
1.0339650823480535,0.116946650512799,-0.2403063828138849,-0.4047663105395518
1.033287184704936,0.1158102218352958,-0.2429649983140954,-0.4053892593682396
1.0326119312101611,0.1146887563485189,-0.2456068788999614,-0.4060330279583007
1.031939427433649,0.1135819882853773,-0.2482321085024512,-0.4066978671323534
1.0312697740101542,0.1124896564095918,-0.2508407661847477,-0.4073840200458024
1.0306030667883914,0.1114115039549049,-0.2534329261622597,-0.4080917224149343
1.0299393963728545,0.1103472776006123,-0.2560086601624882,-0.4088212034142763
1.029278848984451,0.1092967285887549,-0.2585680346419409,-0.4095726851789848
1.028621506481427,0.1082596124697107,-0.2611111112638599,-0.410346383138792
1.0279674458467614,0.1072356880307048,-0.263637949416946,-0.4111425070298813
1.02731674078799,0.1062247195447811,-0.2661486005562056,-0.4119612593565429
1.0266694605075426,0.1052264745744259,-0.2686431134706086,-0.4128028372178141
1.0260256703873916,0.1042407247945147,-0.2711215321344562,-0.4136674318539874
1.0253854317303086,0.1032672453525755,-0.2735838971873474,-0.4145552293719725
1.0247488023052,0.102305815467571,-0.2760302443052936,-0.4154664103951452
1.024115836732252,0.1013562187671087,-0.2784606031830945,-0.4164011498317674
1.0234865861072722,0.1004182424840623,-0.2808749994261613,-0.4173596177345878
1.02286109834201,0.099491677743622,-0.2832734536773258,-0.4183419791454031
1.02223941786683,0.0985763189058987,-0.2856559831781914,-0.4193483949134082
1.0216215859602091,0.0976719638487876,-0.2880226009136497,-0.4203790215631283
1.021007641344831,0.0967784146295551,-0.2903733137274665,-0.4214340106249936
1.0203976203392158,0.0958954774852885,-0.2927081221315777,-0.4225135086034646
1.0197915555190586,0.0950229606969816,-0.2950270258046669,-0.4236176596686161
1.0191894776220207,0.0941606771559872,-0.2973300166651829,-0.424746602625929
1.0185914142169246,0.0933084422543682,-0.299617084317281,-0.4259004736291097
1.0179973910646225,0.0924660756482895,-0.3018882111879359,-0.4270794039306483
1.0174074316081538,0.0916334003387502,-0.3041433748100681,-0.4282835210708671
1.0168215565228518,0.0908102418651323,-0.3063825498632866,-0.4295129501277884
1.0162397847741456,0.0899964296264934,-0.3086057044418196,-0.4307678118499068
1.0156621329373052,0.0891917957548236,-0.3108128029562996,-0.4320482243409644
1.0150886160594494,0.0883961761542494,-0.3130038031318201,-0.4333543014476593
1.0145192464826014,0.0876094087056526,-0.3151786607867686,-0.4346861556827385
1.0139540357365708,0.0868313357329765,-0.3173373228748169,-0.4360438941360545
1.0133929928569798,0.0860618015224702,-0.3194797341739668,-0.4374276226159236
1.012836125253589,0.0853006533778033,-0.3216058342242593,-0.4388374439153937
1.0122834386531951,0.084547741396226,-0.3237155577919244,-0.4402734581955769
1.0117349375535805,0.0838029189443573,-0.3258088333742667,-0.4417357620291292
1.0111906251308882,0.083066042388821,-0.3278855837835862,-0.443224448786786
1.0106505026894623,0.0823369702179751,-0.3299457284674252,-0.4447396103741584
1.0101145702361185,0.081615563692234,-0.3319891815296961,-0.4462813359448153
1.0095828264975806,0.0809016867389115,-0.3340158518696774,-0.4478497120482558
1.009055269169864,0.0801952061613452,-0.3360256424298154,-0.4494448220749045
1.008531894581114,0.0794959910648061,-0.3380184516714267,-0.4510667474426596
1.008012697987858,0.0788039131361853,-0.3399941726289334,-0.4527155669149246
1.0074976731716287,0.078118845992426,-0.3419526946199793,-0.4543913581013293
1.0069868136695086,0.0774406667059242,-0.3438938987346576,-0.4560941936537078
1.0064801109721822,0.0767692533001718,-0.3458176648483881,-0.4578241473598989
1.0059775567019362,0.0761044875348745,-0.3477238635022864,-0.4595812870506335
1.005479141135442,0.0754462528413907,-0.349612361666909,-0.4613656796805279
1.004984853275817,0.0747944343221701,-0.3514830226045559,-0.4631773914150388
1.004494682007559,0.0741489201764691,-0.3533357016337636,-0.4650164835920308
1.0040086151676084,0.0735096003779261,-0.3551702497819112,-0.4668830161847239
1.003526639599583,0.0728763666553695,-0.3569865136999698,-0.4687770478569523
1.0030487418768723,0.0722491133527342,-0.3587843330566683,-0.4706986332864756
1.0025749076494823,0.0716277364822566,-0.3605635431180468,-0.4726478258263202
1.0021051217569807,0.0710121337882919,-0.362323974425478,-0.4746246772798694
1.0016393687375045,0.0704022053309255,-0.3640654509914572,-0.4766292359038773
1.0011776328998043,0.0697978534978275,-0.3657877901432932,-0.4786615460712148
1.0007198976637148,0.0691989820618188,-0.3674908050859836,-0.4807216512229954
1.000266145588947,0.0686054961427495,-0.3691743048702087,-0.4828095940224605
0.9998163594380344,0.0680173035229269,-0.3708380905329561,-0.4849254115914296
0.9993705210880224,0.0674343131506043,-0.3724819592250051,-0.487069140552614
0.9989286123240172,0.0668564361070536,-0.3741057013527697,-0.4892408134125079
0.9984906141743832,0.0662835846682643,-0.3757091031040678,-0.49144046185103
0.9980565076359516,0.0657156731862376,-0.3772919438551358,-0.4936681132416001
0.9976262731215538,0.065152617301174,-0.3788539982650686,-0.4959237934717917
0.9971998909603944,0.0645943345326335,-0.3803950345173413,-0.4982075244417009
0.9967773410525056,0.0640407437657053,-0.3819148156413526,-0.5005193259060197
0.9963586029345932,0.0634917652767475,-0.3834130993249,-0.5028592152381227
0.9959436561693326,0.0629473211853696,-0.3848896365798636,-0.5052272052925227
0.9955324798375152,0.0624073347318501,-0.386344173615504,-0.5076233072755074
0.9951250530486888,0.0618717308919119,-0.3877764500741521,-0.5100475278676412
0.9947213544003524,0.061340435612451,-0.3891862009901416,-0.5124998724285907
0.994321362463786,0.0608133763972846,-0.3905731551202264,-0.5149803421826117
0.9939250557629496,0.0602904822294732,-0.3919370350787962,-0.5174889342833282
0.9935324126909586,0.0597716834123897,-0.3932775576806295,-0.5200256423035577
0.993143411348293,0.0592569113075015,-0.3945944345310444,-0.5225904573152477
0.9927580298314042,0.0587460986686586,-0.3958873710783515,-0.5251833660447957
0.9923762460419764,0.0582391793442056,-0.3971560673003278,-0.527804352123331
0.991998037951632,0.0577360885839301,-0.3984002168600764,-0.5304533942763668
0.9916233832003448,0.0572367624621317,-0.3996195084695098,-0.5331304691033605
0.9912522595152304,0.0567411383920623,-0.4008136245385582,-0.5358355481653508
0.9908846448050516,0.0562491552136366,-0.4019822409380816,-0.5385685971510599
0.9905205165553188,0.0557607523449238,-0.4031250289675743,-0.5413295803127666
0.9901598525460572,0.0552758707037739,-0.4042416531031508,-0.5441184551187989
0.989802630130016,0.0547944517013765,-0.4053317732869394,-0.5469351777229701
0.9894488271445712,0.0543164384323942,-0.4063950421475701,-0.5497796958387793
0.9890984211033164,0.0538417745513093,-0.4074311075199838,-0.5526519550028366
0.9887513896623796,0.0533704048662484,-0.4084396110564659,-0.5555518948479731
0.9884077103946236,0.0529022749996626,-0.4094201889317628,-0.5584794508865856
0.9880673611408548,0.0524373318339561,-0.4103724708761698,-0.5614345514579977
0.9877303191697084,0.0519755223315572,-0.4112960825562717,-0.5644171249707308
0.9873965625338528,0.0515167953578751,-0.4121906418348339,-0.5674270880016882
0.9870660691893582,0.0510611004506941,-0.4130557613090669,-0.570464352763879
0.9867388166462328,0.0506083873034668,-0.4138910491865789,-0.5735288304542971
0.9864147827345215,0.0501586067900532,-0.4146961072764695,-0.5766204242388853
0.9860939456081076,0.0497117109478181,-0.4154705311020619,-0.5797390289072466
0.9857762831953368,0.0492676521872839,-0.4162139112985137,-0.5828845360432295
0.9854617735936776,0.0488263838126991,-0.4169258326637048,-0.5860568301891589
0.9851503949298036,0.0483878598008599,-0.4176058745325046,-0.5892557901195267
0.9848421256853434,0.0479520352356348,-0.4182536101248994,-0.5924812853557198
0.9845369440963768,0.047518865436593,-0.4188686078877052,-0.5957331822652979
0.984234828643574,0.0470883066252023,-0.4194504304706929,-0.5990113389175398
0.9839357578067306,0.0466603155533918,-0.4199986352763125,-0.60231560756889
0.9836397102820033,0.0462348497902137,-0.4205127740914814,-0.6056458321889026
0.9833466646100936,0.0458118671647905,-0.4209923937800715,-0.6090018525310461
0.9830565999116292,0.0453913268042771,-0.421437035107343,-0.6123834956392378
0.9827694950367208,0.0449731878860265,-0.4218462342050536,-0.6157905854251423
0.9824853290710168,0.0445574103458258,-0.4222195217801336,-0.6192229367838986
0.9822040811608742,0.044143954603403,-0.4225564234328196,-0.6226803575154983
0.9819257306839412,0.0437327817924956,-0.4228564595028748,-0.6261626461122104
0.9816502571503528,0.0433238535976924,-0.4231191452811029,-0.6296695927820789
0.9813776402907656,0.0429171323668264,-0.4233439910086557,-0.6332009781603267
0.9811078595827212,0.0425125803832816,-0.423530502298643,-0.6367565793679405
0.980840894975478,0.0421101609276156,-0.4236781795870518,-0.6403361605134279
0.9805767265882585,0.0417098378137243,-0.4237865185344411,-0.6439394763209201
0.9803153344341692,0.041311574950353,-0.4238550101754998,-0.6475662758127355
0.9800566989000006,0.0409153370500777,-0.4238831407906963,-0.6512162956292876
0.9798008003829572,0.0405210890602431,-0.4238703921126374,-0.6548892648670267
0.9795476192445096,0.0401287960681141,-0.4238162412825627,-0.658584905773264
0.9792971354023882,0.0397384226376256,-0.4237201605780944,-0.662302939932871
0.9790493298177536,0.0393499351027908,-0.4235816179182988,-0.6660430662362168
0.9788041836704776,0.0389633002872288,-0.4234000770341974,-0.6698049723797572
0.9785616780928088,0.038578485067098,-0.4231749973483539,-0.6735883388162658
0.9783217946875572,0.0381954571749459,-0.4229058345046017,-0.6773928305742807
0.9780845149878812,0.0378141843286352,-0.422592040003778,-0.6812181054724253
0.9778498209000696,0.0374346349223363,-0.4222330617969289,-0.6850638069449403
0.9776176945397084,0.0370567777544993,-0.4218283443095796,-0.6889295663481931
0.9773881181555488,0.0366805818900315,-0.4213773284505946,-0.6928150040304252
0.9771610740389496,0.0363060164936596,-0.420879451488052,-0.696719730776849
0.9769365448998412,0.0359330514345572,-0.4203341479819845,-0.700643341191647
0.9767145137524132,0.0355616570939721,-0.4197408498907046,-0.704585415226841
0.9764949635816028,0.0351918037949853,-0.419098985863562,-0.7085455238819465
0.9762778777785098,0.0348234625176126,-0.4184079825738762,-0.7125232212746816
0.97606323993595,0.0344566045481763,-0.4176672644436149,-0.7165180479670619
0.9758510339526052,0.0340912016471937,-0.4168762542490116,-0.7205295287643447
0.975641243771244,0.0337272255882464,-0.4160343723911815,-0.724557177410169
0.9754338538792406,0.0333646490140533,-0.4151410391153319,-0.7286004867726338
0.9752288489356812,0.0330034447883155,-0.414195673477183,-0.7326589355554821
0.9750262138799048,0.0326435861759923,-0.4131976941005336,-0.7367319859286099
0.974825933973884,0.0322850469139352,-0.4121465197929526,-0.7408190823227373
0.9746279946289144,0.0319278008947868,-0.4110415690255953,-0.7449196546470233
0.9744323817049364,0.0315718226994371,-0.4098822619599778,-0.7490331118183988
0.9742390813232424,0.0312170872602502,-0.4086680199761688,-0.7531588451924089
0.9740480800611604,0.0308635702178027,-0.407398267442765,-0.7572962240118708
0.9738593646949608,0.0305112474498249,-0.4060724306924821,-0.7614446004862969
0.973672922462475,0.0301600955591105,-0.4046899403992082,-0.7656033036905812
0.9734887408631732,0.0298100915054094,-0.4032502308969604,-0.7697716434985049
0.9733068077791688,0.0294612128362038,-0.4017527417635074,-0.7739489074872707
0.9731271114781876,0.0291134377014647,-0.4001969186948692,-0.7781343603750109
0.9729496407014332,0.0287667450366445,-0.3985822152282324,-0.7823272414340608
0.9727743844852464,0.0284211142294791,-0.3969080921552512,-0.7865267681526378
0.9726013322886918,0.0280765253803507,-0.3951740196390652,-0.7907321327743047
0.9724304739981816,0.0277329593302797,-0.3933794784229173,-0.7949425016344239
0.972261799922878,0.0273903976726277,-0.3915239610179843,-0.7991570147235387
0.9720953008442196,0.027048822877975,-0.3896069735880433,-0.8033747838854874
0.971930967876348,0.0267082180336552,-0.3876280357422255,-0.8075948958081616
0.9717687926647112,0.0263685672797383,-0.3855866843087824,-0.8118164064530924
0.9716087672100986,0.0260298554766972,-0.3834824728190389,-0.8160383450254532
0.9714508840492334,0.0256920686194165,-0.3813149754900119,-0.8202597087308959
0.971295136090432,0.0253551935292423,-0.3790837868957325,-0.8244794665680529
0.9711415166957575,0.025019218068482,-0.3767885249164079,-0.828696556676193
0.9709900196853098,0.0246841311972058,-0.3744288328616084,-0.832909885703341
0.9708406392829252,0.0243499229031288,-0.3720043807647682,-0.8371183298447434
0.9706933702657524,0.0240165845916988,-0.3695148701052482,-0.8413207301655006
0.9705482075828298,0.0236841082816618,-0.3669600297551086,-0.84551590306243
0.9704051468156202,0.0233524877065996,-0.3643396261733211,-0.8497026267923798
0.970264183834192,0.0230217175997025,-0.3616534601080126,-0.8538796510009365
0.9701253148253708,0.0226917938151538,-0.3589013694500625,-0.858045695809966
0.9699885364164688,0.0223627136909998,-0.3560832343525076,-0.8621994479573165
0.9698538455989189,0.0220344759503448,-0.3531989787355044,-0.8663395628858408
0.969721239524286,0.0217070802785365,-0.3502485687088235,-0.8704646710332372
0.9695907156503264,0.021380527748779,-0.3472320183526519,-0.8745733735321838
0.9694622715104732,0.0210548203217778,-0.3441493871956215,-0.8786642496926237
0.9693359050744854,0.020729961834714,-0.3410007915984607,-0.8827358458846934
0.9692116145659516,0.0204059576486678,-0.3377864040058734,-0.8867866814682848
0.9690893978773752,0.0200828131948712,-0.3345064403853532,-0.8908152685170465
0.968969253121552,0.0197605354642303,-0.331161176512033,-0.8948200948054047
0.9688511785368156,0.0194391328578147,-0.3277509486797992,-0.898799627515879
0.9687351722452088,0.0191186146148554,-0.3242761495252229,-0.9027523222460015
0.9686212322391308,0.0187989908340115,-0.3207372296351767,-0.9066766246897132
0.9685093563441456,0.0184802724281773,-0.317134698355141,-0.910570973230382
0.9683995420911516,0.0181624708104824,-0.3134691213270814,-0.914433804867083
0.9682917871120984,0.0178455991015949,-0.3097411355837672,-0.9182635427618338
0.9681860882388068,0.0175296695482028,-0.3059514203393407,-0.9220586297658204
0.9680824422374562,0.0172146956928541,-0.3021007227537761,-0.9258175043288016
0.9679808450630154,0.0169006901528596,-0.2981898314028878,-0.9295386293224888
0.9678812928103576,0.0165876675472895,-0.294219612480897,-0.9332204594434907
0.967783780786683,0.016275641671083,-0.2901909749787473,-0.9368614770869618
0.9676883034952176,0.015964625356252,-0.2861048675047262,-0.9404601957071792
0.9675948552314952,0.0156546323676888,-0.2819623022481805,-0.9440151398007453
0.9675034295069038,0.0153456755124756,-0.2777643295318813,-0.9475248688679806
0.967414019300129,0.0150377674087412,-0.2735120467508778,-0.9509879703621258
0.9673266170360492,0.0147309203781151,-0.269206595857125,-0.9544030628025568
0.967241213885419,0.0144251438683897,-0.2648491251457663,-0.957768825798146
0.9671578012212796,0.0141204495181777,-0.2604408589979475,-0.9610839453675892
0.9670763693750322,0.0138168466825084,-0.2559830330469311,-0.9643471649828664
0.9669969077832768,0.0135143427367183,-0.2514768951801667,-0.9675572826266908
0.9669194056247666,0.0132129453465596,-0.2469237368264809,-0.9707131274623084
0.966843851395157,0.0129126607724774,-0.2423248659108457,-0.9738135789877642
0.9667702329068468,0.0126134936894461,-0.2376816013239029,-0.9768575693044478
0.9666985372542056,0.0123154468362193,-0.2329952644629579,-0.9798440867649152
0.9666287515289266,0.0120185238444249,-0.2282672213099142,-0.9827721480225344
0.9665608618004832,0.0117227248300364,-0.2234988104784933,-0.9856408422973852
0.966494854026355,0.0114280500482328,-0.2186913984054756,-0.9884492949940888
0.966430713191767,0.0111344959026375,-0.2138463118993605,-0.9911967057397916
0.9663684248054114,0.0108420615344722,-0.2089649437819296,-0.993882285903368
0.9663079734298692,0.0105507419918357,-0.204048638202468,-0.99650532261433
0.9662493435093592,0.0102605317987363,-0.1990987467724141,-0.9990651445253592
0.9661925192515268,0.0099714242506979,-0.1941166146270312,-1.001561127823013
0.9661374845138117,0.0096834106128737,-0.1891035640734765,-1.0039927021562212
0.9660842229963974,0.0093964808523327,-0.1840609045849519,-1.0063593430003033
0.9660327182952014,0.0091106237184911,-0.178989932008228,-1.008660569925573
0.9659829543777616,0.0088258292989386,-0.1738919724319848,-1.01089592567545
0.9659349146264266,0.0085420834763769,-0.1687682816378842,-1.0130650193778907
0.9658885828226148,0.0082593733106219,-0.1636201392305957,-1.0151674827189905
0.9658439423974536,0.0079776824166698,-0.158448763382802,-1.0172030039625184
0.9658009773462268,0.0076969964117312,-0.1532554085935968,-1.0191712865004756
0.9657596714662772,0.0074172980173685,-0.1480412746231171,-1.0210720835194291
0.9657200089601178,0.0071385708073552,-0.1428075743188032,-1.0229051703353005
0.9656819739288314,0.0068607955921604,-0.1375554648479205,-1.0246703675743158
0.9656455506718162,0.0065839521580447,-0.1322860784565209,-1.0263675272493558
0.9656107239980216,0.0063080215549843,-0.1270005652305992,-1.027996517917885
0.9655774788968674,0.0060329835895296,-0.1217000448412956,-1.0295572396071626
0.9655458005787336,0.0057588168811753,-0.116385606407174,-1.0310496216183618
0.9655156745856842,0.0054854995910613,-0.1110583216454274,-1.0324736169356483
0.9654870868561456,0.0052130099299027,-0.1057192542353241,-1.0338291986975106
0.9654600236220988,0.0049413251067141,-0.1003694387552561,-1.035116364577399
0.9654344715119954,0.0046704221586445,-0.0950098963732171,-1.0363351314142784
0.9654104175330456,0.0044002776913745,-0.0896416293671384,-1.0374855355269317
0.965387849127238,0.0041308684283655,-0.0842656317315421,-1.0385676294979986
0.965366754078508,0.003862170028465,-0.0788828653366262,-1.0395814860792087
0.9653471206135504,0.0035941581186954,-0.0734942802187236,-1.040527192820088
0.9653289373902012,0.0033268081073406,-0.0681008107356923,-1.0414048520652508
0.9653121935200448,0.0030600954693636,-0.0627033812535993,-1.042214579307977
0.96529687843085,0.0027939932807136,-0.0573028560594522,-1.0429565093053128
0.965282982230232,0.0025284782817307,-0.0519001623056961,-1.043630777925077
0.9652704953252416,0.0022635244892412,-0.0464961605776849,-1.0442375400248305
0.9652594086142016,0.001999106284417,-0.041091707517032,-1.0447769596432588
0.9652497135772028,0.0017352013583802,-0.0356877164117669,-1.0452492050669462
0.965241401872174,0.0014717797469612,-0.0302849327983528,-1.0456544680095925
0.9652344658574994,0.0012088174930149,-0.0248842142611401,-1.0459929376781216
0.9652288982856556,0.0009462885800871,-0.0194863655255713,-1.0462648152242715
0.9652246924159708,0.0006841694038507,-0.0140922304731161,-1.0464703077983186
0.9652218418901286,0.0004224313594765,-0.0087025398330998,-1.046609634201218
0.9652203408965584,0.0001610523051684,-0.0033181473543198,-1.046683016441461
0.965220184027446,-9.99956236384e-05,0.002060220843589,-1.0466906863304746
0.9652213663595764,-0.0003607367911422,0.0074317760762279,-1.0466328811586445
0.9652238894574836,-0.0006216902473505,0.0128059241488225,-1.0465095499437849
0.965227758067228,-0.0008829484051453,0.018183273769131,-1.0463205152423851
0.9652329771847784,-0.0011445333384244,0.0235629768317531,-1.046065616785583
0.9652395522654448,-0.001406469670636,0.0289442298863879,-1.0457447015570442
0.9652474892322018,-0.0016687828151578,0.034326237637933,-1.0453576237232578
0.9652567944543088,-0.0019314978634168,0.0397081898864999,-1.0449042460306726
0.9652674747573424,-0.002194639998396,0.0450892698443626,-1.0443844396856576
0.9652795374492682,-0.0024582349751635,0.050468663747446,-1.043798083474469
0.965292990240368,-0.0027223073396824,0.0558455243380291,-1.043145068058732
0.965307841252595,-0.0029868811145284,0.0612189849316899,-1.0424252959202704
0.965324099176169,-0.0032519824557066,0.0665882132110492,-1.0416386742013706
0.9653417730557922,-0.0035176357526994,0.07195233187502,-1.040785125511369
0.9653608722362202,-0.0037838635101842,0.0773104167343732,-1.0398645909566455
0.9653814066614336,-0.0040506907232502,0.0826615849578583,-1.0388770161494458
0.9654033865956524,-0.0043181408187388,0.088004913251854,-1.037822365124903
0.965426822994238,-0.0045862402285406,0.0933395293021138,-1.0367006030126475
0.9654517267470968,-0.0048550096212636,0.0986644371985274,-1.03551173274248
0.965478109725328,-0.0051244758166467,0.1039787544830818,-1.0342557454422536
0.9655059836688796,-0.0053946597446573,0.1092814736740897,-1.0329326740114555
0.9655353608289756,-0.0056655836256842,0.1145716050993844,-1.0315425628499386
0.965566254100958,-0.0059372718230469,0.1198481930032926,-1.0300854621303333
0.9655986761882526,-0.0062097435069328,0.1251101733363467,-1.0285614676732964
0.965632640413304,-0.0064830201286789,0.1303565200039939,-1.0269706829872207
0.9656681606739518,-0.006757124639226,0.1355862290592278,-1.025313221908368
0.9657052507881668,-0.0070320764406274,0.1407982227347189,-1.023589239582582
0.9657439250881472,-0.0073078962097105,0.1459914425650013,-1.0217989049877951
0.9657841980740736,-0.0075846033395677,0.1511648013599673,-1.0199424173614726
0.9658260843023024,-0.0078622154413437,0.1563171753400967,-1.0180200114688924
0.9658695987315818,-0.0081407508308283,0.1614474515660264,-1.0160319418189083
0.9659147564770776,-0.0084202269251653,0.1665544988701585,-1.0139784941522323
0.965961572837171,-0.0087006605521186,0.1716371747366116,-1.0118599842742515
0.9660100630323252,-0.0089820665583233,0.1766943015295703,-1.009676769819688
0.9660602428865332,-0.0092644618932127,0.1817247412072411,-1.0074292195055574
0.9661121272998476,-0.0095478570935098,0.1867272447903804,-1.005117781458862
0.966165732161026,-0.0098322672046205,0.191700648521269,-1.002742897283037
0.9662210729237608,-0.0101177039319513,0.1966437357491998,-1.0003050654676509
0.966278164856974,-0.0104041773401448,0.2015552696537169,-0.9978048295114206
0.9663370235218592,-0.0106916983813211,0.2064340383297303,-0.9952427565183224
0.9663976640425908,-0.0109802753702047,0.211278796130531,-0.9926194685307332
0.966460101305013,-0.0112699152372074,0.2160882877693178,-0.9899356328634706
0.9665243503311164,-0.0115606253859668,0.2208612809960377,-0.9871919452115656
0.9665904254371538,-0.0118524099793416,0.2255965073101325,-0.9843891647634384
0.9666583411453435,-0.0121452742174445,0.2302927343462848,-0.981528074182479
0.966728111341122,-0.0124392207259387,0.2349487091271814,-0.9786095142565578
0.9667997493826702,-0.0127342503045454,0.239563173343616,-0.975634377586809
0.9668732687100536,-0.0130303645690657,0.2441349068416736,-0.972603581877836
0.966948681734039,-0.0133275615485343,0.2486626612845618,-0.9695181144184452
0.9670260005931685,-0.0136258389662174,0.2531452139096739,-0.9663789988707048
0.9671052370094508,-0.0139251937476849,0.2575813617152254,-0.9631872995882408
0.9671864018674032,-0.0142256205743729,0.2619699023892605,-0.9599441366236156
0.96726950611124,-0.0145271153430074,0.2663096871583033,-0.9566506478383598
0.9673545592373948,-0.0148296697530236,0.2705995443159253,-0.9533080468455474
0.9674415706916424,-0.0151332765475506,0.2748383573135172,-0.949917565212032
0.9675305492492328,-0.0154379273282636,0.2790250347401412,-0.9464804749951404
0.9676215027770656,-0.0157436118812516,0.2831585033668382,-0.942998095439662
0.9677144385883368,-0.0160503195126101,0.2872377285441863,-0.9394717767745638
0.9678093634169276,-0.0163580390207764,0.291261715084706,-0.935902898948392
0.967906283761134,-0.016666759837531,0.2952295229934421,-0.9322928566074432
0.968005204861872,-0.016976468813367,0.2991402270655653,-0.9286430949373368
0.968106131702306,-0.0172871534942976,0.30299296052245,-0.9249550698297562
0.9682090686391612,-0.0175988009672531,0.3067869006743574,-0.921230259444094
0.968314019571975,-0.0179113984057882,0.3105212761816165,-0.9174701558186916
0.9684209877506962,-0.0182249325117175,0.3141953606693162,-0.9136762696246816
0.9685299760641566,-0.0185393903848725,0.3178084832628489,-0.9098501177304718
0.9686409869107304,-0.0188547591346172,0.3213600238173048,-0.9059932258596344
0.9687540224318828,-0.0191710265336385,0.3248494199721953,-0.9021071185896068
0.968869084613592,-0.0194881812518752,0.3282761687372201,-0.898193314367453
0.9689861746392896,-0.0198062110516376,0.3316398063471041,-0.8942533458386269
0.9691052939417448,-0.020125105652802,0.334939938306298,-0.890288722561589
0.9692264437897647,-0.0204448555162215,0.3381762245989633,-0.8863009440398109
0.9693496249144354,-0.0207654508304955,0.3413483684867516,-0.8822915106132311
0.9694748385701818,-0.0210868842394542,0.3444561423665233,-0.8782618876617889
0.9696020856398944,-0.0214091484303737,0.3474993619299911,-0.87421353406465
0.9697313672209812,-0.0217322375897806,0.3504778987618622,-0.8701478824366707
0.9698626844547016,-0.0220561468917822,0.3533916734622743,-0.8660663440846831
0.9699960384007766,-0.0223808721355561,0.356240650719982,-0.8619703122534468
0.9701314306474158,-0.0227064111676004,0.359024849909193,-0.8578611429574107
0.9702688627278816,-0.023032762382666,0.3617443297692873,-0.8537401727627283
0.9704083365286552,-0.0233599256465873,0.3643991944412451,-0.8496087061423725
0.9705498543501452,-0.0236879023529763,0.3669895915455957,-0.8454680138661158
0.970693418621767,-0.0240166946899002,0.3695157042130543,-0.8413193414841279
0.9708390322580156,-0.0243463064008771,0.3719777550722817,-0.8371638990513185
0.9709866983933152,-0.024676742112321,0.3743759990262338,-0.8330028690476374
0.9711364207038392,-0.0250080079986015,0.3767107261893181,-0.8288373975320777
0.9712882030451327,-0.0253401109150514,0.378982253693146,-0.8246686046835687
0.971442049886838,-0.0256730593041725,0.3811909301794152,-0.8204975731244232
0.9715979660726272,-0.0260068626074572,0.3833371297484512,-0.8163253551269949
0.9717559568439688,-0.0263415312714426,0.3854212503057598,-0.8121529724095865
0.9719160278337132,-0.0266770766912829,0.3874437115636358,-0.8079814167819224
0.9720781851559056,-0.0270135113572647,0.3894049543079297,-0.803811648335526
0.9722424354025776,-0.0273508488032594,0.3913054384329386,-0.7996445961775772
0.9724087855546444,-0.0276891033854058,0.3931456401711817,-0.7954811613031262
0.9725772430785464,-0.0280282904468226,0.3949260516081423,-0.791322214739943
0.9727478157387364,-0.0283684259097407,0.3966471772045397,-0.7871686027695353
0.9729205118630322,-0.0287095267818988,0.3983095351872575,-0.7830211409764145
0.9730953401142276,-0.0290516106737454,0.3999136538661487,-0.7788806204467127
0.9732723096562004,-0.0293946961044741,0.4014600720078776,-0.7747478043666415
0.9734514299331772,-0.0297388020523746,0.4029493357115941,-0.7706234337965293
0.9736327108678784,-0.0300839483240138,0.4043819991300843,-0.766508223573257
0.9738161628244492,-0.0304301554626885,0.4057586230426599,-0.762402863826273
0.9740017963800344,-0.0307774443060263,0.4070797722587303,-0.7583080256105645
0.9741896226201912,-0.0311258365344211,0.4083460170247884,-0.7542243547978117
0.974379652954423,-0.0314753543135178,0.4095579308408918,-0.7501524767358269
0.974571899108679,-0.031826020276712,0.4107160897650679,-0.7460929968483525
0.974766373114028,-0.0321778575022327,0.4118210717465471,-0.7420465012999259
0.9749630874752044,-0.0325308898134635,0.4128734569463609,-0.7380135539792124
0.9751620548648244,-0.0328851412245049,0.413873825456077,-0.7339947032962898
0.9753632884105168,-0.0332406364557227,0.4148227583381927,-0.7299904767135958
0.9755668013479674,-0.0335974003187855,0.4157208354550679,-0.7260013881261699
0.9757726073102896,-0.0339554582331484,0.4165686364751618,-0.7220279324308473
0.9759807202319236,-0.0343148360567764,0.4173667399656039,-0.7180705878790888
0.9761911543191474,-0.0346755600387954,0.4181157229047525,-0.7141298170193291
0.9764039239212636,-0.0350376566063785,0.4188161599488034,-0.7102060694033816
0.976619043851447,-0.0354011529183738,0.4194686242193302,-0.7062997759709595
0.9768365289810648,-0.0357660761814503,0.420073685684165,-0.7024113568617353
0.9770563944189572,-0.0361324539666178,0.4206319115749094,-0.6985412183295231
0.9772786556814956,-0.0365003144980555,0.4211438665256874,-0.6946897501141989
0.97750332825366,-0.0368696859331667,0.4216101112982274,-0.6908573333926279
0.9777304281221516,-0.0372405972540393,0.4220312038061376,-0.6870443318269062
0.977959971311134,-0.0376130775115478,0.4224076979160873,-0.6832510998155221
0.9781919741481666,-0.0379871562727272,0.4227401438265766,-0.679477978224108
0.978426452945688,-0.0383628631182359,0.4230290874585187,-0.6757252998119212
0.9786634243634458,-0.0387402282400284,0.4232750708692154,-0.6719933835285473
0.9789029051174832,-0.0391192819865876,0.423478631754468,-0.6682825394091023
0.9791449123198286,-0.0395000554145115,0.4236403036479703,-0.6645930634900686
0.979389463146478,-0.0398825797736618,0.4237606154880853,-0.6609252432225063
0.9796365747250254,-0.0402668863514847,0.4238400915932889,-0.6572793591770459
0.9798862647696056,-0.0406530074754162,0.4238792517979205,-0.6536556758348231
0.980138550908356,-0.0410409754773051,0.4238786110814457,-0.650054451798738
0.9803934507639688,-0.0414308228414077,0.4238386796706725,-0.6464759385564942
0.9806509834466344,-0.0418225844907613,0.4237599625198249,-0.6429203600279895
0.9809111669155924,-0.0422162937669882,0.4236429596606635,-0.6393879497843806
0.9811740194357782,-0.0426119846853287,0.423488166126864,-0.6358789304319814
0.9814395593359686,-0.0430096915827255,0.423296071971339,-0.6323935171024323
0.9817078052472652,-0.0434094494913155,0.4230671620412304,-0.6289319144706582
0.9819787755495828,-0.0438112933299509,0.4228019163962905,-0.6254943240479051
0.9822524890487696,-0.0442152589316534,0.4225008097079927,-0.6220809355406898
0.9825289644770552,-0.0446213823180214,0.4221643116676236,-0.6186919333839329
0.9828082208356334,-0.045029700223218,0.4217928865796973,-0.6153274925776868
0.9830902771666,-0.0454402497755514,0.4213869935756551,-0.6119877816533781
0.9833751528260464,-0.0458530689130374,0.4209470861784694,-0.6086729595750642
0.9836628666964338,-0.0462681952617141,0.4204736134980858,-0.6053831849947828
0.9839534385003974,-0.0466856680561316,0.419967018127906,-0.6021186011624123
0.9842468875535028,-0.0471055263556269,0.4194277381051546,-0.5988793504186318
0.9845432333948522,-0.0475278099760147,0.4188562058719768,-0.5956655670333659
0.984842495432434,-0.0479525590036784,0.4182528489141333,-0.5924773811862838
0.9851446939096504,-0.0483798151861897,0.41761808775258,-0.5893149088412757
0.9854498482131266,-0.0488096195544269,0.4169523393679574,-0.5861782697852133
0.9857579783429998,-0.0492420145285573,0.4162560141701817,-0.5830675721490649
0.9860691043362988,-0.0496770431214267,0.4155295171293885,-0.5799829186612143
0.9863832460977816,-0.0501147487269894,0.4147732481798299,-0.5769244083370668
0.9867004236293992,-0.0505551754664269,0.4139876016897054,-0.5738921342172155
0.9870206572535,-0.0509983685193731,0.4131729658478826,-0.5708861814090938
0.9873439670087844,-0.0514443733103938,0.4123297241502577,-0.5679066329093649
0.987670373250518,-0.0518932363654418,0.4114582538629361,-0.5649535640163551
0.987999895980924,-0.0523450044149615,0.4105589277647746,-0.5620270485227734
0.988332555689166,-0.05279972557458,0.4096321118747992,-0.5591271512093532
0.9886683727588832,-0.0532574485564274,0.4086781670023331,-0.5562539333028005
0.989007367442758,-0.0537182226648057,0.4076974488384209,-0.5534074526411608
0.9893495601969708,-0.0541820982799284,0.4066903069807174,-0.5505877608839459
0.9896949711268812,-0.0546491261348515,0.4056570865368684,-0.5477949081551801
0.9900436209382654,-0.0551193586325045,0.4045981252753609,-0.5450289353482708
0.990395529967884,-0.0555928485633308,0.4035137564773902,-0.5422898821012824
0.9907507183041904,-0.0560696493041998,0.4024043086165356,-0.5395777856567603
0.9911092066158544,-0.0565498159622273,0.4012701027444194,-0.5368926745894929
0.991471014826763,-0.0570334036296649,0.4001114566176303,-0.5342345789200973
0.9918361636530604,-0.0575204694755823,0.3989286798024116,-0.5316035186744359
0.9922046729651952,-0.0580110705908352,0.3977220788925953,-0.5289995159587075
0.992576562995144,-0.0585052656363364,0.3964919536096806,-0.5264225861519626
0.9929518539608646,-0.0590031143764544,0.3952385979663198,-0.523872740744461
0.9933305656595552,-0.0595046771775712,0.3939623016095401,-0.5213499900743362
0.9937127179981043,-0.0600100157508472,0.3926633480327536,-0.5188543396888132
0.9940983308384964,-0.060519192985423,0.3913420150489154,-0.5163857914675518
0.994487424121703,-0.0610322731515587,0.3899985743237693,-0.5139443428964047
0.9948800169287508,-0.0615493207047844,0.3886332945981864,-0.5115299929054988
0.9952761289102005,-0.0620704022135664,0.3872464367213722,-0.5091427328878017
0.9956757791914218,-0.0625955849598419,0.3858382574022707,-0.5067825535289447
0.9960789869829928,-0.0631249377874424,0.384409007044392,-0.5044494410776542
0.996485771116302,-0.063658530537774,0.3829589313413898,-0.5021433800877949
0.9968961502422494,-0.0641964343586073,0.3814882705424676,-0.4998643521935746
0.997310142763042,-0.0647387216632534,0.3799972596541067,-0.4976123364658845
0.9977277668792572,-0.065285466242183,0.3784861282273295,-0.4953873091194976
0.998149040707767,-0.0658367434684639,0.3769550998785152,-0.4931892428908644
0.9985739818765116,-0.0663926298200902,0.3754043937096197,-0.4910181091410243
0.9990026074849836,-0.0669532028829105,0.3738342244177712,-0.48887387789183
0.9994349349910294,-0.0675185425658658,0.3722447989897555,-0.4867565133598141
0.9998709808858578,-0.0680887294251601,0.3706363214979879,-0.484665980537943
1.0003107615366669,-0.0686638458248941,0.3690089899563212,-0.4826022409019626
1.0007542929871882,-0.0692439757363827,0.3673629969843199,-0.4805652533744039
1.0012015906260072,-0.0698292043660644,0.3656985309741569,-0.4785549757602583
1.001652669579416,-0.0704196187326351,0.3640157745655445,-0.4765713628453501
1.0021075449330457,-0.0710153080228998,0.3623149037349165,-0.4746143654586222
1.002566230271747,-0.0716163617465239,0.3605960931797544,-0.4726839366610946
1.0030287395899202,-0.0722228723061512,0.3588595090976993,-0.4707800234111353
1.0034950863558751,-0.0728349338439173,0.3571053125910559,-0.4689025706205746
1.003965282825543,-0.0734526414123262,0.3553336621678779,-0.4670515237310765
1.0044393410477448,-0.0740760923670831,0.3535447098728284,-0.4652268245026927
1.004917271851249,-0.0747053851115176,0.3517386050094485,-0.4634284148487537
1.0053990866652194,-0.0753406215714751,0.349915487160607,-0.4616562298568681
1.005884794709501,-0.0759819035747728,0.3480754967038879,-0.4599102081878267
1.0063744059386928,-0.0766293368150763,0.3462187635629067,-0.4581902811077111
1.0068679281548565,-0.0772830271243809,0.3443454180287032,-0.4564963827546408
1.0073653693698146,-0.0779430836815568,0.3424555816852344,-0.4548284416275048
1.0078667362711342,-0.0786096170722303,0.3405493731022728,-0.4531863858180022
1.008372034778495,-0.0792827401160709,0.3386269055943769,-0.4515701409264452
1.0088812702906322,-0.079962568292148,0.3366882861428951,-0.4499796292012216
1.0093944460588131,-0.0806492176625819,0.3347336214473951,-0.4484147744395317
1.0099115658028135,-0.0813428084655541,0.3327630078182407,-0.4468754937115436
1.0104326310485598,-0.0820434616564048,0.3307765411625324,-0.4453617053778292
1.0109576432139225,-0.0827513018079635,0.3287743088777817,-0.4438733226822131
1.0114866011676238,-0.0834664539304661,0.3267563989940961,-0.4424102605998742
1.0120195036244788,-0.0841890468064092,0.3247228908690076,-0.4409724288074402
1.012556348137677,-0.0849192117505961,0.3226738588505862,-0.439559734481887
1.0130971304849556,-0.085657081888716,0.3206093744363151,-0.4381720837027033
1.0136418450896831,-0.0864027928424848,0.318529504475543,-0.4368093800739308
1.0141904851171848,-0.0871564829830362,0.3164343106031098,-0.4354715243068195
1.0147430418436751,-0.0879182926870454,0.3143238514439364,-0.4341584155570067
1.0152995060062846,-0.0886883663248943,0.3121981772440693,-0.4328699480157541
1.0158598657852078,-0.0894668496087255,0.3100573373577714,-0.431606015498836
1.0164241078463194,-0.0902538911573538,0.3079013760383354,-0.4303665086929886
1.0169922175927617,-0.0910496429900736,0.3057303312409308,-0.4291513144588699
1.017564177751879,-0.0918542586888134,0.303544239779444,-0.4279603186501491
1.0181399703391072,-0.0926678962959597,0.3013431295699582,-0.4267934017207909
1.0187195745105664,-0.093490715443237,0.299127027578789,-0.4256504429947954
1.0193029674314256,-0.0943228787140928,0.2968959562369214,-0.4245313185428459
1.01989012464124,-0.0951645523235335,0.2946499317662615,-0.4234359002848086
1.020481019305666,-0.0960159052123482,0.2923889667559965,-0.4223640572108024
1.0210756223463628,-0.0968771093908241,0.2901130693725146,-0.4213156548587344
1.021673902090245,-0.0977483395932306,0.28782224439974,-0.4202905556604666
1.022275825057774,-0.0986297745951376,0.2855164899088568,-0.4192886173332107
1.022881354364904,-0.0995215950531104,0.283195803057416,-0.418309695316393
1.023490451118265,-0.1004239857180758,0.2808601744156848,-0.4173536401409133
1.0241030738850878,-0.1013371348514167,0.2785095896542823,-0.416420298098477
1.0247191777918314,-0.1022612330637387,0.2761440326531321,-0.4155095123176597
1.0253387156560532,-0.103196475189828,0.2737634807988285,-0.4146211207460568
1.025961636723483,-0.1041430585877441,0.2713679094637845,-0.4137549577286861
1.026587887662728,-0.1051011848371109,0.2689572878039581,-0.4129108522806436
1.0272174116007244,-0.1060710584805144,0.2665315820757802,-0.4120886291497602
1.0278501486107918,-0.1070528879756993,0.264090753356204,-0.4112881078470924
1.028486035118772,-0.1080468849937704,0.2616347594179216,-0.4105091031194044
1.029125003947056,-0.1090532646964007,0.2591635541390585,-0.4097514245535045
1.0297669843723831,-0.1100722460493189,0.256677086844573,-0.4090148761955657
1.0304119019914617,-0.1111040518440462,0.2541753023766392,-0.4082992564116658
1.0310596781383543,-0.1121489079971189,0.2516581428970061,-0.4076043582082133
1.0317102306076114,-0.1132070449488209,0.2491255446096386,-0.4069299681140637
1.0323634725554132,-0.1142786961338827,0.2465774415486506,-0.4062758670292434
1.0330193131515608,-0.1153640992846287,0.2440137625488188,-0.4056418291980296
1.033677656536852,-0.1164634949633801,0.2414344348126508,-0.4050276228893043
1.034338403103456,-0.1175771289491843,0.2388393783815026,-0.4044330088346259
1.0350014477710263,-0.1187052496263157,0.2362285123568127,-0.4038577414953944
1.0356666810280468,-0.1198481099978091,0.2336017502733184,-0.4033015677476362
1.0363339886435408,-0.1210059675019736,0.2309590006565736,-0.4027642268343239
1.0370032502343085,-0.1221790818052395,0.2283001721283205,-0.4022454511500632
1.037674340577969,-0.123367717347638,0.2256251676371945,-0.4017449647834442
1.0383471291223123,-0.1245721428067238,0.2229338857896322,-0.4012624835792523
1.0390214792637864,-0.1257926301103587,0.2202262231217135,-0.4007977152883982
1.0396972487587754,-0.1270294554708461,0.2175020718355453,-0.4003503588832422
1.0403742894837218,-0.1282828992806567,0.2147613201102272,-0.3999201043650439
1.0410524469967677,-0.1295532456308432,0.2120038532142344,-0.3995066326692381
1.041731560431486,-0.1308407824316735,0.2092295532745479,-0.3991096153321209
1.0424114625592735,-0.1321458018714324,0.206438298332538,-0.3987287140688615
1.043091978981459,-0.133468599211955,0.2036299649575033,-0.3983635808352343
1.0437729288008482,-0.1348094744264744,0.2008044247751566,-0.398013857051839
1.044454123764813,-0.1361687309025715,0.1979615472629451,-0.3976791736725161
1.0451353684451454,-0.1375466761558433,0.1951011982614006,-0.3973591506798089
1.045816459954866,-0.1389436216522693,0.1922232403789555,-0.3970533968245518
1.0464971874986853,-0.1403598822729459,0.1893275341056448,-0.3967615094160097
1.0471773323804283,-0.1417957767094286,0.1864139369934246,-0.3964830738927849
1.0478566678812704,-0.1432516276223309,0.1834823033461742,-0.3962176634609207
1.048534958965384,-0.1447277614438171,0.1805324846313272,-0.395964838796206
1.0492119617136535,-0.1462245075635544,0.1775643310896797,-0.3957241478237813
1.049887423631071,-0.147742199422131,0.1745776895307516,-0.3954951251666946
1.050561083084868,-0.149281173720876,0.1715724048912311,-0.3952772919133276
1.0512326693720255,-0.1508417710357129,0.1685483190113397,-0.3950701551555416
1.0519019022898892,-0.1524243353218128,0.1655052715910748,-0.3948732076876076
1.052568491877854,-0.1540292137923622,0.1624431003914529,-0.394685927632756
1.053232138250193,-0.1556567570223052,0.1593616410018078,-0.3945077780362729
1.0538925311587048,-0.1573073183964437,0.1562607278447275,-0.3943382065235791
1.0545493500592658,-0.1589812548042996,0.1531401928196716,-0.3941766448159706
1.0552022635525742,-0.160678925792732,0.1499998668512464,-0.3940225084024155
1.0558509294412508,-0.1624006942838776,0.1468395785053252,-0.3938751960471151
1.056494994243716,-0.1641469259172821,0.143659155166163,-0.3937340894210288
1.0571340929284638,-0.1659179889442585,0.1404584231672599,-0.3935985526663695
1.0577678488578233,-0.1677142547319062,0.137237206829052,-0.39346793190914
1.0583958735585963,-0.1695360978569902,0.1339953282705448,-0.3933415548019014
1.059017765734071,-0.1713838939618923,0.1307326111697553,-0.3932187302020321
1.0596331119728843,-0.1732580225500922,0.127448875733529,-0.3930987474964927
1.0602414856469975,-0.1751588645209424,0.1241439430130055,-0.3929808762770691
1.0608424472560134,-0.1770868040469283,0.1208176315635795,-0.392864365714457
1.0614355437875092,-0.1790422275173404,0.1174697592658609,-0.3927484441083897
1.0620203082036022,-0.1810255227798655,0.1141001445660465,-0.3926323183960252
1.062596259598943,-0.1830370806750003,0.110708603815141,-0.3925151735100018
1.0631629025866198,-0.1850772940899215,0.1072949528708889,-0.392396171865041
1.0637197268545324,-0.1871465575343892,0.1038590077722241,-0.392274452792099
1.0642662073295872,-0.1892452690713433,0.1004005815263394,-0.3921491318112189
1.0648018029994737,-0.1913738273030127,0.0969194891063889,-0.3920193001705174
1.0653259572072216,-0.1935326339523524,0.09341554318774,-0.3918840240267899
1.0658380970211685,-0.1957220931031344,0.0898885554486828,-0.3917423437900773
1.0663376328231948,-0.1979426113514372,0.0863383363742193,-0.3915932733785883
1.0668239578231442,-0.2001945977626728,0.0827646953895177,-0.3914357994469
1.067296447605823,-0.2024784641080597,0.0791674405634029,-0.3912688805520898
1.0677544596192277,-0.2047946250094726,0.0755463784831726,-0.3910914462765226
1.0681973328689112,-0.2071434994130128,0.0719013120972105,-0.3909023961871647
1.068624386833749,-0.2095255082607715,0.0682320445053159,-0.3907005990314772
1.0690349213605517,-0.211941077512628,0.0645383744513975,-0.3904848914422016
1.069428215805456,-0.2143906376651004,0.0608200973307356,-0.3902540768294821
1.069803528295858,-0.2168746241936845,0.0570770047892121,-0.3900069241144729
1.0701600950099597,-0.2193934786348757,0.053308883409818,-0.3897421662960287
1.0704971291959493,-0.2219476484913143,0.0495155152224231,-0.3894584990216478
1.07081382027752,-0.2245375882751383,0.0456966765462291,-0.3891545789228935
1.0711093330448205,-0.2271637624405477,0.0418521341543978,-0.3888290215595542
1.071382806288023,-0.2298266450261508,0.037981646398243,-0.3884803995603905
1.0716333514410188,-0.2325267199703825,0.0340849633493767,-0.3881072405409795
1.0718600513487568,-0.2352644842288221,0.0301618229704058,-0.3877080244368274
1.0720619586705271,-0.2380404495147035,0.0262119494370194,-0.3872811807400636
1.072238094209715,-0.2408551462218615,0.0222350484993571,-0.3868250850964198
1.0723874445598998,-0.2437091201652215,0.0182308131246474,-0.3863380567431068
1.0725089603504547,-0.2466029432632426,0.0141989095971319,-0.3858183533134739
1.0726015532925608,-0.2495372088130182,0.0101389854911308,-0.3852641677756177
1.072664093610055,-0.2525125416434615,0.0060506570022408,-0.3846736223060714
1.0726954066270504,-0.2555296010708614,0.0019335066522531,-0.3840447627696489
1.072694268983974,-0.2585890826169926,-0.0022129171666069,-0.3833755528998497
1.0726594027360774,-0.2616918272039651,-0.0063892447188233,-0.3826638426952705
1.072589387992489,-0.2648415964533095,-0.0105999754968623,-0.3819066731560734
1.0724827181935894,-0.2680393877608139,-0.0148458232925639,-0.3811015664043044
1.0723378064559572,-0.2712862826138554,-0.0191275855853467,-0.3802459063404931
1.0721529772477263,-0.2745834444831504,-0.0234461366392782,-0.3793369270895569
1.0719264573752665,-0.2779321209000444,-0.0278024261134415,-0.3783716993103636
1.0716563644944843,-0.2813336659501924,-0.0321975038047612,-0.3773471089004102
1.0713406946177662,-0.2847895496000583,-0.0366325263021396,-0.3762598368043849
1.0709773072079738,-0.2883013753925822,-0.0411087737070274,-0.3751063336416649
1.0705639065984764,-0.2918709096750169,-0.0456276798802105,-0.3738827869203311
1.0700980214204008,-0.2955001007289201,-0.0501908483916027,-0.3725850871186107
1.0695769801736796,-0.2991911045463859,-0.0548000755871499,-0.371208786769752
1.0689978809645904,-0.3029463238453632,-0.0594573884713992,-0.3697490486168991
1.068357556901854,-0.3067684423132044,-0.0641650744411862,-0.3682005879912484
1.0676525364541878,-0.3106604572519436,-0.0689257069343164,-0.3665576075725165
1.0668789959110636,-0.3146257223824402,-0.073742181195805,-0.3648137182737888
1.0660327097541438,-0.3186679657431052,-0.0786177172487545,-0.3629618599222662
1.065109003846889,-0.3227912683360293,-0.0835558142245,-0.3609942302714983
1.064102715839544,-0.3269999986805988,-0.0885601524177443,-0.3589022285639276
1.0630082014784303,-0.331298571284203,-0.0936342902203147,-0.3566764884475484
1.0618194360893676,-0.3356909224399587,-0.0987810419715023,-0.3543070853067065
1.0605303165275386,-0.3401794649506726,-0.1040012779036551,-0.3517841034333216
1.0591353599734592,-0.3447631151674649,-0.1092917116732232,-0.3490989049376575
1.0576310190769191,-0.3494341241968543,-0.114641429558248,-0.3462464579874278
1.0560176703345916,-0.3541740747370948,-0.1200276492770178,-0.3432287639846235
1.0543015457869944,-0.3589514346374711,-0.1254134486018512,-0.3400580057397505
1.0524948175948372,-0.3637248156275112,-0.13075198157801,-0.3367562563814065
1.0506126445252826,-0.368452890033193,-0.1359978636260555,-0.3333498855132278
1.0486689834383698,-0.3731044404592739,-0.1411181556572908,-0.3298621575201749
1.0466741588254342,-0.3776617068100084,-0.1460955283530002,-0.3263092851915731
1.044634817698992,-0.3821176913616375,-0.1509247538016479,-0.322700751745792
1.0425549512753192,-0.3864718971060424,-0.155607683044178,-0.3190413782996768
1.040436941040331,-0.3907270080989334,-0.1601494561135419,-0.3153332889271538
1.038282267642243,-0.394886955353711,-0.1645563450163936,-0.311577193466927
1.036091950874258,-0.3989558924172185,-0.1688346446291939,-0.3077731563711832
1.0338667809397342,-0.4029377519122688,-0.1729902152904891,-0.3039209841297154
1.0316074521025451,-0.4068360568344777,-0.1770283072014991,-0.3000204381399065
1.0293146282395689,-0.4106538801664545,-0.1809535435662796,-0.2960713296931833
1.0269889808488082,-0.4143938557169033,-0.18476995597317,-0.2920735693826984
1.024631201928918,-0.4180582256294524,-0.1884810549039712,-0.2880271756512895
1.0222420171058206,-0.4216488792096626,-0.192089888301687,-0.2839322860872063
1.0198221833609291,-0.4251674074820805,-0.1955991131730796,-0.2797891442915184
1.0173724874452432,-0.4286151477617447,-0.1990110542251341,-0.2755980896509504
1.0148937495576165,-0.4319932140659634,-0.2023277461385753,-0.2713595574889044
1.0123868156827178,-0.4353025378215606,-0.2055509840824633,-0.2670740609340375
1.0098525578497657,-0.4385438922897182,-0.2086823564106616,-0.2627421872582511
1.0072918704909912,-0.4417179183256664,-0.2117232773019555,-0.2583645882830804
1.004705666866541,-0.4448251463613907,-0.2146750144727816,-0.2539419715027863
1.0020948790400144,-0.4478660112197832,-0.2175387090188109,-0.2494750977694613
0.9994604531035156,-0.4508408703312232,-0.220315397637543,-0.2449647712584116
0.996803346753812,-0.4537500168748725,-0.2230060292366139,-0.2404118337775757
0.9941245304916246,-0.4565936874052779,-0.2256114758277919,-0.2358171655600796
0.991424983329236,-0.459372074250264,-0.2281325473337338,-0.2311816768816936
0.9887056907687412,-0.462085333995799,-0.230570002248995,-0.2265063037458006
0.985967643637436,-0.4647335940888669,-0.2329245561885047,-0.2217920051950025
0.9832118374768096,-0.4673169581495554,-0.2351968889569478,-0.2170397617132389
0.9804392690885996,-0.4698355132404941,-0.2373876530303632,-0.2122505688369612
0.977650937357263,-0.4722893324466373,-0.2394974776243207,-0.2074254382270969
0.9748478400010248,-0.4746784806890878,-0.2415269753596469,-0.2025653917909641
0.9720309740545924,-0.4770030167074216,-0.2434767453954079,-0.1976714623166227
0.9692013336996056,-0.4792629969879499,-0.2453473780558535,-0.1927446895719677
0.9663599091181256,-0.4814584783912886,-0.2471394581628427,-0.1877861182110151
0.9635076853470091,-0.4835895204589203,-0.2488535679476074,-0.182796795714058
0.960645642366793,-0.4856561865544419,-0.2504902888959359,-0.1777777725194573
0.9577747533804708,-0.4876585461635952,-0.2520502044180871,-0.172730099019527
0.9548959833462516,-0.4895966766963929,-0.2535339019741134,-0.1676548230008466
0.9520102896308404,-0.4914706636683408,-0.2549419738515007,-0.1625529908337446
0.9491186192569784,-0.4932806030211779,-0.2562750194924891,-0.1574256426680476
0.9462219109796494,-0.4950266001682979,-0.2575336452778187,-0.1522738161739015
0.9433210912857568,-0.4967087727564636,-0.2587184669874022,-0.1470985395199389
0.9404170758947206,-0.4983272498585623,-0.2598301095584945,-0.1419008341031525
0.9375107697499876,-0.4998821721507164,-0.2608692075635748,-0.1366817146365938
0.9346030628806952,-0.5013736941518765,-0.261836406977762,-0.1314421818037628
0.9316948344878884,-0.5028019819668457,-0.2627323638783883,-0.1261832296731405
0.9287869482080648,-0.504167215612178,-0.2635577461272467,-0.1209058372429302
0.9258802552836546,-0.5054695872731316,-0.2643132323917538,-0.1156109742418493
0.9229755924147012,-0.5067093021873043,-0.2649995128059395,-0.1102995973251605
0.9200737806546688,-0.5078865788466875,-0.2656172891071712,-0.1049726481124799
0.9171756266109976,-0.5090016482060932,-0.26616727420437,-0.099631055440554
0.9142819198979276,-0.5100547543754596,-0.2666501924917563,-0.0942757307251632
0.9113934363997184,-0.5110461530688232,-0.2670667790395982,-0.0889075740313071
0.908510934310075,-0.5119761127222368,-0.2674177800237103,-0.0835274667886459
0.9056351559801724,-0.5128449134345718,-0.2677039521062542,-0.0781362752316328
0.9027668272000712,-0.5136528468404764,-0.267926062233518,-0.0727348490857449
0.8999066556327071,-0.5144002161144577,-0.2680848873741486,-0.0673240186101013
0.8970553335887935,-0.5150873347880479,-0.268181213951996,-0.0619045998239271
0.8942135356302683,-0.5157145269989359,-0.2682158376452338,-0.0564773899784304
0.8913819182883347,-0.5162821270496819,-0.2681895629136912,-0.0510431669618388
0.8885611226828795,-0.5167904784417395,-0.2681032026076446,-0.0456026942899797
0.8857517700098293,-0.5172399342978973,-0.2679575774612385,-0.04015671238185
0.8829544660429088,-0.5176308560687436,-0.2677535157601083,-0.0347059471695596
0.8801697979457659,-0.517963613625941,-0.2674918527702495,-0.0292511038678649
0.8773983369585105,-0.5182385844426416,-0.2671734304943235,-0.0237928721371759
0.8746406344212703,-0.5184561535555332,-0.2667990967836286,-0.0183319181758809
0.8718972262589608,-0.5186167126277649,-0.2663697053573472,-0.0128688934353132
0.869168630437954,-0.5187206597498834,-0.2658861150532532,-0.0074044295044498
0.8664553477204254,-0.5187683988976788,-0.2653491894383636,-0.001939139470466
0.8637578606713703,-0.5187603394505753,-0.2647597961025616,0.0035263842354949
0.8610758443200058,-0.5186968687358415,-0.2641186092421572,0.0089931838540302
0.8584051211482628,-0.5185781019358454,-0.2634252061279625,0.0144702501955384
0.855746176229153,-0.5184041241177803,-0.2626801457953565,0.0199571464143556
0.853099490350328,-0.5181750245496929,-0.2618839976910196,0.0254534355543978
0.8504655394021441,-0.5178908969379971,-0.2610373418947876,0.030958681406299
0.8478447928877488,-0.5175518394805487,-0.2601407689622639,0.036472451239763
0.8452377109581748,-0.5171579545036423,-0.2591948790382488,0.0419943217708576
0.8426447479420096,-0.5167093489169079,-0.25820028316529,0.0475238714716536
0.840066350053811,-0.5162061339440099,-0.2571576026227627,0.0530606851001071
0.837502954826425,-0.5156484249563449,-0.2560674687366407,0.0586043546746699
0.8349549896478297,-0.515036341014365,-0.2549305222138425,0.0641544824466868
0.8324228795593307,-0.5143700067593935,-0.2537474167209799,0.0697106636066211
0.8299070346519224,-0.5136495493195214,-0.2525188132756621,0.0752725134825661
0.8274078599896421,-0.5128751007117032,-0.251245384762163,0.0808396456035949
0.8249257513153475,-0.5120467967372315,-0.2499278140137456,0.0864116807898935
0.822461094843562,-0.5111647767907601,-0.2485667936525734,0.0919882473839587
0.8200142682787951,-0.5102291841298753,-0.2471630266218598,0.0975689786885575
0.8175856375668143,-0.5092401645127697,-0.2457172242658729,0.1031535201331121
0.8151755606262641,-0.5081978674602793,-0.2442301083721756,0.108741520549009
0.8127843858814678,-0.5071024456405642,-0.2427024103231199,0.1143326352151489
0.8104124517645328,-0.5059540545200372,-0.2411348707083407,0.1199265267666107
0.8080600862794921,-0.5047528519736553,-0.2395282389146825,0.1255228660077106
0.8057276058179594,-0.5034989974148448,-0.2378832721206555,0.1311213345797459
0.803415318440703,-0.502192653313877,-0.236200737428762,0.1367216169170748
0.8011235205868896,-0.5008339832713055,-0.2344814094326348,0.1423234079055603
0.7988524977822623,-0.499423152081825,-0.2327260704719791,0.1479264110661944
0.796602525292998,-0.4979603258745755,-0.2309355109341309,0.1535303367826438
0.7943738675285651,-0.4964456714941031,-0.2291105286012967,0.159134903597891
0.7921667767811027,-0.4948793552889988,-0.2272519273425252,0.164739841291983
0.7899814944202641,-0.4932615435135727,-0.2253605177744834,0.1703448878289085
0.7878182510852462,-0.4915924021441062,-0.2234371171765787,0.1759497887438261
0.7856772662637844,-0.4898720962168015,-0.2214825488570014,0.1815542981195289
0.7835587473511764,-0.4881007886265184,-0.2194976409544811,0.1871581810222986
0.7814628900831878,-0.4862786399343893,-0.2174832264278596,0.1927612124185423
0.7793898786398841,-0.4844058079302882,-0.2154401427647796,0.1983631769337999
0.7773398862573629,-0.4824824476728594,-0.2133692322091386,0.2039638672193787
0.7753130735305445,-0.4805087093395694,-0.2112713396444735,0.209563088642692
0.7733095899409904,-0.4784847389919326,-0.2091473136644563,0.2151606552563552
0.7713295735413953,-0.4764106776678959,-0.2069980058290053,0.2207563907491072
0.769373150209045,-0.4742866598876289,-0.2048242693681043,0.2263501307243841
0.7674404333328059,-0.4721128124328271,-0.2026269582462499,0.2319417239027096
0.7655315245311194,-0.4698892542106526,-0.2004069273643224,0.2375310303983462
0.7636465160534083,-0.4676160982900547,-0.1981650348711908,0.243117914872889
0.7617854852914201,-0.4652934444686617,-0.1959021351332836,0.2487022630223452
0.7599484995524327,-0.4629213838403515,-0.1936190836877109,0.2542839679632372
0.7581356148145003,-0.4604999963428517,-0.1913167352083356,0.2598629342329946
0.7563468728976611,-0.4580293456759408,-0.1889959391629179,0.2654390870975308
0.7545823066411004,-0.4555094849489337,-0.1866575456856279,0.2710123571703068
0.7528419354003271,-0.4529404491621917,-0.1843023990416946,0.2765826950060609
0.7511257688424635,-0.4503222591401615,-0.1819313418792097,0.2821500598096396
0.7494338041590557,-0.4476549159252813,-0.1795452107101582,0.2877144290285323
0.747766024395908,-0.4449383960360396,-0.1771448324947611,0.2932758050259462
0.7461224039913825,-0.4421726583329775,-0.1747310315744143,0.2988341977957899
0.7445029042260711,-0.4393576347029647,-0.1723046222693672,0.3043896410566028
0.7429074763045036,-0.4364932329722873,-0.1698664123972798,0.3099421830250695
0.741336060101867,-0.4335793325112793,-0.1674172004725854,0.3154918918071805
0.7397885809642027,-0.4306157754020875,-0.1649577695023563,0.3210388683237077
0.7382649543731927,-0.4276023719501287,-0.1624888929921223,0.3265832315972773
0.7367650842762143,-0.4245388945228026,-0.1600113311942351,0.3321251262658671
0.7352888622448606,-0.4214250722310975,-0.1575258283876932,0.3376647276798992
0.7338361673778211,-0.4182605865687494,-0.1550331112145614,0.3432022446289141
0.7324068677816415,-0.4150450702143013,-0.1525338897039737,0.3487379161680334
0.7310008172659581,-0.4117780947494349,-0.1500288499019747,0.3542720271123643
0.7296178586853512,-0.408459172606051,-0.1475186579305495,0.3598048982484649
0.7282578207469691,-0.4050877435346792,-0.1450039524306482,0.3653369023305563
0.7269205196514513,-0.4016631715006778,-0.1424853454386024,0.3708684615211506
0.725605756289654,-0.3981847297125596,-0.1399634148849122,0.3764000633771154
0.7243133152908794,-0.3946515885082347,-0.1374387000287089,0.3819322704654989
0.7230429702727897,-0.3910628195037996,-0.1349117089888711,0.3874657036703995
0.7217944746169837,-0.3874173586223886,-0.1323828976769608,0.393001088348969
0.7205675645748032,-0.3837140003568708,-0.1298526721992968,0.398539249279588
0.7193619589006278,-0.3799513812179997,-0.1273213843769437,0.4040811209999757
0.7181773531509953,-0.3761279436566878,-0.1247893154564854,0.409627784350027
0.7170134224111887,-0.3722419226804137,-0.1222566767499621,0.4151804663992202
0.7158698143519694,-0.3682912976713261,-0.1197235889822381,0.4207405875696619
0.7147461470896624,-0.3642737535908126,-0.1171900705602386,0.4263097899678617
0.7136420073311842,-0.3601866376354657,-0.1146560255291804,0.4318899672675942
0.7125569445662799,-0.3560268941871027,-0.1121212212188743,0.4374833183569439
0.7114904656885459,-0.35179099082852,-0.1095852648200651,0.4430924047997715
0.7104420294806014,-0.3474748316848088,-0.1070475774467337,0.4487202156123988
0.7094110340709998,-0.343073625829889,-0.1045073482814102,0.4543702784939918
0.7083968154799033,-0.3385817817671813,-0.1019635121672512,0.4600467218985984
0.7073986331603639,-0.3339927239305875,-0.0994146916254913,0.4657544195359007
0.7064156656438775,-0.3292987235466409,-0.0968591592818551,0.4714990935741109
0.7054470131594339,-0.3244907343284693,-0.0942948149349467,0.4772873888230918
0.7044917166716315,-0.3195582858763959,-0.091719204629675,0.4831268548786865
0.703548834426648,-0.3144896784137883,-0.089129700730304,0.4890255610974417
0.7026176293134878,-0.3092728741535024,-0.0865240143440006,0.4949909367449909
0.7016980268208738,-0.3038982493267935,-0.0839015441081418,0.5010266400210736
0.7007915551398501,-0.2983651005551841,-0.0812662961792417,0.507125663375539
0.6999029155926547,-0.2926940394113504,-0.0786320357284757,0.5132579605178049
0.6990412476565926,-0.2869406490505398,-0.0760271132699758,0.51935834894152
0.6982182901639343,-0.2811902700201455,-0.0734901506093544,0.5253355526617298
0.6974428722600469,-0.2755225807165846,-0.0710534263730473,0.5311109003976835
0.6967174879120556,-0.2699813815111228,-0.0687309498984223,0.5366473426325948
0.6960398220483617,-0.2645769780261093,-0.06652157947632,0.5419433278756915
0.6954056325897047,-0.2593024705553275,-0.0644172511547477,0.5470140077119684
0.6948104671377275,-0.2541453591234223,-0.0624082732919164,0.5518788532831526
0.6942503018658759,-0.2490927407264249,-0.0604854889529317,0.5565564814690473
0.6937216701777285,-0.2441330005493367,-0.0586408581360172,0.5610631881082249
0.6932216250074706,-0.2392561762086237,-0.0568674841018194,0.5654128095177626
0.692747657430561,-0.234453840906449,-0.0551594646166056,0.5696170182635983
0.6922976178700265,-0.2297188799220944,-0.053511723014772,0.573685682120569
0.6918696483400352,-0.2250452507352827,-0.051919852765393,0.5776272029070325
0.6914621297853943,-0.2204277934132329,-0.0503799959726231,0.5814487822851893
0.6910736389715731,-0.2158620583938648,-0.0488887407389196,0.5851566491498557
0.690702916257917,-0.2113441880431932,-0.0474430465946379,0.5887562237066646
0.6903488378210749,-0.2068707953851258,-0.0460401768157606,0.5922522692031561
0.6900103960922116,-0.2024388982837681,-0.0446776546481128,0.5956489877758473
0.6896866813247543,-0.1980458329601507,-0.043353217682677,0.5989501236209654
0.689376869864343,-0.1936892263460341,-0.0420647940454488,0.6021590138772118
0.6890802110186668,-0.1893669269012069,-0.040810468820906,0.605278665440186
0.68879601953973,-0.1850769938363591,-0.0395884702422776,0.6083117837650577
0.6885236663891114,-0.1808176462889044,-0.0383971459445537,0.6112608273466905
0.6882625730483977,-0.176587250666925,-0.037234951852003,0.6141280314902764
0.6880122061630433,-0.1723843033424896,-0.0361004407505202,0.6169154334983499
0.6877720729882439,-0.1682074169949238,-0.034992252796547,0.6196248935696684
0.6875417161178975,-0.1640552848421563,-0.0339091010967634,0.6222581280107268
0.6873207116837864,-0.1599266977326607,-0.0328497720179817,0.6248167066660179
0.6871086653013309,-0.1558205162315525,-0.0318131140806984,0.6273020784986862
0.6869052098194861,-0.1517356690664767,-0.0307980342986762,0.6297155791570567
0.6867100028615408,-0.147671143189001,-0.0298034927339508,0.6320584430026344
0.686522725046078,-0.1436259832022409,-0.0288284997086033,0.6343318089316402
0.6863430779007342,-0.1395992806359505,-0.0278721108045098,0.6365367315053458
0.6861707821276308,-0.1355901662651591,-0.0269334229434456,0.6386741894427094
0.6860055766675357,-0.1315978178053095,-0.0260115742692528,0.6407450854896151
0.6858472170661071,-0.1276214492886752,-0.0251057398521862,0.6427502559799816
0.685695474419803,-0.1236603110590486,-0.0242151300674464,0.644690474283672
0.6855501339050654,-0.1197136762160716,-0.0233389860748547,0.6465664605380207
0.6854109946098084,-0.1157808593553254,-0.0224765826392095,0.6483788755010491
0.6852778680255692,-0.1118611981387849,-0.021627222714531,0.6501283323114744
0.68515057764237,-0.107954062848089,-0.0207902383421835,0.651815394727482
0.6850289577778963,-0.1040588418884564,-0.0199649863986545,0.653440586025757
0.684912853344083,-0.100174953854259,-0.0191508501347368,0.655004386104534
0.6848021190629061,-0.0963018418970086,-0.0183472369449108,0.6565072363564801
0.6846966187392646,-0.0924389671718342,-0.0175535760662096,0.6579495443653242
0.6845962249282903,-0.0885858145315419,-0.0167693188711106,0.6593316837042273
0.6845008184564796,-0.0847418926968511,-0.0159939380168175,0.6606539960786215
0.6844102879472289,-0.0809067334099173,-0.0152269264228258,0.6619167937980305
0.6843245291820229,-0.0770798815432457,-0.014467794499572,0.6631203649388845
0.6842434449572586,-0.0732609046512312,-0.0137160713045507,0.6642649719345262
0.6841669447144941,-0.0694493932320416,-0.0129713038207052,0.6653508535785588
0.6840949439934207,-0.0656449502584221,-0.0122330541796714,0.6663782298598061
0.6840273643167781,-0.0618472005127765,-0.0115009007885157,0.667347300946348
0.6839641328106143,-0.0580557863379233,-0.0107744368034913,0.6682582501534056
0.6839051818402057,-0.0542703614133592,-0.0100532682721364,0.6691112469496652
0.6838504489655525,-0.0504906034419077,-0.0093370158963681,0.6699064455547794
0.6837998764279497,-0.0467161957008402,-0.0086253108722531,0.6706439905123236
0.6837534111295587,-0.0429468391436264,-0.0079177965591393,0.6713240153063647
0.683711004337578,-0.0391822449718774,-0.0072141264462597,0.6719466451327455
0.6836726115995516,-0.0354221429233921,-0.0065139650792892,0.6725119967379708
0.6836381924430877,-0.0316662693960927,-0.00581698522169,0.6730201815630286
0.6836077102288484,-0.0279143645853963,-0.0051228667289723,0.6734713067776977
0.683581132127424,-0.0241661843774964,-0.0044312981479802,0.6738654745920104
0.6835584288895324,-0.0204214866465426,-0.0037419735771031,0.6742027847324451
0.6835395747943483,-0.0166800363325576,-0.0030545930097787,0.6744833343865145
0.6835245475630514,-0.0129416072155399,-0.0023688620607316,0.6747072187540416
0.6835133282455566,-0.0092059741173021,-0.0016844899400461,0.6748745320891205
0.6835059011704064,-0.0054729105781208,-0.0010011884407853,0.6749853678872598
0.6835022539188679,-0.0017421927635102,-0.0003186720666594,0.6750398187907373
0.6835018426971395,2.6863926447934228e-11,-6.37396944036181e-12,0.6750459589599954
