3.18545153308128
0.8444015831076527,1.0018995343629183e-28,-2.489968821685373e-15,-0.0595125048886006
0.844401282328549,-0.0002640103075206,-0.0001355989963181,-0.0595091577859675
0.8443992310404118,-0.000738189239442,-0.0003791870936921,-0.0594863327785411
0.8443952378561338,-0.0012121649998388,-0.000622795314408,-0.059441909738002
0.8443893009361059,-0.0016858464471375,-0.0008664566408716,-0.059375886985965
0.8443814177045404,-0.0021591140631511,-0.0011101892348545,-0.0592882637834199
0.8443715848089258,-0.0026318470247571,-0.001354010239438,-0.059179039871237
0.8443597981556182,-0.0031039226173001,-0.0015979353703815,-0.0590482158530254
0.8443460529111398,-0.0035752171770305,-0.0018419792939093,-0.0588957931918472
0.8443303435336422,-0.0040456054831841,-0.0020861552030378,-0.0587217745363401
0.8443126638855337,-0.0045149584727569,-0.0023304735132511,-0.0585261649372012
0.8442930071979688,-0.0049831456384007,-0.0025749429822859,-0.0583089714124546
0.8442713662534221,-0.0054500316547062,-0.002819568819829,-0.0580702049131934
0.8442477333214249,-0.0059154793518463,-0.0030643540993927,-0.0578098795459095
0.8442221003361144,-0.006379347133254,-0.0033092982601501,-0.0575280144488826
0.844194458984869,-0.0068414889758559,-0.0035543969428109,-0.0572246346624219
0.8441648007816368,-0.0073017547121746,-0.0037996419678981,-0.0568997718076638
0.8441331172461704,-0.007759988778739,-0.0040450204872881,-0.0565534658978605
0.8440993999159659,-0.008216031691605,-0.0042905155788441,-0.0561857652859936
0.8440636407229952,-0.0086697165859139,-0.0045361041785582,-0.0557967305574579
0.84402583186272,-0.0091208729175587,-0.0047817588501945,-0.0553864328407254
0.843985966182707,-0.0095693233732653,-0.0050274458835147,-0.0549549577350884
0.8439440372562366,-0.0100148851275903,-0.0052731257246544,-0.0545024057539356
0.8439000395837597,-0.0104573695947186,-0.0055187525830211,-0.0540288941043626
0.8438539688001382,-0.0108965823355272,-0.005764274108911,-0.0535345584661667
0.8438058218221012,-0.011332323667008,-0.0060096314544916,-0.0530195540661516
0.8437555971452697,-0.0117643879976397,-0.0062547586133263,-0.052484058288717
0.843703294844755,-0.0121925658817129,-0.0064995832922905,-0.0519282700533785
0.8436489168941838,-0.0126166432553128,-0.0067440261978159,-0.0513524125329954
0.8435924673637069,-0.0130364019203587,-0.0069880010207056,-0.0507567345028591
0.8435339522770231,-0.0134516224460524,-0.0072314158489665,-0.0501415080428233
0.8434733800679188,-0.0138620825098415,-0.0074741719538448,-0.0495070325208204
0.8434107614065747,-0.0142675598111147,-0.0077161652609091,-0.0488536318876518
0.8433461093421061,-0.0146678324962464,-0.0079572864063297,-0.0481816552799672
0.8432794393294896,-0.015062680284663,-0.0081974212361752,-0.0474914763845974
0.843210769143637,-0.0154518860745431,-0.0084364516425262,-0.0467834916297444
0.8431401187984774,-0.0158352372420792,-0.0086742562708759,-0.0460581184489663
0.8430675105116523,-0.0162125264831995,-0.0089107109952776,-0.0453157940361692
0.8429929685117652,-0.0165835532920675,-0.0091456898408677,-0.0445569725198311
0.8429165188185387,-0.0169481252634449,-0.009379065863826,-0.0437821219279642
0.8428381892105308,-0.0173060582683347,-0.009610711366815,-0.0429917231184455
0.8427580089062828,-0.0176571778228883,-0.0098404989235898,-0.0421862658674415
0.8426760083870102,-0.0180013195378872,-0.0100683018696218,-0.0413662464810975
0.8425922192129055,-0.0183383294486055,-0.0102939947529201,-0.0405321654193259
0.8425066737608041,-0.0186680645095896,-0.0105174539340408,-0.0396845242212546
0.8424194051175113,-0.0189903923374014,-0.0107385577136484,-0.0388238240642383
0.8423304468227417,-0.0193051914510283,-0.0109571868182674,-0.0379505629094268
0.8422398327965518,-0.0196123507470994,-0.0111732243805535,-0.0370652345464184
0.8421475970680172,-0.0199117696277155,-0.0113865563835513,-0.0361683257587209
0.842053773730448,-0.0202033572950007,-0.0115970715308629,-0.0352603157792683
0.8419583968986373,-0.0204870320901525,-0.0118046611339819,-0.0343416758039969
0.8418615005008764,-0.0207627213371963,-0.0120092193609547,-0.0334128669615878
0.8417631183267196,-0.0210303604237619,-0.0122106429208743,-0.0324743407971001
0.8416632839235825,-0.0212898923738462,-0.0124088310914145,-0.0315265383313255
0.8415620306088494,-0.0215412671311626,-0.0126036855144366,-0.0305698902559713
0.8414593914141336,-0.0217844410677895,-0.0127951101427055,-0.0296048165059397
0.841355399115788,-0.0220193763188877,-0.0129830110324024,-0.0286317266669584
0.8412500862295704,-0.022246040261078,-0.0131672962239706,-0.0276510200552862
0.8411434850304432,-0.0224644049795299,-0.0133478755923295,-0.0266630860430661
0.8410356275671103,-0.022674446794613,-0.0135246607228407,-0.0256683043403553
0.8409265457089165,-0.0228761457715633,-0.013697564750053,-0.0246670455787664
0.8408162711441761,-0.0230694853684001,-0.0138665022911151,-0.0236596714480816
0.8407048354385813,-0.0232544520100175,-0.0140313892960788,-0.0226465353852092
0.8405922700626216,-0.0234310347626822,-0.0141921429632716,-0.0216279829742648
0.8404786064204853,-0.023599225038434,-0.0143486816630905,-0.0206043523582158
0.8403638759076876,-0.0237590162905982,-0.0145009248341746,-0.0195759749046119
0.8402481099052364,-0.0239104038313944,-0.0146487929764291,-0.0185431752959135
0.8401313399072642,-0.0240533844986133,-0.0147922074810342,-0.0175062728071619
0.8400135973846923,-0.0241879566842952,-0.0149310908015844,-0.0164655802273451
0.8398949140004669,-0.0243141199439992,-0.0150653661945939,-0.0154214059029298
0.8397753214928263,-0.0244318750281995,-0.0151949578719598,-0.0143740528305533
0.8396548517967998,-0.0245412236555597,-0.015319790876375,-0.0133238198521104
0.8395335370854332,-0.0246421684092766,-0.0154397910663285,-0.0122710021274455
0.8394114096778074,-0.0247347127496111,-0.015554885232326,-0.0112158904508524
0.8392885022495775,-0.02481886079124,-0.0156650009206262,-0.0101587731864643
0.8391648476234629,-0.0248946174157698,-0.0157700666600326,-0.0090999345675408
0.8390404789616451,-0.0249619880910919,-0.0158700118140635,-0.0080396564633674
0.8389154297089836,-0.025020978882073,-0.0159647666667177,-0.0069782179930528
0.8387897337247688,-0.0250715963677325,-0.0160542623599376,-0.0059158967428375
0.8386634250849033,-0.025113847711269,-0.0161384310766548,-0.0048529671878899
0.8385365383133898,-0.0251477405488378,-0.0162172059104245,-0.003789702747237
0.838409108237984,-0.0251732830342876,-0.0162905210036092,-0.002726374660104
0.8382811701024883,-0.025190483799418,-0.0163583115136718,-0.0016632530213848
0.8381527594958635,-0.0251993519648215,-0.0164205136924906,-0.0006006062812459
0.838023912527945,-0.0251998971292339,-0.016477064841621,0.000461297212193
0.837894665527216,-0.0251921293821641,-0.0165279034907316,0.001522191620381
0.837765004505316,-0.0251760513734446,-0.0165729858096133,0.0025822258236966
0.8376349628434667,-0.0251516636570492,-0.0166122467637666,0.0036411612829862
0.8375045779953646,-0.0251189674304846,-0.0166456209568924,0.0046987301327903
0.8373738880411767,-0.0250779644806399,-0.0166730441331437,0.0057546634726993
0.837242931556862,-0.0250286571713766,-0.0166944532623489,0.0068086923640958
0.8371117476749718,-0.0249710484709445,-0.0167097865695527,0.007860547269298
0.8369803761475435,-0.0249051420024982,-0.016718983580078,0.0089099574844703
0.836848857278809,-0.0248309420398312,-0.0167219851811227,0.0099566516170302
0.8367172319421948,-0.0247484535325845,-0.0167187336673852,0.0110003573830873
0.8365855415940613,-0.024657682134843,-0.0167091727902263,0.0120408014329113
0.8364538282385113,-0.0245586342000047,-0.0166932478028375,0.0130777095625829
0.836322134526141,-0.0244513168752505,-0.0166709055203534,0.0141108058702542
0.8361905036897578,-0.0243357380846662,-0.0166420943686494,0.0151398132003531
0.8360589795150642,-0.0242119065218144,-0.0166067644240335,0.0161644533045637
0.8359276063507947,-0.0240798316717361,-0.0165648674571373,0.0171844466918695
0.835796429172991,-0.023939523896143,-0.0165163570006373,0.0181995120616154
0.8356654936459035,-0.0237909945394123,-0.016461188434889,0.0192093657719833
0.8355348458099131,-0.0236342555990634,-0.0163993189064318,0.0202137241794625
0.8354045324655472,-0.0234693201771868,-0.0163307075326678,0.0212123006058848
0.8352746009080022,-0.0232962021969591,-0.0162553153341609,0.0222048073151753
0.8351450990958049,-0.0231149166354771,-0.0161731053688788,0.0231909541502122
0.8350160755547676,-0.0229254794272824,-0.0160840427315724,0.0241704491997727
0.8348875793865929,-0.0227279074932976,-0.0159880946024949,0.0251429986606323
0.834759660299254,-0.0225222188089454,-0.0158852303169402,0.0261083065364552
0.8346323686178669,-0.022308432451744,-0.0157754214279336,0.0270660744869159
0.8345057552251899,-0.0220865685281032,-0.0156586417061233,0.0280160022049039
0.8343798715657345,-0.0218566481925334,-0.015534867182762,0.028957787310385
0.834254769741713,-0.0216186938462001,-0.0154040762925596,0.0298911245603088
0.8341305024533501,-0.0213727290654246,-0.0152662498753116,0.0308157062262194
0.8340071229274749,-0.0211187784785019,-0.0151213711412242,0.0317312225507163
0.8338846850812234,-0.0208568681200556,-0.0149694259071954,0.0326373604573205
0.8337632433694434,-0.0205870251493309,-0.0148104024742221,0.0335338046105569
0.8336428528906314,-0.020309278099915,-0.0146442918080356,0.0344202365567011
0.8335235693346199,-0.0200236567973306,-0.0144710875288741,0.0352963350365535
0.8334054489677177,-0.0197301923438668,-0.0142907859373641,0.0361617760175539
0.8332885487566899,-0.0194289174583867,-0.014103386260935,0.0370162317099757
0.8331729262445483,-0.0191198662109249,-0.0139088905311449,0.037859371402696
0.8330586396020793,-0.0188030741819711,-0.0137073037197504,0.0386908610080064
0.8329457476625108,-0.0184785786021114,-0.013498633867786,0.0395103627327872
0.8328343098928868,-0.0181464183219154,-0.0132828921080701,0.0403175352096491
0.8327243863828165,-0.0178066338190251,-0.013060092709711,0.0411120334984439
0.832616037955916,-0.0174592675979462,-0.0128302533827592,0.0418935082012993
0.832509326051991,-0.0171043638939671,-0.0125933951290675,0.0426616062343754
0.8324043127867805,-0.0167419689185793,-0.0123495424473499,0.043415970313122
0.8323010610511705,-0.0163721312954001,-0.012098723674737,0.0441562381580664
0.8321996343845155,-0.015994901727331,-0.0118409708128071,0.044882043321403
0.8321000970475562,-0.0156103333523636,-0.0115763198171275,0.0455930145764571
0.8320025140931847,-0.0152184821617843,-0.0113048109388005,0.0462887753257462
0.8319069512653045,-0.0148194067690887,-0.0110264886208951,0.0469689442338808
0.8318134750711655,-0.0144131688681094,-0.0107414018712378,0.0476331346182567
0.8317221528249009,-0.0139998336543332,-0.0104496046184293,0.0482809540458442
0.8316330526162898,-0.0135794699699763,-0.0101511558782607,0.0489120044584137
0.8315462433144356,-0.0131521506343949,-0.0098461200524247,0.0495258820449536
0.8314617945909261,-0.0127179529374183,-0.0095345673479081,0.0501221769727059
0.8313797768993659,-0.0122769589985708,-0.0092165741055371,0.0507004734225838
0.8313002615203365,-0.0118292565709953,-0.0088922234535624,0.0512603491582303
0.8312233204987487,-0.0113749393954978,-0.0085616056429144,0.0518013758487425
0.8311490266047626,-0.0109141077692106,-0.0082248185390409,0.0523231192171221
0.8310774533863606,-0.010446869865527,-0.0078819686684259,0.0528251385387355
0.8310086749988889,-0.0099733418695877,-0.007533171404317,0.0533069876982513
0.8309427662463053,-0.0094936496890787,-0.0071785523101729,0.053768214751652
0.8308798023757298,-0.0090079292800155,-0.0068182474682697,0.0542083632078744
0.8308198590449677,-0.0085163284984747,-0.006452404935786,0.0546269720881008
0.8307630121230041,-0.0080190081435856,-0.0060811856057044,0.0550235771427654
0.8307093374823583,-0.0075161433103918,-0.0057047642941625,0.0553977121118704
0.8306589107675617,-0.0070079250619465,-0.0053233310624698,0.0557489101389688
0.8306118070714986,-0.0064945618378725,-0.0049370923348547,0.0560767058139496
0.8305681005763601,-0.0059762811380947,-0.0045462722106402,0.0563806374483792
0.8305278641243039,-0.0054533312117293,-0.0041511137652108,0.0566602498269558
0.8304911686914657,-0.0049259823710233,-0.0037518800465955,0.0569150976185782
0.8304580828329367,-0.0043945287797143,-0.0033488554037412,0.0571447489785144
0.830428671989679,-0.0038592890989185,-0.0029423459167884,0.0573487901013221
0.8304029977785672,-0.0033206074633935,-0.0025326800367099,0.057526829885985
0.8303811172137863,-0.0027788539043306,-0.0021202087602068,0.0576785050775364
0.830363081875157,-0.0022344238760677,-0.0017053050723927,0.0578034857823615
0.8303489370731348,-0.0016877371953807,-0.0012883628873902,0.0579014810187759
0.830338721037463,-0.0011392363818318,-0.0008697954770583,0.0579722441233884
0.8303324641546707,-0.0005893840519295,-0.0004500331241227,0.0580155778464421
0.8303301883000971,-3.86591814543e-05,-2.95198616507e-05,0.0580313388273416
0.8303319063125308,0.0005124466493141,0.0003912898422742,0.05801944112428
0.8303376223543487,0.0010634861058513,0.0008119749598521,0.0579798536584021
0.8303473328801618,0.0016140260517388,0.0012321253862649,0.0579125934896215
0.8303610247826987,0.0021635650950587,0.0016512794581656,0.0578177386882535
0.830378675517641,0.0027116074803587,0.0020689808690236,0.0576954275537028
0.8304002534583059,0.0032576680368725,0.002484782916216,0.0575458562907273
0.8304257184480697,0.0038012771479248,0.0028982527260955,0.0573692753603128
0.8304550224751643,0.0043419843763412,0.0033089744059394,0.0571659850203998
0.8304881105057936,0.0048793623106508,0.0037165523054349,0.0569363297987228
0.83052492131735,0.005413008251849,0.0041206125745688,0.0566806929861859
0.8305653884133221,0.0059425461120308,0.0045208048199277,0.0563994905761844
0.8306094409009568,0.0064676270026657,0.0049168027058272,0.0560931654670149
0.8306570043568618,0.0069879294607903,0.005308304224338,0.0557621817455019
0.8307080015799494,0.0075031584884833,0.0056950310198605,0.0554070197457393
0.8307623533021253,0.0080130445877228,0.0060767276690713,0.0550281713896254
0.8308199788340939,0.0085173425825406,0.0064531607646164,0.0546261359629731
0.8308807965595547,0.0090158296143609,0.0068241173530841,0.054201416930628
0.8309447244626229,0.0095083040182675,0.0071894040100574,0.0537545185006637
0.8310116803842746,0.0099945825858056,0.0075488447016657,0.0532859440621945
0.8310815824368095,0.0104744996748713,0.0079022800111494,0.0527961935010791
0.8311543491786559,0.0109479049939427,0.0082495653779037,0.0522857621736317
0.8312298998136458,0.0114146621030858,0.0085905698690522,0.0517551396942433
0.8313081543459012,0.0118746470083456,0.0089251750213997,0.0512048090189202
0.8313890337029362,0.012327746893124,0.0092532737873217,0.0506352457378181
0.8314724597731286,0.01277385866791,0.0095747693561173,0.0500469179581919
0.8315583554279011,0.0132128877512614,0.0098895741543672,0.0494402862863735
0.831646644638992,0.0136447475523169,0.0101976093577858,0.0488158031286945
0.831737252460505,0.0140693584038743,0.0104988040135369,0.0481739129368901
0.8318301049789868,0.0144866465564597,0.0107930942194786,0.0475150526752227
0.8319251293342156,0.0148965436602208,0.0110804226598712,0.046839651782004
0.8320222537737939,0.0152989864618987,0.0113607382957727,0.046148131883057
0.8321214074940656,0.015693915695933,0.0116339955004093,0.045440908020919
0.8322225207894685,0.0160812763457341,0.0119001541575207,0.0447183876851055
0.8323255248698745,0.0164610166158824,0.012159178870617,0.043980972204903
0.8324303519717533,0.0168330881202293,0.0124110390182891,0.0432290560428027
0.8325369352077072,0.0171974451269419,0.0126557081688006,0.0424630279567012
0.8326452086335456,0.017554044643033,0.012893164072276,0.0416832706028544
0.8327551072064112,0.0179028461218373,0.0131233883991878,0.0408901609164743
0.8328665667523582,0.0182438112398787,0.0133463665312257,0.0400840704242335
0.8329795239527588,0.0185769037571726,0.0135620874114912,0.0392653654200554
0.8330939162977172,0.0189020892986379,0.0137705433473578,0.0384344073792695
0.833209682088726,0.0192193352993559,0.0139717299233271,0.0375915530157968
0.833326760453908,0.0195286109813677,0.0141656459339541,0.0367371542447562
0.8334450912050154,0.0198298869269607,0.0143522930672933,0.0358715593001251
0.8335646150283855,0.0201231355356317,0.0145316761433541,0.034995111413679
0.8336852732727927,0.0204083304399398,0.0147038027051461,0.0341081504384221
0.8338070080575032,0.0206854467493537,0.0148686831259366,0.0332110121307065
0.8339297622134723,0.0209544608765409,0.0150263304599162,0.0323040286532269
0.8340534792986347,0.021215350545376,0.0151767604045638,0.0313875285336068
0.8341781035339383,0.0214680946320418,0.0153199911673449,0.0304618372093334
0.8343035798699673,0.0217126732842719,0.015456043493949,0.0295272766051755
0.8344298539580658,0.0219490678322661,0.0155849405751179,0.0285841654155971
0.8345568720879302,0.022177260652863,0.0157067079328627,0.027632819641023
0.8346845812021378,0.0223972351896529,0.0158213733953397,0.0266735525523848
0.8348129289467413,0.0226089760227131,0.0159289670941124,0.0257066743809411
0.8349418636486652,0.0228124688022002,0.016029521387709,0.0247324925543443
0.8350713342809527,0.0230077001728977,0.0161230707842487,0.0237513120269564
0.8352012904751787,0.0231946577784347,0.0162096519052993,0.0227634352550081
0.835331682487657,0.0233733301973933,0.0162893034177323,0.0217691625221522
0.835462461235764,0.0235437069810301,0.016362066012967,0.0207687917319477
0.8355935782712578,0.0237057785994781,0.0164279823435592,0.0197626186786333
0.8357249858217559,0.0238595364752323,0.0164870969965278,0.0187509367955104
0.8358566367496002,0.0240049729109171,0.0165394564222535,0.0177340375354496
0.8359884845134424,0.0241420810351935,0.0165851088765049,0.0167122107357494
0.8361204832005069,0.0242708548292821,0.0166241043924219,0.0156857444378358
0.8362525876059429,0.0243912891815538,0.0166564947520965,0.0146549243331799
0.8363847531268237,0.0245033797598483,0.0166823334021622,0.0136200346493393
0.8365169357892875,0.0246071230238174,0.0167016754165158,0.0125813580043315
0.8366490921765242,0.0247025161576554,0.0167145774427998,0.0115391760390983
0.8367811796030733,0.0247895571837317,0.0167210976750089,0.0104937681085379
0.8369131559032628,0.0248682447917604,0.0167212957835041,0.0094454130122851
0.8370449795976245,0.0249385784365953,0.0167152328783866,0.0083943877422578
0.8371766097774832,0.0250005582486301,0.0167029714572294,0.0073409684595029
0.8373080062281549,0.0250541850765684,0.0166845753453708,0.0062854295702547
0.8374391292092357,0.0250994603751227,0.0166601096724153,0.005228045548835
0.8375699396342026,0.0251363862747053,0.0166296408064372,0.0041690895614986
0.8377003990929813,0.0251649655526848,0.0165932362841959,0.0031088333342798
0.8378304696306051,0.0251852015644506,0.0165509648186881,0.0020475490089166
0.837960113955818,0.0251970982834118,0.0165028961967662,0.0009855075114019
0.8380892953269968,0.0252006602612488,0.0164491012594527,-7.70204621857e-05
0.8382179776253121,0.0251958926175727,0.0163896518209846,-0.0011397649882395
0.8383461559439556,0.0251827968821569,0.0163246043857885,-0.0022027110599833
0.8384738176567269,0.0251613686938038,0.016254015543357,-0.0032657789848861
0.838600927560448,0.0251316043215622,0.016177953021909,-0.0043286985087257
0.8387274508054381,0.0250935005837571,0.0160964855923047,-0.0053911977096123
0.838853352973548,0.0250470548429389,0.0160096829862522,-0.0064530035630781
0.838978600007817,0.024992265038492,0.0159176159034007,-0.0075138412652852
0.8391031582800168,0.0249291296728933,0.0158203559245446,-0.0085734347173083
0.8392269945382723,0.0248576478424742,0.0157179755057169,-0.0096315059986014
0.8393500758802771,0.0247778192718949,0.0156105479611894,-0.0106877750502234
0.8394723697798419,0.0246896443192291,0.0154981474009935,-0.011741959814056
0.8395938439931435,0.024593124068935,0.0153808487772692,-0.012793775335706
0.8397144666580507,0.0244882602911332,0.0152587277540488,-0.0138429345303589
0.8398342061197738,0.0243750556251653,0.0151318608426509,-0.0148891465772415
0.8399530311310626,0.024253513445768,0.0150003251600685,-0.0159321185696739
0.8400709106037845,0.0241236381481002,0.0148641986560907,-0.0169715532506927
0.8401878136799231,0.0239854351609802,0.0147235600168796,-0.0180071495270992
0.8403037097967904,0.023838910935956,0.0145784885528432,-0.0190386029517563
0.840418568476946,0.0236840732881297,0.0144290644293984,-0.0200656037580772
0.8405323594605412,0.0235209313406168,0.0142753684863852,-0.021087837928654
0.8406450526142502,0.0233494957549502,0.0141174823344305,-0.0221049862796896
0.8407566179234284,0.0231697788761107,0.0139554883537408,-0.023116724283056
0.8408670254114848,0.0229817950153858,0.0137894698050572,-0.0241227212261862
0.8409762451943668,0.0227855605370417,0.0136195107509769,-0.0251226405960469
0.8410842473699826,0.0225810942442586,0.0134456962297247,-0.026116138961027
0.8411910020261687,0.0223684175990643,0.0132681122643166,-0.0271028659284213
0.8412964792427237,0.0221475549651802,0.0130868458810835,-0.0280824640557557
0.8414006490337022,0.0219185340005294,0.0129019852375138,-0.0290545682117347
0.8415034812740345,0.0216813861427273,0.0127136198023859,-0.0300188047831768
0.8416049458113208,0.0214361467091243,0.0125218402115577,-0.0309747926206741
0.8417050123186749,0.0211828556192952,0.0123267386040561,-0.0319221415679455
0.8418036503586935,0.020921557678322,0.0121284085890446,-0.0328604529763714
0.8419008293399378,0.0206523031562691,0.0119269454273523,-0.0337893192203324
0.8419965185655931,0.020375148168322,0.0117224460435554,-0.0347083241026815
0.8420906871942458,0.0200901553365735,0.0115150092327383,-0.0356170424395844
0.8421833043249828,0.0197973941340666,0.0113047356165318,-0.0365150408604698
0.8422743389620279,0.0194969416242906,0.011091727874058,-0.0374018774743347
0.8423637601249739,0.019188882783346,0.0108760906586207,-0.0382771029755034
0.8424515368962898,0.0188733110274907,0.0106579306561233,-0.039140261183889
0.8425376384989128,0.0185503286578358,0.0104373565782918,-0.0399908899201364
0.842622034391042,0.018220047244475,0.0102144791122214,-0.0408285220984571
0.8427046943597875,0.0178825880081359,0.0099894108695837,-0.0416526868604621
0.8427855887110512,0.0175380817774686,0.0097622660603703,-0.0424629117279925
0.8428646883683792,0.0171866692456328,0.0095331603833928,-0.0432587239175487
0.842941965004637,0.0168285010485607,0.009302210812064,-0.0440396520418974
0.8430173912618268,0.0164637373422554,0.0090695350804711,-0.0448052287714232
0.8430909408203855,0.0160925479673201,0.0088352515767081,-0.0455549920430882
0.8431625887634678,0.0157151110105957,0.0085994782545061,-0.0462884893395364
0.8432323114842609,0.0153316134979807,0.0083623329314697,-0.0470052773784572
0.8433000870283504,0.014942249704362,0.0081239321285828,-0.0477049262989764
0.8433658952349765,0.014547220213345,0.0078843904419521,-0.0483870218638455
0.8434297176947373,0.0141467319144482,0.00764382052343,-0.0490511657960107
0.8434915380135994,0.0137409959826054,0.0074023318807468,-0.0496969793201698
0.8435513418571362,0.0133302268729992,0.0071600303529873,-0.0503241044639793
0.8436091168478826,0.0129146421941107,0.0069170181386291,-0.0509322038201419
0.8436648528122292,0.0124944599478383,0.0066733923158843,-0.0515209639789965
0.8437185415850394,0.0120698986350204,0.0064292450906604,-0.0520900943108485
0.8437701770035604,0.011641175937993,0.0061846632354019,-0.0526393277072699
0.8438197548673113,0.011208507444743,0.0059397275886198,-0.053168420939718
0.8438672727166879,0.0107721068425627,0.0056945134088479,-0.0536771530440714
0.8439127299650845,0.0103321828462485,0.0054490889058898,-0.0541653274384031
0.8439561274628962,0.0098889412265546,0.0052035166556243,-0.0546327679110718
0.8439974675152183,0.0094425827329163,0.0049578527090858,-0.055079319404935
0.8440367536621247,0.0089933032345988,0.0047121469492716,-0.0555048462010008
0.8440739905392317,0.0085412931175432,0.0044664430323411,-0.0559092309063812
0.8441091836412384,0.0080867379323122,0.0042207790051289,-0.0562923723314592
0.8441423392679113,0.0076298169050462,0.0039751867554276,-0.0566541852935574
0.8441734642749986,0.0071707039574556,0.0037296928158399,-0.0569945982482781
0.844202565936718,0.0067095675542184,0.0034843185170398,-0.0573135520817051
0.844229651782713,0.0062465710938044,0.0032390804203233,-0.0576109985781913
0.8442547295110514,0.0057818721916104,0.0029939901514815,-0.0578868996812972
0.8442778067868955,0.0053156241192508,0.0027490553641906,-0.0581412254614236
0.8442988911572429,0.0048479755688471,0.0025042798007469,-0.0583739533235109
0.8443179899610466,0.004379070487778,0.0022596633837508,-0.058585067137444
0.8443351101896985,0.003909049344506,0.0020152030436428,-0.0587745557941861
0.8443502584560548,0.0034380479561918,0.0017708922636042,-0.0589424129394629
0.8443634408412206,0.0029661999664741,0.0015267225128701,-0.0590886353359621
0.8443746628988569,0.0024936349973444,0.0012826824239432,-0.059213222954212
0.8443839295321041,0.0020204814530763,0.0010387593715817,-0.0593161776386749
0.8443912450107054,0.0015468640720038,0.0007949383303012,-0.0593975033190096
0.8443966128829187,0.001072906225292,0.0005512031771825,-0.0594572050446658
0.844400035957891,0.0005987294373917,0.0003075365551124,-0.0594952887948968
0.8444015162732929,0.0001244545333468,6.39205693982e-05,-0.0595117611194807
0.8444015831100051,-1.3147389806619086e-12,7.267696752570607e-12,-0.059512504891868
