2.92172790570148
0.6664484861345449,-2.91167659876873e-23,2.0982994295254126e-13,0.7137740468192015
0.6664489159813243,0.0025674841398264,0.0002390058336224,0.7137615175769241
0.6664511313938823,0.0063684669702512,0.0005930577280429,0.713696963582397
0.666455235120577,0.0101701460098257,0.0009477370264978,0.7135774804887011
0.6664612334704829,0.0139727557301675,0.0013034025346834,0.7134030524977653
0.6664691354018731,0.017776503371519,0.0016604120406062,0.7131736643854174
0.6664789525506564,0.021581595788188,0.0020191253021191,0.7128893012083752
0.6664906992874428,0.0253882489942469,0.0023799054377297,0.7125499473323007
0.6665043927430965,0.0291966804216727,0.0027431186936742,0.7121555865289604
0.6665200528459742,0.0330071078634583,0.0031091348275072,0.71170620188654
0.6665377024047413,0.0368197571658172,0.0034783283315896,0.7112017745713228
0.666557367163832,0.0406348592481157,0.0038510786429101,0.7106422835501017
0.6665790758994482,0.0444526543707499,0.004227771055252,0.710027704333982
0.6666028604564855,0.0482733841119566,0.0046087964237024,0.7093580095824599
0.6666287559314323,0.0520973067374648,0.0049945531875529,0.7086331657797487
0.6666568006746897,0.0559246811435549,0.0053854462727992,0.70785313521126
0.6666870365019401,0.059755781941331,0.0057818891166143,0.7070178722899411
0.6667195088046518,0.0635908961931778,0.0061843038766292,0.7061273229762887
0.666754266629789,0.0674303170209214,0.0065931212840521,0.705181425261884
0.666791362870663,0.0712743496957689,0.0070087817980217,0.7041801068479524
0.6668308544046849,0.0751233096858838,0.0074317359314621,0.7031232845655684
0.6668728023044245,0.0789775269223704,0.0078624452617788,0.7020108621167465
0.6669172720009519,0.082837343693549,0.0083013827660402,0.7008427294246737
0.6669643334746784,0.0867031143774002,0.008749033355416,0.699618761562886
0.6670140614681876,0.0905752059278699,0.00920589450459,0.698338817448988
0.667066535662829,0.0944539946051907,0.0096724764409974,0.6970027398143888
0.6671218410700754,0.0983398773675876,0.0101493041138652,0.6956103500877557
0.667180068100286,0.1022332579756762,0.010636916146731,0.694161451914805
0.6672413129086818,0.1061345530526294,0.011135866170953,0.6926558279882556
0.6673056778438926,0.1100442016050098,0.0116467247234474,0.6910932349643575
0.6673732713630252,0.113962640655063,0.0121700767528533,0.6894734118334915
0.6674442089450667,0.1178903401365155,0.0127065268965854,0.687796064573447
0.6675186127744909,0.1218277641101317,0.0132566950066513,0.6860608809079947
0.6675966127220002,0.125775404744658,0.0138212214851045,0.6842675146779205
0.6676783463315218,0.1297337596573562,0.0144007649209953,0.6824155943126257
0.6677639594605459,0.1337033431581412,0.0149960044358372,0.6805047165849034
0.667853606845715,0.1376846903175674,0.0156076411755144,0.6785344430374738
0.6679474524347846,0.1416783489363216,0.0162363980027033,0.6765043022971121
0.6680456697664524,0.1456848739416253,0.0168830194365514,0.6744137917358657
0.6681484430197824,0.1497048474586669,0.0175482757843409,0.6722623656458737
0.6682559672038012,0.1537388611044435,0.0182329613174831,0.6700494427500735
0.6683684492841061,0.1577875338865569,0.0189378983171093,0.6677743948594335
0.6684861084287285,0.1618514945465154,0.019663935207667,0.6654365547516187
0.6686091774428747,0.1659314049170896,0.0204119518729799,0.6630352010091423
0.6687379028740005,0.1700279346701597,0.0211828564254748,0.6605695705257565
0.6688725466691768,0.1741417864727689,0.0219775911605354,0.6580388416309354
0.6690133869772282,0.178273688917024,0.0227971328557256,0.6554421356144365
0.6691607193443672,0.1824243997402476,0.0236424950580684,0.6527785120745274
0.6693148580039963,0.1865947085788185,0.0245147304597515,0.6500469642398592
0.6694761372795163,0.1907854395792451,0.0254149334285251,0.6472464140787529
0.6696449129466072,0.1949974498608241,0.026344241804744,0.6443757099527584
0.6698215644653986,0.1992316460615281,0.0273038429082448,0.641433611590351
0.6700064964953698,0.2034889779598047,0.028294974871028,0.6384187899916104
0.6702001413385811,0.2077704503815959,0.0293189323179832,0.6353298143721229
0.6704029609927227,0.2120771207839296,0.0303770691059059,0.6321651485953473
0.6706154503906955,0.2164101172824517,0.0314708063856484,0.6289231321576159
0.6708381402920137,0.2207706416929231,0.0326016376763424,0.6256019709963789
0.6710716004215659,0.2251599717160834,0.0337711340943757,0.6221997284383135
0.6713164439849787,0.2295794818946162,0.034980955163637,0.6187143007096559
0.6715733314648603,0.234030641888516,0.0362328544125363,0.6151434087048687
0.6718429760753556,0.2385150358539076,0.037528691447618,0.6114845720759827
0.6721261497514083,0.2430343787581086,0.0388704444302804,0.6077350837554631
0.6724236894828561,0.2475905261658102,0.0402602218195069,0.6038919880383548
0.672736503945952,0.2521854771568699,0.0417002729906299,0.5999520630212133
0.6730655830105337,0.2568214064963924,0.0431930091821477,0.5959117761972295
0.6734120055764177,0.261500656170832,0.0447410132252958,0.5917672725327433
0.6737769498988682,0.266225748199165,0.0463470569820945,0.5875143426895724
0.6741617024391763,0.2709993631093849,0.0480141082319537,0.5831484203054017
0.6745676674184418,0.2758243172770646,0.0497453368819294,0.5786645805045845
0.6749963731101705,0.2807034943059969,0.0515441036282646,0.5740575822278655
0.6754494697923801,0.2856396890962824,0.0534139118314342,0.5693219990795595
0.6759287188476102,0.2906353869718782,0.0553583246293663,0.5644524262334744
0.6764359542461295,0.2956923204325876,0.0573807775960917,0.5594439283630157
0.6769730102532211,0.300810824766394,0.0594842769625586,0.5542927333502801
0.6775415877749927,0.3059888323273153,0.0616708956802989,0.5489973630877734
0.6781430437491238,0.3112205222772767,0.0639410405854077,0.5435602311393601
0.6787781048842145,0.3164948021082764,0.0662925350103388,0.5379895686260917
0.6794465678540643,0.3217942294157309,0.0687197780944297,0.5323010500497906
0.6801471307940393,0.3270953795394518,0.0712134949136179,0.5265179666248699
0.6808775222165732,0.3323714123133385,0.073761577885212,0.520668924773802
0.6816349578656279,0.3375963174144957,0.0763509664027561,0.5147833734223797
0.6824167279101796,0.3427489338772932,0.0789697472486393,0.5088869297219423
0.683220631051103,0.347814931367802,0.0816085030685928,0.5029986464504418
0.6840451347437118,0.3527865562266271,0.0842606143568237,0.4971307142684437
0.6848893218331782,0.3576611102464626,0.086921843141555,0.4912897171458572
0.6857527468429173,0.3624392126350261,0.0895896758760012,0.4854783164607371
0.6866352881910514,0.3671233903966716,0.092262721309684,0.47969671360994
0.6875370296797707,0.3717171061534798,0.0949402580188396,0.4739437118160317
0.6884581809286178,0.3762241755246749,0.0976219424805791,0.4682173829917027
0.6893990223480159,0.3806484195571187,0.1003076176583455,0.4625154910626637
0.6903598707875237,0.3849934826059387,0.1029971993941517,0.4568357339157224
0.691341058990526,0.3892627489700049,0.1056906125294387,0.4511758723362745
0.692342922383274,0.393459309333605,0.1083877534815081,0.4455337999095696
0.6933657946452185,0.3975859715713137,0.1110884799069567,0.4399075552347423
0.6944099992426527,0.4016452565017182,0.1137925911961505,0.4342953535537737
0.6954758480808035,0.4056394233733617,0.1164998291728053,0.4286955767961535
0.6965636431944765,0.409570503472541,0.1192098863794859,0.4231067490859052
0.6976736717164382,0.4134403061331125,0.1219223973251645,0.4175275484698135
0.6988062090166095,0.4172504526367201,0.1246369502884101,0.4119567770832932
0.6999615180297709,0.421002393062126,0.1273530891068642,0.4063933529048059
0.7011398499567829,0.4246974256602634,0.1300703180648317,0.4008362958721284
0.7023414417088842,0.4283367041762386,0.1327880990925017,0.3952847303623351
0.7035665208435488,0.4319212666322378,0.1355058659005829,0.3897378536159745
0.7048153028401511,0.4354520383758569,0.1382230201596394,0.3841949413654369
0.7060879905299055,0.4389298413263309,0.1409389327817131,0.3786553434124752
0.707384777446385,0.442355412586507,0.1436529533187931,0.3731184630178741
0.7087058447541473,0.445729404179271,0.1463644053591139,0.3675837651559646
0.7100513636440432,0.449052396843992,0.149072593445388,0.3620507615234019
0.711421495871331,0.452324907526868,0.1517768056831385,0.3565190045403245
0.7128163903833289,0.4555473871325657,0.1544763086398656,0.3509880973164153
0.714236187821595,0.4587202365663167,0.1571703577162072,0.3454576721349544
0.7156810169127189,0.4618438030019792,0.1598581914732024,0.3399274019098528
0.7171509974914341,0.46491839092805,0.1625390386608397,0.3343969857227888
0.7186462386951807,0.4679442619188549,0.1652121159646476,0.3288661535069943
0.7201668390442686,0.4709216384324368,0.1678766293472233,0.3233346634626011
0.7217128862271396,0.4738507066980741,0.1705317748033897,0.3178023007684826
0.7232844588822811,0.4767316229872009,0.1731767424221813,0.3122688694463004
0.7248816248049067,0.4795645127499183,0.1758107141917491,0.3067341972889802
0.7265044415935994,0.4823494742845388,0.1784328660182032,0.301198132083135
0.7281529554011065,0.4850865788744427,0.1810423665926454,0.295660544508147
0.7298272025954124,0.4877758757364053,0.1836383809179904,0.290121321232516
0.7315272094833515,0.4904173932958249,0.186220070555139,0.2845803649052037
0.733252991290664,0.4930111393056685,0.1887865927879469,0.2790375965354154
0.7350045524244659,0.4955571029631814,0.1913371017861336,0.2734929536559781
0.7367818868209627,0.4980552569279842,0.1938707497979958,0.2679463883971187
0.7385849773407944,0.5005055578485058,0.1963866869274644,0.2623978686506311
0.7404137951700928,0.5029079469528221,0.1988840609921257,0.2568473791419243
0.7422683028326691,0.5052623551959295,0.2013620222232278,0.251294911697672
0.7441484491045283,0.5075686977724088,0.2038197169391002,0.2457404800706101
0.7460541735103028,0.5098268809973145,0.206256294183868,0.2401841058716519
0.7479854050980916,0.5120368015476165,0.2086709044905482,0.2346258219678324
0.7499420597453519,0.5141983443535476,0.2110626970547236,0.2290656797899321
0.7519240438398439,0.5163113877244114,0.2134308248580684,0.2235037383382193
0.7539312524645254,0.5183758020122895,0.2157744428160481,0.2179400691566876
0.7559635685669233,0.52039144959739,0.2180927073117321,0.2123747582870502
0.7580208645503694,0.5223581872698563,0.2203847785051579,0.2068079015898433
0.7601030015131708,0.5242758660977231,0.222649819840382,0.2012396066656696
0.7622098285474875,0.5261443314673674,0.2248869977169747,0.1956699945052974
0.7643411854430487,0.527963426073758,0.227095484735448,0.1900991921975419
0.7664968977220845,0.529732986172179,0.2292744548579894,0.1845273458509483
0.7686767841370705,0.5314528483967024,0.2314230914352037,0.17895460099932
0.7708806489784009,0.5331228438527482,0.2335405796864495,0.1733811224946674
0.7731082851645769,0.5347428013027816,0.2356261102771034,0.1678070863143071
0.7753594765989861,0.5363125492480082,0.237678881762287,0.162232673704424
0.7776339943395726,0.5378319135347166,0.2396980972612781,0.1566580807815561
0.7799315997196397,0.5393007199604635,0.2416829675983061,0.1510835107865022
0.7822520438928078,0.5407187941920568,0.2436327110253402,0.1455091753588899
0.7845950666287498,0.542085961328672,0.2455465524019779,0.13993529752025
0.7869603960220333,0.543402046149348,0.2474237232522038,0.1343621123552617
0.7893477495541162,0.544666874092286,0.2492634628811928,0.1287898645228032
0.7917568361718541,0.5458802725542171,0.2510650200888369,0.1232188035754391
0.7941873527178723,0.5470420692391232,0.2528276505664552,0.1176491924247113
0.7966389867665584,0.5481520938726219,0.2545506192052344,0.1120813008762662
0.7991114146624612,0.5492101774900496,0.2562331988093677,0.1065154102667769
0.8016043051222546,0.5502161541929276,0.2578746726722097,0.1009518055029541
0.8041173136038818,0.5511698589900464,0.2594743309013042,0.0953907878551798
0.8066500892812036,0.5520711307848986,0.2610314750957036,0.089832659567853
0.8092022695118546,0.5529198103647238,0.2625454148314395,0.0842777363419218
0.8117734831621247,0.5537157418091563,0.2640154698360321,0.078726340168597
0.8143633503545321,0.5544587724574436,0.2654409698060104,0.0731788001402625
0.8169714813452537,0.5551487526986051,0.2668212538104016,0.0676354550656788
0.8195974780869043,0.5557855365394702,0.2681556711770394,0.062096650323879
0.8222409322984652,0.5563689812401431,0.2694435805207328,0.0565627421454146
0.8249014306033852,0.5568989485397517,0.2706843522411923,0.0510340870701516
0.8275785468062463,0.557375303079999,0.2718773647876543,0.0455110582994806
0.8302718502435189,0.5577979141732431,0.2730220085547551,0.0399940285382842
0.8329809010055856,0.5581666548761491,0.2741176835755298,0.0344833801700426
0.8357052504226576,0.5584814022263308,0.2751637997786988,0.0289795044084272
0.8384444441168617,0.5587420376436207,0.2761597780986752,0.0234827953503779
0.8411980176243801,0.5589484464879177,0.2771050487446174,0.0179936590240302
0.8439655011341257,0.559100518565808,0.2779990528623387,0.0125125040820679
0.8467464167313091,0.5591981478893163,0.2788412414331616,0.0070397475522346
0.8495402818914652,0.5592412328088449,0.2796310762183029,0.0015758081791787
0.852346604857647,0.5592296758578506,0.2803680282384871,-0.0038788842650538
0.8551660727452759,0.55916334457474,0.2810518541543721,-0.0093261775489335
0.8580026131712677,0.559041849359602,0.2816829153612763,-0.0147740780091777
0.8608557378185642,0.5588647816145104,0.2822603790439952,-0.0202219968680292
0.8637249445745736,0.558631738653623,0.2827834185660118,-0.0256693327926909
0.8666097174806286,0.5583423238766209,0.2832512136486809,-0.0311154717316736
0.8695095198814133,0.5579961478222741,0.2836629496508002,-0.0365597740200079
0.8724238049228534,0.5575928274355939,0.284017819608629,-0.0420015942040278
0.8753520046419316,0.5571319877079067,0.284315023038983,-0.0474402605643413
0.8782935348268539,0.5566132616285275,0.2845537671841717,-0.0528750843421387
0.8812477955438606,0.5560362904701016,0.2847332674421814,-0.0583053607224933
0.8842141716581654,0.5554007240167566,0.2848527477284056,-0.0637303697710117
0.887192030183696,0.5547062215049715,0.2849114407398667,-0.0691493715812316
0.8901807202818254,0.5539524521763385,0.2849085885155521,-0.0745616063444571
0.8931795790851184,0.5531390942002848,0.2848434428112971,-0.0799663048830712
0.8961879259079205,0.5522658364187066,0.2847152653623738,-0.0853626780994905
0.8992050637807835,0.5513323784229172,0.2845233283283173,-0.0907499197645587
0.902230279803539,0.5503384308622198,0.2842669146601007,-0.0961272071295589
0.9052628445399687,0.5492837160631062,0.2839453185370995,-0.1014936998266082
0.9083020125146506,0.5481679683131535,0.2835578457333044,-0.1068485407330508
0.9113470250340696,0.5469909331775025,0.2831038135531393,-0.1121908608804216
0.9143971059476178,0.5457523694322268,0.2825825516868435,-0.117519771930779
0.917451465514038,0.5444520479767617,0.281993401973544,-0.1228343729144212
0.9205092976310858,0.5430897533257291,0.2813357191611006,-0.1281337453251896
0.9235697829011994,0.5416652826691306,0.2806088705901017,-0.1334169583887451
0.9266320871971796,0.5401784468096827,0.2798122366929101,-0.1386830664866735
0.9296953615962732,0.5386290705806727,0.2789452112897411,-0.1439311089831158
0.9327587446114138,0.5370169920554716,0.2780072011718792,-0.14916011397219
0.935821360569523,0.5353420636437932,0.2769976266943159,-0.1543690954074673
0.9388823203333132,0.5336041520482002,0.2759159217453162,-0.1595570542636757
0.9419407232533308,0.5318031374084788,0.2747615331403589,-0.16472298175442
0.9449956545950956,0.529938915020044,0.2735339216082996,-0.1698658548880422
0.9480461894044868,0.5280113932585612,0.2722325603314319,-0.1749846429057246
0.951091389558426,0.5260204955431399,0.2708569360734014,-0.1800783022241019
0.9541303067901729,0.5239661585924613,0.2694065478217878,-0.1851457814317374
0.9571619813802916,0.5218483333621035,0.2678809071988551,-0.1901860190104377
0.9601854430552096,0.5196669845460432,0.2662795378678207,-0.1951979447650594
0.9631997126825048,0.5174220893561342,0.2646019743310575,-0.2001804825575758
0.9662038026214756,0.5151136371094325,0.2628477612352833,-0.2051325507984122
0.9691967149386966,0.5127416304715338,0.2610164539223019,-0.2100530594438634
0.9721774435492708,0.5103060836923621,0.2591076166782781,-0.2149409134892654
0.9751449760398202,0.5078070207821549,0.2571208207948852,-0.2197950159091434
0.9780982922524588,0.5052444762313232,0.2550556445624947,-0.2246142652999987
0.9810363669955148,0.5026184921646953,0.2529116703707148,-0.22939756029454
0.983958168086128,0.499929119374969,0.2506884848474989,-0.2341437963704956
0.986862658782822,0.4971764143836614,0.2483856757094482,-0.2388518698423633
0.9897487983015224,0.4943604379185475,0.2460028296334076,-0.2435206787405357
0.9926155429885238,0.4914812525265139,0.243539529289998,-0.2481491247801011
0.9954618464427658,0.4885389209502873,0.240995350901139,-0.2527361136607897
0.9982866601390176,0.4855335037785345,0.2383698610639603,-0.2572805562193049
1.00108893505747,0.4824650556687538,0.2356626121751369,-0.261781371240571
1.003867620946039,0.4793336237280796,0.2328731395807305,-0.2662374845117002
1.0066216700338115,0.4761392405104786,0.2300009537684518,-0.2706478350782871
1.009350034723254,0.4728819232071091,0.2270455378417346,-0.275011371906554
1.012051669341167,0.4695616678188765,0.2240063403238429,-0.2793270571434669
1.0147255338098324,0.466178439990342,0.220882764561459,-0.2835938725195996
1.0173705899617016,0.4627321741217477,0.2176741654071094,-0.2878108141130697
1.0199858039681595,0.4592227642398384,0.2143798380557758,-0.291976897017336
1.0225701494626414,0.4556500524407464,0.2109990041051547,-0.2960911612499669
1.0251226051016875,0.4520138234985297,0.2075308029355064,-0.3001526689813085
1.0276421554264736,0.448313793843321,0.2039742773378402,-0.3041605072406168
1.0301277929695425,0.4445495968192992,0.2003283549351307,-0.3081137928516045
1.03257851373695,0.4407207759267375,0.1965918366490331,-0.3120116671316016
1.0349933234043802,0.4368267595159208,0.1927633664084437,-0.3158533079891041
1.037371228257161,0.4328668565637562,0.1888414205115644,-0.3196379181797115
1.039711239648082,0.428840228283271,0.1848242723563196,-0.3233647355678416
1.0420123653433202,0.4247458778270669,0.1807099738708448,-0.3270330231179383
1.044273603261899,0.4205826335732323,0.1764963295852074,-0.3306420633643277
1.0464939370377015,0.4163491253559394,0.1721808622700484,-0.3341911565852146
1.0486723142919807,0.412043790172872,0.1677608073034413,-0.3376795922371552
1.0508076294966084,0.4076648694121903,0.1632330977500178,-0.3411066285685364
1.0528986868059818,0.4032104483902208,0.1585943926528507,-0.3444714409235281
1.0549441484670443,0.3986785372839215,0.1538411496307013,-0.3477730471859403
1.0569424519827009,0.3940672448508062,0.1489697983673289,-0.351010182210253
1.0588916910984103,0.3893750851046189,0.1439770629107621,-0.3541811109766963
1.0607894307753225,0.3846015358990807,0.1388605683636062,-0.3572833277146545
1.0626324592063023,0.3797479255345125,0.1336198293992647,-0.3603131379339534
1.0644164604114985,0.3748188094658578,0.1282578181977617,-0.3632650835777565
1.0661356900030217,0.369823771404824,0.1227830713545878,-0.3661313289036606
1.067782840897307,0.3647792203641048,0.1172118910088515,-0.3689013004109245
1.0693494110589257,0.3597091224274841,0.1115694599932069,-0.371562106104665
1.070826842402975,0.3546432142831172,0.1058881733293663,-0.3741002410452073
1.0722081812077442,0.3496124498828996,0.1002027464701857,-0.3765042647922865
1.073489453565312,0.3446436151372946,0.0945441341221108,-0.3787671693266113
1.07467003025277,0.3397559422685518,0.088935464316038,-0.380887180036469
1.075752029251945,0.3349607445519526,0.0833912952854645,-0.3828669612310522
1.0767393287590925,0.3302630215754027,0.0779191555085273,-0.3847121097014984
1.0776366809871432,0.3256635479897533,0.0725217372814122,-0.3864297465512648
1.0784491026399403,0.3211606273618728,0.0671988019900927,-0.3880275228288582
1.079181526426546,0.3167512798531246,0.0619484995126711,-0.3895130376336798
1.0798386267470972,0.3124319812024636,0.0567682082783202,-0.3908935369580756
1.0804247513043053,0.3081990789448447,0.0516550213012576,-0.3921757874869682
1.0809439092546231,0.3040490081589116,0.0466060080380966,-0.3933660459924156
1.081399784966815,0.2999784053307346,0.041618361322445,-0.3944700723073376
1.0817957649080867,0.2959841475986581,0.0366894571487014,-0.3954931667179767
1.0821349674736438,0.2920633601520065,0.0318168762756643,-0.3964402136862497
1.082420272207981,0.2882134060705003,0.0269984037817794,-0.3973157258436552
1.0826543464301737,0.284431872442265,0.0222320230981651,-0.3981238841691227
1.0828396695682645,0.2807165455999774,0.017515895245356,-0.3988685759127072
1.0829785539584065,0.2770653947255759,0.0128483473426279,-0.3995534262799722
1.083073163453756,0.2734765444612458,0.008227845936942,-0.4001818283596389
1.0831255289130832,0.269948264123162,0.0036529903825705,-0.4007569664079271
1.08313756202842,0.2664789455664583,-0.0008775092811988,-0.4012818383012516
1.0831110670316613,0.2630670918560026,-0.0053648414381412,-0.4017592735278844
1.0830476930855213,0.2597089321275925,-0.0098132584460625,-0.4021922424059072
1.0829489493625992,0.2564022539103466,-0.0142250541998171,-0.4025833112468789
1.0828162778114077,0.2531460207750247,-0.0186010068485451,-0.4029347755911444
1.08265105750501,0.2499392712706454,-0.022941818086251,-0.4032488294608654
1.082454609816946,0.246781100147442,-0.0272481351036849,-0.4035275752719573
1.08222820310748,0.2436706521719686,-0.0315205562606005,-0.4037730311480373
1.0819730570039108,0.2406071183864849,-0.0357596337096166,-0.4039871372426421
1.0816903456476403,0.2375897263557695,-0.0399658846346077,-0.4041717617663916
1.0813812008575432,0.2346177368450203,-0.0441397940052035,-0.4043287058152324
1.081046714980486,0.2316904408978462,-0.0482818169558141,-0.4044597076867919
1.0806879431927452,0.2288071551323961,-0.0523923838853065,-0.4045664468176721
1.0803059056787805,0.225967219098907,-0.056471902874949,-0.4046505471854681
1.0799015892703254,0.2231699908347789,-0.0605207648892107,-0.4047135803935854
1.0794759494056134,0.2204148467176135,-0.0645393429727228,-0.404757068308399
1.0790299115691817,0.217701178827107,-0.0685279951303698,-0.4047824855197093
1.0785643724566574,0.2150283920963861,-0.0724870676973464,-0.4047912615300093
1.0780802014300923,0.2123959042751534,-0.0764168946927822,-0.4047847827062665
1.0775782409184989,0.2098031409231331,-0.0803178046855535,-0.4047643940429746
1.077059308178835,0.2072495386259661,-0.0841901155024964,-0.4047314007754116
1.0765241960250125,0.2047345428677963,-0.0880341369139637,-0.4046870698767591
1.075973673554401,0.2022576066572367,-0.091850172313343,-0.4046326314110514
1.0754084870661238,0.1998181904933749,-0.0956385184161361,-0.4045692797990677
1.0748293602563612,0.1974157595734217,-0.0993994693059708,-0.4044981749161846
1.0742369956644704,0.1950497866737092,-0.1031333117124294,-0.4044204432570974
1.0736320743155905,0.1927197477364403,-0.1068403317318559,-0.4043371788198145
1.0730152570634974,0.1904251246935155,-0.1105208102449308,-0.4042494441438758
1.0723871847702149,0.1881654037318815,-0.1141750255281239,-0.4041582711523446
1.071748478712366,0.1859400747631187,-0.1178032540417664,-0.4040646619760113
1.0710997414138543,0.1837486324960386,-0.1214057686275407,-0.4039695898043974
1.0704415568283308,0.1815905753021043,-0.1249828403044736,-0.4038739996092131
1.0697744907997018,0.1794654052192026,-0.1285347382589007,-0.4037788088797404
1.0690990913487115,0.1773726274886858,-0.1320617306362157,-0.4036849083099721
1.0684158896500944,0.175311752280273,-0.135564081650037,-0.4035931625594345
1.0677253997378218,0.1732822925177007,-0.1390420552653905,-0.4035044108162705
1.0670281192918138,0.171283765137387,-0.1424959131211954,-0.4034194674947274
1.0663245298157715,0.1693156905276579,-0.145925915538548,-0.4033391228347794
1.0656150974237903,0.1673775937308033,-0.1493323194763755,-0.4032641435585444
1.064900272575932,0.165469002745605,-0.1527153815498846,-0.4031952733946195
1.064180490894806,0.1635894498786564,-0.1560753557365695,-0.4031332337138982
1.0634561733676888,0.1617384713999075,-0.1594124940381204,-0.4030787240841992
1.062727726933017,0.1599156082215001,-0.1627270453118857,-0.4030324228458185
1.061995544133873,0.1581204042562166,-0.1660192583186249,-0.4029949876172692
1.0612600044186655,0.1563524089124185,-0.1692893772465308,-0.4029670558962905
1.0605214737257855,0.1546111753176253,-0.1725376450064615,-0.4029492455454065
1.059780304989352,0.1528962608718265,-0.1757643022979342,-0.4029421553321237
1.059036838760251,0.1512072280174469,-0.1789695862131542,-0.4029463654448261
1.058291402747518,0.1495436425563033,-0.1821537334837305,-0.4029624380038976
1.0575443126608033,0.1479050749836559,-0.185316978045797,-0.4029909175802071
1.0567958729329023,0.1462911014441359,-0.1884595492150277,-0.4030323316626235
1.0560463766492374,0.1447013029389471,-0.1915816732147995,-0.403087191137486
1.055296105983024,0.1431352656686426,-0.1946835725241972,-0.4031559907470549
1.0545453320569422,0.1415925801855515,-0.1977654675784058,-0.4032392095927268
1.0537943159813306,0.1400728429957815,-0.2008275735979626,-0.4033373115149971
1.053043308396627,0.1385756550680601,-0.2038701035633781,-0.4034507456160026
1.0522925502412854,0.1371006228711769,-0.2068932661370555,-0.403579946640191
1.051542272800416,0.1356473579473998,-0.2098972665130601,-0.4037253354318915
1.0507926980121405,0.1342154770175285,-0.2128823061949015,-0.4038873193542769
1.0500440386832617,0.1328046019141283,-0.2158485831209572,-0.4040662927173314
1.0492964989131264,0.1314143599106355,-0.2187962909496335,-0.404262637146626
1.048550274411455,0.1300443838373462,-0.2217256187617738,-0.4044767219509787
1.0478055521458431,0.1286943109867241,-0.2246367533663196,-0.4047089046877203
1.0470625116806298,0.1273637851139936,-0.2275298749605244,-0.4049595312178765
1.0463213245615492,0.1260524548616834,-0.2304051604395408,-0.405228936318421
1.0455821545519344,0.1247599737804148,-0.2332627833275588,-0.4055174440738421
1.0448451582801008,0.1234860010582557,-0.2361029121141432,-0.4058253680821708
1.0441104851725531,0.1222302009908482,-0.2389257113451144,-0.4061530119105159
1.0433782783928185,0.1209922441811711,-0.2417313388286583,-0.4065006690973517
1.0426486737293763,0.1197718052541483,-0.2445199506958232,-0.4068686240818694
1.041921800886064,0.1185685646740088,-0.2472916972189918,-0.4072571520388189
1.0411977830359531,0.1173822076218378,-0.2500467252738275,-0.4076665195168891
1.0404767376007649,0.116212424921857,-0.2527851761036346,-0.4080969844362812
1.0397587763191949,0.1150589127795283,-0.2555071857863075,-0.4085487964244416
1.0390440052475982,0.1139213724309816,-0.2582128859339798,-0.4090221972094547
1.038332524719977,0.1127995097509992,-0.2609024045234993,-0.4095174210688715
1.0376244300498938,0.111693036038665,-0.2635758639061364,-0.4100346947603565
1.0369198113747244,0.1106016674412268,-0.2662333820488248,-0.4105742380053001
1.0362187537917158,0.1095251248568424,-0.2688750726522571,-0.4111362637918789
1.035521338303361,0.1084631350717339,-0.2715010422074074,-0.4117209779824682
1.0348276405619403,0.1074154285339072,-0.2741113953268226,-0.4123285807042239
1.0341377319509204,0.1063817407239647,-0.276706231254909,-0.4129592658683784
1.0334516801599034,0.1053618127129181,-0.2792856422788703,-0.4136132209618458
1.0327695483993478,0.1043553896985255,-0.2818497172378541,-0.4142906281026384
1.0320913957918951,0.1033622213266634,-0.284398540590241,-0.4149916640671651
1.031417277693699,0.102382061898912,-0.2869321917316522,-0.4157165003258871
1.0307472458704952,0.1014146703645909,-0.2894507448447683,-0.4164653031887869
1.0300813486348668,0.1004598102602464,-0.2919542688803421,-0.4172382339749033
1.0294196305746357,0.0995172490737055,-0.2944428290616706,-0.4180354496703782
1.0287621337627513,0.098586759725101,-0.2969164828038015,-0.4188571017982863
1.0281088960517446,0.097668117907006,-0.2993752865847026,-0.4197033388253543
1.0274599528846144,0.0967611044255791,-0.3018192895768412,-0.4205743042614014
1.0268153368652502,0.0958655043549997,-0.3042485356907119,-0.4214701374419599
1.026175077153623,0.094981105983694,-0.3066630662729718,-0.4223909747076002
1.025539200828716,0.0941077024935597,-0.3090629153751945,-0.4233369478089337
1.0249077322994646,0.0932450909263444,-0.3114481123641684,-0.424308184978831
1.024280692798333,0.0923930712985296,-0.3138186842197225,-0.4253048120671791
1.0236581020815614,0.0915514487208126,-0.3161746494796913,-0.4263269501771938
1.0230399769512208,0.0907200311913585,-0.3185160241828867,-0.4273747182569886
1.0224263323350469,0.089898630872549,-0.3208428181320661,-0.4284482316392346
1.021817181281101,0.0890870638907098,-0.3231550352440355,-0.4295476022380273
1.0212125341598524,0.0882851490956765,-0.32545267690383,-0.4306729402601299
1.020612399755218,0.0874927093443787,-0.327735738140455,-0.4318243525303921
1.020016784671712,0.08670957054367,-0.3300042101832744,-0.43300194383931
1.019425694076333,0.0859355624638841,-0.3322580779331653,-0.4342058157588003
1.0188391315582097,0.0851705183866235,-0.3344973207757217,-0.4354360670865522
1.0182570983473571,0.0844142739325821,-0.3367219158411504,-0.436692795759104
1.0176795947909578,0.083666668834651,-0.3389318326338914,-0.4379760959895609
1.0171066195036145,0.0829275456794918,-0.3411270365311294,-0.4392860602556918
1.0165381697809013,0.0821967502996899,-0.3433074874484872,-0.440622778616515
1.0159742411978498,0.081474131117458,-0.3454731416191091,-0.4419863398815687
1.015414828020303,0.0807595395398083,-0.3476239502492799,-0.4433768309105957
1.0148599240765048,0.0800528309336091,-0.3497598563833702,-0.4447943345724311
1.0143095207761117,0.079353861969118,-0.3518808027378641,-0.4462389349379944
1.013763609929624,0.078662494081721,-0.3539867210508778,-0.4477107102137086
1.013222180260677,0.0779785889235607,-0.3560775457239348,-0.449209742167851
1.0126852213535316,0.0773020132441802,-0.3581531987850546,-0.4507361056890289
1.0121527206726295,0.0766326350029458,-0.3602136015729648,-0.4522898770790453
1.0116246649828868,0.0759703250522744,-0.3622586694307647,-0.4538711303552615
1.0111010400542766,0.0753149566547017,-0.3642883130155695,-0.4554799382586082
1.010581831462048,0.0746664063755734,-0.3663024353561116,-0.457116369914823
1.010067023347035,0.0740245524270161,-0.3683009368125821,-0.4587804947974547
1.00955659950692,0.0733892759309899,-0.3702837109934819,-0.4604723794828108
1.0090505421353395,0.0727604592507911,-0.3722506497949163,-0.4621920919716321
1.008548834136326,0.0721379887729073,-0.3742016345427715,-0.463939694054739
1.008051456786251,0.07152175190632,-0.3761365452078316,-0.4657152493106782
1.0075583911339976,0.0709116387317348,-0.3780552550879849,-0.4675188184884872
1.0070696173087352,0.0703075410552058,-0.3799576336188522,-0.4693504621010865
1.0065851151396283,0.0697093530892773,-0.3818435440750273,-0.4712102383059156
1.006104864444416,0.0691169717236021,-0.3837128425536431,-0.4730982017739649
1.0056288438391423,0.068530294974912,-0.3855653827102944,-0.4750144084223775
1.005157031828068,0.0679492232534919,-0.3874010116140759,-0.476958911327263
1.004689406446972,0.0673736588459379,-0.3892195712286528,-0.4789317621951304
1.0042259449330466,0.0668035054346565,-0.3910208997822741,-0.4809330129332066
1.0037666252117816,0.0662386698542384,-0.3928048260721254,-0.4829627093094675
1.0033114238231535,0.065679059469562,-0.3945711776035231,-0.4850208999936555
1.0028603173854282,0.0651245839078906,-0.3963197749744814,-0.4871076303369376
1.0024132822563276,0.0645751545750452,-0.3980504332642526,-0.4892229438744017
1.0019702950839593,0.0640306852676179,-0.3997629599722088,-0.4913668796912582
1.0015313312489107,0.0634910901952143,-0.4014571611065264,-0.4935394799847415
1.0010963665695378,0.0629562860149972,-0.4031328346461138,-0.4957407819697647
1.0006653764142246,0.0624261906808873,-0.4047897740289369,-0.4979708222162359
1.000238336347429,0.061900724180183,-0.4064277657192462,-0.5002296333908741
0.9998152215000058,0.0613798077029889,-0.4080465916810137,-0.5025172475275392
0.999396006647882,0.0608633636835876,-0.4096460291119737,-0.5048336957892883
0.9989806666747928,0.0603513163168902,-0.4112258487170712,-0.5071790059941684
0.9985691764193448,0.0598435913189227,-0.4127858153412578,-0.5095532033989904
0.998161510605088,0.0593401157905555,-0.4143256882761035,-0.5119563111022826
0.9977576438788436,0.0588408182160028,-0.4158452211509531,-0.514388349844986
0.9973575508162692,0.058345628422315,-0.4173441619465028,-0.5168493379900349
0.9969612057554476,0.0578544773268965,-0.4188222536454486,-0.5193392925935859
0.9965685832532452,0.0573672974577973,-0.4202792325556913,-0.5218582265771942
0.9961796579225114,0.0568840227098506,-0.4217148289615274,-0.5244061496344877
0.9957944042205324,0.0564045880397829,-0.4231287679339993,-0.5269830695980927
0.9954127963676692,0.0559289293223386,-0.4245207696373979,-0.5295889930879101
0.9950348089642934,0.0554569840787702,-0.4258905470961414,-0.5322239213191012
0.994660416582718,0.0549886909311307,-0.4272378077252649,-0.5348878527503623
0.9942895936941836,0.0545239894725807,-0.428562253607078,-0.5375807836260904
0.993922314683376,0.054062820247465,-0.4298635814427171,-0.5403027079330226
0.993558554346971,0.0536051253419602,-0.431141480808114,-0.5430536136528834
0.9931982873761424,0.0531508477010916,-0.4323956360225789,-0.5458334864770182
0.992841488451578,0.0526999312132444,-0.4336257258168342,-0.5486423091280296
0.9924881325420948,0.0522523210551463,-0.4348314223246685,-0.5514800589463279
0.9921381945221877,0.0518079631772309,-0.4360123924246515,-0.5543467108248187
0.991791649255782,0.0513668043769458,-0.4371682974486334,-0.5572422365809113
0.9914484718405407,0.050928792579388,-0.4382987923794878,-0.5601666028703668
0.9911086375911236,0.0504938767890866,-0.4394035259523915,-0.5631197711474901
0.990772121783893,0.0500620067358028,-0.4404821415137497,-0.566101699772434
0.9904388997311444,0.049633132940217,-0.4415342767759094,-0.5691123433763681
0.9901089471175408,0.049207207120727,-0.4425595627810545,-0.5721516497147962
0.989782239367701,0.0487841813524066,-0.4435576259035593,-0.5752195653455336
0.989458752469816,0.0483640091056286,-0.4445280853213268,-0.5783160279199995
0.989138462301992,0.0479466443513459,-0.4454705551240413,-0.5814409723195978
0.988821344812112,0.0475320417678336,-0.4463846437563265,-0.5845943289681145
0.9885073762222016,0.047120156984617,-0.4472699534522736,-0.5877760216964755
0.9881965329356328,0.0467109464406326,-0.4481260805578313,-0.5909859684692744
0.9878887911955104,0.0463043669111968,-0.448952616479872,-0.5942240848573833
0.9875841277415424,0.0459003763519709,-0.4497491459144215,-0.5974902771133009
0.987282519266887,0.0454989331624393,-0.4505152483629894,-0.6007844476884393
0.986983942690308,0.0450999965251464,-0.4512504974328122,-0.6041064922493308
0.9866883751890246,0.0447035264320591,-0.4519544608231157,-0.607456299097984
0.9863957937822028,0.0443094831061812,-0.4526267013458773,-0.610833753781329
0.9861061760426338,0.0439178279386619,-0.4532667752873869,-0.6142387308459687
0.985819499254703,0.0435285223357815,-0.4538742343705125,-0.6176711034488578
0.98553574114528,0.0431415286872539,-0.4544486241444128,-0.6211307347124969
0.9852548797181232,0.0427568101297159,-0.4549894844718768,-0.6246174793481845
0.9849768927578068,0.0423743298493284,-0.4554963505157385,-0.6281311897054979
0.984701758461687,0.0419940519288566,-0.4559687515361167,-0.6316717078537465
0.9844294549698164,0.0416159406849649,-0.4564062118005993,-0.6352388713619138
0.9841599609888042,0.0412399615175235,-0.4568082496145134,-0.638832505015196
0.9838932551061904,0.0408660799439803,-0.4571743785099182,-0.6424524295751217
0.983629316101852,0.0404942620143953,-0.4575041067634339,-0.6460984576237414
0.983368123023724,0.0401244744048627,-0.4577969373891041,-0.6497703923033683
0.9831096549866936,0.0397566841196515,-0.458052368451078,-0.6534680299357611
0.982853891075247,0.0393908583336512,-0.4582698931355568,-0.6571911614168233
0.9826008110436816,0.0390269653802081,-0.4584489992263394,-0.6609395618495446
0.982350394458224,0.03866497351298,-0.4585891699533514,-0.6647130027782291
0.9821026211889065,0.03830485159551,-0.4586898836376603,-0.6685112448793358
0.9818574710732614,0.0379465686003349,-0.458750613924233,-0.672334042909737
0.9816149243898846,0.0375900942855118,-0.4587708296913391,-0.676181138236003
0.9813749615364464,0.0372353987156116,-0.4587499952979127,-0.6800522635415934
0.9811375624638408,0.0368824514032119,-0.458687570424843,-0.6839471520878462
0.9809027073109076,0.0365312222210752,-0.458583009931243,-0.6878655277269041
0.9806703771371744,0.036181682495158,-0.4584357644558274,-0.6918070921920408
0.980440552888728,0.0358338034558405,-0.458245280251174,-0.6957715418606711
0.9802132158821988,0.0354875569520751,-0.4580109995426402,-0.6997585594311511
0.9799883474994152,0.0351429149792934,-0.4577323604137733,-0.7037678189523887
0.9797659294252556,0.0347998500304302,-0.4574087971632071,-0.7077989814608597
0.9795459434293332,0.0344583347506234,-0.4570397401581175,-0.7118516986676668
0.9793283715976132,0.0341183422842874,-0.4566246163091296,-0.7159256085436279
0.9791131959861032,0.0337798457244058,-0.4561628485628063,-0.72002034156962
0.9789003992807794,0.0334428191390454,-0.4556538574272969,-0.7241355080094982
0.9786899638962892,0.0331072361425022,-0.4550970591635634,-0.7282707148763875
0.9784818727585428,0.0327730711207591,-0.4544918677173068,-0.7324255507034169
0.9782761089959934,0.0324402987381537,-0.4538376942679998,-0.7365995911456372
0.9780726557457092,0.0321088936111424,-0.4531339467110936,-0.7407924027822306
0.9778714967073092,0.0317788311997651,-0.4523800317185041,-0.7450035315212955
0.9776726154939626,0.031450086743436,-0.4515753527341947,-0.7492325156930136
0.977475996147668,0.0311226360956443,-0.4507193120625451,-0.7534788750878093
0.97728162291064,0.0307964553441012,-0.4498113103223739,-0.7577421154071118
0.9770894801972853,0.0304715207544011,-0.4488507465213699,-0.7620217286699615
0.9768995528750416,0.0301478092399687,-0.4478370197814209,-0.7663171866403088
0.9767118258488754,0.0298252976539221,-0.4467695275792817,-0.7706279497825002
0.9765262844506072,0.0295039634466411,-0.4456476681391226,-0.7749534581779111
0.9763429142102812,0.029183784272671,-0.4444708396026909,-0.7792931363578895
0.9761617009801856,0.0288647382020607,-0.4432384411804148,-0.7836463900846854
0.9759826308703466,0.0285468036067294,-0.4419498732142806,-0.7880126074978985
0.9758056902706628,0.0282299591973377,-0.4406045377886336,-0.7923911582399799
0.9756308660210754,0.0279141843311191,-0.4392018406373908,-0.7967813887896029
0.9754581450417368,0.027599458348263,-0.4377411888394954,-0.8011826312777738
0.9752875148269202,0.0272857614682614,-0.4362219954565995,-0.8055941906342439
0.9751189629398128,0.026973073873646,-0.4346436759522496,-0.810015357023468
0.9749524775412084,0.0266613766882963,-0.4330056536651644,-0.8144453917144987
0.9747880469614568,0.0263506511946967,-0.4313073567229087,-0.8188835377554241
0.9746256599406457,0.0260408792880804,-0.4295482211554797,-0.8233290132074491
0.9744653055642076,0.025732043367868,-0.4277276912406093,-0.8277810123437029
0.9743069733056824,0.0254241264327611,-0.4258452210097779,-0.832238703962369
0.9741506529983444,0.0251171120416965,-0.4239002750483599,-0.8367012316477254
0.9739963348804,0.0248109844197356,-0.4218923302451829,-0.841167711958698
0.9738440095358022,0.0245057283608199,-0.4198208763183606,-0.8456372355988765
0.9736936679982774,0.0242013294572825,-0.4176854185730614,-0.8501088638478222
0.9735453015914202,0.0238977738016508,-0.4154854771260485,-0.8545816327593622
0.9733989021638058,0.0235950484911688,-0.4132205918483576,-0.8590545456080418
0.9732544618459078,0.0232931411608744,-0.4108903204415331,-0.863526579675857
0.973111973247184,0.0229920404217996,-0.4084942431956959,-0.8679966797475875
0.9729714293341544,0.0226917356437745,-0.4060319629573274,-0.872463761340209
0.9728328235297128,0.0223922172049528,-0.403503108813865,-0.8769267070800337
0.9726961494708636,0.0220934760083799,-0.4009073337170251,-0.8813843740621257
0.9725614014210768,0.0217955044213055,-0.3982443243098172,-0.8858355800750289
0.9724285738996936,0.0214982955199314,-0.395513796402807,-0.8902791151686645
0.9722976617501684,0.0212018432799691,-0.3927154983915683,-0.8947137392209668
0.9721686602466624,0.020906142870266,-0.3898492159917605,-0.8991381780370128
0.9720415649671238,0.0206111904238099,-0.3869147721750723,-0.9035511273640348
0.9719163718404572,0.0203169832037327,-0.3839120308514239,-0.9079512511049582
0.971793077025186,0.0200235193791279,-0.3808408966833159,-0.9123371854759852
0.9716716769274256,0.019730798121964,-0.377701318040923,-0.9167075384663704
0.9715521684129508,0.0194388201896354,-0.374493295504932,-0.9210608821795706
0.9714345482778534,0.0191475867072385,-0.3712168707915242,-0.9253957721544512
0.9713188137753804,0.0188571005190755,-0.3678721436621106,-0.9297107284845092
0.971204962182212,0.0185673651923403,-0.3644592629875957,-0.9340042520590738
0.9710929908010112,0.0182783850702981,-0.3609784289833596,-0.9382748252323952
0.9709828971825316,0.0179901659092386,-0.3574299027561033,-0.942520904018624
0.9708746788250712,0.0177027141734117,-0.3538139997679198,-0.9467409302582824
0.9707683332788908,0.0174160373668168,-0.3501310955798191,-0.9509333285528868
0.9706638580827226,0.0171301439323876,-0.3463816263388727,-0.955096509707596
0.970561250417205,0.0168450423492823,-0.3425660781994845,-0.9592288858450078
0.9704605074438948,0.0165607420947084,-0.3386850009237184,-0.9633288583999364
0.9703616265526308,0.0162772544332046,-0.3347390205268079,-0.9673948090836187
0.9702646042997222,0.0159945894379142,-0.3307287991440582,-0.9714251449286948
0.970169437293354,0.0157127585292439,-0.3266550705148411,-0.9754182639355296
0.9700761215562664,0.0154317726466433,-0.3225186145773539,-0.9793725833715624
0.9699846532206278,0.015151644346289,-0.3183202884038013,-0.9832865124112607
0.9698950275521916,0.0148723848676967,-0.3140609829767113,-0.9871584956015704
0.9698072398148728,0.0145940067736852,-0.3097416624177604,-0.9909869781148124
0.969721284071969,0.0143165201563696,-0.3053633049296413,-0.9947704601366892
0.969637154755841,0.0140399376064319,-0.3009269793845489,-0.998507430637036
0.96955484542539,0.0137642702378566,-0.2964337826403211,-1.0021964239577823
0.9694743490281232,0.0134895284373689,-0.2918848494011741,-1.005836011049799
0.9693956581078144,0.01321572251055,-0.2872813614172009,-1.009424792554168
0.9693187645549128,0.0129428617663533,-0.2826245307427101,-1.012961412495199
0.9692436598601822,0.0126709553294133,-0.2779156116683089,-1.0164445490896248
0.9691703347020736,0.0124000105661006,-0.2731558715920332,-1.0198729362175525
0.9690987795010728,0.0121300349964244,-0.2683466220193248,-1.0232453400281598
0.9690289840840294,0.0118610349877624,-0.2634891938320851,-1.02656057669642
0.9689609378274008,0.0115930161815878,-0.2585849425168425,-1.0298175078655394
0.9688946293206842,0.011325982024161,-0.2536352186091153,-1.033015058942192
0.968830047006456,0.0110599361626894,-0.2486414090578217,-1.036152190429899
0.9687671785649454,0.0107948798271436,-0.2436048860827769,-1.039227929483681
0.9687060115342804,0.0105308142302623,-0.2385270494802937,-1.0422413415870675
0.9686465331468832,0.0102677398160526,-0.2334093105534405,-1.0451915398984328
0.9685887300578953,0.010005654898013,-0.2282530629424161,-1.0480777002755062
0.968532588752309,0.0097445572827324,-0.2230597114077082,-1.0508990425353155
0.9684780950586204,0.0094844418331531,-0.2178306207074067,-1.0536548561730934
0.9684252352482076,0.0092253055123447,-0.2125672141721491,-1.056344445985514
0.9683739949105132,0.0089671419163339,-0.2072708618638233,-1.0589671897787063
0.9683243596674084,0.0087099445267717,-0.2019429435931699,-1.0615225030954971
0.9682763148896696,0.0084537051444732,-0.1965848146827246,-1.064009854397557
0.9682298459801209,0.0081984151973365,-0.1911978308834226,-1.066428751095347
0.9681849380772186,0.0079440639626285,-0.185783308880027,-1.068778755440919
0.9681415764326132,0.007690640447627,-0.1803425637829943,-1.071059465300003
0.968099746586281,0.0074381344072123,-0.1748769299905148,-1.073270504982306
0.9680594334955216,0.0071865309310222,-0.1693876422772831,-1.075411571457498
0.968020622828442,0.0069358181049193,-0.1638759999997596,-1.0774823660590405
0.967983300049102,0.0066859813177433,-0.1583432421777987,-1.0794826428613242
0.967947450916405,0.0064370062666864,-0.1527906117695734,-1.081412182070227
0.967913061205487,0.0061888769600896,-0.1472193101613716,-1.0832708047865165
0.967880116764716,0.0059415757982915,-0.1416304970466184,-1.0850583698541958
0.9678486040021068,0.0056950871089494,-0.1360253693199831,-1.0867747471546665
0.9678185094653328,0.005449394067644,-0.1304050911893364,-1.0884198399250238
0.9677898198888968,0.0052044788352924,-0.1247707960126773,-1.0899935818900035
0.9677625221871158,0.0049603222417113,-0.1191235778295514,-1.091495937295503
0.9677366036030328,0.0047169048760504,-0.1134645155699462,-1.092926892298923
0.9677120516236012,0.0044742061600589,-0.107794650888566,-1.0942864591485308
0.967688854464631,0.0042322092190902,-0.1021151018342258,-1.095574648748394
0.9676670002689628,0.0039908928780445,-0.0964268754272111,-1.0967915145263618
0.9676464776794848,0.0037502372199487,-0.0907309970823505,-1.0979371201622985
0.9676272757160654,0.0035102224281387,-0.0850284834902831,-1.099011545814311
0.967609383573336,0.0032708260220762,-0.0793202764775884,-1.100014898894592
0.9675927909896996,0.0030320273350767,-0.0736073491394767,-1.1009472928530986
0.9675774880435546,0.0027938049880212,-0.0678906458065039,-1.101808857990464
0.967563465122314,0.0025561360173163,-0.0621710607551189,-1.1025997426597265
0.9675507132529184,0.0023190015366952,-0.0564495745284074,-1.1033200940504613
0.967539223629007,0.0020823787756371,-0.0507270624090951,-1.103970084295925
0.9675289879115796,0.001846245986598,-0.0450044124505459,-1.1045498929779691
0.9675199981125228,0.0016105799367499,-0.0392824649033765,-1.105059713174283
0.9675122467831728,0.0013753608714204,-0.0335621328632063,-1.1054997402407891
0.9675057267197076,0.0011405644230344,-0.0278442058712053,-1.1058701880151565
0.9675004312598424,0.0009061705040798,-0.0221295663048219,-1.1061712714870873
0.9674963540715018,0.0006721565758124,-0.0164190257910118,-1.106403218323922
0.9674934892454258,0.0004385007428714,-0.0107134007219056,-1.1065662631551971
0.9674918312765124,0.0002051814610492,-0.005013505388411,-1.1066606481945676
0.967491375054732,-2.78235455587e-05,0.0006798742509755,-1.1066866233382664
0.9674921158762289,-0.0002605360682304,0.0063659506238269,-1.1066444451331954
0.96749405297641,-0.000493303118937,0.012051888854711,-1.1065341752980824
0.9674971906866852,-0.0007263480154877,0.0177418254901315,-1.1063556149263
0.9675015336070126,-0.0009596923591047,0.0234349597976149,-1.1061085796536512
0.9675070867334526,-0.0011933578507525,0.0291304849729932,-1.1057928927344014
0.9675138554536574,-0.001427366048675,0.0348275820315407,-1.105408385653576
0.9675218454670372,-0.0016617362770714,0.0405253688446447,-1.1049549030279364
0.9675310629836604,-0.001896491747108,0.04622304888121,-1.104432291698124
0.967541514605272,-0.0021316548775537,0.0519197969916029,-1.1038404079016813
0.96755320719983,-0.0023672452739537,0.0576147105974079,-1.1031791247854636
0.9675661481127648,-0.0026032846707669,0.0633069293973567,-1.102448320865404
0.967580345013856,-0.0028397935960453,0.0689955545578678,-1.1016478891323993
0.9675958061033872,-0.0030767948663593,0.0746797327392103,-1.1007777258839415
0.9676125397149804,-0.0033143073279652,0.0803585057978695,-1.0998377535544457
0.967630554904324,-0.0035523546952447,0.086031022550858,-1.09882788808037
0.9676498607504804,-0.0037909556576386,0.091696302285607,-1.0977480786227531
0.9676704670173656,-0.0040301328088229,0.0973534477620388,-1.096598270962737
0.9676923834658062,-0.0042699042384911,0.1030014457974963,-1.0953784464436682
0.9677156204366616,-0.0045102905943841,0.1086393348606316,-1.0940885898659003
0.9677401887275768,-0.0047513132588355,0.1142661614329017,-1.092728696945245
0.9677660989087384,-0.0049929879417137,0.1198808312311663,-1.0912988125859906
0.9677933627187518,-0.0052353381050436,0.125482422231501,-1.089798954187872
0.9678219915614282,-0.0054783807795916,0.1310698550281546,-1.0882291951268712
0.9678519973767586,-0.0057221348463525,0.1366420858922305,-1.0865896170852694
0.9678833924029534,-0.0059666188483517,0.1421980563367368,-1.0848803236113491
0.9679161889802488,-0.0062118496201098,0.1477366628391486,-1.0831014511356871
0.9679503998307614,-0.0064578445862051,0.1532568098912334,-1.0812531540514951
0.9679860377186832,-0.0067046193476813,0.1587573564237757,-1.0793356234068832
0.968023116217532,-0.006952193039269,0.1642372358800717,-1.077349045933486
0.9680616483780332,-0.0072005792926423,0.1696952560969328,-1.075293675865958
0.968101648012574,-0.0074497950174647,0.1751302951219123,-1.0731697662137645
0.968143128329543,-0.0076998517835313,0.1805411133819652,-1.0709776416002188
0.9681861033810568,-0.0079507649759691,0.185926554691918,-1.0687176214022764
0.9682305867431678,-0.0082025458713346,0.1912853757112933,-1.0663900895452347
0.9682765924404728,-0.0084552072499324,0.1966163683585969,-1.0639954456354297
0.968324134513532,-0.0087087609164043,0.2019183076564678,-1.0615341276332038
0.968373227073127,-0.0089632181211402,0.2071899622051464,-1.0590066087740773
0.968423883728458,-0.0092185868009759,0.2124300392736345,-1.0564134264927096
0.9684761186037912,-0.009474876948411,0.2176372976297231,-1.0537551296642784
0.9685299455580074,-0.0097320966767057,0.2228104677219554,-1.051032318264186
0.9685853779589062,-0.0099902514286429,0.22794823896841,-1.0482456537468583
0.9686424295652044,-0.0102493482720275,0.2330493477731356,-1.0453958137607964
0.9687011134978954,-0.0105093912135103,0.238112486136872,-1.0424835430155943
0.9687614431325008,-0.010770385384139,0.2431363862167122,-1.0395096077053718
0.9688234310081124,-0.0110323323657535,0.2481197318070732,-1.0364748484103852
0.968887089386224,-0.0112952328838068,0.2530612137975053,-1.033380150796602
0.9689524310396082,-0.0115590900652135,0.2579595924346236,-1.0302264063221651
0.9690194675727992,-0.011823902629844,0.2628135716473831,-1.0270145923995018
0.9690882100571252,-0.0120896677971067,0.2676218575986863,-1.023745739274173
0.9691586695435568,-0.0123563833754963,0.2723831986812924,-1.020420903925213
0.9692308567060126,-0.0126240464068514,0.2770963622131763,-1.017041185593991
0.9693047816942296,-0.0128926527260307,0.2817601288451594,-1.0136077307906368
0.9693804540295204,-0.0131621967234429,0.2863732910444128,-1.0101217359523744
0.9694578826223508,-0.0134326715563469,0.2909346594274253,-1.006584444270335
0.9695370760611928,-0.0137040702572755,0.2954430835392709,-1.0029971302720149
0.969618042502786,-0.0139763853915298,0.299897447350071,-0.9993611028633432
0.9697007893866396,-0.0142496081765199,0.3042966566111652,-0.99567771587927
0.9697853232857602,-0.0145237281325371,0.3086396358620239,-0.9919483719470602
0.969871650722806,-0.0147987358183869,0.3129253736038549,-0.9881744839495072
0.9699597777807368,-0.0150746215435847,0.3171529020054732,-0.9843574904129516
0.9700497099905674,-0.0153513750560149,0.3213212930933747,-0.9804988581229268
0.9701414520172892,-0.0156289846545305,0.3254296469172362,-0.976600093000186
0.9702350081782988,-0.0159074388453428,0.329477117679521,-0.972662715336338
0.9703303824040296,-0.0161867262183864,0.3334629119934452,-0.9686882594461816
0.970427578415048,-0.0164668359538791,0.3373862959879293,-0.9646782643563856
0.9705265993137852,-0.0167477566336419,0.341246578446027,-0.9606342887455266
0.97062744812997,-0.0170294778045057,0.3450431324694878,-0.956557886537912
0.970730127159238,-0.0173119881052192,0.3487753696262581,-0.952450631920884
0.9708346389954844,-0.0175952781158681,0.352442777506597,-0.9483140760468306
0.9709409856458506,-0.0178793378748272,0.3560448857540593,-0.9441497810604624
0.9710491689324164,-0.0181641579716008,0.3595812798951767,-0.9399593023585932
0.9711591907100392,-0.0184497300733873,0.3630516065564393,-0.9357441789161864
0.9712710527611595,-0.0187360465868682,0.3664555676182246,-0.9315059363834018
0.9713847567526306,-0.0190231005032002,0.3697929169541667,-0.9272460876522896
0.9715003044618232,-0.0193108859216636,0.3730634649875539,-0.922966123444155
0.9716176974802582,-0.0195993972564252,0.3762670679325278,-0.9186675225405992
0.971736937945405,-0.0198886309830016,0.3794036454488098,-0.9143517243127096
0.971858027614525,-0.0201785833065298,0.382473152909172,-0.9100201621115322
0.9719809688344068,-0.0204692524606412,0.3854756044902209,-0.9056742277362968
0.9721057637800328,-0.0207606368188936,0.3884110510571045,-0.9013152985005988
0.9722324150986632,-0.021052736366541,0.3912795935051339,-0.8969447142129385
0.9723609257324608,-0.0213455522061035,0.3940813752924751,-0.8925637836517148
0.9724912986211004,-0.0216390858301234,0.3968165735908373,-0.8881737946458093
0.9726235374572668,-0.021933340774429,0.3994854128242313,-0.8837759886507547
0.9727576459142786,-0.0222283208167834,0.4020881457102794,-0.879371587102519
0.9728936279843676,-0.0225240307000881,0.4046250583326586,-0.8749617800913779
0.9730314882032142,-0.0228204765643998,0.4070964717730775,-0.8705477195228295
0.9731712313673948,-0.0231176652787285,0.4095027343715577,-0.8661305287794014
0.9733128626111812,-0.0234156045687795,0.4118442211399616,-0.861711300570894
0.9734563875612096,-0.0237143032982864,0.4141213341727582,-0.8572910926113033
0.973601812196591,-0.0240137711299268,0.4163344981840568,-0.8528709325812377
0.973749142854234,-0.0243140185024042,0.4184841587828822,-0.8484518184403056
0.973898386294098,-0.0246150567298159,0.4205707816474576,-0.8440347170047483
0.9740495496270308,-0.0249168978226559,0.4225948497653184,-0.8396205666777218
0.9742026403765572,-0.0252195545836039,0.4245568627032567,-0.8352102761857972
0.9743576664703472,-0.0255230405613309,0.4264573349129563,-0.8308047254539366
0.974514636191951,-0.0258273699309492,0.4282967937014562,-0.8264047675725635
0.9746735582489764,-0.0261325576044318,0.4300757787105349,-0.8220112274612007
0.9748344416775144,-0.0264386190253676,0.4317948395520661,-0.8176249051264591
0.9749972958940272,-0.026745570252329,0.4334545352712233,-0.8132465747677333
0.975162130694274,-0.0270534279397713,0.4350554332173531,-0.8088769853975778
0.975328956167611,-0.0273622091645976,0.4365981072192324,-0.8045168636564574
0.9754977828344248,-0.0276719316700015,0.4380831379635336,-0.8001669107293334
0.9756686214897138,-0.0279826135650292,0.4395111106656308,-0.7958278069762026
0.975841483332136,-0.0282942735526543,0.4408826154042751,-0.7915002091229036
0.9760163798529125,-0.0286069307192845,0.4421982454171136,-0.7871847536142175
0.9761933227964116,-0.0289206044618926,0.443458596210132,-0.782882057994446
0.9763723242872548,-0.0292353147107556,0.4446642658799556,-0.778592718243179
0.9765533967395076,-0.0295510817633477,0.4458158538324545,-0.7743173114858172
0.97673655277217,-0.0298679261375874,0.4469139597782542,-0.7700563983642099
0.976921805436605,-0.0301858689657193,0.4479591846384485,-0.7658105181353977
0.9771091679981868,-0.030504931614099,0.4489521287152835,-0.7615801942249308
0.9772986539973432,-0.0308251357913506,0.4498933916817002,-0.7573659331626903
0.977490277221254,-0.0311465035027467,0.4507835720663286,-0.7531682255835144
0.9776840515772616,-0.0314690568440779,0.4516232664009225,-0.7489875492732706
0.9778799913892032,-0.0317928185012367,0.4524130702524282,-0.7448243630483131
0.9780781113205156,-0.0321178116184882,0.4531535773985871,-0.7406791089617564
0.9782784260340338,-0.0324440592456767,0.453845378298271,-0.7365522197341804
0.97848095059538,-0.0327715850075212,0.4544890614046187,-0.7324441105658089
0.9786857001960108,-0.0331004126565269,0.4550852119325288,-0.7283551851952534
0.9788926901004668,-0.0334305660011575,0.4556344116484265,-0.7242858370603258
0.9791019361128,-0.0337620696569802,0.4561372399202728,-0.7202364403966212
0.9793134540783732,-0.0340949482552671,0.4565942721225667,-0.7162073604164882
0.9795272600379676,-0.0344292266998448,0.4570060799593445,-0.7121989504437215
0.9797433702576958,-0.0347649302220119,0.4573732313717961,-0.7082115516010643
0.9799618012072364,-0.035102084354295,0.4576962903422191,-0.7042454934794599
0.9801825695002588,-0.0354407148478543,0.4579758166904279,-0.700301095436458
0.9804056918389488,-0.0357808475996136,0.4582123659530189,-0.6963786677189284
0.9806311853564528,-0.0361225091835253,0.4584064896321507,-0.6924785056660137
0.9808590671515056,-0.0364657261502032,0.458558734586347,-0.6886008981213448
0.9810893546751964,-0.036810525624025,0.4586696432939803,-0.6847461209156731
0.981322065279844,-0.0371569346361477,0.4587397535104828,-0.6809144446723988
0.9815572166777332,-0.0375049808237502,0.4587695984469533,-0.6771061272622426
0.981794826920593,-0.0378546924026332,0.4587597065315257,-0.6733214145706923
0.9820349141535154,-0.0382060978122267,0.4587106012738095,-0.6695605447262117
0.9822774973080942,-0.0385592267363401,0.4586228009622655,-0.6658237375899111
0.9825225947090196,-0.0389141080786921,0.4584968189634706,-0.6621112166496061
0.982770224813322,-0.0392707710667896,0.4583331637156924,-0.6584231972794073
0.9830204062298834,-0.0396292452927189,0.4581323386745337,-0.6547598865894859
0.9832731577319054,-0.0399895607431833,0.4578948422500574,-0.6511214834052609
0.9835284984416488,-0.0403517480729367,0.4576211675400926,-0.6475081758468265
0.983786447367146,-0.0407158379583306,0.4573118027446726,-0.6439201481089524
0.9840470237438412,-0.0410818615981933,0.4569672308184185,-0.640357575663555
0.9843102471693816,-0.041449850912307,0.4565879291780453,-0.6368206237071408
0.984576137028988,-0.0418198377501804,0.4561743704685306,-0.6333094550765195
0.9848447130570216,-0.0421918546924361,0.4557270217634087,-0.6298242227550265
0.9851159951166344,-0.042565934755131,0.4552463448190892,-0.6263650730321954
0.9853900033154154,-0.0429421115629675,0.4547327958287926,-0.622932144188331
0.9856667578006784,-0.04332041908169,0.4541868257568963,-0.6195255692385396
0.9859462787761236,-0.0437008916586746,0.4536088803261699,-0.6161454757538283
0.9862285866575056,-0.0440835642510677,0.4529993996851039,-0.6127919840704115
0.9865137020546476,-0.0444684724150025,0.452358818388924,-0.6094652077052352
0.9868016456437352,-0.0448556521485959,0.4516875656544369,-0.60616525499125
0.9870924381323858,-0.0452451398633711,0.4509860654518476,-0.6028922295184963
0.9873861006525364,-0.0456369729266865,0.450254735528268,-0.5996462258491304
0.9876826542000332,-0.0460311889278305,0.4494939887342822,-0.5964273359555692
0.9879821201368668,-0.0464278263660379,0.44870423176153,-0.5932356437674452
0.9882845197774722,-0.0468269241176467,0.4478858661746959,-0.5900712298050937
0.9885898744069996,-0.0472285214824739,0.4470392884033173,-0.5869341709350057
0.9888982058612452,-0.047632658964733,0.4461648881096764,-0.5838245345398709
0.989209535787782,-0.0480393773191489,0.4452630502029217,-0.5807423862697885
0.9895238859322564,-0.0484487179495359,0.444334154064224,-0.5776877871021893
0.9898412783933976,-0.0488607232597857,0.4433785727616193,-0.5746607910162014
0.9901617349971272,-0.0492754358610216,0.442396674906322,-0.5716614511043496
0.9904852781861782,-0.0496928997464765,0.4413888219461526,-0.5686898112340224
0.9908119300839202,-0.05011315910094,0.4403553710109686,-0.5657459149355991
0.9911417130694028,-0.0505362590677174,0.4392966731444317,-0.5628298000879732
0.9914746497579772,-0.0509622457440136,0.4382130733194908,-0.5599414993003583
0.9918107625545808,-0.0513911656328986,0.437104911880753,-0.5570810438711163
0.9921500742635846,-0.0518230664478327,0.4359725225491513,-0.5542484585740638
0.9924926074959411,-0.0522579963807302,0.4348162343623075,-0.5514437667894314
0.9928383850643367,-0.0526960046317752,0.4336363703608434,-0.5486669872102989
0.993187429654129,-0.0531371410183914,0.4324332486944487,-0.5459181365721782
0.9935397644952256,-0.0535814568513508,0.4312071802946384,-0.5431972244249362
0.9938954126831911,-0.0540290041026453,0.4299584711817915,-0.5405042586418684
0.994254397108462,-0.0544798353479684,0.4286874227383027,-0.5378392458438847
0.9946167408339902,-0.0549340042721352,0.4273943303807768,-0.5352021885384242
0.9949824669344588,-0.0553915654966512,0.426079484109164,-0.5325930863940852
0.9953515986545772,-0.0558525748084996,0.4247431679217691,-0.5300119351677405
0.995724159317174,-0.0563170890760429,0.4233856601208897,-0.5274587274625258
0.9961001719903196,-0.0567851658672994,0.4220072345174106,-0.5249334550096315
0.9964796600218848,-0.0572568641501975,0.4206081584682549,-0.5224361050316703
0.9968626463663188,-0.05773224348969,0.4191886953336673,-0.5199666647476866
0.997249154465398,-0.0582113651777142,0.4177491012076249,-0.5175251156309832
0.9976392072456922,-0.0586942910253774,0.4162896286138765,-0.515111439890583
0.9980328279097752,-0.0591810843821846,0.4148105235471773,-0.5127256154228049
0.9984300395692776,-0.0596718097194821,0.4133120268134159,-0.5103676181718143
0.9988308653974814,-0.0601665328588817,0.4117943734310813,-0.5080374212262739
0.9992353281942588,-0.0606653204763441,0.4102577942543877,-0.5057349973401033
0.9996434504012134,-0.0611682401644434,0.4087025159068234,-0.5034603186618002
1.0000552553377835,-0.0616753619982846,0.4071287560344886,-0.5012133498946872
1.0004707654496934,-0.0621867564212031,0.405536729944134,-0.4989940581034236
1.0008900031258603,-0.0627024952979137,0.4039266474664086,-0.496802408031417
1.00131299113725,-0.063222652500761,0.4022987112248007,-0.4946383598988585
1.0017397513203845,-0.0637473023388971,0.4006531216588176,-0.4925018761821197
1.0021703057182998,-0.0642765210114411,0.3989900725995268,-0.4903929156308809
1.0026046763596916,-0.0648103863866167,0.3973097520674413,-0.4883114344860343
1.0030428844156922,-0.0653489770179424,0.3956123454898881,-0.4862573904399001
1.0034849519764284,-0.0658923743817794,0.3938980287729694,-0.4842307342032441
1.003930899170861,-0.0664406593925441,0.3921669794108158,-0.4822314228081764
1.004380747642195,-0.066993916731883,0.3904193629520192,-0.4802594036328889
1.0048345180826714,-0.0675522318772905,0.3886553425000637,-0.4783146256719853
1.005292230321137,-0.0681156912688402,0.386875078320011,-0.4763970387830527
1.0057539045212571,-0.0686843838454403,0.3850787231131143,-0.474506588508542
1.0062195597910242,-0.0692583993963921,0.3832664273541966,-0.4726432218208317
1.006689215699213,-0.0698378304950359,0.3814383333168945,-0.4708068808654015
1.007162891192526,-0.0704227712326406,0.3795945792092784,-0.4689975073529215
1.0076406042959265,-0.0710133169158754,0.3777353002590646,-0.4672150434801906
1.0081223727512367,-0.0716095649251868,0.3758606261410065,-0.4654594293288911
1.0086082139047057,-0.072211614649339,0.3739706813235711,-0.4637306032484928
1.009098144737223,-0.0728195675985099,0.3720655848567474,-0.4620285016967371
1.0095921814280784,-0.0734335269401358,0.3701454519688691,-0.4603530606635419
1.010090339516786,-0.0740535977771692,0.368210393331202,-0.4587042149328326
1.0105926344728673,-0.074679887939569,0.3662605127363646,-0.4570818961333723
1.0110990804663942,-0.0753125065366688,0.3642959117588435,-0.4554860366656664
1.0116096909060868,-0.0759515647094499,0.3623166875412988,-0.4539165676952761
1.0121244796032776,-0.0765971771784603,0.3603229281617501,-0.4523734155588546
1.012643457996688,-0.0772494588574638,0.3583147232563048,-0.450856510066822
1.013166637830657,-0.0779085283014904,0.3562921535059984,-0.4493657762396283
1.0136940294532466,-0.0785745056663129,0.3542552970847294,-0.4479011392430793
1.014225642694827,-0.079247513911391,0.3522042261130587,-0.4464625217014956
1.014761486460087,-0.0799276783876416,0.3501390080834488,-0.4450498447435286
1.015301568611418,-0.0806151267921664,0.3480597061493878,-0.4436630281470772
1.0158458957097038,-0.0813099889416467,0.3459663799542116,-0.4423019908000444
1.0163944730172096,-0.0820123968792944,0.3438590854412885,-0.4409666504418084
1.0169473057016514,-0.0827224865303726,0.3417378700522527,-0.4396569206147637
1.0175043973518765,-0.083440395921956,0.3396027782490653,-0.4383727142014255
1.0180657497490904,-0.0841662649960196,0.3374538521873932,-0.437113943625152
1.0186313640471203,-0.0849002372511087,0.3352911269932441,-0.4358805179560891
1.0192012393239216,-0.08564245799115,0.3331146360990568,-0.4346723459588649
1.0197753742357576,-0.0863930766011292,0.3309244047058836,-0.4334893323274437
1.020353765203709,-0.0871522443170098,0.3287204564887487,-0.4323313813621045
1.0209364077433587,-0.0879201160952525,0.3265028082915041,-0.4311983940016798
1.0215232952167266,-0.0886968491115152,0.3242714746443915,-0.4300902701226632
1.022114419773978,-0.0894826041399399,0.3220264639315034,-0.4290069064779334
1.0227097716264888,-0.090277544737605,0.3197677809018343,-0.4279481978850875
1.0233093391068937,-0.091081837466961,0.3174954261746182,-0.4269140368546845
1.0239131092281986,-0.0918956528003757,0.3152093938504233,-0.4259043124330424
1.024521066000597,-0.0927191630085692,0.3129096776046952,-0.4249189128095012
1.0251331926624012,-0.0935525453294362,0.310596261952555,-0.4239577213761752
1.0257494695716327,-0.0943959792825519,0.3082691299293276,-0.4230206199681853
1.026369875235709,-0.0952496482302471,0.3059282588866504,-0.4221074869477672
1.026994385952724,-0.0961137390648072,0.303573621532009,-0.4212181975517186
1.0276229753666972,-0.0969884417674245,0.3012051872772623,-0.4203526242665139
1.0282556150238154,-0.0978739503586368,0.2988229198039585,-0.4195106357873868
1.0288922734158576,-0.0987704617478918,0.2964267803189899,-0.418692098058313
1.0295329168538938,-0.0996781771439334,0.2940167239062819,-0.4178968728398525
1.030177508685242,-0.1005973011502428,0.2915927021065908,-0.4171248184750494
1.0308260097829371,-0.1015280426599846,0.289154660697178,-0.416375789024816
1.0314783777704746,-0.1024706139551048,0.2867025422170462,-0.4156496349267993
1.0321345674285376,-0.1034252314961265,0.2842362840360008,-0.4149462022347556
1.0327945303411552,-0.1043921156285613,0.2817558192720256,-0.4142653327461542
1.033458214645257,-0.1053714904319876,0.2792610773081048,-0.4136068639614466
1.0341255650630976,-0.1063635839862026,0.2767519832346864,-0.4129706287397959
1.0347965232224992,-0.1073686290838626,0.2742284561972699,-0.4123564547241962
1.0354710266630054,-0.1083868619871217,0.2716904126729015,-0.4117641649858354
1.0361490097638557,-0.1094185240632886,0.2691377625061117,-0.4111935768839879
1.036830402001962,-0.1104638593893533,0.2665704149809544,-0.4106445032512432
1.0375151300196117,-0.1115231181569282,0.2639882705362198,-0.4101167503578243
1.0382031154706333,-0.1125965536383878,0.2613912283666788,-0.4096101193647734
1.0388942761375244,-0.1136844241680537,0.2587791816882129,-0.409124405108927
1.0395885252598291,-0.1147869923775534,0.2561520197309976,-0.4086593963034534
1.040285771235567,-0.1159045249926194,0.2535096283191563,-0.4082148753927777
1.0409859178553005,-0.1170372934860953,0.2508518884200008,-0.4077906180575698
1.0416888639430688,-0.1181855737971509,0.2481786769230744,-0.4073863931168129
1.042394503463641,-0.1193496468096203,0.2454898656348636,-0.4070019621366063
1.043102724962782,-0.120529797744906,0.2427853227962368,-0.4066370794121113
1.0438134117693525,-0.1217263168093624,0.2400649116860078,-0.4062914915116443
1.0445264414530038,-0.1229394986120822,0.2373284920502212,-0.405964937207002
1.045241685666849,-0.1241696422135963,0.2345759200556382,-0.4056571471726334
1.0459590103959044,-0.1254170518898294,0.2318070466608141,-0.4053678435231253
1.0466782754849795,-0.1266820366767788,0.2290217187364234,-0.4050967396733661
1.0473993342900374,-0.1279649101083094,0.2262197797102406,-0.4048435401023343
1.0481220334043897,-0.1292659900740574,0.2234010699190542,-0.4046079400616479
1.048846213633042,-0.1305856009583654,0.2205654220583572,-0.4043896249046941
1.0495717078570048,-0.1319240701701466,0.217712668756979,-0.404188270402685
1.0502983425073702,-0.1332817311999188,0.2148426360407795,-0.4040035419009192
1.05102593617835,-0.1346589214687409,0.2119551479848944,-0.4038350943326358
1.0517542998533294,-0.1360559831249428,0.209050025033101,-0.4036825717446383
1.0524832370885446,-0.1374732638274151,0.206127082422894,-0.4035456068831693
1.0532125434704271,-0.138911116158783,0.2031861314766818,-0.4034238209361065
1.0539420057766733,-0.1403698963981872,0.200226982122161,-0.4033168232664133
1.0546714029780002,-0.1418499669541852,0.1972494379529155,-0.4032242108504245
1.0554005045664627,-0.1433516934763504,0.1942533021021772,-0.4031455681161869
1.0561290718300664,-0.1448754479169831,0.1912383711017612,-0.4030804663747546
1.056856856405371,-0.1464216060626474,0.1882044398475079,-0.4030284635814763
1.0575836005014392,-0.1479905484730007,0.1851512997166165,-0.4029891038838174
1.0583090363564225,-0.1495826598239465,0.1820787398419412,-0.402961917234624
1.0590328866740002,-0.1511983303995982,0.1789865442264225,-0.4029464189567258
1.0597548634160985,-0.1528379539871013,0.1758744957981214,-0.4029421093626998
1.0604746683722517,-0.1545019297012744,0.1727423728985644,-0.4029484733089701
1.061191992355648,-0.1561906607614669,0.1695899516089184,-0.4029649797751963
1.0619065154236575,-0.1579045556255795,0.1664170036164128,-0.4029910814342562
1.06261790581132,-0.1596440260953812,0.1632232997238923,-0.4030262141815588
1.0633258199136442,-0.1614094878537809,0.1600086087777434,-0.4030697966675645
1.064029902123965,-0.1632013607159887,0.1567726971627706,-0.4031212298329199
1.0647297845394923,-0.1650200685842711,0.1535153288515853,-0.403179896432842
1.0654250868255102,-0.1668660398454237,0.1502362646702553,-0.4032451605684765
1.0661154152114976,-0.1687397054645342,0.14693526564446,-0.403316367124475
1.0668003631599068,-0.1706415015386697,0.1436120884238783,-0.4033928413543019
1.0674795104361754,-0.172571867646948,0.1402664881877236,-0.4034738883078466
1.0681524227324002,-0.1745312466229007,0.1368982189792701,-0.4035587922902485
1.068818651640827,-0.1765200853845108,0.1335070322323022,-0.4036468163560876
1.0694777341239885,-0.1785388343720184,0.1300926777190178,-0.4037372017315303
1.070129192179244,-0.1805879475574048,0.1266549035034371,-0.4038291672444739
1.070772532448286,-0.1826678823221244,0.1231934561221522,-0.4039219087325131
1.0714072459318686,-0.1847790997203547,0.1197080801300559,-0.4040145984499676
1.0720328076420331,-0.1869220646298662,0.1161985178593773,-0.404106384448483
1.072648675773919,-0.1890972442715709,0.1126645118394675,-0.4041963898666381
1.0732542919481007,-0.1913051104748031,0.1091058010985837,-0.4042837123551873
1.0738490803540996,-0.1935461382696805,0.1055221235008335,-0.4043674233164757
1.0744324475741296,-0.1958208069671019,0.1019132140547118,-0.4044465672142351
1.0750037817668696,-0.1981295989388705,0.0982788069198464,-0.4045201607627658
1.0755624525415797,-0.2004730011729363,0.0946186330170528,-0.4045871921763528
1.0761078101480614,-0.2028515042787383,0.0909324217005932,-0.4046466202883404
1.0766391852097232,-0.2052656038919645,0.087219898694221,-0.4046973736928205
1.0771558881264451,-0.2077158010022924,0.0834807857766467,-0.4047383497872883
1.077657208138347,-0.2102026008214508,0.0797148027026587,-0.4047684137352147
1.0781424128770791,-0.2127265141020922,0.0759216653880144,-0.4047863974126188
1.0786107479653702,-0.2152880593561951,0.0721010828610913,-0.4047910982501557
1.0790614356276171,-0.2178877602020945,0.0682527615589346,-0.4047812779594953
1.0794936748447117,-0.2205261517527829,0.0643763962222128,-0.4047556611543742
1.0799066394697523,-0.2232037761403112,0.060471677005426,-0.4047129338552704
1.0802994772781518,-0.2259211832674776,0.0565382887631848,-0.4046517419242125
1.080671309408808,-0.2286789353373047,0.0525759049895933,-0.404570689243719
1.0810212290371568,-0.231477607718784,0.0485841872616455,-0.4044683357338622
1.0813482994875283,-0.2343177858287048,0.0445627903624758,-0.4043431953822329
1.0816515538337876,-0.2372000757616775,0.0405113479649159,-0.4041937335046745
1.0819299923444037,-0.2401250990029674,0.0364294811045156,-0.4040183643551704
1.082182580900495,-0.2430934965001595,0.0323167934136246,-0.4038154481238566
1.0824082491569549,-0.2461059340499086,0.0281728648027681,-0.4035832874209774
1.0826058880065377,-0.2491631034581568,0.0239972512138142,-0.4033201236261386
1.0827743468849893,-0.2522657245670811,0.0197894832687726,-0.4030241328239298
1.0829124311293363,-0.2554145556406442,0.0155490538199417,-0.402693420418825
1.0830188981351156,-0.2586103900594366,0.0112754243324823,-0.4023260164530167
1.0830924537770024,-0.2618540668214203,0.0069680128077798,-0.4019198689476499
1.083131747917709,-0.2651464762914502,0.0026261885344117,-0.4014728368461857
1.0831353692803,-0.2684885711748495,-0.0017507396674697,-0.4009826813081494
1.0831018394681895,-0.2718813680655491,-0.0061635223941104,-0.400447057257934
1.0830295287079377,-0.2753288817553678,-0.0106167438893188,-0.3998629901219002
1.0829166865053264,-0.2788327591845627,-0.015111829423099,-0.3992276945566816
1.0827614631366664,-0.2823944346567735,-0.0196498870241904,-0.3985382740504921
1.0825618970877675,-0.2860154585624767,-0.0242321310291045,-0.3977916553770525
1.08231590281494,-0.2896975032472366,-0.0288598839183338,-0.3969845704457556
1.08202125695523,-0.2934423731227867,-0.0335345830620715,-0.3961135352147344
1.0816755815734562,-0.2972520286472921,-0.038257803989173,-0.3951748226045218
1.0812763258289289,-0.3011285990863094,-0.0430312685436205,-0.394164434453
1.080820744442934,-0.3050744034509306,-0.047856862199402,-0.3930780677456466
1.0803058733923372,-0.3090919692787128,-0.0527366474964166,-0.3919110769144924
1.079728504163355,-0.3131840394249286,-0.057672861843697,-0.3906584349729084
1.0790851558406929,-0.317353576093161,-0.0626679113247828,-0.3893146911835043
1.078372049610964,-0.3216037353843717,-0.0677243288822259,-0.3878739342731869
1.0775850891304677,-0.3259378072421356,-0.0728446924364759,-0.3863297660206711
1.0767198587526816,-0.3303590774729143,-0.0780314541641991,-0.3846753058337129
1.0757716577407097,-0.3348705651624574,-0.0832866311497548,-0.3829032554235173
1.0747356053925257,-0.339474544506593,-0.0886112597476905,-0.3810060803020763
1.0736068707166575,-0.3441717365816792,-0.0940044953750239,-0.3789763929967101
1.0723811052234695,-0.3489600288163964,-0.0994622159537718,-0.376807660663291
1.071055152921026,-0.353832679314746,-0.1049751093282088,-0.3744953454003021
1.069628022315244,-0.3587763044549013,-0.1105266100060846,-0.3720384321125092
1.0681018673106497,-0.3637695904665046,-0.1160917428162032,-0.3694409116525979
1.0664823898475353,-0.3687842708392892,-0.1216385274547736,-0.3667122678230751
1.0647781043477529,-0.373789161754445,-0.1271326720366294,-0.363866118795465
1.0629986060860606,-0.3787557688968118,-0.1325437610613278,-0.3609173386450259
1.0611527895031254,-0.3836624294227335,-0.1378495828853491,-0.3578792383794269
1.0592478467163506,-0.3884953584015611,-0.1430369502280714,-0.3547621002900245
1.0572891259333264,-0.3932473460902785,-0.1480999901062157,-0.3515731077199778
1.0552804610257955,-0.3979156835189133,-0.1530376964899077,-0.3483169906447347
1.0532245960053743,-0.4025003628431086,-0.1578518774035691,-0.3449967733809562
1.0511235550065885,-0.4070027978454963,-0.16254573056629,-0.3416143980482231
1.048978903755019,-0.4114250422832063,-0.1671229926175499,-0.3381711520839033
1.0467919215722463,-0.4157693465069611,-0.1715874699508218,-0.3346679414664242
1.0445637192368815,-0.4200379054880923,-0.1759427831323977,-0.3311054725495368
1.0422953047151886,-0.4242327507997062,-0.1801922667237435,-0.3274843489789898
1.039987631089689,-0.4283556941181252,-0.1843389244500828,-0.3238051402504407
1.037641622175978,-0.4324083190227728,-0.1883854339778031,-0.3200684153243787
1.035258187139233,-0.4363919923177419,-0.1923341705654591,-0.3162747596232286
1.0328382349296916,-0.4403078736702269,-0.1961872279518286,-0.3124247926384565
1.03038267987398,-0.4441569374545905,-0.1999464502069365,-0.3085191722776323
1.0278924448503468,-0.4479399947211219,-0.2036134623617987,-0.3045585961018363
1.0253684615534524,-0.4516577159786005,-0.2071897005530602,-0.3005437985574209
1.022811673987524,-0.4553106459413024,-0.2106764332888907,-0.2964755538660775
1.0202230367084966,-0.458899223396602,-0.2140747867128661,-0.2923546710028865
1.0176035154641474,-0.4624237949811808,-0.2173857631432842,-0.2881819928563041
1.0149540866261213,-0.4658846286360892,-0.2206102585904997,-0.2839583937749176
1.012275736521115,-0.4692819253624926,-0.2237490780212739,-0.279684777212174
1.009569460215056,-0.4726158300867887,-0.2268029492130658,-0.2753620727148533
1.0068362620834264,-0.4758864389919222,-0.229772532866036,-0.2709912359481334
1.0040771502732777,-0.4790938129915134,-0.2326584378449294,-0.2665732391054278
1.001293142123484,-0.4822379770910174,-0.2354612232238679,-0.2621090789713792
0.9984852572316132,-0.4853189335109737,-0.2381814124531268,-0.2575997653281202
0.995654519676228,-0.4883366633027451,-0.240819496846932,-0.2530463241057974
0.992801957490788,-0.4912911307359474,-0.2433759413761606,-0.2484497962272736
0.989928600236866,-0.4941822890814517,-0.2458511914258976,-0.2438112334577177
0.9870354779103324,-0.497010084361094,-0.2482456775344038,-0.2391316964429667
0.984123621446608,-0.4997744571556666,-0.2505598183141381,-0.2344122553858551
0.9811940593500328,-0.5024753477994881,-0.2527940260647897,-0.2296539844895653
0.978247819535731,-0.5051126962506312,-0.2549487077632274,-0.2248579648770381
0.9752859264624428,-0.5076864461424396,-0.2570242694212277,-0.2200252799054948
0.9723094019178667,-0.5101965452319905,-0.2590211173490729,-0.2151570164401623
0.9693192630760378,-0.5126429480715785,-0.260939661128538,-0.2102542617073271
0.9663165227162458,-0.5150256166217625,-0.2627803148333222,-0.2053181036936422
0.9633021867475036,-0.5173445228767304,-0.264543499729264,-0.2003496271369054
0.9602772559739404,-0.519599647975407,-0.2662296441779172,-0.1953499164999189
0.957242723190232,-0.5217909848467907,-0.2678391861819524,-0.1903200512691033
0.9541995747204752,-0.5239185373672456,-0.2693725732297361,-0.1852611085943588
0.9511487867457388,-0.5259823231788459,-0.2708302647666663,-0.180174157295498
0.9480913279971168,-0.5279823719079735,-0.2722127312683631,-0.1750602624422862
0.94502815742131,-0.5299187268632028,-0.2735204557888465,-0.1699204815893096
0.9419602234581698,-0.531791445456739,-0.2747539345082975,-0.1647558636739637
0.9388884640364862,-0.5336005991224335,-0.2759136769021821,-0.1595674491222373
0.935813806913142,-0.5353462730500308,-0.2770002057869808,-0.1543562705529294
0.9327371676834136,-0.5370285672197055,-0.2780140581494591,-0.1491233495416296
0.9296594505469576,-0.5386475957770814,-0.2789557848803178,-0.1438696980393916
0.9265815474800846,-0.5402034873062878,-0.2798259510503235,-0.1385963170966544
0.923504335729304,-0.5416963858120728,-0.2806251364904755,-0.1333041926754417
0.9204286819229778,-0.5431264484032956,-0.281353934542415,-0.1279943028197151
0.9173554374415486,-0.5444938472907462,-0.2820129531507291,-0.1226676098195932
0.9142854419881432,-0.5457987678400531,-0.2826028138518454,-0.1173250664941379
0.9112195178996092,-0.5470414107274731,-0.2831241527193289,-0.1119676064189293
0.9081584757096142,-0.5482219892096282,-0.2835776190212812,-0.1065961536991671
0.9051031100067038,-0.549340730522836,-0.2839638757378515,-0.1012116158541321
0.9020542008371804,-0.5503978749427899,-0.2842835990232933,-0.0958148863560068
0.899012512140821,-0.5513936759654564,-0.2845374780733011,-0.0904068419493103
0.8959787932492987,-0.5523283994063481,-0.2847262146407868,-0.0849883453805264
0.892953777547439,-0.5532023234784063,-0.2848505228353193,-0.0795602430998979
0.8899381826633491,-0.5540157383297479,-0.284911128743309,-0.0741233656607649
0.8869327096450679,-0.5547689458588883,-0.2849087700657375,-0.0686785262877511
0.8839380437731733,-0.5554622590827165,-0.2848441957094467,-0.0632265223856457
0.8809548517366873,-0.5560960023446518,-0.2847181652917451,-0.0577681304188236
0.8779837851224209,-0.5566705100470982,-0.2845314487599926,-0.0523041122697008
0.8750254804085233,-0.5571861263659873,-0.2842848261166746,-0.0468352153092464
0.8720805580596567,-0.5576432051011854,-0.2839790870400291,-0.0413621707926896
0.8691496190561757,-0.5580421097528422,-0.2836150300474098,-0.0358856873916163
0.8662332488419061,-0.5583832124061222,-0.2831934623815222,-0.0304064584817908
0.86333201627992,-0.5586668935114943,-0.2827151995028558,-0.0249251602071283
0.8604464725198968,-0.5588935415521299,-0.2821810644337864,-0.0194424493026099
0.8575771536925385,-0.5590635523900891,-0.2815918877853315,-0.0139589681677015
0.8547245760073092,-0.5591773291527741,-0.280948506315156,-0.0084753354628558
0.8518892426859984,-0.5592352814190037,-0.280251763913077,-0.0029921593165354
0.849071637003393,-0.559237825087674,-0.2795025095844697,0.0024899761109218
0.8462722243696329,-0.5591853816829098,-0.278701597260591,0.0079705068148692
0.8434861283950231,-0.5590781199955803,-0.2778482006285123,0.0134594112595088
0.8407135741877005,-0.5589161381793346,-0.2769427894183059,0.0189567777980238
0.8379550439848941,-0.5586995412005135,-0.2759859166653227,0.024462185553795
0.8352110101544225,-0.5584284381760034,-0.2749781448501955,0.0299752254610353
0.8324819413705133,-0.5581029428937309,-0.2739200481988192,0.035495487676926
0.8297682958638087,-0.5577231731627297,-0.2728122103391311,0.0410225748864289
0.8270705248284013,-0.5572892510762534,-0.2716552255944378,0.0465560952544045
0.8243890752286687,-0.5568013035950669,-0.2704497004287158,0.0520956563185267
0.8217243836254277,-0.5562594615832911,-0.2691962509333401,0.0576408773643697
0.8190768786000937,-0.5556638600917397,-0.2678955038647287,0.063191384253053
0.816446981525443,-0.5550146385373781,-0.266548097127562,0.0687468075204743
0.8138351029530997,-0.5543119397696504,-0.2651546779784169,0.074306789752195
0.8112416477146597,-0.5535559113015118,-0.263715905702967,0.0798709745358328
0.808667009568188,-0.5527467038363857,-0.2622324488160873,0.0854390175838732
0.806111575462059,-0.5518844724293076,-0.2607049874323652,0.091010577342598
0.8035757215242939,-0.5509693751670127,-0.2591342109785872,0.0965853234018509
0.8010598152926909,-0.5500015737674494,-0.2575208194592993,0.1021629314355911
0.7985642147877157,-0.5489812331755335,-0.2558655228894928,0.1077430849752332
0.7960892690508529,-0.5479085216866465,-0.2541690416300677,0.1133254739573453
0.7936353157064638,-0.5467836097563671,-0.2524321046587154,0.1189098000002002
0.7912026839843946,-0.5456066711581292,-0.2506554515644379,0.1244957693752471
0.7887916926192905,-0.5443778819299616,-0.2488398310363498,0.1300830975235105
0.7864026485576485,-0.5430974194449194,-0.2469859997040413,0.1356715119317402
0.7840358522763917,-0.5417654650822656,-0.2450947261570072,0.1412607394938432
0.7816915887571757,-0.540382199104834,-0.2431667837406859,0.1468505275118465
0.7793701362629959,-0.5389478052966786,-0.2412029573537294,0.152440622869057
0.7770717600165612,-0.5374624670922322,-0.2392040381713733,0.1580307868669585
0.774796716352165,-0.5359263698514705,-0.2371708269507866,0.1636207851134276
0.7725452487632863,-0.5343396980197535,-0.2351041303919374,0.1692103970172861
0.7703175904515875,-0.5327026364528754,-0.2330047631235151,0.1747994094994543
0.7681139633772766,-0.5310153694566564,-0.2308735466275042,0.1803876192329647
0.7659345793368675,-0.5292780812888513,-0.2287113100521475,0.1859748298173754
0.7637796369728201,-0.5274909534150556,-0.2265188869883791,0.1915608593829459
0.7616493260049508,-0.5256541675091196,-0.2242971194039044,0.1971455296889067
0.7595438228542468,-0.5237679014175192,-0.2220468529048104,0.2027286774414538
0.7574632926199947,-0.5218323302354486,-0.2197689383443792,0.2083101492805764
0.7554078905403375,-0.5198476272481849,-0.2174642331375563,0.213889797840006
0.7533777587950212,-0.5178139604119415,-0.2151335973849947,0.2194674904136188
0.7513730297697736,-0.515731494936872,-0.2127778971461358,0.2250431002008401
0.7493938224897625,-0.5136003890759288,-0.2103979999165977,0.2306165162718836
0.7474402452671981,-0.5114207961085291,-0.2079947772281362,0.2361876364827616
0.7455123952122262,-0.5091928632035154,-0.2055691036742062,0.2417563689829271
0.7436103595487872,-0.5069167323180969,-0.2031218581801805,0.247322628547467
0.7417342117157362,-0.5045925348095086,-0.2006539185430122,0.2528863482053239
0.739884015122133,-0.5022203949681958,-0.198166165670906,0.2584474686795701
0.7380598218381804,-0.4998004276240522,-0.1956594814163732,0.2640059425152407
0.7362616717092136,-0.4973327359295728,-0.19313474675079,0.2695617372636664
0.7344895953564008,-0.4948174144189447,-0.1905928453796689,0.2751148266993051
0.7327436108803663,-0.4922545434453321,-0.1880346585519159,0.2806652014595729
0.7310237248336215,-0.4896441891519382,-0.1854610656806154,0.2862128667817732
0.7293299348127004,-0.4869864061973309,-0.1828729476047463,0.2917578347203115
0.7276622263059926,-0.4842812317187194,-0.180271181256591,0.297300134912102
0.7260205748040354,-0.4815286871443329,-0.1776566421506417,0.3028398084724206
0.7244049431885122,-0.4787287722485435,-0.1750301994888417,0.3083769176465835
0.7228152874469921,-0.4758814733195609,-0.1723927246536793,0.3139115271928798
0.721251548673331,-0.4729867473980855,-0.1697450773589401,0.3194437328842394
0.7197136604515647,-0.4700445333502057,-0.1670881169580789,0.3249736370848674
0.7182015449491097,-0.4670547428097383,-0.1644226951296192,0.3305013635057675
0.7167151153739506,-0.4640172626514759,-0.1617496592516845,0.3360270496298939
0.7152542728702694,-0.460931946291359,-0.1590698459453185,0.3415508595764638
0.7138189093765342,-0.4577986166772452,-0.1563840851494556,0.3470729751965455
0.7124089074138069,-0.454617063179427,-0.1536931988468742,0.3525935983472711
0.7110241365529476,-0.4513870302438846,-0.1509979931580521,0.3581129667781189
0.7096644611644731,-0.4481082317059643,-0.1482992721651783,0.3636313255625523
0.708329731308686,-0.4447803257395788,-0.1455978190139247,0.3691489656585228
0.707019790327901,-0.4414029286817519,-0.1428944095994316,0.3746661958567197
0.7057344690171603,-0.4379755958921152,-0.1401897994704849,0.3801833696144321
0.7044735895321266,-0.434497826317389,-0.1374847303234538,0.3857008720074413
0.7032369639200983,-0.430969053018758,-0.1347799254935087,0.3912191293087099
0.7020243939959349,-0.4273886362801479,-0.1320760880125364,0.3967386135070848
0.7008356708680428,-0.4237558548197529,-0.1293738977262682,0.4022598489667435
0.699670575782123,-0.4200699000988713,-0.1266740112540764,0.4077834135347641
0.6985288805503322,-0.4163298688539948,-0.1239770610615851,0.4133099417242172
0.6974103439120843,-0.4125347408457545,-0.1212836446343586,0.4188401485338304
0.6963147149972249,-0.4086833781454991,-0.1185943300951049,0.424374820004895
0.6952417312577677,-0.4047745050030663,-0.1159096486532719,0.4299148312136506
0.6941911193554001,-0.4008066958501393,-0.1132300939019254,0.4354611507501861
0.6931625926478987,-0.3967783485413766,-0.1105561122514288,0.4410148641622539
0.6921558537835875,-0.3926876743156808,-0.1078881060585416,0.4465771718837448
0.6911705923096624,-0.3885326660182114,-0.1052264236985254,0.4521494150728393
0.6902064863437413,-0.3843110791827567,-0.1025713599273109,0.4577330810458392
0.6892632013021859,-0.3800203975449243,-0.0999231481286096,0.4633298267627018
0.6883403938547908,-0.3756578182987491,-0.0972819669240375,0.4689414732043919
0.687437709896992,-0.3712202070181144,-0.0946479301171985,0.4745700361094648
0.6865547934709775,-0.3667041020678252,-0.092021108478751,0.4802176900067136
0.685691288927022,-0.3621056874062008,-0.0894015335540318,0.4858867707903972
0.6848468583967636,-0.3574208491534052,-0.0867892497878244,0.491579673473568
0.6840211978511466,-0.3526452427049338,-0.0841843683494262,0.4972987422224261
0.6832140756880478,-0.3477745198277046,-0.0815872003785106,0.5030459786336626
0.6824253838779657,-0.342804699907656,-0.0789984474564506,0.5088226060145594
0.6816552291471126,-0.3377329111250906,-0.0764195495894672,0.514628251049823
0.6809040587105492,-0.3325585745019888,-0.0738531931167034,0.5204597077065887
0.6801728331863889,-0.3272852521306886,-0.0713040437427309,0.5263090964459377
0.6794632039316229,-0.3219230189857256,-0.0687795795447347,0.5321616561081577
0.6787775902047812,-0.3164906251978459,-0.0662906475515943,0.5379940159722443
0.6781189843362405,-0.3110158097479141,-0.0638510498976744,0.5437746342182208
0.6774903771048002,-0.3055320335245091,-0.0614755978207391,0.5494679435631095
0.6768939952407821,-0.3000721337223458,-0.0591771658250379,0.5550412413109487
0.6763307815426386,-0.2946622394956851,-0.0569643454148744,0.5604706326582058
0.6758003748194444,-0.289319093888431,-0.0548408708686306,0.5657430169423128
0.675301459381494,-0.2840509271228114,-0.0528065551587086,0.5708544171046405
0.6748321925174477,-0.2788599211312204,-0.05085871428182,0.5758069313562343
0.6743905359594914,-0.2737446299887709,-0.0489933782883876,0.5806059988053989
0.673974458271485,-0.26870173556544,-0.0472060927583367,0.5852585238395236
0.6735820352411236,-0.263727100152452,-0.0454923610181565,0.5897718059818748
0.6732114942748533,-0.2588163986549007,-0.0438478795390953,0.5941529405502909
0.6728612230639268,-0.2539654208609587,-0.0422686297180991,0.5984085622686133
0.6725297624644547,-0.2491702023553896,-0.0407509000420895,0.6025447598277106
0.6722157955071696,-0.2444271026300494,-0.0392912866663422,0.6065670435646003
0.6719181313688892,-0.2397327929195104,-0.0378866650524152,0.6104803919061412
0.6716356916392372,-0.2350842500203112,-0.0365341656986492,0.6142892895911534
0.6713674973236108,-0.2304787350726219,-0.0352311475678154,0.6179977754297579
0.6711126563233222,-0.2259137517776929,-0.0339751683719258,0.6216095027764833
0.670870354241868,-0.2213870362194758,-0.0327639663497823,0.6251277708252789
0.6706398451060087,-0.2168965242714944,-0.0315954377978562,0.6285555709266689
0.6704204431490159,-0.2124403163408822,-0.0304676162743221,0.631895631278781
0.6702115173580043,-0.208016678726154,-0.0293786629396569,0.6351504312873331
0.6700124847041367,-0.2036240035124153,-0.0283268477047404,0.6383222450920477
0.6698228056700124,-0.1992608009436213,-0.0273105400065643,0.6414131585145408
0.6696419802062612,-0.1949256909411654,-0.0263282001515792,0.6444250855591301
0.6694695437144105,-0.1906173845379462,-0.0253783692017159,0.647359790675508
0.6693050639321166,-0.1863346767655274,-0.0244596623204926,0.6502189016489293
0.6691481378930204,-0.1820764329390495,-0.0235707613178164,0.6530039259410142
0.6689983894580457,-0.1778415816841668,-0.0227104092814763,0.6557162614363831
0.6688554673354672,-0.1736291153277862,-0.0218774071028485,0.6583572018809993
0.6687190428030666,-0.1694380759437704,-0.0210706074726772,0.6609279509048439
0.6685888081011111,-0.1652675549331484,-0.0202889119969154,0.6634296267561217
0.6684644746963129,-0.1611166838477216,-0.0195312669039559,0.6658632719666249
0.6683457719609158,-0.1569846335781451,-0.0187966606254051,0.6682298574429598
0.6682324459054156,-0.152870611695864,-0.018084121204466,0.6705302874303103
0.6681242579482503,-0.14877385708841,-0.017392713437219,0.6727654056482409
0.6680209839052623,-0.1446936388288501,-0.0167215369404075,0.6749359987050632
0.6679224131531423,-0.1406292591023057,-0.0160697249765665,0.6770427972923027
0.6678283474310429,-0.1365800381558722,-0.0154364405153193,0.6790864865245043
0.667738600297722,-0.1325453225497306,-0.0148208762296444,0.6810677037247365
0.6676529964201917,-0.1285244852032213,-0.0142222531549046,0.682987040712998
0.6675713708213852,-0.1245169209331475,-0.0136398187632061,0.6848450481296303
0.6674935681310614,-0.1205220385450302,-0.0130728447045414,0.6866422408942953
0.667419442281634,-0.1165392729625779,-0.0125206274955802,0.6883790943893867
0.667348855793486,-0.1125680752063688,-0.011982486047929,0.6900560508294595
0.667281679461003,-0.1086079214698791,-0.0114577619289412,0.6916735171175608
0.6672177916401298,-0.1046582977283748,-0.0109458163631286,0.6932318729274983
0.6671570779663033,-0.1007187062754254,-0.0104460302813205,0.6947314692986336
0.6670994311348433,-0.0967886769586249,-0.0099578048625635,0.696172626074536
0.6670447502057344,-0.0928677451563341,-0.0094805579294451,0.6975556417750298
0.6669929405637561,-0.0889554714429029,-0.0090137256227733,0.6988807877852278
0.6669439134137368,-0.0850514282500225,-0.0085567599918773,0.7001483146752502
0.6668975854949696,-0.0811551990006847,-0.0081091282102653,0.7013584536049869
0.6668538789928034,-0.0772663933970545,-0.0076703136211356,0.7025114129730909
0.6668127210787606,-0.0733846306344489,-0.0072398130932654,0.7036073851858807
0.6667740437656728,-0.0695095468636956,-0.0068171372133648,0.7046465456666505
0.6667377836141573,-0.0656407877081901,-0.0064018088173419,0.7056290561826745
0.6667038816050913,-0.0617780155177966,-0.0059933631554796,0.7065550640996234
0.6666722829493272,-0.0579209103077615,-0.0055913473448408,0.7074247036271522
0.6666429368405143,-0.0540691616270766,-0.005195318902606,0.7082380989891547
0.6666157963159464,-0.0502224705452532,-0.0048048453775641,0.7089953649685451
0.6665908181335404,-0.0463805536189996,-0.0044195041685942,0.709696607264863
0.6665679625986254,-0.0425431385219853,-0.0040388815015776,0.7103419245246904
0.6665471934033419,-0.0387099574581022,-0.0036625712271808,0.7109314103085715
0.6665284775748156,-0.0348807576429351,-0.0032901753115776,0.7114651522189057
0.6665117853110325,-0.0310552904654233,-0.0029213022274617,0.7119432344292
0.6664970899500422,-0.02723332608118,-0.0025555678269824,0.7123657366320842
0.6664843677785679,-0.02341462797963,-0.0021925923673369,0.7127327377916826
0.6664735980472131,-0.0195989747442736,-0.0018320020801215,0.7130443141611414
0.6664647628587331,-0.0157861492259366,-0.0014734276132579,0.7133005411213004
0.6664578471040378,-0.0119759328891355,-0.0011165029930376,0.7135014938250792
0.6664528384394169,-0.0081681170202681,-0.000760866168827,0.7136472468067713
0.6664497272212583,-0.0043624873762518,-0.0004061570695845,0.7137378749829904
0.6664485064944339,-0.0005588337211885,-5.20179939016e-05,0.7137734532471296
0.6664484861312825,2.879882866468203e-11,-8.714343943715466e-12,0.7137740468254454
