3.07144281225401
0.7992974018862326,-1.8024337942568243e-27,-1.0722089660033306e-14,0.362075251738755
0.7992996794929259,0.0012791898334219,0.001289330745341,0.362064682501253
0.7993163614211128,0.0036905677479119,0.003719587937787,0.3619872740327872
0.7993492452673355,0.0061023045809693,0.006149516339334,0.361834705307596
0.7993983579491417,0.0085146232063434,0.0085788890925315,0.3616068923098324
0.799463735688034,0.0109276196885913,0.0110073513293278,0.3613037280671997
0.7995454242247894,0.0133413813832507,0.0134345392952487,0.3609250817239306
0.7996434787083861,0.0157559885231769,0.0158600820492997,0.3604707991404257
0.7997579631866192,0.0181715062156548,0.0182835935520975,0.359940705347119
0.799888950549713,0.0205879895620398,0.0207046779719101,0.359334604903983
0.8000365214287607,0.0230054689719988,0.0231229151726567,0.3586522870965754
0.800200764323978,0.0254239608906935,0.0255378717295915,0.3578935254320029
0.8003817743218486,0.0278434546129985,0.0279490880559303,0.3570580836465138
0.800579652210364,0.0302639099923851,0.0303560765445156,0.3561457198390963
0.800794503686396,0.0326852570677111,0.0327583216926178,0.3551561901426029
0.8010264378273044,0.0351073883553973,0.0351552730358757,0.3540892557340956
0.8012755656042876,0.0375301545624501,0.0375463416310855,0.3529446895762783
0.8015419984210134,0.0399533621597245,0.0399308985084683,0.3517222829546289
0.8018258456188139,0.0423767633352852,0.0423082657788667,0.3504218566463399
0.8021272126217026,0.0448000544785256,0.044677716341225,0.3490432690098319
0.8024461977212104,0.0472228653093057,0.0470384646175916,0.3475864301370412
0.8027828901119038,0.0496447603893165,0.0493896696173193,0.3460513100875048
0.803137365959337,0.0520652274225415,0.0517304253303905,0.3444379558894648
0.8035096853204413,0.0544836746729676,0.0540597602676472,0.3427465043808449
0.8038998884123179,0.0568994256197811,0.0563766345473821,0.3409771977340294
0.8043079923453921,0.0593117182336059,0.0586799416468636,0.3391303965640156
0.8047339872316374,0.0617197015593434,0.0609685077482955,0.3372065955496279
0.8051778338663701,0.0641224421029467,0.0632411005519773,0.3352064316193658
0.8056394593312544,0.0665189187548704,0.0654964272661875,0.3331307012074076
0.8061187556086136,0.0689080342663918,0.0677331483023567,0.3309803636230098
0.8066155783997179,0.0712886257518956,0.0699498898161768,0.3287565433006707
0.8071297462535296,0.0736594748971081,0.0721452557158099,0.3264605304852516
0.8076610413917243,0.0760193239401371,0.0743178446806513,0.3240937742266251
0.8082092109605066,0.0783668906024101,0.0764662657086834,0.3216578734692682
0.8087739703477419,0.0807008887730769,0.0785891583568437,0.3191545590435365
0.8093550064143379,0.0830200450450336,0.0806852084808549,0.3165856762487643
0.8099519829736929,0.0853231207666977,0.0827531682453784,0.3139531577744754
0.8105645451891932,0.0876089260123641,0.0847918680493059,0.3112590017966861
0.8111923244213834,0.0898763325416234,0.086800226912205,0.3085052484785057
0.8118349448665195,0.0921242904769566,0.088777265489641,0.3056939490698194
0.8124920274550038,0.0943518326680226,0.0907221075873901,0.3028271475130812
0.8131631956553815,0.0965580842309125,0.0926339858124338,0.299906854151633
0.8138480773287784,0.0987422577417991,0.094512234402211,0.2969350370732145
0.8145463106930024,0.1009036614907973,0.0963562931949349,0.293913595931341
0.8152575443905767,0.1030416885392997,0.0981656949440864,0.290844361699755
0.8159814405190445,0.1051558157826271,0.0999400613193245,0.287729083790914
0.8167176752791648,0.1072455961614661,0.1016790931579028,0.2845694276788482
0.8174659402499127,0.1093106535031128,0.1033825631090489,0.2813669699574541
0.818225941821687,0.1113506729844506,0.1050503048522402,0.2781232013963362
0.8189974016936221,0.1133653955353139,0.1066822058402179,0.2748395254803091
0.819780055393777,0.1153546078697427,0.108278196739394,0.2715172654017438
0.8205736533255767,0.1173181399640368,0.1098382471629835,0.2681576602984457
0.8213779571911981,0.1192558516810796,0.1113623529813673,0.2647618810760405
0.82219274141815,0.1211676327999493,0.1128505346166694,0.2613310249619626
0.8230177909667831,0.1230533946839277,0.1143028289013985,0.2578661253434939
0.8238529009311792,0.1249130669611022,0.1157192851224527,0.2543681539614477
0.8246978749327302,0.1267465919597498,0.1170999595331766,0.25083802811553
0.8255525250391587,0.1285539230195174,0.1184449130066215,0.2472766114144934
0.8264166697747372,0.1303350190488477,0.1197542060237594,0.2436847224401419
0.8272901337307004,0.1320898429565845,0.1210278967439814,0.240063136652867
0.8281727473489993,0.133818360567691,0.1222660395038472,0.2364125875495637
0.8290643450143289,0.135520536431619,0.1234686811928049,0.2327337747702839
0.8299647648047368,0.1371963332309231,0.1246358603644234,0.2290273652618675
0.8308738489443424,0.1388457124898428,0.1257676072722255,0.2252939915371577
0.8317914403945289,0.1404686283873987,0.1268639392395662,0.221534265751755
0.8327173860646581,0.1420650337181903,0.1279248644400303,0.2177487665476004
0.8336515325418109,0.1436348725402925,0.1289503766675172,0.2139380565438386
0.834593728173026,0.1451780841547537,0.1299404578177853,0.2101026737565046
0.835543821421471,0.1466946006219733,0.1308950760726672,0.206243138235825
0.8365016604980715,0.1481843465914598,0.1318141856853897,0.202359953441997
0.8374670937871417,0.1496472403463427,0.1326977275181235,0.1984536043820023
0.8384399691141249,0.1510831930020871,0.133545628430013,0.1945245604250332
0.8394201321981735,0.1524921066660408,0.1343578001471504,0.1905732813534491
0.8404074284863017,0.1538738775602009,0.1351341410585312,0.1866002097383043
0.8414017009286372,0.1552283932170405,0.1358745345548044,0.1826057796710291
0.8424027905871243,0.1565555338208862,0.1365788498042532,0.1785904140353614
0.8434105370640097,0.157855173128581,0.1372469422060803,0.174554522511198
0.8444247759311381,0.1591271755390112,0.1378786518810462,0.1704985115628847
0.8454453420071852,0.1603714006813127,0.1384738060192304,0.1664227709871061
0.8464720655019545,0.1615876989394763,0.1390322166581198,0.1623276889818752
0.8475047737245026,0.162775914032066,0.1395536820193424,0.1582136449299393
0.8485432921665872,0.1639358845031998,0.1400379871135631,0.1540810047011705
0.849587441620892,0.1650674407218233,0.1404849024274731,0.1499301317156239
0.8506370383552618,0.1661704055703643,0.1408941843575713,0.1457613857865097
0.8516918966985519,0.1672445974651454,0.1412655763553096,0.1415751123855267
0.8527518262345888,0.1682898276008675,0.1415988078446165,0.1373716533077265
0.8538166321197962,0.1693059006263704,0.1418935945329871,0.1331513448876298
0.854886116121852,0.1702926158682303,0.1421496387606917,0.1289145133424901
0.8559600748876629,0.1712497658901759,0.1423666290605223,0.1246614810688539
0.8570383005203178,0.1721771372863333,0.1425442403943378,0.1203925637555662
0.858120580740875,0.1730745109857731,0.1426821341656067,0.1161080691150301
0.8592066993999081,0.1739416627594843,0.1427799581705721,0.1118082941959279
0.860296435280862,0.1747783623069528,0.1428373463250536,0.107493529419002
0.8613895613231894,0.1755843728235645,0.1428539186052462,0.1031640609132211
0.8624858464590306,0.1763594524739189,0.1428292810017972,0.0988201624611636
0.8635850582790444,0.1771033560359263,0.1427630249361968,0.0944620840873799
0.8646869583319703,0.1778158313672054,0.1426547268698237,0.0900900697724737
0.865791300191481,0.1784966183407711,0.1425039484874839,0.0857043641888323
0.8668978330323605,0.1791454512275775,0.1423102361937241,0.0813051975182148
0.8680062998562936,0.1797620574865348,0.1420731209626586,0.0768927914253087
0.8691164397793445,0.1803461588983758,0.1417921174191697,0.0724673488054439
0.8702279851778317,0.1808974697576065,0.1414667239054344,0.068029063909624
0.8713406643526032,0.1814156980090609,0.1410964211924066,0.0635781103925233
0.8724541986788356,0.1819005435201286,0.1406806726251792,0.0591146512621027
0.8735683048246945,0.1823516987800383,0.1402189226555999,0.0546388284675258
0.8746826931792829,0.1827688477596642,0.1397105965239309,0.0501507675231179
0.8757970684756499,0.1831516657013592,0.1391550990697567,0.0456505732046791
0.8769111285404718,0.1834998181517096,0.1385518143059674,0.0411383326451536
0.8780245642381561,0.1838129604522807,0.1379001044475511,0.0366141134878204
0.8791370587093469,0.1840907369770527,0.1371993092632911,0.0320779647423217
0.880248286720918,0.184332780430225,0.1364487453905159,0.0275299170491207
0.881357914337153,0.1845387112091938,0.1356477054158852,0.0229699814686764
0.8824655968307971,0.184708136468249,0.134795458259219,0.0183981553526107
0.8835709766006515,0.1848406494655446,0.1338912499628186,0.0138144281783759
0.8846736814550656,0.1849358292241082,0.1329343045917812,0.0092187858762539
0.8857733216040293,0.1849932403715367,0.1319238267139444,0.0046112205894919
0.8868694852276684,0.1850124334846659,0.1308590061043244,-8.253317319e-06
0.8879617349779352,0.1849929462421473,0.1297390228188634,-0.004639586672526
0.8890497754613035,0.1849342929305504,0.1285628637692915,-0.0092834146237372
0.8901332135303067,0.1848359610588462,0.1273295563118148,-0.0139400503876485
0.89121140798639,0.1846974474016676,0.1260383738773491,-0.0186088254384343
0.8922836483286173,0.184518268665186,0.1246886751897814,-0.0232888374108735
0.8933491420233458,0.1842979758702299,0.1232799410147694,-0.0279788841274659
0.8944070026204606,0.1840361726482283,0.1218118170031756,-0.0326773958596976
0.895456236233419,0.1837325384910816,0.1202841669741174,-0.0373823536708169
0.8964957302148626,0.1833868566946069,0.1186971326626303,-0.0420912093492784
0.8975242421830288,0.1829990477884229,0.1170512032817596,-0.0468007974502846
0.8985404043437629,0.1825692024707187,0.1153472706255431,-0.0515073073030389
0.8995427255201833,0.1820976184966896,0.1135866943804314,-0.0562062360715154
0.9005296153522975,0.1815848294951471,0.1117713338382782,-0.060892437615797
0.9014994175178228,0.1810316261502584,0.109903559320015,-0.065560212293302
0.9024504604243484,0.1804390606639506,0.1079862194767586,-0.0702034843017301
0.9033811149842116,0.1798084343669534,0.1060225736351076,-0.0748160256894389
0.9042898589658775,0.1791412644294999,0.104016182047727,-0.0793917324686411
0.9051753330587532,0.178439236980328,0.1019707799133572,-0.0839248855688398
0.9060363867817398,0.17770414905653,0.0998901404227602,-0.0884103885786021
0.9068721039767464,0.1769378508574837,0.097777955811029,-0.0928439275093092
0.907681812147734,0.176142190787624,0.0956377365058468,-0.0972220677283245
0.9084650703153004,0.1753189749018059,0.093472753566411,-0.1015422507739386
0.9092216503710971,0.1744699328611343,0.0912859969489915,-0.1058027618642753
0.9099515058742343,0.1735967009967051,0.0890801740586941,-0.1100026276681359
0.910654741712819,0.1727008118541577,0.0868577179506936,-0.1141415119814412
0.9113315838608363,0.171783691807664,0.0846208090010614,-0.1182196027339474
0.9119823512295834,0.17084666488591,0.0823714052304587,-0.1222374998438555
0.9126074328635544,0.1698909577863166,0.0801112696619584,-0.1261961235118236
0.9132072682714988,0.1689177077565295,0.0778419998422231,-0.1300966310079338
0.9137823322046394,0.1679279701962913,0.075565052869234,-0.1339403515110245
0.914333122177752,0.1669227272493914,0.0732817697857352,-0.1377287299778141
0.914860149883119,0.1659028941095348,0.0709933925193263,-0.1414632896081449
0.9153639332231094,0.1648693278074242,0.0687010848112976,-0.1451455922431961
0.9158449927557548,0.1638228302438015,0.0664059390765688,-0.1487772249838462
0.9163038469562302,0.1627641555133989,0.0641089920965804,-0.1523597746577827
0.9167410097665049,0.1616940143322573,0.0618112336276324,-0.1558948154910761
0.9171569889454368,0.1606130777901822,0.0595136132039828,-0.159383900614309
0.9175522850747608,0.1595219803073965,0.057217045040754,-0.1628285571078251
0.917927390570041,0.1584213232545038,0.0549224142082925,-0.1662302795465205
0.9182827893243112,0.1573116774287217,0.05263058028719,-0.1695905276330094
0.918618956515452,0.1561935853539494,0.0503423806386561,-0.1729107244778052
0.918936358643325,0.1550675630489488,0.0480586325910121,-0.1761922564531284
0.919235453589806,0.1539341017995685,0.0457801356742821,-0.1794364728935502
0.9195166905725722,0.1527936704948783,0.0435076750015321,-0.1826446840989177
0.919780510797187,0.1516467152032458,0.041242019180555,-0.1858181669515638
0.9200273472317052,0.1504936621345489,0.0389839250588902,-0.1889581606980864
0.9202576251446546,0.1493349174252935,0.036734136197446,-0.1920658714353406
0.9204717621311695,0.1481708690503405,0.0344933856015649,-0.1951424704800493
0.9206701684646786,0.1470018871269479,0.0322623953533546,-0.1981890969081474
0.9208532474068176,0.1458283240281355,0.0300418759904671,-0.2012068602485913
0.9210213950936929,0.1446505170681487,0.0278325308021379,-0.2041968363682713
0.9211750011222029,0.1434687866027398,0.0256350514894409,-0.2071600749799145
0.9213144484599228,0.1422834382727084,0.0234501217221726,-0.2100975963007449
0.9214401136086492,0.1410947637599392,0.0212784178712197,-0.213010391475025
0.9215523669296828,0.1399030396506418,0.019120606348615,-0.2158994274359989
0.921651572541153,0.1387085301692459,0.0169773480600866,-0.2187656421397015
0.9217380886966648,0.1375114847443772,0.0148492935256829,-0.221609952224338
0.92181226767372,0.1363121407524284,0.0127370873952265,-0.2244332480264762
0.9218744559155128,0.1351107237452916,0.0106413683965834,-0.2272363946490216
0.9219249942236042,0.1339074456951897,0.0085627659210724,-0.2300202374683561
0.9219642176788114,0.1327025083284948,0.0065019055156118,-0.2327855956790613
0.921992455829086,0.1314961008537464,0.004459404653503,-0.2355332688046097
0.9220100326876844,0.1302884017080813,0.0024358755000875,-0.2382640338055897
0.9220172668064868,0.1290795786767835,0.00043192487193,-0.2409786459041958
0.9220144713303234,0.1278697882635239,-0.0015518469826497,-0.2436778409899603
0.9220019522002892,0.1266590486263353,-0.0035150513239648,-0.246362617426461
0.9219800016134992,0.1254471625847343,-0.005457621752165,-0.2490343982441951
0.9219489063572668,0.1242342489798726,-0.0073789577310482,-0.2516938589913121
0.9219089484944712,0.1230204189997389,-0.0092784584351431,-0.2543416529761323
0.9218604054102156,0.1218057751935641,-0.0111555243934084,-0.2569784140988482
0.9218035498275352,0.1205904109351205,-0.0130095582963198,-0.2596047585847953
0.921738649883916,0.1193744114783281,-0.0148399633141004,-0.2622212832119637
0.92166596916386,0.1181578537614979,-0.0166461433458634,-0.264828566219527
0.9215857667446388,0.11694080660572,-0.0184275026314647,-0.2674271673133906
0.921498297259637,0.1157233311191523,-0.0201834450534847,-0.2700176271945024
0.9214038109633031,0.1145054810012362,-0.0219133735939244,-0.2726004672682598
0.921302553688658,0.1132873015259458,-0.023616691626797,-0.2751761921068776
0.921194767089168,0.1120688320395248,-0.0252927992417457,-0.2777452844295803
0.921080688534475,0.1108501040659515,-0.0269410957643815,-0.2803082093489827
0.9209605512776524,0.1096311427063741,-0.0285609776429972,-0.2828654116067347
0.9208345844543502,0.1084119660705905,-0.0301518390451909,-0.2854173169223394
0.9207030132827064,0.1071925866930477,-0.0317130698259944,-0.2879643291399445
0.9205660589806012,0.1059730101595428,-0.0332440571451682,-0.2905068331749461
0.9204239389857576,0.1047532366011301,-0.0347441833624946,-0.2930451919207322
0.9202768670365948,0.1035332607511934,-0.0362128258489171,-0.2955797461258828
0.9201250532785504,0.1023130722089224,-0.0376493565483309,-0.2981108137967428
0.9199687043362036,0.1010926554058705,-0.0390531419031218,-0.3006386901717037
0.9198080235504472,0.0998719908256153,-0.0404235413710623,-0.3031636450567097
0.9196432110936382,0.098651055159771,-0.0417599072862457,-0.3056859223280861
0.9194744640120748,0.0974298209452437,-0.0430615852910471,-0.3082057404576078
0.9193019765539134,0.0962082582675562,-0.0443279125941696,-0.3107232887276822
0.9191259403599256,0.0949863353356423,-0.045558217655474,-0.3132387257439835
0.9189465445682056,0.0937640184485625,-0.0467518205775027,-0.3157521791569732
0.9187639762723184,0.0925412743524525,-0.0479080312917688,-0.3182637404291225
0.918578420575306,0.0913180697741477,-0.0490261507561672,-0.3207734653793451
0.9183900610123192,0.0900943734382495,-0.050105469960475,-0.3232813695933803
0.9181990798064534,0.0888701569225753,-0.0511452703454249,-0.3257874262032077
0.9180056583816584,0.0876453971526016,-0.0521448231514525,-0.3282915603011592
0.9178099776189264,0.0864200772266167,-0.0531033906330423,-0.3307936467792806
0.9176122183456362,0.0851941887505206,-0.054020226443922,-0.3332935050990271
0.9174125619017944,0.0839677346479955,-0.0548945762969188,-0.3357908931418297
0.9172111905381408,0.0827407309733747,-0.0557256800184196,-0.3382855031660868
0.9170082880374324,0.0815132101811933,-0.056512773248476,-0.3407769548994728
0.9168040403366432,0.0802852244895576,-0.0572550899825214,-0.3432647885936112
0.9165986359237296,0.0790568480374721,-0.0579518667272605,-0.3457484607123565
0.9163922666999554,0.0778281820299009,-0.0586023458414964,-0.3482273338138064
0.9161851282362468,0.0765993564883743,-0.0592057818945457,-0.3507006736060514
0.9159774206886644,0.0753705362201909,-0.0597614468611999,-0.3531676378627927
0.9157693489482628,0.0741419225751305,-0.0602686386345711,-0.3556272742791044
0.9155611229358696,0.0729137564696196,-0.0607266897743961,-0.3580785162603634
0.9153529578912544,0.0716863218069862,-0.0611349771035849,-0.3605201784985145
0.9151450738799878,0.070459944745888,-0.0614929334839179,-0.3629509614322265
0.9149376958925072,0.0692349969316756,-0.06180005867715,-0.3653694484551311
0.9147310526283186,0.0680118914211628,-0.0620559325003421,-0.3677741182525555
0.9145253756752636,0.0667910813295246,-0.0622602266088928,-0.3701633522933357
0.9143208977809772,0.0655730534040173,-0.0624127164166237,-0.3725354527853433
0.9141178513301786,0.0643583229839703,-0.0625132911540768,-0.3748886582425039
0.9139164659014984,0.063147423478168,-0.0625619624948943,-0.3772211698835455
0.9137169661658652,0.0619408976720402,-0.0625588701852499,-0.3795311743686117
0.91351956930756,0.0607392857675607,-0.0625042847900917,-0.3818168725260527
0.9133244810703784,0.0595431043092977,-0.0623986058683796,-0.3840765246037252
0.9131318971953232,0.0583528572781227,-0.0622423591098958,-0.386308433797726
0.9129419996354912,0.0571690146264616,-0.0620361894374921,-0.3885109909960632
0.9127549554434712,0.0559920061154542,-0.0617808517427332,-0.3906826893412635
0.912570915267479,0.0548222117314871,-0.0614771986435989,-0.3928221440798201
0.9123900130247212,0.0536599585000777,-0.0611261675056612,-0.3949280994350976
0.9122123660660718,0.0525055196641541,-0.0607287672574948,-0.3969994303199541
0.9120380756709718,0.0513591153760161,-0.0602860654491835,-0.3990351406209507
0.9118672271962776,0.0502209105475466,-0.0597991741330225,-0.4010343658324134
0.91169989113214,0.0490910181607941,-0.0592692378950044,-0.4029963652986713
0.9115361247123857,0.0479695061920234,-0.0586974247123225,-0.4049205079793592
0.9113759725218818,0.0468563977106771,-0.0580849147493295,-0.4068062699113128
0.9112194681823144,0.0457516783145119,-0.0574328938364912,-0.4086532188818904
0.9110666352898564,0.0446552985843051,-0.0567425457074607,-0.4104610076855125
0.910917489058504,0.0435671817560114,-0.056015048633219,-0.4122293587973406
0.9107720367908696,0.0424872232502494,-0.0552515681602793,-0.4139580626368616
0.9106302796073094,0.0414152996331399,-0.0544532571763992,-0.4156469606306359
0.9104922130907492,0.0403512700843155,-0.0536212522283619,-0.4172959408134396
0.9103578277726556,0.0392949767433526,-0.0527566694279448,-0.4189049350821272
0.9102271106044492,0.0382462530693692,-0.0518606076311957,-0.420473904378643
0.9101000450268004,0.0372049216724452,-0.0509341440405203,-0.4220028403589557
0.909976611934851,0.0361707994818483,-0.0499783364155553,-0.4234917560872709
0.909856789835649,0.0351436966731097,-0.0489942204163887,-0.4249406862001216
0.9097405556953296,0.0341234216287461,-0.0479828129433021,-0.4263496785390687
0.909627884788426,0.0331097776221201,-0.0469451079677945,-0.4277187976480044
0.9095187517203994,0.0321025700307823,-0.0458820831077713,-0.4290481138710219
0.9094131299078412,0.0311015999849203,-0.0447946927097044,-0.430337711014678
0.9093109926003756,0.0301066722640215,-0.0436838759607764,-0.4315876751074562
0.9092123123458856,0.0291175888296445,-0.042550549825231,-0.4327981020056552
0.9091170619089542,0.0281341565052794,-0.0413956177238912,-0.4339690871149635
0.9090252138098291,0.0271561812791504,-0.0402199633091979,-0.4351007318939737
0.908936740702692,0.026183470956864,-0.0390244537098787,-0.436193139983354
0.9088516155785658,0.0252158364177984,-0.0378099414848715,-0.4372464153772821
0.9087698115930392,0.0242530887379735,-0.0365772614565981,-0.4382606651571504
0.9086913025395484,0.0232950437814328,-0.0353272369813928,-0.4392359941652804
0.908616062548288,0.0223415179510479,-0.0340606750632516,-0.4401725092043651
0.908544066313272,0.0213923300908008,-0.032778369268704,-0.4410703166396583
0.90847528924661,0.0204473029403964,-0.031481102308143,-0.4419295208351491
0.9084097072237746,0.0195062590702304,-0.0301696410619738,-0.4427502276526083
0.9083472969607708,0.018569025457687,-0.0288447434219557,-0.4435325400191188
0.9082880357950206,0.0176354298933315,-0.0275071539082312,-0.4442765609069086
0.9082319018487958,0.0167053028377486,-0.0261576068407305,-0.4449823914956338
0.9081788740061136,0.0157784766354931,-0.0247968258226273,-0.4456501316391381
0.908128931990377,0.0148547864520734,-0.0234255257196156,-0.4462798790389969
0.9080820562944204,0.0139340686645813,-0.0220444108927487,-0.4468717302527828
0.9080382282617016,0.0130161619533445,-0.0206541773977897,-0.4474257797771599
0.907997430047537,0.012100906173813,-0.0192555118768565,-0.4479421206243471
0.907959644646826,0.0111881424503941,-0.0178490922532725,-0.4484208440427077
0.9079248559832036,0.0102777150900092,-0.0164355912775096,-0.4488620384407922
0.907893048761036,0.0093694675951915,-0.0150156709432874,-0.4492657913037101
0.9078642086480464,0.0084632471934901,-0.0135899900938283,-0.4496321869055963
0.9078383221383162,0.007558900865681,-0.0121591988040472,-0.4499613080652637
0.907815376613378,0.0066562766112529,-0.0107239408970628,-0.4502532353793624
0.9077953604023808,0.0057552259824581,-0.0092848585609774,-0.4505080464554393
0.9077782626438352,0.0048555981741439,-0.0078425834909796,-0.450725817663109
0.9077640734082476,0.003957244662299,-0.0063977448190118,-0.4509066225585235
0.9077527836560216,0.0030600172023949,-0.0049509664730369,-0.4510505323987408
0.9077443852639446,0.0021637700104459,-0.0035028712448213,-0.4511576157773431
0.9077388709845632,0.0012683569587299,-0.002054076815899,-0.4512279391106823
0.907736234460135,0.0003736309061953,-0.000605195199005,-0.4512615664240176
0.9077364702397044,-0.0005205529682343,0.0008431613261619,-0.4512585590933722
0.9077395739676148,-0.001414380696067,0.0022904501331211,-0.4512189733970603
0.9077455462730551,-0.0023084690891923,0.0037368271117095,-0.4511428108722199
0.9077543892836069,-0.0032029614630045,0.0051816802188072,-0.4510300627767178
0.9077661059972586,-0.0040980019077946,0.0066243971430663,-0.450880718093743
0.90778070025925,-0.0049937336905464,0.0080643622138416,-0.4506947638172645
0.9077981767574758,-0.0058903000979431,0.0095009572637981,-0.4504721849957883
0.9078185410570696,-0.0067878463184043,0.0109335641309763,-0.4502129642722068
0.9078417995251936,-0.0076865160996981,0.0123615588014796,-0.4499170828161322
0.9078679594059588,-0.0085864554663016,0.0137843168365296,-0.4495845193387227
0.907897028679286,-0.0094878080228168,0.0152012054337731,-0.4492152518485541
0.907929016269294,-0.0103907221871286,0.0166115943337662,-0.4488092549571795
0.9079639318033522,-0.0112953438756309,0.0180148437999261,-0.448366502885777
0.9080017857168604,-0.0122018204350757,0.0194103103276147,-0.4478869680685426
0.9080425892851024,-0.0131103014567811,0.0207973473554874,-0.4473706206760761
0.9080863544160808,-0.014020934523008,0.0221752982743765,-0.4468174311504682
0.908133093843568,-0.0149338701120395,0.023543503463839,-0.4462273676601754
0.9081828210474056,-0.0158492600242875,0.0249012973525481,-0.4456003969959551
0.908235550254928,-0.0167672577391943,0.0262480084367967,-0.444936484424128
0.9082912962812716,-0.017688016123685,0.0275829554518142,-0.4442355955482439
0.9083500747090296,-0.0186116910518224,0.0289054522097113,-0.4434976938781443
0.9084119017815748,-0.0195384398984151,0.0302148048601554,-0.4427227419860255
0.9084767942181668,-0.0204684193804515,0.0315103084220571,-0.4419107036068923
0.908544769564986,-0.0214017911901296,0.0327912542103769,-0.4410615390025003
0.9086158457842268,-0.0223387165051342,0.0340569216597416,-0.4401752098384246
0.9086900414663188,-0.0232793595484622,0.0353065827882798,-0.4392516762294743
0.908767375566866,-0.0242238847294161,0.0365394978972811,-0.4382908996825579
0.9088478676587546,-0.025172460401599,0.0377549200870162,-0.4372928395870309
0.9089315375120912,-0.026125254399407,0.0389520890147249,-0.4362574580150531
0.909018405354269,-0.0270824378653144,0.0401302354395868,-0.4351847160288822
0.9091084916231298,-0.0280441830975389,0.0412885780794021,-0.4340745762245578
0.909201817145716,-0.0290106661853275,0.042426326398957,-0.4329269999626152
0.90929840274298,-0.0299820635636896,0.0435426760814506,-0.4317419516123483
0.909398269205938,-0.0309585527847444,0.0446368097697351,-0.4305193981345113
0.9095014373236262,-0.0319403137124956,0.0457078981709887,-0.4292593079677156
0.9096079276780455,-0.0329275274659244,0.0467550986270816,-0.4279616526909386
0.9097177606510918,-0.0339203774792567,0.0477775560582472,-0.4266264060074098
0.909830956019734,-0.0349190468888098,0.0487744001363927,-0.4252535476424073
0.9099475329064752,-0.035923719376716,0.0497447462845899,-0.4238430627962921
0.910067509593246,-0.0369345788286655,0.0506876954811724,-0.422394943147917
0.9101909031300924,-0.0379518074296343,0.0516023328079712,-0.4209091901999421
0.910317729427706,-0.0389755879272159,0.0524877299825198,-0.4193858126511611
0.9104480026158168,-0.0400060999374991,0.053342942647204,-0.4178248324649241
0.9105817347322928,-0.0410435192853516,0.0541670108620525,-0.4162262867647906
0.9107189351979046,-0.0420880158551198,0.0549589587251534,-0.4145902321108842
0.9108596109220508,-0.0431397563956034,0.0557177980416302,-0.4129167410657904
0.911003764977182,-0.0441988966514015,0.0564425243611082,-0.4112059156171493
0.9111513962331912,-0.04526558119584,0.0571321197189951,-0.4094578888943979
0.9113024992770477,-0.0463399452983048,0.0577855567449312,-0.4076728233307045
0.9114570628318436,-0.0474221061963959,0.0584017966287223,-0.4058509263505545
0.9116150690482684,-0.0485121611018166,0.0589797926857564,-0.4039924554369656
0.9117764930263916,-0.0496101868715296,0.0595184953235283,-0.4020977202830553
0.9119413013972796,-0.0507162333576703,0.0600168544987634,-0.4001670957820132
0.912109451029016,-0.051830317980015,0.0604738243810347,-0.3982010332966546
0.9122808882847888,-0.0529524241209288,0.0608883708003037,-0.3962000652895435
0.9124555476427354,-0.0540824953082588,0.0612594779024402,-0.3941648173031757
0.912633350415325,-0.0552204301514399,0.0615861565235912,-0.3920960186903889
0.9128142042871448,-0.0563660824178565,0.0618674550300414,-0.3899945038446428
0.9129980015892024,-0.0575192528237445,0.0621024686265624,-0.3878612282519432
0.9131846187616256,-0.0586796881838131,0.0622903517072594,-0.3856972709353112
0.9133739166236118,-0.0598470850319683,0.06243033074771,-0.383503827923233
0.9135657392107696,-0.0610210837737767,0.0625217155513191,-0.3812822228159334
0.9137599148626248,-0.0622012761239193,0.062563911893847,-0.3790338918714929
0.9139562570164124,-0.0633872098441669,0.0625564320133252,-0.3767603732171008
0.9141545657598368,-0.0645783972523886,0.0624989032227261,-0.3744632880354783
0.9143546306102368,-0.0657743302105303,0.0623910731886655,-0.3721443083075074
0.9145562294761608,-0.0669744715500249,0.0622328145533832,-0.3698051695389076
0.9147591331284506,-0.0681782789019722,0.062024124902589,-0.3674476203568641
0.9149631070424696,-0.069385212174776,0.0617651241626187,-0.3650734031133325
0.9151679142871412,-0.0705947469165562,0.0614560481028903,-0.3626842227258904
0.9153733176258594,-0.0718063828388325,0.0610972397493512,-0.3602817248756365
0.915579081577356,-0.0730196521440644,0.0606891385556355,-0.3578674747072057
0.9157849738602796,-0.0742341244155801,0.0602322687977606,-0.3554429426143467
0.9159907670392308,-0.0754494130264868,0.0597272261166267,-0.3530094873838062
0.9161962390363336,-0.07666517528393,0.0591746655976069,-0.3505683523118956
0.9164011737013952,-0.0778811133916151,0.0585752895646192,-0.3481206602552923
0.9166053610378097,-0.079096973873917,0.0579298362294741,-0.345667412306189
0.9168085969401324,-0.0803125445812481,0.0572390701753064,-0.3432094918764813
0.9170106830355828,-0.0815276527579194,0.056503773160832,-0.3407476671396531
0.9172114261576704,-0.0827421613188937,0.0557247368599263,-0.3382825975290326
0.9174106376540484,-0.0839559644544289,0.054902757208222,-0.3358148419948937
0.9176081328473557,-0.0851689844312021,0.0540386291331755,-0.3333448651597751
0.9178037303342964,-0.0863811676365759,0.0531331428338679,-0.3308730452708075
0.9179972512183512,-0.0875924803578372,0.0521870813672156,-0.3283996829071483
0.918188518676802,-0.0888029067561339,0.0512012175151401,-0.3259250053680473
0.9183773572942708,-0.0900124454924505,0.0501763124423265,-0.3234491739198785
0.9185635923085286,-0.0912211057930486,0.0491131157167384,-0.3209722922803884
0.9187470492942296,-0.0924289063182138,0.0480123636553617,-0.3184944094174272
0.9189275535910996,-0.0936358724006626,0.0468747795866212,-0.3160155257081281
0.9191049299308696,-0.0948420345496036,0.0457010734967154,-0.3135355965120978
0.919279001966962,-0.0960474262629679,0.044491942752737,-0.3110545371585574
0.919449591916514,-0.0972520825140396,0.0432480725921053,-0.3085722265335597
0.9196165204257802,-0.0984560397795628,0.0419701352814605,-0.3060885074615017
0.9197796060364806,-0.099659333186487,0.0406587925032413,-0.303603192991597
0.91993866509622,-0.1008619967220294,0.0393146947971728,-0.3011160663363067
0.9200935115473358,-0.1020640625778686,0.0379384819938754,-0.2986268825480248
0.9202439565663674,-0.103265559232808,0.0365307852697634,-0.2961353727700816
0.920389808637248,-0.1044665128549479,0.0350922254963503,-0.2936412415694353
0.920530873068528,-0.105666944209705,0.0336234169293188,-0.2911441735449906
0.9206669521335832,-0.1068668705326423,0.0321249651059868,-0.2886438295924826
0.9207978447821368,-0.1080663038525424,0.0305974690139584,-0.2861398504950872
0.9209233465099154,-0.1092652504672708,0.029041521986307,-0.2836318580882546
0.9210432494225476,-0.1104637122757975,0.0274577101775982,-0.2811194524949535
0.9211573419026609,-0.1116616842678779,0.0258466160440857,-0.2786022173573969
0.921265408718834,-0.1128591562430117,0.0242088163181191,-0.2760797161754189
0.9213672307698422,-0.1140561107573065,0.0225448850068753,-0.2735514965215504
0.921462585173062,-0.115252524734498,0.020855391424042,-0.271017086507662
0.9215512450476572,-0.1164483675645833,0.0191409030532466,-0.2684759986207916
0.9216329795258176,-0.1176436017543122,0.0174019848862709,-0.2659277281392145
0.9217075537282576,-0.1188381833925744,0.0156391989191134,-0.2633717518736382
0.9217747286077572,-0.1200320605375609,0.01385310668859,-0.260807531309531
0.9218342609664602,-0.1212251741295376,0.0120442681162043,-0.2582345103243662
0.9218859033526128,-0.1224174568737864,0.0102132433425483,-0.2556521172153515
0.9219294040303512,-0.1236088331454359,0.0083605930562922,-0.2530597645131572
0.92196450700026,-0.1247992208795896,0.0064868756496474,-0.2504568444028687
0.9219909518236936,-0.1259885276948913,0.0045926533604933,-0.2478427366713763
0.9220084736827922,-0.1271766536845649,0.0026784880032395,-0.245216802092571
0.92201680329397,-0.1283634899559778,0.0007449433135353,-0.2425783850333339
0.922015666871058,-0.1295489186470554,-0.0012074150357105,-0.239926812795294
0.9220047853470652,-0.1307328674435786,-0.003178110655739,-0.2372612717750022
0.9219838654926852,-0.1319156032434554,-0.0051672575844769,-0.2345801342858644
0.921952607724178,-0.1330969710851288,-0.0071742903847209,-0.2318826720146793
0.9219107072766606,-0.1342768067290136,-0.0091986402099676,-0.2291681350399675
0.9218578540918462,-0.1354549365977664,-0.0112397349617668,-0.2264357508623146
0.9217937328179696,-0.1366311754565568,-0.0132969955210885,-0.2236847286359519
0.921718022755665,-0.1378053264730062,-0.0153698360266673,-0.2209142579273267
0.9216303977746244,-0.1389771813148582,-0.0174576642871426,-0.2181235072714529
0.9215305262577264,-0.140146519579897,-0.0195598810587781,-0.2153116242078253
0.9214180710041812,-0.1413131086876387,-0.0216758801738275,-0.2124777341349216
0.9212926892029376,-0.1424767029166219,-0.0238050471559557,-0.2096209411425381
0.921154032230196,-0.1436370440783092,-0.0259467608485181,-0.2067403247517009
0.921001745778982,-0.1447938591286259,-0.028100389456925,-0.203834944099476
0.9208354694483424,-0.1459468622410922,-0.0302652948550064,-0.2009038309454007
0.92065483691172,-0.1470957520737317,-0.0324408280348417,-0.197945994531818
0.920459475563678,-0.1482402128646671,-0.0346263317265389,-0.1949604166877326
0.9202490065244396,-0.1493799128773557,-0.0368211380943635,-0.1919460535079298
0.9200230444630916,-0.150514504021185,-0.0390245686776289,-0.1889018339052741
0.919781197369274,-0.1516436215173301,-0.0412359344940954,-0.1858266578155886
0.9195230664341104,-0.152766882874599,-0.0434545348616058,-0.1827193960544544
0.9192482460361868,-0.153883886461119,-0.0456796554382856,-0.1795788911936301
0.918956323191797,-0.154994212196395,-0.0479105705348698,-0.176403952298626
0.9186468776779476,-0.1560974192743881,-0.0501465396077905,-0.1731933577021302
0.9183194817275434,-0.1571930456424219,-0.0523868072840763,-0.1699458526921774
0.9179736999287944,-0.1582806066108603,-0.0546306017076983,-0.1666601494485174
0.9176090891551753,-0.1593595933945989,-0.0568771327847236,-0.1633349270347134
0.917225198450275,-0.1604294718028229,-0.0591255907861689,-0.159968830764861
0.9168215687855804,-0.1614896812113344,-0.0613751456277628,-0.1565604704097936
0.9163977339473248,-0.162539630655511,-0.0636249400748849,-0.153108427563362
0.915953219903548,-0.1635786991438707,-0.0658740918952121,-0.1496112495152373
0.915487545949904,-0.1646062315813803,-0.0681216866780361,-0.146067457383901
0.9150002254582243,-0.1656215362936337,-0.0703667739454879,-0.1424755496020094
0.9144907674732856,-0.1666238812750215,-0.0726083603253682,-0.1388340105254883
0.913958677399312,-0.1676124928799344,-0.0748454079918803,-0.1351413111308856
0.9134034617405408,-0.1685865476821894,-0.0770768174163783,-0.1313959364056758
0.9128246294626768,-0.1695451721461201,-0.0793014271698998,-0.1275963863560307
0.9122216987760592,-0.1704874341699932,-0.0815179945118693,-0.1237412110793262
0.9115942034464938,-0.1714123382021593,-0.0837251828749563,-0.1198290377989087
0.9109417004554108,-0.1723188207290614,-0.085921548893823,-0.1158586024177732
0.91026378325081,-0.1732057411657574,-0.0881055163130302,-0.1118288100489666
0.9095600946026926,-0.1740718779037319,-0.090275359433172,-0.1077387859853059
0.9088303462771726,-0.1749159205860457,-0.0924291736689494,-0.1035879596721909
0.9080743397781031,-0.1757364675008991,-0.0945648540548955,-0.0993761458319096
0.9072919924130904,-0.176532023640983,-0.0966800697978862,-0.0951036469877287
0.9064833659733096,-0.1773010036588343,-0.0987722445996793,-0.0907713610954213
0.9056486955948666,-0.1780417421393435,-0.1008385489647639,-0.0863808820950831
0.9047884194099202,-0.1787525100011984,-0.1028759015430584,-0.0819345985981218
0.9039031998093136,-0.1794315434646039,-0.1048809989200505,-0.077435745909917
0.9029939361689056,-0.1800770817906027,-0.1068503670776572,-0.0728884170348903
0.9020617618994136,-0.180687414830684,-0.1087804427978371,-0.0682975028681649
0.9011080223162756,-0.1812609367615605,-0.1106676819902933,-0.0636685520824187
0.9001342369060826,-0.1817961979440204,-0.1125086778833673,-0.0590075748092498
0.8991420426504151,-0.1822919523068064,-0.1143002882278051,-0.0543207779804932
0.8981331356221668,-0.1827471881075354,-0.1160397350274995,-0.0496143156790078
0.8971092087470787,-0.1831611442357781,-0.1177246832449333,-0.0448940405024753
0.8960718976543024,-0.1835333085598423,-0.1193532818456463,-0.0401653069122473
0.8950227410905803,-0.1838634004641025,-0.1209241651598729,-0.0354328489686552
0.8939631579312819,-0.1841513424993539,-0.1224364212240504,-0.0307007342328959
0.8928944334983943,-0.1843972280159707,-0.1238895458141637,-0.0259723555985685
0.8918177207577865,-0.1846012864995555,-0.1252833795717232,-0.021250482751308
0.8907340459339856,-0.1847638518475066,-0.1266180469598157,-0.0165373247068515
0.8896443196140685,-0.1848853341731879,-0.1278938967495594,-0.0118346081808684
0.8885493519232193,-0.1849661961275043,-0.129111446789863,-0.0071436657891096
0.8874498660853911,-0.1850069343395489,-0.1302713394111669,-0.0024655104438427
0.8863465101235438,-0.1850080650429936,-0.1313743060049243,0.0021991035303104
0.8852398703698783,-0.184970113205051,-0.1324211358458651,0.0068496158603451
0.884130035278906,-0.1848935663969129,-0.1334130410922182,0.0114874736215735
0.8830174255760307,-0.1847788924523048,-0.134350855774795,0.016112639651567
0.8819024446342606,-0.1846265459207266,-0.1352353948041086,0.0207250782210059
0.8807854757894125,-0.1844369672954315,-0.1360674557305501,0.0253247688303132
0.8796668836275603,-0.1842105824825858,-0.1368478169692399,0.0299117033254415
0.8785470180598304,-0.1839478031326801,-0.1375772345691007,0.0344858716834607
0.8774262157570439,-0.183649026912312,-0.1382564415431436,0.0390472587729531
0.8763048031203251,-0.1833146384219549,-0.1388861466211036,0.0435958348493204
0.875183098076494,-0.1829450101575112,-0.1394670342207098,0.0481315508468469
0.8740614087528642,-0.1825405025212139,-0.1399997661354644,0.0526543461658215
0.872940037589622,-0.1821014656923721,-0.1404849804884303,0.05716413434589
0.8718192787361642,-0.1816282392196397,-0.1409232940592144,0.0616608157263161
0.8706994206789322,-0.1811211534872238,-0.141315302091543,0.0661442688655874
0.8695807466146608,-0.1805805304515765,-0.1416615792660715,0.0706143509418069
0.8684635321451474,-0.1800066829467011,-0.1419626813004335,0.075070908691432
0.8673480491919968,-0.1793999169715827,-0.1422191445759936,0.0795137643730703
0.8662345629717985,-0.1787605305288926,-0.1424314877726311,0.0839427293345093
0.8651233343108352,-0.1780888151564871,-0.1426002119838685,0.0883575961696993
0.8640146184431098,-0.1773850555322759,-0.1427258016104642,0.0927581447914615
0.8629086649535352,-0.1766495295817911,-0.1428087248254647,0.0971441438439463
0.8618057194765554,-0.1758825097679572,-0.1428494339169002,0.1015153450812902
0.8607060212577413,-0.1750842615729127,-0.1428483658607232,0.1058714940785678
0.8596098063095912,-0.1742550458014058,-0.1428059425924601,0.1102123187003905
0.8585172986766464,-0.1733951118737609,-0.1427225707964379,0.1145375646036114
0.8574287242709506,-0.1725047082671108,-0.1425986426582644,0.1188469413196302
0.8563443037445561,-0.1715840773511847,-0.1424345361075825,0.12314015129803
0.8552642529774662,-0.1706334556814782,-0.1422306149784885,0.1274168887362415
0.8541887838356029,-0.1696530745903807,-0.1419872292916517,0.1316768372976712
0.8531181028755173,-0.168643158910224,-0.1417047150741893,0.1359196759225909
0.8520524131505364,-0.1676039284810705,-0.1413833948296684,0.14014507231864
0.8509919123547284,-0.1665355962145231,-0.1410235770545655,0.1443526909297304
0.8499367956174507,-0.1654383706672152,-0.1406255571266704,0.148542182433193
0.8488872520877851,-0.1643124523548204,-0.1401896160841446,0.1527131978467036
0.8478434676994514,-0.1631580362854499,-0.1397160214959349,0.1568653780858363
0.846805624849481,-0.1619753114290803,-0.1392050273396628,0.1609983557335755
0.8457739019485895,-0.1607644599269483,-0.1386568736872195,0.1651117573059089
0.8447484742822001,-0.1595256577688193,-0.1380717870094946,0.169205200275153
0.8437295145165139,-0.1582590751545635,-0.137449980411406,0.1732782914682852
0.8427171905227683,-0.1569648734413761,-0.1367916521426172,0.1773306361720073
0.841711667645889,-0.1556432074961299,-0.1360969866908699,0.1813618294679071
0.8407131090081407,-0.154294225792472,-0.1353661548939824,0.1853714553688666
0.8397216755444633,-0.1529180701487118,-0.1345993138644103,0.1893590870070922
0.8387375250121577,-0.1515148739416835,-0.1337966060143003,0.1933242909411547
0.8377608129033174,-0.1500847628603001,-0.1329581594466482,0.1972666238059138
0.8367916927828409,-0.1486278549327502,-0.1320840879900912,0.2011856312373472
0.8358303176419988,-0.1471442621601338,-0.1311744922470275,0.2050808426519122
0.8348768389991124,-0.1456340888048038,-0.1302294586649821,0.2089517751043466
0.8339314064685881,-0.1440974301713903,-0.1292490588063098,0.212797935269835
0.8329941699432395,-0.1425343756231075,-0.128233351325928,0.2166188107746169
0.8320652783111802,-0.1409450060847617,-0.1271823804993426,0.2204138755772934
0.8311448809027558,-0.1393293959985054,-0.1260961776117206,0.2241825842175269
0.8302331277048854,-0.137687613348609,-0.1249747611625637,0.2279243710413521
0.8293301685150614,-0.1360197176978343,-0.1238181356945915,0.2316386537716589
0.8284361559049503,-0.1343257652219964,-0.1226262954766779,0.2353248213939574
0.827551243233478,-0.1326058047888729,-0.1213992220703961,0.2389822423460835
0.826675586812424,-0.130859881775508,-0.1201368873094494,0.2426102555929475
0.8258093456444611,-0.1290880374489559,-0.1188392532423336,0.2462081716589782
0.8249526813807618,-0.1272903086815307,-0.117506272300972,0.249775272755036
0.8241057617179073,-0.1254667350948979,-0.1161378930761735,0.2533107985283288
0.8232687578240927,-0.1236173539398216,-0.114734057118139,0.2568139566118758
0.8224418468404812,-0.1217422057436049,-0.1132947037895147,0.2602839120129722
0.8216252119611999,-0.1198413351123813,-0.1118197716376482,0.2637197865381059
0.820819044604298,-0.1179147966494875,-0.1103092038455328,0.2671206493804096
0.8200235436227785,-0.1159626543947533,-0.1087629488165983,0.27048552010005
0.8192389163991108,-0.113984985870077,-0.1071809644365131,0.2738133636641616
0.8184653812703301,-0.1119818901852305,-0.1055632258213164,0.2771030797545559
0.8177031678506791,-0.1099534917040069,-0.103909729796356,0.2803535008974274
0.8169525158526798,-0.1078999399990932,-0.1022204964607577,0.2835633970162169
0.8162136784313293,-0.1058214225289264,-0.1004955813410205,0.2867314606686291
0.8154869228358694,-0.1037181714500443,-0.0987350831465122,0.2898563036687698
0.8147725302305526,-0.101590468891265,-0.0969391504772344,0.2929364572856733
0.8140707946344893,-0.0994386501803701,-0.0951079869600747,0.2959703763117889
0.8133820275870691,-0.0972631257547184,-0.0932418725573717,0.298956418403324
0.8127065515535349,-0.0950643696528757,-0.0913411566924344,0.3018928721664574
0.8120447048427885,-0.0928429447149294,-0.0894062829236297,0.3047779355349573
0.8113968368262906,-0.0905994982320108,-0.0874377884805484,0.3076097363322553
0.8107633078179897,-0.0883347732788994,-0.0854363174139812,0.3103863328113642
0.8101444858746853,-0.0860496104090451,-0.0834026254222531,0.3131057278576322
0.8095407424926789,-0.0837449450221338,-0.0813375806797799,0.3157658883968396
0.8089524502721792,-0.0814218117082564,-0.0792421706978245,0.3183647565136686
0.8083799768048988,-0.0790813334632817,-0.0771174953563524,0.3209002775962328
0.8078236802842339,-0.0767247156067876,-0.0749647636501006,0.3233704213503972
0.8072839039670084,-0.0743532329071586,-0.0727852837419064,0.3257732083282687
0.8067609688797606,-0.0719682053250325,-0.0705804418108931,0.3281067447509824
0.8062551721805821,-0.06957099515744,-0.0683516998623564,0.3303692325370702
0.8057667796743673,-0.0671629740720572,-0.066100565028772,0.3325590057114167
0.8052960225081566,-0.0647455037364443,-0.0638285705053813,0.3346745484767902
0.8048430954688245,-0.0623199203971981,-0.061537259533423,0.3367145062232511
0.8044081541260948,-0.0598875090652278,-0.0592281589671664,0.3386777017843471
0.8039913159377151,-0.0574494946695956,-0.0569027683126951,0.3405631338135171
0.8035926597462687,-0.0550070212164106,-0.0545625370231258,0.3423699822612761
0.803212228850405,-0.0525611489348119,-0.0522088586576114,0.3440975974759024
0.8028500320481469,-0.0501128373340214,-0.0498430514222855,0.3457454982053436
0.8025060490716319,-0.0476629557030105,-0.0474663651134275,0.3473133493308532
0.8021802323678145,-0.0452122699599113,-0.0450799653772901,0.348800955851321
0.8018725124416421,-0.0427614548593382,-0.0426849426745401,0.3502082403014577
0.8015828006701762,-0.0403110897697617,-0.0402823055375675,0.3515352313552206
0.8013109936113981,-0.0378616675081469,-0.0378729867869435,0.35278204529214
0.8010569768034628,-0.0354136027314404,-0.0354578496542451,0.3539488694898831
0.8008206276946088,-0.0329672355693131,-0.0330376895032175,0.3550359496492006
0.8006018188055091,-0.0305228403678843,-0.0306132408441789,0.3560435757350066
0.8004004200422778,-0.0280806288847518,-0.028185179106331,0.3569720716376439
0.800216301365992,-0.0256407607105417,-0.0257541298014495,0.35782178303921
0.8000493348571505,-0.0232033513951,-0.0233206756529371,0.3585930679377158
0.7998993958821493,-0.020768471093575,-0.0208853544347665,0.3592862912229393
0.7997663650018895,-0.0183361566355639,-0.0184486703531899,0.3599018157520539
0.7996501289310035,-0.0159064133459321,-0.0160110953427625,0.3604399977551045
0.799550581591605,-0.0134792210986515,-0.0135730747044655,0.3609011817672738
0.7994676247770871,-0.0110545353048302,-0.0111350277558951,0.3612856973421834
0.7994011689848658,-0.0086322958920851,-0.0086973565904348,0.361593854969162
0.7993511336892706,-0.006212423863402,-0.006260442415287,0.3618259445809131
0.7993174479153513,-0.0037948310643072,-0.0038246552277365,0.3619822326693406
0.7993000503903721,-0.0013794167661293,-0.0013903502632399,0.362062961368064
0.7992974018874573,-6.534391083778956e-13,2.5375250945619547e-12,0.362075251737538
