3.09158586297248
0.8039540433691189,3.192585310576527e-27,-6.305594200649332e-15,0.3283170743130532
0.8039561751522486,0.0011683234082289,0.0011981050421713,0.3283070500265397
0.8039718829107588,0.0033796047955158,0.0034655327625003,0.3282331903717418
0.8040028770799508,0.0055911276233489,0.0057325624809239,0.3280874675590711
0.8040491789279275,0.0078029599227446,0.007998841197547,0.3278698115782363
0.8041108157041584,0.0100150685332463,0.0102639119293186,0.327580139108612
0.8041878208461407,0.0122274142594261,0.0125273113940481,0.3272183525596445
0.8042802338155154,0.0144399509620372,0.014788569195456,0.326784340846986
0.8043880996846604,0.0166526202644626,0.0170472025503247,0.3262779813315283
0.8045114689422432,0.0188653534229169,0.0193027183688833,0.3256991407178126
0.804650397159369,0.0210780696762723,0.0215546117568862,0.3250476765929284
0.804804943841429,0.0232906642471459,0.0238023540464765,0.3243234427625729
0.8049751724124966,0.0255030165972664,0.0260454015074141,0.3235262892482319
0.8051611490899346,0.0277149819031769,0.0282831870353389,0.3226560674557417
0.8053629421121106,0.0299263900261641,0.0305151195420728,0.3217126336463892
0.8055806207755963,0.0321370430182087,0.032740581932713,0.3206958532519809
0.8058142536712395,0.0343467062899638,0.0349589228140519,0.3196056088705539
0.8060639081839903,0.0365551139611507,0.0371694625854104,0.3184418022882352
0.8063296486299784,0.0387619614167592,0.0393714867482982,0.3172043627868713
0.8066115342731455,0.0409668995607911,0.0415642411046678,0.3158932559075962
0.8069096172445406,0.0431695303816696,0.0437469284454084,0.3145084925484232
0.8072239417229813,0.0453694126977536,0.0459187154517566,0.3130501320823055
0.8075545404814144,0.0475660493791485,0.0480787213716823,0.3115182975804251
0.8079014332040194,0.0497588893884514,0.0502260215681105,0.3099131826506838
0.8082646240416543,0.051947325116106,0.0523596465403113,0.3082350616537551
0.8086440997962339,0.0541306943126826,0.0544785855641632,0.3064842968453923
0.8090398263931096,0.056308272694066,0.056581781391347,0.3046613532464995
0.809451749024839,0.0584792877343249,0.0586681455686536,0.3027667964117352
0.8098797879874378,0.0606429082544705,0.0607365503690253,0.3008013098926199
0.8103238385232451,0.0627982559218427,0.0627858418993873,0.2987656940907899
0.8107837700276338,0.0649444116907375,0.0648148481625691,0.2966608679475678
0.8112594248558298,0.0670804194742173,0.0668223843758977,0.2944878723676069
0.811750618956334,0.0692052971804582,0.0688072650727791,0.2922478652199847
0.8122571429377499,0.0713180475785712,0.0707683156953578,0.2899421143695564
0.81277876262955,0.0734176652488142,0.0727043802068133,0.287571993044624
0.813315222462775,0.075503153182075,0.074614337242478,0.2851389624566434
0.8138662458111098,0.0775735250976279,0.0764971026555068,0.2826445683554316
0.8144315410810858,0.0796278280148232,0.0783516501355704,0.2800904116819007
0.8150108014881403,0.0816651387994988,0.0801770076202146,0.2774781480266337
0.8156037110916823,0.0836845823477253,0.0819722729138626,0.2748094589877977
0.8162099471857557,0.0856853345964349,0.0837366151133161,0.2720860402619335
0.8168291826492713,0.0876666247678174,0.0854692751143147,0.2693095901091268
0.8174610899226664,0.089627742065227,0.087169569740695,0.2664817907401869
0.8181053437709497,0.0915680374443978,0.0888368912318759,0.2636042953962465
0.818761622758203,0.0934869211637483,0.0904707029394573,0.2606787213777657
0.8194296116853372,0.095383863221882,0.0920705374361397,0.257706638931227
0.8201090026453327,0.0972583897287492,0.0936359911017133,0.254689566451747
0.8207994957873239,0.0991100788591698,0.0951667184279328,0.2516289670793472
0.8215008014042279,0.1009385606268983,0.0966624295289823,0.2485262395274003
0.8222126385980495,0.1027435078903066,0.098122880501753,0.2453827241496975
0.8229347372877882,0.1045246366840489,0.0995478715882016,0.2421996942506157
0.823666836321369,0.1062816970465552,0.1009372377588504,0.2389783646414194
0.8244086842888391,0.108014471289206,0.1022908455062583,0.2357198882687627
0.8251600391605116,0.1097227697014061,0.1036085877007457,0.2324253580397928
0.8259206665476503,0.1114064237165233,0.1048903767100092,0.229095814660253
0.8266903418854722,0.1130652883007388,0.1061361447536371,0.2257322372705029
0.8274688467378923,0.1146992316361089,0.1073458347116564,0.2223355597988299
0.828255969716898,0.1163081355318921,0.1085193993098626,0.2189066670661015
0.8290515062868716,0.1178918934622732,0.1096567985484164,0.2154463957672242
0.8298552563857164,0.1194504045966832,0.1107579944125385,0.2119555449076863
0.8306670261256945,0.1209835762343481,0.1118229517557586,0.2084348684557072
0.8314866262006197,0.1224913197960679,0.1128516346205425,0.2048850822974607
0.832313869847534,0.1239735465354789,0.1138440026372011,0.2013068730433949
0.8331485750400422,0.1254301711214087,0.1148000128489352,0.1977008884807714
0.8339905623414186,0.1268611073304089,0.1157196162130187,0.194067746794493
0.8348396540400795,0.1282662664161128,0.1166027560945454,0.1904080401765845
0.8356956748908283,0.1296455582353381,0.1174493685597742,0.1867223314817934
0.8365584506527893,0.130998888744847,0.1182593804101902,0.1830111603543407
0.8374278093358619,0.1323261619196769,0.119032709973708,0.1792750376607099
0.838303579096056,0.1336272764176688,0.1197692647635596,0.1755144543096984
0.83918558744835,0.1349021246029257,0.1204689407293437,0.1717298843515712
0.84007366378674,0.1361505962934509,0.1211316240757966,0.1679217738641288
0.8409676368469873,0.1373725750584775,0.1217571889113545,0.1640905515189605
0.8418673345393388,0.1385679381726658,0.1223454970596388,0.1602366289303032
0.842772584405944,0.1397365573546501,0.1228963982330658,0.1563603983000982
0.8436832137412433,0.1408782989407006,0.1234097298519903,0.1524622314784628
0.8445990480919982,0.141993022047114,0.1238853159801224,0.1485424859230836
0.8455199118516934,0.1430805794513294,0.1243229675580438,0.144601501653899
0.8464456280312124,0.1441408173676332,0.1247224820891402,0.1406396016977955
0.8473760187303014,0.1451735759918638,0.1250836435900972,0.1366570894922646
0.8483109032444863,0.1461786874008921,0.1254062216008531,0.132654256366158
0.8492501000860645,0.1471559778052721,0.1256899717262102,0.1286313722202288
0.85019342608018,0.1481052664423488,0.1259346349031134,0.1245886886730964
0.8511406943115534,0.1490263635112467,0.126139936616632,0.1205264470897934
0.8520917182211389,0.1499190741428704,0.1263055875179508,0.1164448601868181
0.8530463070531858,0.1507831938080615,0.1264312819761754,0.1123441306561721
0.854004268547391,0.1516185107849826,0.1265166982152951,0.1082244386538102
0.8549654086679664,0.1524248055971135,0.1265614976163837,0.1040859419037864
0.8559295306768872,0.1532018499325685,0.1265653240227734,0.0999287785478243
0.8568964350019042,0.1539494062888809,0.1265278031518554,0.0957530664973466
0.8578659253532991,0.1546672321052223,0.1264485413073797,0.091558875631025
0.8588377983505234,0.1553550712278847,0.1263271248255853,0.0873462711090406
0.859811846567926,0.1560126561779174,0.1261631195536521,0.0831152987282006
0.860787861255601,0.1566397095401279,0.1259560695064107,0.0788659714145713
0.8617656284700975,0.1572359408253373,0.1257054965185742,0.0745982841917975
0.862744932880796,0.1578010483061553,0.1254108983116476,0.070312195599307
0.8637255552576744,0.1583347166725456,0.1250717477239602,0.0660076364222912
0.864707272119273,0.1588366161448156,0.1246874915621687,0.0616845088708448
0.8656898553444857,0.1593064015249227,0.1242575493953368,0.0573426857240607
0.8666730721045223,0.1597437113373423,0.1237813121088569,0.0529820078399851
0.8676566818772375,0.1601481656965134,0.1232581418959886,0.048602294415547
0.8686404385282808,0.1605193664583741,0.1226873698323648,0.0442033305798748
0.8696240845460081,0.1608568942333023,0.1220682977510939,0.0397848897653298
0.870607351426378,0.1611603082128014,0.1214001972664452,0.0353467286551276
0.8715899554221541,0.1614291445661202,0.120682311976601,0.0308886028778668
0.8725715924562247,0.1616629153839165,0.1199138614536339,0.0264102868509253
0.8735519348816809,0.1618611089059225,0.1190940451056516,0.0219115857031627
0.8745306214584826,0.1620231893389681,0.1182220532520824,0.01739237904504
0.8755072503564219,0.1621485991646357,0.1172970786398711,0.0128526524612313
0.8764813651949909,0.1622367625712441,0.1163183378349064,0.0082925634032295
0.8774524415384809,0.1622870923001059,0.1152850976055871,0.0037125085304878
0.8784198654602786,0.162299000151207,0.1141967164236668,-0.0008867667433044
0.8793829141113458,0.162271913302465,0.1130526932331184,-0.0055040610469389
0.8803407270045941,0.162205297489402,0.1118527382778623,-0.0101375563082764
0.8812922909570798,0.1620986874597723,0.1105968406582042,-0.0147847111542485
0.882236436270924,0.1619517219363658,0.1092853312848625,-0.0194421985673919
0.8831718346305243,0.1617641824706943,0.1079189512769146,-0.0241058421389866
0.8840970002347981,0.1615360358383541,0.1064989235824786,-0.0287705576787759
0.8850103178821619,0.1612674719575742,0.1050269879330006,-0.0334304216706614
0.8859100847100281,0.1609589334168538,0.1035054077720045,-0.0380788083912296
0.8867945690561254,0.1606111299748963,0.101936934072923,-0.0427086215607573
0.8876620875634261,0.1602250303415321,0.1003247116915102,-0.0473126379432471
0.8885110825347016,0.1598018321873554,0.0986721494545483,-0.0518838800351839
0.8893401863637531,0.1593429155092468,0.0969827765710472,-0.0564159525322319
0.8901482704724712,0.1588497834756187,0.0952600945084989,-0.060903328099227
0.8909344652255283,0.1583240040835756,0.0935074612394127,-0.0653415026543365
0.8916981587717809,0.1577671567634984,0.0917280057392539,-0.0697270524325823
0.8924389756346989,0.157180791202305,0.0899245840411709,-0.0740575859000922
0.8931567447348594,0.156566398369655,0.0880997662895508,-0.0783316345299261
0.8938514645855576,0.1559253914914521,0.086255842723254,-0.0825485203679772
0.8945232653928207,0.1552590993239522,0.0843948531210859,-0.0867081939087501
0.8951723791296434,0.1545687620985622,0.0825186115565321,-0.090811107067143
0.8957991109351631,0.1538555350774559,0.0806287422962317,-0.0948580816562748
0.8964038172980302,0.1531204932653427,0.0787267101059415,-0.0988502078995953
0.8969868893347903,0.1523646369201863,0.0768138463163009,-0.1027887652749079
0.8975487394361277,0.1515888983307214,0.0748913733905815,-0.1066751565885591
0.8980897920745257,0.1507941474461137,0.0729604230882243,-0.1105108627028981
0.8986104760704646,0.1499811987810564,0.0710220552841014,-0.1142974013144881
0.8991112200745731,0.1491508161977473,0.0690772697963479,-0.1180363035326493
0.8995924489259999,0.1483037180675779,0.0671270179996856,-0.1217290933012369
0.9000545816317388,0.1474405810895453,0.0651722105027422,-0.1253772760649545
0.900498029596651,0.1465620446086894,0.0632137254805417,-0.1289823272234647
0.9009231961353242,0.1456687132196588,0.0612524128050719,-0.1325456890502706
0.9013304758008582,0.1447611600955254,0.0592890996664643,-0.1360687650924839
0.9017202542695568,0.1438399295190307,0.0573245943100961,-0.1395529181688797
0.9020929084635037,0.1429055390173561,0.0553596889064124,-0.1429994698591819
0.9024488069261436,0.1419584808763691,0.0533951611613077,-0.1464097020297463
0.9027883099118852,0.1409992243494733,0.0514317774419881,-0.1497848555014274
0.9031117698948276,0.1400282167362431,0.0494702936017607,-0.1531261325181769
0.9034195319848264,0.1390458845086974,0.0475114560284309,-0.1564346985299946
0.9037119340730108,0.1380526351989615,0.0455560042774357,-0.1597116810746824
0.9039893075093812,0.1370488574547434,0.0436046701270488,-0.1629581744723077
0.9042519772483572,0.1360349226399717,0.0416581797957886,-0.1661752389508133
0.904500262351366,0.135011185047833,0.0397172535136904,-0.1693639039891893
0.904734476190964,0.1339779830302789,0.0377826069508545,-0.1725251683716235
0.9049549268309104,0.1329356392742071,0.0358549510841331,-0.1756600026387263
0.9051619172329722,0.1318844616309488,0.0339349931802946,-0.1787693495376308
0.9053557455816154,0.1308247432178331,0.0320234364978048,-0.1818541264059166
0.9055367054557454,0.1297567630665741,0.0301209810682271,-0.1849152256616417
0.9057050860421422,0.1286807864187057,0.0282283238884554,-0.1879535161295302
0.9058611722716629,0.1275970653377847,0.0263461597264673,-0.1909698432727517
0.906005245030048,0.1265058386920779,0.0244751808717583,-0.1939650310218981
0.9061375813214216,0.1254073321551901,0.0226160770101547,-0.1969398833133908
0.9062584542907088,0.1243017592114065,0.0207695368514099,-0.1998951827523284
0.9063681334650736,0.1231893201689414,0.0189362464429216,-0.202831694517419
0.9064668846933628,0.1220702037084325,0.0171168917850177,-0.2057501633277734
0.9065549703769572,0.1209445854239811,0.0153121565233589,-0.2086513182535001
0.906632649391282,0.1198126295251181,0.0135227248685002,-0.2115358691118392
0.9067001772082036,0.1186744883366109,0.0117492809458481,-0.214404508550406
0.9067578059834992,0.1175303015886281,0.0099925079577774,-0.2172579144412868
0.9068057845575812,0.1163801967227424,0.0082530890309013,-0.2200967495634015
0.906844358436331,0.1152242901681237,0.0065317095170862,-0.2229216588787503
0.9068737698904816,0.1140626856432719,0.0048290548506056,-0.2257332740609478
0.9068942579342936,0.1128954749317872,0.0031458122418581,-0.2285322117920275
0.9069060583370594,0.1117227389126365,0.0014826726782084,-0.2313190714823242
0.90690940367456,0.1105445448363744,-0.0001596723551485,-0.2340944418403583
0.9069045233076788,0.109360949265497,-0.0017805260119102,-0.2368588938576208
0.9068916427031082,0.1081719455470326,-0.0033792554851572,-0.23961310203336
0.9068709831191,0.1069775269909729,-0.0049552021741384,-0.2423576949385719
0.9068427626271806,0.1057777061695295,-0.0065076574734664,-0.2450932125101459
0.906807196084006,0.1045724821484877,-0.0080359069208842,-0.247820182459958
0.906764495179568,0.1033618416061321,-0.0095392276278129,-0.2505391172485808
0.9067148684626236,0.1021457583133313,-0.0110168877953065,-0.2532505147297261
0.9066585213573052,0.1009241925798048,-0.0124681461278921,-0.2559548587297517
0.9065956562201,0.0996970915464619,-0.0138922501264629,-0.2586526176304741
0.9065264724330576,0.0984643897154673,-0.0152884341036617,-0.2613442423647455
0.9064511664820842,0.0972260087974503,-0.0166559179770748,-0.2640301658292017
0.906369932131657,0.0959818588612457,-0.017993904602448,-0.2667107993716545
0.9062829604985588,0.0947318374812496,-0.0193015793260765,-0.2693865335244175
0.9061904404006108,0.0934758326470154,-0.0205781055786012,-0.2720577305571464
0.9060925585489084,0.0922137226928691,-0.0218226238548777,-0.2747247234025533
0.9059894999903688,0.090945379185525,-0.0230342478884191,-0.2773878082296277
0.9058814486409708,0.0896706700931881,-0.0242120611104821,-0.2800472365000101
0.9057685879043736,0.0883894632239445,-0.0253551135071528,-0.2827032065485395
0.9056511014818402,0.0871016311370521,-0.0264624179654801,-0.2853558522372035
0.9055291744396978,0.0858070580393935,-0.027532946085277,-0.2880052277766131
0.905402994595193,0.0845056490870824,-0.0285656236672232,-0.2906512880610046
0.9052727541655006,0.0831973413741058,-0.0295593270798421,-0.2932938662161414
0.9051386519918656,0.0818821196953285,-0.0305128788529026,-0.295932642398301
0.905000895888763,0.0805600325042674,-0.0314250468959855,-0.2985671134782287
0.9048597058847054,0.0792312157251575,-0.0322945427048188,-0.301196548655025
0.9047153176433032,0.0778959175184311,-0.0331200248748126,-0.3038199454594928
0.904567986370024,0.0765545274423735,-0.0339001064706077,-0.3064359798088861
0.9044179909327614,0.0752076079812951,-0.0346333686792144,-0.3090429547969637
0.9042656374688628,0.0738559227493882,-0.0353183843408739,-0.3116387597521322
0.904111262170433,0.072500459853674,-0.0359537512681941,-0.314220842537583
0.9039552323410476,0.0711424436270715,-0.0365381367997161,-0.3167862077846508
0.9037979445438022,0.0697833256821209,-0.037070333567892,-0.3193314570133649
0.9036398197428326,0.0684247553238711,-0.037549320360719,-0.321852868396727
0.9034812946032718,0.0670685221579082,-0.0379743238557221,-0.3243465267720096
0.9033228096897729,0.0657164764124228,-0.0383448714369421,-0.3268084901189835
0.9031647961085528,0.0643704382478578,-0.0386608258911818,-0.3292349687414414
0.9030076626341418,0.0630321108649442,-0.0389223960020611,-0.3316224884369191
0.9028517841400155,0.0617030017984836,-0.0391301235465752,-0.3339680293468431
0.9026974943432872,0.0603843760460534,-0.0392848470743569,-0.3362690995150189
0.902545081842064,0.0590772313768214,-0.0393876524164261,-0.3385237632960498
0.9023947900879464,0.0577823014178788,-0.0394398165537538,-0.3407306177858235
0.9022468194164514,0.0565000713346525,-0.0394427526812003,-0.3428887464987121
0.902101331740318,0.0552308126460487,-0.0393979605998466,-0.3449976414122486
0.9019584546094008,0.0539746100280618,-0.0393069851969967,-0.3470571407078522
0.9018182882855827,0.0527314132493028,-0.0391713851774093,-0.3490673280641425
0.9016809100639788,0.0515010649948516,-0.0389927102876078,-0.351028475779523
0.9015463781069712,0.0502833245537132,-0.0387724846314412,-0.3529409971176909
0.901414735156846,0.0490778910691187,-0.0385121957242499,-0.3548054017919327
0.901286011975468,0.0478844254285155,-0.0382132887286897,-0.356622256157984
0.9011602295523145,0.0467025620480537,-0.0378771626846117,-0.3583921611089594
0.9010374011893332,0.0455319205293621,-0.0375051694875289,-0.3601157315383821
0.9009175339297348,0.0443721121675998,-0.0370986136118317,-0.3617935846783058
0.9008006300790606,0.0432227482956236,-0.0366587540730481,-0.3634263266612791
0.9006866882411976,0.0420834449397629,-0.0361868065731428,-0.3650145453543209
0.9005757038174454,0.0409538228658877,-0.0356839445031096,-0.3665588101010725
0.9004676700657868,0.0398335139101975,-0.0351513031120561,-0.3680596630923547
0.9003625779975712,0.038722156052035,-0.0345899790092457,-0.3695176263765528
0.9002604175796137,0.0376194025238501,-0.034001036518881,-0.3709331902253935
0.9001611773019066,0.0365249142697664,-0.0333855060124262,-0.3723068237248316
0.9000648448467037,0.0354383643322803,-0.0327443881525332,-0.3736389696490334
0.8999714072913038,0.0343594377607857,-0.0320786560317537,-0.3749300454208388
0.8998808509904455,0.0332878280143515,-0.0313892549617966,-0.3761804481396342
0.8997931621295422,0.0322232413742375,-0.030677107136405,-0.3773905500207734
0.8997083265707598,0.0311653934374032,-0.0299431113445556,-0.3785607033182193
0.899626329946605,0.0301140085253962,-0.0291881442495183,-0.379691241563579
0.8995471578350341,0.0290688203455532,-0.0284130625002097,-0.3807824794485331
0.8994707957752857,0.0280295708273586,-0.0276187034890375,-0.3818347146932028
0.8993972294299006,0.0269960110615519,-0.0268058875955254,-0.3828482277087755
0.8993264445236251,0.0259678993661429,-0.025975418166486,-0.3838232841623495
0.8992584268842228,0.0249450007182981,-0.0251280823611846,-0.3847601359808753
0.899193162448662,0.0239270857130464,-0.0242646514960542,-0.3856590226912323
0.8991306374907642,0.0229139331301198,-0.0233858844101188,-0.3865201695824925
0.8990708384639913,0.021905326704802,-0.0224925259050948,-0.3873437910526519
0.8990137520385609,0.0209010547331278,-0.0215853073869322,-0.3881300911731706
0.8989593653352158,0.0199009134405903,-0.020664950946652,-0.3888792614484983
0.8989076656854356,0.0189047021633955,-0.0197321660149661,-0.3895914850103273
0.8988586407045195,0.0179122237060868,-0.0187876504937759,-0.3902669364226903
0.8988122784800459,0.0169232875028788,-0.0178320946443751,-0.3909057798234114
0.8987685672498696,0.015937702204632,-0.0168661747875488,-0.391508174031598
0.8987274959386029,0.0149552868219965,-0.0158905649374594,-0.3920742657635795
0.8986890536060163,0.0139758578599993,-0.0149059249875379,-0.3926041977861816
0.8986532297897216,0.0129992363010691,-0.0139129082358008,-0.393098104693633
0.8986200145351788,0.0120252484913228,-0.0129121630990218,-0.3935561129438167
0.8985893982573034,0.0110537220841702,-0.0119043296960018,-0.3939783431718528
0.8985613717516472,0.01008448529098,-0.0108900396504244,-0.3943649104004352
0.8985359263575848,0.0091173719136699,-0.0098699219823985,-0.3947159221141583
0.8985130537822289,0.0081522149327986,-0.0088445970277915,-0.3950314809769156
0.8984927461924453,0.0071888487767429,-0.0078146793702582,-0.3953116838176281
0.8984749963069875,0.0062271138941601,-0.0067807833549122,-0.3955566205815094
0.8984597972213717,0.0052668481359118,-0.0057435144490919,-0.39576637693902
0.8984471425312073,0.0043078921164134,-0.004703475525729,-0.3959410327482283
0.8984370263060981,0.0033500879291551,-0.0036612660478848,-0.3960806625517218
0.898429443080551,0.0023932778671022,-0.0026174812158271,-0.3961853358129661
0.8984243878671041,0.0014373044454179,-0.0015727125157069,-0.3962551168209944
0.89842185616934,0.0004820129439861,-0.0005275510295344,-0.3962900645725437
0.8984218439601832,-0.0004727526197568,0.0005174164427579,-0.3962902331099566
0.8984243476945882,-0.0014271468388554,0.0015616039671927,-0.3962556713614908
0.8984293668973461,-0.0023817187910124,0.002604858277776,-0.3961863874132538
0.8984369021099154,-0.0033366252194353,0.0036465962154142,-0.3960823768274641
0.89844695431384,-0.0042920187257767,0.0046862290768451,-0.3959436305560824
0.8984595249476941,-0.0052480532877621,0.0057231681473615,-0.3957701346384908
0.8984746158925574,-0.0062048830150027,0.0067568228416146,-0.3955618703103556
0.8984922294457703,-0.0071626614573959,0.0077865994670675,-0.3953188142503584
0.8985123683415699,-0.0081215436368272,0.0088119029215669,-0.395040938155402
0.8985350357307208,-0.0090816852800043,0.0098321353548231,-0.394728208856326
0.8985602351739631,-0.0100432431072611,0.010846695967518,-0.3943805882164678
0.898587970600323,-0.0110063739137842,0.0118549795383146,-0.3939980334871971
0.898618246356102,-0.0119712369660915,0.0128563784273548,-0.3935804963835284
0.898651067096253,-0.0129379909733417,0.0138502788955054,-0.3931279243029513
0.8986864378589695,-0.013906797238216,0.01483606386128,-0.3926402589848574
0.8987243640330725,-0.014877819044033,0.015813111693079,-0.3921174366142266
0.8987648513394859,-0.0158512216853077,0.0167807956695095,-0.3915593876942146
0.8988079057475167,-0.0168271711449775,0.0177384821134593,-0.3909660377779169
0.8988535335325276,-0.0178058362326993,0.0186855319582412,-0.3903373062092103
0.8989017412023517,-0.0187873875698299,0.0196212991548301,-0.3896731066277501
0.8989525355303853,-0.0197719989742752,0.0205451313965432,-0.3889733459554536
0.8990059236279616,-0.0207598492794831,0.0214563711093596,-0.3882379227902442
0.8990619126044662,-0.0217511166473434,0.0223543495114355,-0.3874667314221577
0.899120509836296,-0.0227459844874904,0.0232383914569976,-0.3866596574012778
0.8991817228801766,-0.0237446404114664,0.0241078136638753,-0.3858165779391955
0.8992455593138414,-0.0247472744090102,0.0249619223788578,-0.3849373632388457
0.8993120267264801,-0.0257540797453998,0.0258000134844581,-0.3840218756838791
0.8993811329038482,-0.0267652565846921,0.0266213746898027,-0.3830699662623089
0.8994528856115116,-0.0277810094338817,0.0274252824372181,-0.3820814764323751
0.8995272925287553,-0.0288015472246192,0.0282110011117137,-0.3810562378127802
0.8996043612166861,-0.0298270839543857,0.0289777826463428,-0.3799940712920078
0.8996840990933391,-0.030857839439521,0.0297248661146945,-0.378894785920438
0.8997665134939106,-0.0318940411419447,0.0304514779484418,-0.3777581764953578
0.8998516113863324,-0.0329359216975949,0.0311568290172532,-0.3765840257525387
0.8999393993834606,-0.033983720473744,0.0318401146326917,-0.3753721023106047
0.9000298838529979,-0.0350376861893698,0.0325005149643473,-0.3741221570861374
0.9001230704743728,-0.0360980731338679,0.033137191270755,-0.3728339271514168
0.9002189644815854,-0.0371651456304411,0.0337492873315535,-0.3715071299056324
0.9003175703270234,-0.0382391758894408,0.0343359266271274,-0.3701414650083046
0.9004188916702116,-0.0393204457787433,0.0348962118286386,-0.3687366115611573
0.9005229310670959,-0.0404092455138951,0.0354292225132141,-0.3672922291500571
0.9006296898397856,-0.0415058745786162,0.0359340140893435,-0.3658079560753383
0.9007391681691768,-0.042610645036045,0.0364096175502769,-0.3642834041205483
0.9008513643038348,-0.0437238760964098,0.0368550352520298,-0.3627181652281227
0.9009662745613422,-0.0448458971925244,0.0372692406924595,-0.3611118067446087
0.9010838927772028,-0.0459770458070468,0.0376511760421241,-0.359463873903051
0.9012042100381612,-0.0471176685015957,0.0379997510297324,-0.3577738878408112
0.9013272138663088,-0.0482681171072534,0.0383138404129773,-0.3560413507883156
0.9014528876765194,-0.0494287480806629,0.0385922829453332,-0.354265746889801
0.9015812096837402,-0.0505999172749,0.0388338796666809,-0.3524465502232988
0.9017121519665005,-0.0517819768225083,0.0390373936691051,-0.3505832300990614
0.9018456790670888,-0.0529752684227718,0.0392015501930018,-0.3486752624330566
0.901981746006888,-0.0541801121526143,0.0393250378983707,-0.3467221491399668
0.90212029673819,-0.0553967998831372,0.0394065129387826,-0.3447234311240554
0.9022612609517632,-0.0566255748086619,0.0394446045275866,-0.3426787250365754
0.902404551685564,-0.057866618649853,0.0394379250838624,-0.3405877491784221
0.9025500610543536,-0.0591200228000532,0.0393850845546183,-0.3384503779689808
0.9026976572251174,-0.0603857702729529,0.0392847105302863,-0.3362666804757683
0.9028471781241412,-0.0616636889766331,0.0391354767959812,-0.3340370105344341
0.9029984276853972,-0.0629534255913898,0.0389361393869582,-0.331762064715875
0.9031511709018752,-0.0642544067975638,0.0386855817827206,-0.329442964662807
0.903305131044508,-0.0655658155062604,0.0383828655987998,-0.3270813151573887
0.9034599879734884,-0.066886571735295,0.0380272855301107,-0.3246792547186516
0.903615379953058,-0.0682153378250296,0.0376184204751019,-0.3222394617256859
0.903770908600958,-0.0695505446524254,0.0371561749979877,-0.319765119385514
0.9039261480495028,-0.0708904488489184,0.036640800873439,-0.3172598185549273
0.9040806569195824,-0.0722332110099938,0.0360728943486435,-0.3147274143240707
0.9042339921997644,-0.0735769899353675,0.0354533657032958,-0.3121718442291432
0.9043857222930748,-0.0749200323132742,0.0347833877220787,-0.3095969468415581
0.9045354381034888,-0.0762607505560071,0.0340643289688356,-0.3070062962390328
0.904682760478534,-0.0775977754607789,0.0332976837708557,-0.3044030803388283
0.9048273436007128,-0.0789299799703468,0.0324850087735114,-0.3017900334402686
0.9049688752089728,-0.0802564807424018,0.0316278698511325,-0.2991694126979094
0.9051070741702836,-0.0815766204020589,0.0307278035341551,-0.296543014835277
0.9052416865344816,-0.0828899387794141,0.029786291923015,-0.2939122179806592
0.9053724810188916,-0.0841961401865271,0.0288047483464279,-0.2912780350211144
0.905499244412218,-0.0854950599902402,0.0277845118992985,-0.2886411718371036
0.9056217775073446,-0.0867866355814401,0.0267268464556185,-0.2860020796984693
0.9057398914346744,-0.0880708799841418,0.0256329443145393,-0.2833610047784429
0.9058534047374172,-0.0893478614654397,0.0245039305232135,-0.2807180273750427
0.9059621407668564,-0.0906176846380897,0.023340870432637,-0.2780730995787621
0.9060659258765305,-0.0918804785377486,0.0221447746317977,-0.2754260696436338
0.906164587852216,-0.0931363857850108,0.0209166053879469,-0.2727767048369099
0.9062579547237122,-0.0943855546419,0.0196572823622864,-0.2701247087950567
0.9063458538552276,-0.0956281330801818,0.0183676877985277,-0.2674697350058156
0.9064281112551922,-0.096864264418925,0.0170486711565163,-0.264811397189882
0.9065045510603078,-0.0980940842272679,0.0157010531425572,-0.2621492771068618
0.9065749951733504,-0.0993177185742936,0.0143256287419719,-0.2594829295003847
0.9066392629216664,-0.1005352816651242,0.0129231712421207,-0.2568118883806264
0.9066971708934144,-0.101746875711103,0.0114944339435827,-0.2541356684148826
0.9067485327130675,-0.1029525889041763,0.0100401541523016,-0.2514537704252897
0.9067931590008116,-0.104152496484005,0.0085610535830651,-0.2487656800005822
0.9068308572381576,-0.1053466592488525,0.00705784177789,-0.2460708716843118
0.9068614317561182,-0.1065351245843253,0.0055312164214094,-0.2433688074637578
0.9068846836755072,-0.1077179259083388,0.0039818655211852,-0.2406589387047404
0.9069004108848427,-0.1088950824939596,0.0024104690928431,-0.2379407071830567
0.9069084080440384,-0.1100666007329905,0.0008176988230256,-0.2352135426913716
0.90690846655962,-0.111232472454347,-0.0007957784118857,-0.2324768673696758
0.9069003746021406,-0.1123926768694502,-0.0024293020020637,-0.2297300915409684
0.9068839154394476,-0.1135472721244007,-0.0040823487568819,-0.2269723942571728
0.9068588687703136,-0.1146962058146708,-0.0057542647069647,-0.2242031720757055
0.9068250111038272,-0.1158394117538445,-0.0074443968739522,-0.2214218130479635
0.9067821157256484,-0.1169768120075574,-0.0091520954355673,-0.2186276918299187
0.9067299527286584,-0.1181083157310444,-0.0108767113254134,-0.215820172405983
0.9066682889894612,-0.1192338199137178,-0.0126175967066358,-0.2129986061066219
0.9065968881591489,-0.1203532093287831,-0.0143741043520678,-0.2101623314613975
0.9065155106780266,-0.1214663561545005,-0.0161455865528425,-0.2073106748228913
0.9064239136950616,-0.1225731208639489,-0.0179313960997353,-0.2044429476643285
0.906321851147648,-0.1236733508532587,-0.019730883721578,-0.2015584495871756
0.9062090735801565,-0.1247668821492757,-0.02154340054467,-0.1986564632608649
0.9060853282658148,-0.1258535375580625,-0.0233682948263549,-0.195736258542
0.905950359082211,-0.1269331274877788,-0.0252049130919246,-0.1927970895167242
0.9058039064456392,-0.1280054498419565,-0.0270525998375348,-0.1898381938227462
0.90564570725603,-0.1290702897343744,-0.0289106969785584,-0.1868587923451244
0.9054754948864482,-0.1301274188931088,-0.0307785427840364,-0.1838580896998753
0.9052929987858364,-0.1311765972853146,-0.0326554748098342,-0.1808352682389885
0.9050979448950496,-0.1322175696900086,-0.0345408239268419,-0.1777894963113824
0.9048900550790564,-0.1332500681299226,-0.0364339187905289,-0.1747199196715074
0.9046690470898774,-0.1342738108011491,-0.038334084193379,-0.1716256626239674
0.9044346343976438,-0.1352885016972829,-0.0402406406908905,-0.1685058270280981
0.9041865261016818,-0.136293829799332,-0.0421529034586874,-0.1653594924623369
0.9039244266980258,-0.1372894688146203,-0.0440701822230539,-0.1621857145310737
0.9036480357562086,-0.1382750770408836,-0.0459917815334138,-0.1589835224508984
0.9033570479070948,-0.1392502959577111,-0.0479169986349748,-0.1557519204807753
0.903051152143916,-0.140214751069698,-0.0498451258244383,-0.152489881699365
0.9027300318028304,-0.1411680501601598,-0.0517754478369836,-0.1491963498759494
0.9023933643801508,-0.1421097821696853,-0.0537072404547552,-0.1458702391938176
0.9020408208676935,-0.1430395172825681,-0.0556397716812816,-0.1425104293520692
0.901672065696034,-0.143956805089898,-0.0575722990968776,-0.1391157669776018
0.9012867562559777,-0.1448611738378266,-0.0595040695101084,-0.1356850628769536
0.9008845426006074,-0.1457521290437535,-0.0614343174009,-0.1322170911344191
0.9004650672547572,-0.1466291518122,-0.063362262784544,-0.1287105890437544
0.90002796460356,-0.1474916979455312,-0.0652871109149344,-0.1251642534619181
0.8995728613358298,-0.1483391948428266,-0.0672080471793414,-0.1215767457409151
0.8990993759427841,-0.1491710403891725,-0.0691242364181129,-0.1179466884670117
0.8986071193681598,-0.1499865997291566,-0.0710348174987071,-0.1142726709496063
0.898095695122815,-0.1507852032510041,-0.0729389005787421,-0.1105532497787222
0.8975647004787508,-0.1515661430548609,-0.0748355607177632,-0.1067869566217212
0.8970137284832257,-0.1523286688653129,-0.0767238297375945,-0.102972310289864
0.89644236960712,-0.1530719852427973,-0.0786026907646348,-0.0991078245013447
0.8958502161193261,-0.1537952460927218,-0.0804710653332177,-0.0951920322877704
0.8952368667822718,-0.1544975504724893,-0.0823278024244647,-0.0912235092267918
0.8946019343865576,-0.1551779370120564,-0.0841716621562177,-0.0872009116101518
0.8939450556764089,-0.1558353785528053,-0.0860012973066341,-0.0831230248826745
0.8932659037482639,-0.1564687777412392,-0.0878152337984234,-0.0789888217421738
0.8925642067787962,-0.1570769611188877,-0.0896118417151664,-0.0747975518331708
0.8918397682695571,-0.1576586778055982,-0.0913893123355246,-0.0705488315755704
0.8910924960174739,-0.1582125977194791,-0.0931456246177267,-0.0662427760100914
0.8903224327427763,-0.1587373170239919,-0.0948785216951278,-0.0618801288573811
0.8895297928154969,-0.1592313680900715,-0.0965854876985436,-0.0574624167003092
0.8887149986018796,-0.1596932391795931,-0.0982637405338111,-0.0529920906758657
0.887878713199925,-0.1601214045178219,-0.0999102450107237,-0.0484726411713278
0.8870218621984922,-0.1605143659619328,-0.1015217562379583,-0.0439086507880588
0.8861456365057023,-0.1608707048781635,-0.1030948996309912,-0.0393057513128738
0.885251473255598,-0.1611891384561906,-0.1046262812331534,-0.0346704788469099
0.884341006715758,-0.1614685756355268,-0.1061126295997939,-0.0300099947080777
0.8834160002949576,-0.1617081609598551,-0.1075509379287164,-0.0253317377141685
0.8824782656861181,-0.1619073006598571,-0.1089385909183001,-0.0206430404831131
0.8815295797068368,-0.1620656672563165,-0.110273459123532,-0.0159507607609858
0.880571620321641,-0.1621831817907629,-0.1115539357405103,-0.0112610273028258
0.8796059194595136,-0.1622599813497895,-0.1127789315189327,-0.0065790773409731
0.8786338381259926,-0.1622963778182537,-0.113947831464041,-0.0019092035955452
0.8776565631452568,-0.16229281477791,-0.1150604252814763,0.0027452003142832
0.87667511337892,-0.1622498278130434,-0.1161168337629733,0.0073815590396258
0.875690330408094,-0.1621680078135128,-0.1171174590256068,0.011998117284153
0.8747029158885289,-0.1620479713125515,-0.1180628935286088,0.0165937306442484
0.873713457697384,-0.1618903395010292,-0.1189538563233131,0.0211677215456942
0.8727224526512246,-0.1616957237971175,-0.1197911440553422,0.0257197598931794
0.8717303308158307,-0.1614647177525133,-0.120575590367133,0.0302497432437382
0.8707374670576604,-0.1611978911197528,-0.1213080435467005,0.0347577404554687
0.8697441972781439,-0.1608957881632111,-0.1219893454979565,0.0392439170255863
0.8687508254621704,-0.1605589262199724,-0.1226203217335413,0.0437085044520393
0.867757632422263,-0.1601877963664379,-0.1232017726882466,0.0481517631512573
0.8667648821479181,-0.1597828647806574,-0.1237344688429286,0.0525739570875819
0.8657728238691628,-0.1593445732996141,-0.1242191495639264,0.0569753479417776
0.8647816973076948,-0.1588733418093507,-0.1246565210243859,0.0613561752097485
0.8637917325780424,-0.1583695687215886,-0.1250472573911207,0.0657166600770729
0.8628031546314945,-0.1578336338101559,-0.1253920002862557,0.0700569890927128
0.8618161825314862,-0.1572658987228635,-0.1256913607052086,0.0743773205269297
0.8608310305715804,-0.1566667083570009,-0.1259459200898472,0.0786777823629529
0.8598479106180451,-0.1560363931296704,-0.1261562312732407,0.0829584647940472
0.858867030285655,-0.1553752687113026,-0.1263228204775161,0.087219430709225
0.8578885948702947,-0.1546836380044801,-0.1264461882671241,0.0914607095800539
0.856912806103031,-0.1539617909976889,-0.126526811047449,0.0956823049936335
0.8559398646750218,-0.153210007254453,-0.1265651420287326,0.0998841856711617
0.854969968213662,-0.1524285550750946,-0.1265616125980549,0.1040662960291495
0.854003312003455,-0.1516176925255194,-0.1265166332343202,0.1082285546945952
0.8530400835994653,-0.1507776631064236,-0.1264305938232078,0.1123708791637518
0.8520804748128241,-0.1499087062920245,-0.126303865155263,0.1164931356085327
0.8511246755645413,-0.1490110530775268,-0.1261367998455591,0.120595166675801
0.8501728724783955,-0.1480849249239363,-0.1259297327210861,0.1246767986940083
0.8492252512465266,-0.147130536221133,-0.1256829818292114,0.128737832602604
0.8482819946574218,-0.146148092587746,-0.1253968485697656,0.1327780534125604
0.8473432855262186,-0.1451377940716623,-0.125071619051367,0.1367972185797086
0.8464093026287252,-0.1440998310147845,-0.1247075632616475,0.14079507627743
0.8454802254301402,-0.1430343892513961,-0.1243049371177438,0.1447713459447856
0.8445562290357068,-0.1419416445263717,-0.1238639808127373,0.1487257406393311
0.8436374895169397,-0.1408217686111017,-0.1233849214110197,0.1526579449269662
0.8427241797916629,-0.1396749244981019,-0.1228679712435117,0.1565676331527307
0.8418164727868862,-0.1385012701920047,-0.1223133297594638,0.1604544564960139
0.8409145385434273,-0.1373009549837545,-0.1217211820634676,0.1643180559186647
0.8400185482119752,-0.1360741245853272,-0.1210917016063917,0.168158045564132
0.8391286705882527,-0.1348209164893992,-0.1204250481684576,0.1719740280728199
0.8382450752925045,-0.1335414642231758,-0.119721370271396,0.175765581394923
0.837367929997991,-0.1322358933362463,-0.1189808032768137,0.1795322710828968
0.8364974031814777,-0.130904325226558,-0.1182034717019948,0.1832736388676637
0.8356336626591373,-0.129546874885803,-0.1173894882145306,0.1869892092884873
0.8347768780080056,-0.1281636545858425,-0.1165389561021095,0.1906784795927506
0.8339272173348979,-0.1267547686511393,-0.1156519663900189,0.1943409339270751
0.8330848516773347,-0.1253203204981339,-0.1147286024817231,0.1979760246437792
0.8322499520652219,-0.1238604078143648,-0.1137689375122113,0.2015831851860487
0.8314226922112985,-0.1223751271307199,-0.1127730376589023,0.2051618186789926
0.8306032468610794,-0.1208645710080505,-0.1117409607150418,0.2087113052289288
0.8297917933176822,-0.1193288308012555,-0.1106727583566331,0.212230995482037
0.8289885132422526,-0.1177680003838589,-0.1095684792955556,0.2157202029164538
0.8281935900559529,-0.116182171527408,-0.1084281666334553,0.2191782151982166
0.8274072121152046,-0.114571440437898,-0.1072518630976764,0.222604280453311
0.8266295709479795,-0.112935904788047,-0.106039609611104,0.2259976149708819
0.8258608642145414,-0.1112756705205631,-0.1047914510532912,0.2293573903039136
0.8251012948333613,-0.1095908510819888,-0.1035074366291667,0.2326827370386023
0.8243510714124418,-0.107881569436517,-0.1021876223280532,0.2359727428650514
0.8236104092822851,-0.1061479617458972,-0.1008320747948026,0.2392264479805028
0.8228795309822088,-0.1043901802256028,-0.0994408747352735,0.2424428428523364
0.8221586678421783,-0.1026083991023453,-0.0980141229511417,0.2456208611259604
0.8214480583379846,-0.1008028131306709,-0.0965519406063254,0.2487593867257451
0.8207479496506428,-0.0989736441805753,-0.0950544760145102,0.2518572468533634
0.8200585991591676,-0.0971211486389561,-0.0935219124075427,0.2549132052195597
0.8193802717438857,-0.0952456141756018,-0.0919544670926472,0.2579259738439898
0.818713243236497,-0.0933473734745242,-0.0903524047724094,0.2608941976359598
0.8180577976778732,-0.0914268018404861,-0.0887160376648956,0.26381646646384
0.817414228344023,-0.0894843256656844,-0.0870457348038584,0.2666913105513659
0.8167828365917743,-0.0875204253625399,-0.0853419268228073,0.2695172056310977
0.8161639307031846,-0.0855356385928554,-0.083605111027817,0.2722925782119691
0.8155578252141724,-0.0835305654925097,-0.0818358582680576,0.2750158087843743
0.8149648385943696,-0.0815058689425582,-0.0800348154827104,0.2776852425507044
0.8143852902833062,-0.0794622723226403,-0.0782027058546661,0.2802992032486935
0.813819500003399,-0.0774005649988139,-0.0763403357413672,0.2828559968996315
0.8132677833999353,-0.0753215946531399,-0.0744485896590936,0.2853539323092565
0.8127304494934515,-0.0732262649463627,-0.0725284297097239,0.2877913336351754
0.8122077972814041,-0.0711155290051643,-0.0705808908972086,0.2901665570216832
0.8117001120518528,-0.0689903800903017,-0.0686070734200958,0.2924780087805152
0.8112076625817032,-0.0668518439595423,-0.066608136070868,0.2947241597697544
0.8107306971700065,-0.0647009640623139,-0.0645852824734783,0.2969035652786289
0.8102694420594344,-0.0625387946204168,-0.0625397541863202,0.2990148741887272
0.8098240990854965,-0.0603663882795361,-0.0604728183073986,0.3010568417624266
0.8093948433477475,-0.0581847808966625,-0.0583857518671155,0.3030283424312172
0.8089818219571848,-0.0559949784052802,-0.0562798277165477,0.3049283777074062
0.8085851553483016,-0.053797954985603,-0.0541563109761784,0.3067560722779193
0.8082049367972809,-0.051594640524553,-0.0520164450248681,0.3085106782634543
0.8078412331225953,-0.0493859122004638,-0.0498614412140277,0.3101915739545741
0.8074940857462528,-0.0471725863870037,-0.0476924687412739,0.3117982607611292
0.8071635144528274,-0.0449554271325584,-0.0455106607572872,0.3133303475109257
0.806849517305117,-0.0427351301607677,-0.0433170965455194,0.314787552353974
0.8065520744496907,-0.04051233173471,-0.0411128081442638,0.3161696864812975
0.8062711501486477,-0.0382876069523633,-0.0388987767531017,0.3174766458648562
0.8060066949100178,-0.0360614687904107,-0.0366759299711897,0.3187084023719492
0.8057586485123942,-0.0338343756024468,-0.0344451476245466,0.3198649905454304
0.80552694212719,-0.0316067334401765,-0.0322072626452808,0.3209464984190397
0.8053115000726268,-0.0293788959436151,-0.0299630596498429,0.3219530599139837
0.8051122421254611,-0.0271511710631576,-0.0277132805345713,0.3228848445059936
0.8049290854466726,-0.0249238269219731,-0.0254586294063851,0.3237420485765877
0.804761945718945,-0.022697090439188,-0.0231997703341687,0.324524890356065
0.8046107390706951,-0.0204711574394965,-0.0209373368551908,0.325233601104174
0.8044753828730284,-0.0182461907406008,-0.0186719294251938,0.3258684214980269
0.8043557971298049,-0.0160223284452065,-0.0164041233309158,0.3264295951855436
0.8042519051447743,-0.0137996835628899,-0.0141344678822813,0.3269173656814297
0.8041636343069499,-0.0115783462678152,-0.0118634883511683,0.3273319726732497
0.804090917003765,-0.0093583934578393,-0.0095916954541491,0.3276736476966779
0.8040336908395342,-0.0071398845624803,-0.0073195808406413,0.3279426130510692
0.8039918992279101,-0.0049228693555348,-0.0050476249002707,0.328139078942088
0.8039654915765604,-0.0027073841874371,-0.0027762927534862,0.3282632425280886
0.8039544236649133,-0.0004934609670492,-0.0005060433349026,0.3283152860502259
0.8039540433717111,-9.754895459110349e-13,5.8780348210357705e-12,0.3283170743104932
