2.93984523083787
0.6978196295218468,-3.208138130318781e-23,3.122439444926403e-13,0.643184800261459
0.6978207339894381,0.0023263894982399,0.0006107096096523,0.6431730896303905
0.6978269380959514,0.0059841772201285,0.0015710269885273,0.6431073174470158
0.6978386099067118,0.0096428874221168,0.0025318437261776,0.6429836247681194
0.6978557601546538,0.0133028011500821,0.0034933922136046,0.6428019800730628
0.697878403379112,0.0169641594265512,0.004455896205881,0.6425623502381935
0.6979065579507179,0.0206271982050582,0.0054195806450193,0.6422647004996656
0.6979402462723485,0.0242921686075294,0.0063846776302203,0.6419089926116308
0.6979794946516401,0.0279593117778003,0.0073514204447716,0.6414951865349496
0.6980243335639453,0.0316288807348459,0.0083200499454401,0.6410232380612
0.6980747977431437,0.0353011360362582,0.009290814060278,0.6404930983262218
0.6981309262161246,0.0389763397965611,0.0102639668360197,0.6399047139824106
0.698192762592214,0.0426547667908459,0.0112397719973184,0.6392580247699862
0.6982603551852967,0.0463367009169218,0.012218502635499,0.638552962934658
0.6983337571581357,0.0500224337813467,0.0132004414465965,0.6377894524981693
0.6984130268636612,0.0537122722163436,0.0141858833446535,0.6369674065791243
0.6984982280931002,0.0574065384026397,0.0151751361169731,0.6360867258085747
0.6985894300620467,0.0611055591117219,0.0161685181515991,0.6351472995639784
0.6986867081283562,0.0648096852900042,0.0171663642946492,0.6341489997756111
0.6987901436902446,0.0685192759523145,0.0181690221425883,0.6330916833398618
0.6988998247377884,0.0722347082389617,0.0191768553570633,0.6319751879512544
0.6990158462786591,0.0759563799185592,0.0201902449773041,0.6307993294296785
0.6991383106670644,0.0796847076927515,0.0212095896052435,0.6295639002261592
0.6992673277983051,0.0834201215848958,0.022235304510773,0.6282686694602703
0.6994030157612395,0.0871630726210233,0.0232678243790681,0.6269133785449312
0.6995455013192048,0.0909140334504946,0.0243076041654671,0.6254977388070965
0.6996949202145782,0.0946734938073661,0.0253551185317132,0.6240214311017368
0.6998514177976183,0.0984419640844528,0.0264108635395548,0.622484102452708
0.7000151497632103,0.1022199797972937,0.0274753586485905,0.6208853619629987
0.7001862825712084,0.1060080973889457,0.0285491463235875,0.61922478015757
0.7003649940377685,0.10980689379616,0.0296327927060586,0.6175018869493156
0.7005514744108162,0.1136169750349775,0.0307268909110333,0.6157161653192201
0.7007459268389771,0.1174389703425704,0.03183206027195,0.6138670512804874
0.7009485682548198,0.1212735343809271,0.0329489479173643,0.6119539302528946
0.7011596302490815,0.1251213478853997,0.034078229964801,0.609976134003243
0.7013793604974619,0.1289831267322649,0.0352206152771948,0.6079329329571933
0.7016080227678885,0.1328596044187016,0.0363768414497315,0.6058235422989944
0.701845900136855,0.1367515685914161,0.0375476869299995,0.6036470989539093
0.7020932940244301,0.1406598240972009,0.0387339613881874,0.6014026779386721
0.702350527298722,0.1445852230545795,0.0399365162016366,0.599089271955939
0.7026179453058974,0.1485286576176664,0.0411562439470519,0.5967057909932055
0.7028959179432632,0.1524910671898075,0.0423940824168286,0.5942510533910723
0.7031848411594781,0.1564734348218687,0.0436510154630629,0.5917237830592948
0.7034851403273503,0.1604768070542155,0.0449280814251549,0.589122591443063
0.7037972722467842,0.1645022906216204,0.0462263746204633,0.5864459730510031
0.70412172797024,0.1685510576164907,0.0475470497285477,0.5836922952370047
0.7044590372401872,0.1726243664100684,0.0488913317242381,0.5808597761671138
0.7048097709343656,0.1767235529928417,0.0502605166014148,0.5779464818031648
0.7051745469122922,0.180850058697908,0.0516559845438727,0.5749502966154935
0.7055540352656106,0.1850054429154554,0.0530792089380732,0.5718689025408475
0.7059489638859728,0.1891913927322411,0.0545317650351699,0.5686997585786153
0.7063601257903313,0.1934097439784849,0.0560153433609216,0.5654400699473936
0.7067883886233436,0.197662514459053,0.057531768616843,0.5620867447952654
0.7072347039397825,0.2019519228367621,0.0590830149703094,0.5586363584775128
0.7077001198159686,0.206280427327186,0.0606712300044904,0.555085098464499
0.7081857964912989,0.2106507756414962,0.062298765029499,0.5514286945955689
0.7086930224636118,0.2150660394185089,0.0639682022631699,0.5476623560361237
0.7092232382007976,0.2195296932782751,0.065682401829809,0.5437806634262969
0.7097780606685847,0.2240456709569888,0.0674445442634443,0.5397774707965171
0.7103593189451446,0.2286184788439126,0.0692582001528828,0.5356457457904032
0.7109690894861318,0.2332532632644114,0.0711273880232114,0.5313774364679786
0.7116097458494051,0.2379559422044365,0.0730566648989332,0.5269632638664538
0.712284006505796,0.242733264708059,0.0750511960706527,0.5223925623778546
0.7129949897537403,0.2475928656740372,0.0771168305707223,0.5176531078982469
0.7137462400260264,0.2525430760946905,0.0792600783222526,0.5127311724139123
0.7145416857414937,0.2575922919697753,0.0814878881083307,0.5076120369328987
0.7153854081063892,0.2627472933121263,0.0838069219903223,0.5022816606030288
0.7162809659742961,0.2680093491062968,0.0862217138081544,0.4967309080363228
0.7172299114681948,0.2733667803378553,0.0887309183642675,0.4909641434082333
0.7182294329025961,0.2787848470677346,0.0913217858132515,0.485011852959145
0.7192707068343159,0.2842021352238644,0.0939671457343269,0.4789374282013366
0.7203410803950511,0.2895471878121973,0.0966322870167296,0.4728211953232624
0.7214294465261037,0.2947666290351514,0.0992887905728319,0.4667285868144614
0.7225294395055741,0.2998368463386556,0.1019215656956683,0.4606940692902583
0.7236387965343624,0.3047560037354745,0.104526133400938,0.4547275066344551
0.72475751302975,0.3095324510318871,0.1071034445238067,0.4488261429093521
0.725886522719884,0.3141775719229937,0.1096564356990648,0.4429825530270334
0.7270270328132692,0.3187026146092511,0.1121883933684655,0.4371884198689651
0.728180250102862,0.3231176233744001,0.1147023328886211,0.4314359712948156
0.7293472865588585,0.3274312380773987,0.1172008216473667,0.4257183937359655
0.7305291301008145,0.3316507700170862,0.1196859554359526,0.4200298919063244
0.7317266536195898,0.3357824023876625,0.1221594153072675,0.4143655628813243
0.7329406223597381,0.3398313559786315,0.124622515416268,0.4087212901002497
0.7341717113414349,0.3438020633528594,0.1270762661604712,0.403093601944159
0.7354205178707354,0.3476983021381865,0.1295214217845629,0.3974795656128028
0.7366875727535578,0.3515233054601991,0.1319585211340697,0.3918766965043052
0.7379733504517112,0.3552798538289123,0.1343879227443957,0.3862828804045541
0.7392782761061463,0.3589703455550325,0.1368098310305744,0.380696315959984
0.7406027323653999,0.3625968572718342,0.1392243198669517,0.3751154630096091
0.741947067290488,0.3661611992262477,0.1416313560439637,0.369538990975189
0.7433115928775934,0.3696649393139832,0.1440308042909041,0.3639657697559335
0.7446965952042306,0.3731094534143689,0.1464224520120795,0.358394814844678
0.7461023336106187,0.3764959424967437,0.1488060133006925,0.3528252802912234
0.7475290410630455,0.379825450933115,0.1511811347448728,0.3472564475759772
0.7489769321013671,0.3830988998448856,0.1535474131678075,0.3416876863829826
0.7504462014313548,0.3863170954886643,0.1559043968219574,0.3361184538665753
0.7519370221867551,0.3894807364595566,0.1582515861313115,0.3305482951405112
0.7534495507942803,0.3925904339446204,0.1605884446673254,0.3249768195185807
0.7549839284297069,0.3956467225126548,0.1629144039915235,0.3194036909806385
0.7565402780931206,0.3986500613455314,0.1652288616617467,0.3138286349774814
0.7581187100454526,0.4016008513038409,0.1675311916967702,0.3082514153193423
0.7597193191524798,0.404499435078667,0.1698207425423594,0.3026718409221899
0.7613421833495785,0.4073460997558544,0.17209683694691,0.2970897681850704
0.7629873706245387,0.4101410936845056,0.1743587835910375,0.2915050744527784
0.7646549339994797,0.4128846212684023,0.1766058714736849,0.2859176734806242
0.766344911726554,0.4155768472407937,0.1788373718638656,0.2803275125917709
0.7680573288109931,0.4182179025730084,0.181052541844447,0.2747345657503134
0.7697922004896632,0.4208078925217649,0.1832506299952966,0.2691388208933307
0.7715495261212205,0.4233468898261107,0.1854308696974597,0.2635402985666189
0.773329294665859,0.4258349453873735,0.1875924872710812,0.2579390329734882
0.7751314803102574,0.4282720841189438,0.1897346976150959,0.2523350848572436
0.7769560468055315,0.430658313026363,0.1918567104983025,0.2467285268781874
0.7788029427286888,0.4329936167007988,0.1939577259269599,0.2411194574342476
0.7806721069192993,0.4352779661216508,0.1960369413809017,0.2355079831809059
0.7825634653461301,0.4375113160164911,0.1980935489753909,0.22989422805002
0.7844769301058312,0.4396936052868558,0.2001267352963424,0.2242783354635484
0.7864124032608129,0.4418247627928622,0.2021356863087485,0.2186604564550519
0.7883697736742181,0.4439047048391998,0.2041195846536417,0.2130407585817124
0.7903489175011772,0.4459333369929043,0.2060776109508899,0.2074194239559739
0.7923497010648529,0.4479105580186928,0.2080089472720786,0.2017966407572322
0.7943719754982146,0.4498362554296369,0.2099127725190703,0.1961726180734899
0.7964155806417157,0.451710310449376,0.2117882669264439,0.1905475745052263
0.7984803456416537,0.4535325992295073,0.2136346130713148,0.1849217364260787
0.8005660868206377,0.4553029916345953,0.2154509944343437,0.1792953436871986
0.8026726100644844,0.4570213540236553,0.217236598013917,0.1736686429996324
0.8047997071691754,0.4586875468870799,0.2189906116776776,0.1680418976185207
0.8069471597252592,0.4603014286966831,0.2207122279558518,0.1624153768373917
0.8091147356211812,0.4618628537786079,0.2224006416175886,0.1567893651595868
0.8113021959165195,0.4633716778029942,0.2240550554340371,0.1511641444334357
0.8135092853918645,0.4648277514764118,0.2256746732019265,0.1455400183819526
0.81573573927459,0.4662309258668377,0.2272587053559141,0.1399172951600418
0.8179812818878394,0.4675810517713925,0.2288063681873136,0.1342962909803836
0.8202456251377698,0.4688779792199987,0.2303168831278927,0.1286773339604199
0.8225284713172741,0.4701215595113153,0.2317894789608586,0.1230607572100549
0.8248295112692834,0.4713116444317288,0.2332233908121991,0.1174469035527901
0.8271484255344632,0.4724480871934415,0.2346178611385292,0.1118361228302209
0.829484882744857,0.4735307419393683,0.2359721389915959,0.1062287759303306
0.8318385425111451,0.4745594654025653,0.2372854819446757,0.1006252279756292
0.83420905332673,0.4755341161238905,0.2385571550201702,0.0950258535650869
0.8365960552608572,0.4764545557809704,0.2397864322994769,0.0894310305962643
0.8389991761526201,0.4773206478466529,0.2409725950449575,0.0838411494346933
0.8414180345591562,0.4781322590041877,0.2421149334254259,0.0782566061407354
0.8438522399503283,0.4788892592992643,0.2432127466494121,0.0726778022890249
0.8463013931413037,0.4795915223351173,0.2442653431727792,0.067105144257891
0.8487650851772042,0.4802389250240985,0.2452720402351631,0.0615390460343106
0.8512428965039469,0.4808313475702357,0.2462321636459449,0.055979931262377
0.8537344009382899,0.4813686745507423,0.2471450493830367,0.050428224552755
0.8562391626985519,0.4818507941933158,0.2480100423669918,0.0448843584500096
0.8587567383797509,0.4822775988573499,0.248826497163228,0.0393487692842374
0.8612866747639316,0.4826489846870843,0.2495937772168646,0.033821902251725
0.863828512518805,0.4829648522358447,0.2503112559654581,0.0283042035574172
0.866381783305314,0.4832251060017267,0.2509783158341924,0.0227961270231876
0.8689460122454105,0.4834296547286019,0.2515943488287761,0.017298128989188
0.871520714586429,0.4835784111162829,0.2521587556073016,0.0118106757266822
0.8741054006386855,0.4836712921847002,0.2526709465269299,0.0063342331056863
0.8766995736509332,0.4837082189760504,0.2531303408915601,0.000869271450468
0.879302729643101,0.4836891165084236,0.2535363667530246,-0.004583733868982
0.8819161690080478,0.4836138422107267,0.2538886857929415,-0.0100280658773047
0.8845428975641652,0.4834819986645446,0.2541869903369275,-0.0154704605498664
0.8871824142773685,0.4832931805048711,0.2544303934330765,-0.020910304686762
0.8898342063146315,0.4830469862268754,0.2546180106967123,-0.0263469776661962
0.8924977420554593,0.48274301890011,0.2547489598304822,-0.0317798371285884
0.8951724724151195,0.4823808865467699,0.2548223611659421,-0.0372082219179802
0.8978578278026981,0.481960203066468,0.254837338038471,-0.0426314461324085
0.9005532251856624,0.4814805876299941,0.254793017268952,-0.0480488136013332
0.9032580603685766,0.4809416662613789,0.2546885294264331,-0.0534596024364454
0.905971712172136,0.4803430716435966,0.2545230092424577,-0.0588630736506943
0.908693540715515,0.47968444386855,0.2542955960086246,-0.0642584678709902
0.9114228895139856,0.4789654303517705,0.2540054337405826,-0.0696450096474314
0.9141590817377628,0.4781856871941957,0.253651671859141,-0.0750219001975706
0.9169014231221928,0.4773448789088276,0.2532334652811749,-0.0803883233199818
0.9196492030359844,0.4764426783877308,0.2527499744360844,-0.0857434475739862
0.9224016917133376,0.4754787681061512,0.2522003659219714,-0.0910864209762794
0.9251581418997648,0.4744528399917206,0.2515838124978066,-0.0964163743411308
0.927917790219038,0.4733645951834871,0.250899492893684,-0.1017324240075411
0.9306798538857184,0.4722137455915637,0.250146592723608,-0.1070336655931869
0.9334435341700648,0.4710000128496834,0.249324303771016,-0.1123191807785668
0.9362080161961976,0.4697231285272162,0.2484318239622957,-0.1175880369764642
0.9389724683322304,0.4683828345589154,0.2474683574864716,-0.122839286244813
0.9417360441567584,0.4669788824076431,0.2464331139779645,-0.1280719691022426
0.9444978804278056,0.4655110341081417,0.245325309008126,-0.1332851107508093
0.947257100165748,0.4639790606788292,0.2441441626000481,-0.1384777269938359
0.9500128110922712,0.4623827428162126,0.2428888993719032,-0.14364882136565
0.9527641080455748,0.4607218693362377,0.241558746899,-0.1487973897642
0.9555100728607236,0.4589962368486954,0.2401529349318794,-0.153922420309877
0.9582497746026608,0.4572056491658989,0.238670694350099,-0.1590228938951746
0.9609822708622412,0.4553499158840801,0.2371112553524283,-0.1640977867342159
0.9637066099419136,0.4534288500561373,0.2354738447467724,-0.169146074564961
0.96642182929538,0.4514422682196549,0.2337576851138195,-0.1741667299275456
0.9691269588281948,0.4493899868105306,0.2319619907816137,-0.1791587284961252
0.9718210199704198,0.4472718212882711,0.2300859659708184,-0.184121047621832
0.9745030290815554,0.4450875816608511,0.2281287996334411,-0.1890526729284306
0.9771719962463928,0.4428370711821278,0.2260896628999111,-0.1939525964758517
0.9798269299358096,0.4405200798071474,0.223967701616316,-0.1988198257890373
0.9824668357346182,0.4381363819616123,0.2217620325075446,-0.2036533820774131
0.9850907193192746,0.4356857301347263,0.2194717352855324,-0.2084523063792603
0.9876975881405312,0.4331678487401382,0.2170958446463244,-0.2132156634653387
0.9902864531551984,0.4305824270510355,0.2146333410360313,-0.217942546006149
0.9928563317172756,0.4279291099034963,0.2120831388684656,-0.2226320810648299
0.995406248503922,0.4252074891159524,0.209444074930036,-0.2272834332564036
0.9979352391611122,0.4224170906570957,0.2067148921314523,-0.2318958131803053
1.0004423526621014,0.4195573612789702,0.2038942220303127,-0.2364684838788163
1.0029266555957697,0.4166276507789125,0.2009805622524269,-0.241000771277827
1.005387233088853,0.4136271955384913,0.1979722542302391,-0.2454920690548443
1.0078231966330862,0.4105550906500377,0.1948674484287077,-0.2499418568076528
1.0102336814157704,0.4074102710623369,0.1916640772735381,-0.2543496999249464
1.012617859982809,0.4041914673756504,0.188359800813732,-0.2587152803741278
1.0149749378935289,0.4008971788745447,0.1849519678607029,-0.2630383959257309
1.0173041641194696,0.3975256202805862,0.181437547926009,-0.2673189880268753
1.0196048331813483,0.3940746706376982,0.1778130623161496,-0.2715571566855246
1.021876290955004,0.3905418062819946,0.1740744951427383,-0.2757531847697541
1.0241179274477283,0.3869240412039572,0.1702172080476288,-0.2799075415811274
1.0263291756673618,0.3832178442435999,0.1662358257613404,-0.2840209016683883
1.0285094838990594,0.3794190844552823,0.1621241465074423,-0.2880941190780829
1.0306582662501191,0.3755230034896069,0.1578750770192235,-0.2921281659394358
1.0327747865292471,0.3715243088411521,0.153480696600139,-0.29612394994841
1.0348579357281489,0.3674175041046421,0.1489325858547243,-0.300081930112962
1.036905778626075,0.3631977930585622,0.1442228116395759,-0.3040012794054347
1.038914718175233,0.3588630832644603,0.1393461987902914,-0.3078782665601694
1.0408780964864943,0.3544178960465526,0.1343048822446278,-0.3117034267376926
1.042784395680381,0.349879484194153,0.12911562166874,-0.315457697455263
1.0446164342069582,0.3452833772932794,0.1238168265509558,-0.3191101269424044
1.0463542309671536,0.3406806951597205,0.1184663260813808,-0.3226226161673007
1.047981669265578,0.3361231539466723,0.1131245131927163,-0.3259626893706555
1.0494914764588823,0.3316472626043723,0.1078356404692443,-0.329113907931132
1.0508846381463284,0.3272706200408841,0.1026226594360469,-0.3320756625502357
1.052166885267104,0.3229974326502377,0.0974929695402493,-0.3348568492021543
1.0533456949099638,0.3188249946647066,0.0924456660735871,-0.3374701518534302
1.0544286658815605,0.3147478546738695,0.0874763299382742,-0.3399288349019084
1.0554228515840067,0.3107599087772068,0.0825794949846827,-0.3422453657002341
1.0563345721451884,0.3068552920965366,0.0777497369234649,-0.3444309815227927
1.0571694209380889,0.3030287085501169,0.0729821059406988,-0.3464956511399842
1.0579323423484015,0.2992754960474046,0.0682722416861634,-0.3484481906275388
1.0586277241363058,0.2955915876686769,0.0636163580373278,-0.3502964184854655
1.0592594820714445,0.2919734485071477,0.0590111933321253,-0.352047301658158
1.059831134443459,0.2884179995221105,0.0544539395125409,-0.3537070875504614
1.0603458640401784,0.284922547560129,0.0499421744534431,-0.3552814149674536
1.060806569448008,0.2814847215599205,0.0454737980802558,-0.3567754071519456
1.0612159060397344,0.2781024255213958,0.0410469866948264,-0.3581937452189875
1.0615763206350874,0.2747737916297795,0.0366601446977149,-0.3595407318966516
1.061890079370259,0.2714971455038358,0.0323118697159252,-0.3608203421859577
1.062159290753098,0.2682709778195559,0.0280009242421738,-0.3620362652185326
1.0623859253201702,0.2650939144757709,0.0237262036464714,-0.3631919414412305
1.0625718311507075,0.2619647023441516,0.0194867236483568,-0.3642905897164985
1.0627187476221158,0.2588821899904298,0.0152816000586235,-0.3653352330412037
1.0628283169615995,0.2558453100180636,0.0111100296363814,-0.366328720668864
1.0629020936959657,0.2528530726137368,0.0069712854629605,-0.3672737441237348
1.0629415531547135,0.2499045513127792,0.0028647010526385,-0.3681728539169419
1.0629480985540098,0.2469988763659777,-0.001210335675645,-0.369028472115547
1.0629230672116756,0.2441352270870334,-0.0052543902702958,-0.3698429039076115
1.0628676766591088,0.2413104555904806,-0.0092713701302047,-0.3706189875562515
1.0627830551351174,0.238523351499605,-0.0132625121789721,-0.3713588812961197
1.062670290435855,0.2357733752521826,-0.0172281203556018,-0.3720644810576254
1.0625304311304422,0.2330600159213669,-0.021168467711198,-0.3727376111374404
1.0623644893210322,0.2303827854357537,-0.0250838032327965,-0.3733800300252072
1.0621734429055267,0.2277412130451745,-0.0289743586571028,-0.3739934355446212
1.0619582379113002,0.225134846036154,-0.0328403463279303,-0.3745794680593386
1.0617197901145623,0.2225632439213867,-0.0366819667949584,-0.3751397148430793
1.06145898680541,0.2200259782526947,-0.040499408295283,-0.3756757128026649
1.061176688467195,0.2175226326097404,-0.0442928459866628,-0.3761889509522171
1.0608737297799151,0.2150527979842774,-0.0480624482397073,-0.3766808735977427
1.0605509209100796,0.2126160728122131,-0.0518083760697089,-0.3771528823048292
1.0602090488258789,0.2102120636412141,-0.0555307815887567,-0.3776063376024044
1.059848877867449,0.2078403812132627,-0.0592298135985967,-0.3780425613996556
1.0594711508141683,0.2055006412551629,-0.0629056160353375,-0.3784628383361443
1.059076589725619,0.2031924640252647,-0.0665583283474784,-0.3788684172618191
1.0586658966321776,0.2009154734556723,-0.0701880865632467,-0.3792605126749712
1.0582397540757822,0.198669296007673,-0.0737950248912136,-0.3796403060999595
1.057798825895614,0.1964535612487232,-0.0773792746187691,-0.3800089470808183
1.0573437576361342,0.1942679006848262,-0.0809409658353438,-0.3803675543962126
1.056875176929429,0.1921119469277694,-0.084480228700031,-0.3807172171395403
1.0563936945344654,0.1899853360438239,-0.0879971895021482,-0.3810589952261131
1.055899904350469,0.1878877052230772,-0.0914919743869098,-0.3813939206098761
1.05539438376921,0.1858186924317562,-0.094964709923846,-0.381722998120906
1.0548776941154805,0.1837779365784458,-0.0984155228421826,-0.382047206181555
1.0543503814588544,0.1817650791304351,-0.1018445372871625,-0.3823674972572384
1.0538129763958275,0.179779761761196,-0.1052518788020979,-0.3826847989032918
1.0532659946039808,0.1778216272272641,-0.1086376728968684,-0.3830000142702032
1.0527099373679505,0.1758903200582269,-0.112002043887812,-0.3833140226099343
1.0521452916272265,0.1739854855998844,-0.1153451165956335,-0.3836276800231007
1.0515725304451784,0.1721067706332421,-0.1186670153318759,-0.3839418199316327
1.0509921130070576,0.1702538224604651,-0.1219678655879746,-0.3842572537875906
1.050404485425625,0.1684262906556055,-0.1252477910066224,-0.3845747713173543
1.049810080565736,0.1666238256576629,-0.1285069159528251,-0.3848951412813943
1.0492093187735616,0.1648460802494399,-0.1317453629302419,-0.3852191117227133
1.0486026072563337,0.1630927070094046,-0.1349632573035193,-0.3855474109276415
1.0479903415585226,0.1613633619931409,-0.1381607206759841,-0.3858807472408688
1.0473729047504543,0.1596577017091063,-0.1413378765088452,-0.3862198101026774
1.0467506684545755,0.1579753854220039,-0.1444948459620049,-0.3865652700774721
1.046123992535431,0.156316073692263,-0.1476317506913254,-0.3869177795998223
1.0454932258179042,0.154679429754152,-0.1507487103471463,-0.3872779731425336
1.0448587060866612,0.1530651189415747,-0.1538458437211399,-0.3876464677710371
1.0442207600930615,0.1514728082160252,-0.1569232697474308,-0.3880238636965498
1.043579704229806,0.1499021673831308,-0.1599811052482476,-0.3884107444307514
1.042935844666702,0.1483528689083184,-0.1630194653363509,-0.3888076772361968
1.0422894772765123,0.1468245872742279,-0.166038464744024,-0.3892152137078769
1.0416408881614403,0.145316999799881,-0.1690382162903022,-0.3896338899813579
1.0409903538526466,0.1438297866485649,-0.1720188309110588,-0.3900642271257419
1.040338141345306,0.1423626304788459,-0.1749804184122697,-0.3905067316434103
1.0396845088311282,0.1409152176702504,-0.1779230850412637,-0.3909618954898617
1.039029705081326,0.1394872365256421,-0.1808469371638438,-0.3914301970067937
1.038373970423066,0.1380783790398738,-0.1837520777175747,-0.3919121007562023
1.0377175366153462,0.1366883402083253,-0.186638607636849,-0.3924080580999337
1.0370606271512,0.1353168182853354,-0.1895066253436711,-0.3929185074758034
1.0364034570159864,0.1339635139152182,-0.1923562285964799,-0.3934438750947935
1.03574623408872,0.1326281326543765,-0.195187509198287,-0.3939845743220956
1.0350891576428838,0.1313103815231342,-0.198000560270976,-0.3945410073709129
1.034432420077226,0.1300099721807879,-0.2007954695443419,-0.3951135643798691
1.033776206363504,0.1287266194310659,-0.2035723225034136,-0.3957026243317469
1.0331206943575757,0.1274600414996706,-0.2063312017897955,-0.3963085552676139
1.0324660550918403,0.1262099602605774,-0.2090721866881401,-0.396931714492036
1.031812452783299,0.1249761009169601,-0.2117953537969557,-0.3975724490347194
1.0311600448958544,0.1237581918078385,-0.2145007774428297,-0.3982310960782326
1.0305089830260326,0.1225559657424653,-0.2171885266805201,-0.3989079825312221
1.0298594122154774,0.1213691583941087,-0.2198586688116355,-0.3996034261713807
1.0292114717589922,0.1201975094876111,-0.2225112666909207,-0.4003177352669848
1.028565294727971,0.1190407616294297,-0.2251463813143529,-0.4010512095472804
1.0279210090247084,0.1178986619099319,-0.2277640681275288,-0.4018041394765946
1.0272787366677922,0.1167709603251692,-0.2303643805512609,-0.4025768074973607
1.026638594641461,0.1156574109980953,-0.2329473671206174,-0.4033694874803194
1.0260006946492677,0.1145577714550689,-0.2355130730691007,-0.4041824454351227
1.0253651433076985,0.1134718026921981,-0.2380615401083379,-0.4050159397123464
1.024732042333346,0.1123992692294419,-0.2405928062261292,-0.4058702211963809
1.0241014890106015,0.1113399396334896,-0.2431069043593762,-0.4067455330854005
1.0234735756257904,0.1102935853023575,-0.2456038651806335,-0.4076421120808554
1.022848390552216,0.1092599820288795,-0.2480837132893048,-0.4085601872791843
1.0222260174974618,0.1082389084903117,-0.2505464707111116,-0.4094999816347295
1.0216065361559286,0.1072301470886292,-0.2529921547939929,-0.410461711422308
1.0209900222953687,0.1062334838439003,-0.2554207783490538,-0.4114455864737464
1.020376547622377,0.1052487079412734,-0.2578323506455727,-0.4124518107812745
1.0197661801424285,0.1042756120846334,-0.2602268764442026,-0.413480582315992
1.0191589844683997,0.1033139927566678,-0.2626043552322457,-0.4145320928624832
1.018555021398649,0.1023636493257764,-0.264964783308031,-0.4156065291051863
1.0179543481450823,0.1014243842023137,-0.2673081532978563,-0.4167040726546946
1.0173570191520669,0.100496003905978,-0.2696344513689555,-0.4178248989106456
1.0167630854557743,0.0995783178491249,-0.2719436601298691,-0.4189691785508145
1.016172594728007,0.0986711382136346,-0.2742357588360942,-0.4201370778627977
1.0155855924009776,0.0977742814803005,-0.2765107193979103,-0.4213287568651989
1.0150021204560022,0.0968875663704594,-0.278768511447772,-0.4225443720230768
1.014422218161937,0.0960108147952486,-0.2810090998231074,-0.4237840751515042
1.013845922364453,0.0951438521032036,-0.2832324437938266,-0.4250480131004845
1.0132732673103066,0.094286506628745,-0.2854384980766464,-0.4263363284214835
1.0127042848645342,0.0934386098402828,-0.2876272123203268,-0.4276491591949265
1.0121390042304357,0.0925999957505839,-0.2897985324943319,-0.4289866399935222
1.0115774525085497,0.0917705015813835,-0.2919523990403851,-0.4303489009057883
1.0110196543594894,0.0909499670976246,-0.2940887484605598,-0.431736068634874
1.0104656325216574,0.0901382352103341,-0.2962075116154255,-0.4331482655353383
1.009915407959953,0.0893351520299553,-0.2983086134363816,-0.4345856094513903
1.0093689990289532,0.088540565490918,-0.3003919763869486,-0.4360482161834436
1.00882642282414,0.0877543271730095,-0.3024575155603889,-0.4375361962285341
1.0082876939585383,0.0869762903750038,-0.304505143592587,-0.4390496583243632
1.0077528262096238,0.0862063123543447,-0.3065347646369398,-0.4405887051469057
1.0072218307295508,0.0854442516021411,-0.3085462813988818,-0.4421534385951812
1.0066947177576102,0.0846899701742338,-0.3105395888585304,-0.4437439551490882
1.0061714955736627,0.0839433320521801,-0.3125145784565526,-0.4453603491416696
1.0056521708987922,0.0832042035909213,-0.3144711367798724,-0.4470027118684677
1.0051367493301655,0.0824724540095968,-0.3164091441256051,-0.448671130429292
1.0046252349808016,0.0817479547528989,-0.3183284760558476,-0.4503656890531777
1.0041176307762516,0.0810305797912049,-0.3202290024697019,-0.4520864683493524
1.0036139384233131,0.080320205456996,-0.32211058790454,-0.4538335455862495
1.0031141579921583,0.0796167097420956,-0.3239730932659728,-0.4556069963862653
1.002618288864601,0.0789199735224825,-0.3258163724532791,-0.4574068916257233
1.0021263289091964,0.07822987928712,-0.3276402755950844,-0.4592333005415446
1.0016382753172568,0.077546312206086,-0.3294446460955105,-0.4610862878861673
1.0011541239166504,0.0768691590636678,-0.3312293233269359,-0.4629659166483713
1.0006738699578768,0.0761983092577767,-0.332994139867501,-0.4648722452325802
1.000197507489233,0.0755336538266255,-0.3347389239442188,-0.4668053300272728
0.9997250297436148,0.0748750858936089,-0.3364634981367971,-0.4687652240762578
0.9992564295397298,0.0742225011315022,-0.3381676780499375,-0.470751975493299
0.9987916983005398,0.073575796303496,-0.3398512760121668,-0.4727656317186308
0.9983308268354514,0.072934870264645,-0.3415140983323064,-0.4748062364467195
0.9978738053867328,0.0722996239387306,-0.3431559452533858,-0.4768738294890053
0.99742062355824,0.0716699601341784,-0.3447766113250964,-0.4789684471673207
0.9969712700664914,0.0710457831159684,-0.3463758863938504,-0.4810901236057214
0.9965257331087396,0.0704269990368693,-0.3479535543795433,-0.483238889177422
0.9960840002470078,0.069813515697995,-0.3495093937848061,-0.4854147711487866
0.995646058619016,0.0692052427655134,-0.3510431770428759,-0.4876177927430677
0.9952118948706962,0.068602091602796,-0.3525546708510552,-0.4898479735250686
0.9947814949222392,0.0680039748731303,-0.3540436370643174,-0.4921053307186296
0.9943548442654232,0.0674108068821463,-0.3555098317303751,-0.4943898778138608
0.993931928131918,0.0668225037433943,-0.3569530045970713,-0.4967016237016484
0.9935127312201016,0.0662389829319193,-0.3583729001297346,-0.4990405741893542
0.993097237828938,0.0656601634052591,-0.3597692571187379,-0.5014067313687534
0.9926854318459134,0.0650859655231824,-0.361141808785914,-0.5038000937576467
0.9922772969318268,0.0645163112436891,-0.3624902822352504,-0.5062206552791768
0.991872816236766,0.0639511236666873,-0.3638143994586639,-0.5086684069809893
0.9914719729664112,0.0633903277666783,-0.3651138755405074,-0.5111433336663795
0.9910747497037984,0.0628338493882402,-0.3663884209398189,-0.5136454180291784
0.9906811287160084,0.0622816156178928,-0.3676377405223819,-0.5161746389126192
0.990291092104818,0.0617335549411322,-0.3688615331346119,-0.5187309703795222
0.9899046219594844,0.0611895974057331,-0.3700594911993337,-0.521314380657373
0.9895216998107952,0.0606496738026102,-0.3712313024694958,-0.5239248357752458
0.9891423074153856,0.0601137167203764,-0.3723766476568199,-0.5265622943062678
0.988766426021617,0.0595816594622176,-0.3734952027383446,-0.5292267123471183
0.9883940367322634,0.059053436508794,-0.3745866378786726,-0.5319180411020862
0.9880251205576892,0.0585289835478322,-0.3756506173276586,-0.5346362264767279
0.9876596585073948,0.0580082375605129,-0.3766867992222515,-0.5373812083394084
0.9872976310768528,0.0574911360460187,-0.3776948370822444,-0.5401529243799833
0.9869390190829812,0.0569776181696176,-0.3786743774928512,-0.5429513038014876
0.9865838029215482,0.0564676236611945,-0.3796250622311409,-0.5457762729441258
0.9862319632381008,0.0559610937356036,-0.3805465264819668,-0.5486277500160437
0.9858834802422698,0.0554579700683206,-0.3814384007144114,-0.5515056505244114
0.9855383342124692,0.0549581954811115,-0.3823003093714933,-0.5544098832359607
0.985196505470022,0.0544617138693282,-0.3831318710154769,-0.5573403502618564
0.9848579741034408,0.0539684697648674,-0.3839326990464813,-0.5602969493695282
0.9845227203924798,0.0534784089166255,-0.3847024007225351,-0.5632795702833465
0.9841907244896532,0.0529914777928932,-0.3854405779799348,-0.5662880973628581
0.983861966649509,0.0525076238826247,-0.3861468269579148,-0.5693224074973793
0.9835364266067618,0.0520267947449228,-0.3868207393533697,-0.5723823758457058
0.9832140846805308,0.0515489396024448,-0.3874619001084367,-0.5754678655499277
0.9828949209524136,0.0510740080999391,-0.388069889225498,-0.5785787352490147
0.982578915487835,0.0506019505974256,-0.3886442813188849,-0.5817148370074632
0.982266048541316,0.050132718447057,-0.3891846453017099,-0.5848760141795946
0.9819563002137796,0.0496662634510957,-0.3896905450548232,-0.5880621047389885
0.9816496508848406,0.0492025384820416,-0.3901615387465858,-0.5912729367999142
0.9813460805395744,0.0487414964370919,-0.3905971799362643,-0.5945083355468189
0.9810455695593217,0.0482830914045251,-0.3909970163892388,-0.5977681149072005
0.9807480983271958,0.0478272780418885,-0.3913605907712009,-0.601052081526279
0.9804536472158788,0.0473740115284063,-0.3916874406875452,-0.6043600348626266
0.9801621970055509,0.0469232481838485,-0.3919770983071231,-0.607691762343005
0.979873727871832,0.046474943878672,-0.3922290914475297,-0.6110470507952653
0.979588220768473,0.0460290561476548,-0.3924429422701114,-0.6144256705237088
0.979305656240824,0.045585542324842,-0.3926181684402934,-0.6178273888980294
0.9790260151763208,0.0451443606866265,-0.3927542825566393,-0.6212519614801163
0.978749278589199,0.0447054700955156,-0.3928507924450313,-0.624699134352731
0.9784754274428096,0.0442688296938895,-0.3929072012765537,-0.6281686462368001
0.9782044430884744,0.0438343995797843,-0.392923007537066,-0.6316602228297362
0.9779363066148172,0.0434021397447716,-0.3928977052049332,-0.6351735849701782
0.9776709988803058,0.0429720100875752,-0.3928307835504987,-0.638708448481694
0.9774085007062588,0.0425439706907985,-0.3927217270172448,-0.6422645217978148
0.9771487940243,0.0421179836780133,-0.3925700159111433,-0.6458414900851392
0.9768918606021532,0.0416940111308514,-0.3923751262410904,-0.6494390319783313
0.9766376824771608,0.0412720157755144,-0.3921365300037699,-0.6530568135514059
0.9763862419047318,0.0408519608826135,-0.3918536953423086,-0.6566944887655823
0.9761375211703784,0.0404338099341533,-0.3915260864633506,-0.6603517020097954
0.9758915029487968,0.0400175272071131,-0.3911531642188078,-0.6640280826709666
0.9756481698493528,0.0396030769905322,-0.390734385640239,-0.6677232516410276
0.9754075049025852,0.0391904243910419,-0.3902692048315833,-0.6714368138513465
0.9751694912650704,0.0387795348180005,-0.3897570727196456,-0.6751683624441681
0.974934112310564,0.038370374122084,-0.3891974373900774,-0.6789174771799298
0.9747013516408756,0.0379629085994715,-0.3885897443313992,-0.6826837240187043
0.9744711932163286,0.0375571052086579,-0.3879334370581608,-0.6864666527046899
0.9742436209422268,0.0371529308279765,-0.3872279561849408,-0.6902658033006298
0.9740186194412468,0.0367503536106584,-0.386472742014796,-0.6940806931048806
0.9737961732001196,0.036349341460196,-0.3856672322409329,-0.6979108305622909
0.9735762671603978,0.0359498630700206,-0.3848108641246509,-0.701755705083522
0.9733588865569044,0.0355518876296518,-0.3839030744004651,-0.705614789381751
0.9731440169262724,0.0351553848330392,-0.3829432997200592,-0.7094875389781466
0.9729316441298784,0.0347603249150563,-0.3819309772021784,-0.7133733914284083
0.9727217542834472,0.0343666785149182,-0.3808655445587118,-0.7172717672581485
0.9725143339724068,0.03397441707627,-0.3797464416978631,-0.7211820655897615
0.9723093700598442,0.0335835124882552,-0.3785731103745546,-0.7251036672604954
0.9721068496782383,0.0331939370640654,-0.3773449946400217,-0.7290359346703408
0.9719067604745584,0.0328056640129732,-0.3760615429661281,-0.7329782066196274
0.9717090904546872,0.0324186671505947,-0.3747222081413627,-0.7369298007939222
0.97151382800218,0.0320329209404781,-0.3733264481569612,-0.7408900129570686
0.9713209619122516,0.0316484005694312,-0.3718737272944909,-0.7448581157990357
0.9711304814379071,0.0312650820526137,-0.3703635174393267,-0.7488333574718988
0.9709423762374348,0.0308829421443541,-0.3687952987197332,-0.7528149621494066
0.970756636401578,0.0305019584090842,-0.3671685607916038,-0.7568021289621
0.9705732524613468,0.0301221092572019,-0.3654828040713543,-0.7607940313135757
0.9703922154737864,0.0297433741480763,-0.3637375418266693,-0.764789814456479
0.9702135169138956,0.029365733394853,-0.3619323005769519,-0.7687885972859956
0.9700371487420024,0.0289891683348977,-0.3600666221742115,-0.7727894703327577
0.9698631034013232,0.0286136613606992,-0.3581400653716919,-0.7767914952578193
0.9696913738478482,0.0282391960248396,-0.3561522078640096,-0.7807937036048999
0.96952195343381,0.0278657568285576,-0.3541026467135755,-0.7847950989905619
0.9693548360626456,0.0274933296058939,-0.3519910020153556,-0.7887946529884101
0.9691900161482744,0.0271219014914919,-0.3498169185414204,-0.7927913055138265
0.9690274884665412,0.0267514606403711,-0.3475800658667544,-0.796783967970099
0.9688672483992132,0.0263819968397699,-0.3452801438506793,-0.8007715168682978
0.9687092917423736,0.0260135011434382,-0.3429168824741934,-0.8047527980527324
0.9685536147074676,0.0256459659385156,-0.3404900441912115,-0.8087266263710857
0.9684002139708062,0.0252793851350573,-0.3379994272234509,-0.812691784111265
0.9682490865861784,0.0249137540377146,-0.3354448668420853,-0.8166470229786765
0.9681002299008964,0.0245490692174046,-0.3328262365167796,-0.8205910661852102
0.9679536417378322,0.0241853290384507,-0.3301434538219273,-0.8245226035614597
0.9678093203027862,0.0238225335333872,-0.3273964819627466,-0.8284402938539138
0.9676672638435246,0.0234606836322513,-0.3245853260775883,-0.8323427741064598
0.9675274711446264,0.0230997825024777,-0.3217100456410559,-0.8362286463829799
0.9673899409459572,0.0227398341642526,-0.318770745926716,-0.8400964940155593
0.9672546720899978,0.0223808439378886,-0.3157675833031791,-0.8439448781837914
0.9671216637336928,0.0220228191050671,-0.3127007728853478,-0.8477723323880911
0.9669909150521272,0.0216657682308773,-0.3095705850691159,-0.8515773714311414
0.9668624249620124,0.021309700481482,-0.3063773411639681,-0.8553585004441477
0.9667361925365222,0.0209546268394617,-0.3031214257365655,-0.8591142038217243
0.9666122165212504,0.0206005588447299,-0.2998032769224114,-0.8628429605805712
0.9664904958022998,0.0202475100004921,-0.2964234009253566,-0.8665432316102645
0.966371028535031,0.019895493336026,-0.2929823501855997,-0.8702134874293808
0.966253812651542,0.0195445228930526,-0.2894807380536376,-0.8738521946475717
0.9661388458545166,0.0191946137831654,-0.2859192404852369,-0.8774578176811648
0.9660261254464866,0.01884578173718,-0.2822985923849187,-0.8810288257619058
0.9659156478366804,0.0184980415838694,-0.278619571871226,-0.8845637106742622
0.965807409380668,0.0181514098732857,-0.2748830277074033,-0.8880609621778467
0.9657014054234638,0.0178059018730432,-0.2710898474327934,-0.8915191007622092
0.9655976308328328,0.0174615332250756,-0.267240974357359,-0.8949366629008915
0.9654960797196822,0.0171183190134178,-0.2633373967255673,-0.8983122124673585
0.9653967458079048,0.0167762749823923,-0.2593801607684906,-0.9016443307848322
0.9652996213340532,0.0164354136859351,-0.2553703249610028,-0.904931655982938
0.9652046983911682,0.0160957490113114,-0.2513090106571208,-0.9081728404992764
0.9651119682876186,0.0157572939318043,-0.247197374974383,-0.9113665748118234
0.9650214211513684,0.0154200589041556,-0.2430365890199008,-0.9145116037313816
0.9649330467163582,0.0150840546044767,-0.2388278689984962,-0.9176067017696002
0.9648468337327664,0.0147492896157485,-0.2345724457014663,-0.920650695888202
0.964762770583053,0.0144157726462001,-0.2302715902118333,-0.9236424461275968
0.9646808443826428,0.0140835088316636,-0.2259265641046875,-0.926580879709053
0.9646010419515676,0.0137525033772631,-0.2215386635642753,-0.9294649586922402
0.9645233495059286,0.0134227602158374,-0.2171092000225639,-0.9322936927577912
0.9644477523133403,0.0130942803141477,-0.2126394745200912,-0.935066153757676
0.964374235332947,0.0127670641652347,-0.2081308083677967,-0.9377814542380448
0.964302782816088,0.0124411098578226,-0.2035845143268912,-0.940438763676474
0.9642333789564724,0.0121164158199768,-0.1990019322162878,-0.9430372858313212
0.964166006896417,0.011792976003544,-0.1943843587205563,-0.9455762972047989
0.9641006499027774,0.0114707851243021,-0.1897331185392326,-0.9480551043310084
0.964037290885243,0.0111498362686299,-0.1850495286135245,-0.9504730627474928
0.9639759122651246,0.0108301199402138,-0.180334881462988,-0.9528295830907704
0.9639164963895868,0.0105116259065452,-0.175590469654261,-0.9551241161645322
0.9638590255588848,0.0101943432149996,-0.1708175843314399,-0.9573561524502868
0.9638034815289254,0.0098782571807442,-0.1660174675957545,-0.9595252420699292
0.9637498467275236,0.00956335601756,-0.1611914108800024,-0.9616309478483224
0.9636981026144535,0.0092496211885503,-0.1563406060622615,-0.9636729098164634
0.9636482315118308,0.0089370378941585,-0.1514663042040316,-0.9656507736576896
0.96360021512289,0.0086255859370939,-0.1465696728899551,-0.9675642492296735
0.963554035999989,0.0083152487570251,-0.1416519356845784,-0.969413052382906
0.963509676378308,0.0080060058191166,-0.1367142515793599,-0.9711969512876388
0.9634671186567874,0.007697835361522,-0.1317577562088312,-0.972915747303968
0.9634263458242076,0.0073907174024948,-0.1267836093674046,-0.9745692575252662
0.963387340636962,0.0070846275149525,-0.1217928935223762,-0.9761573478030208
0.96335008658961,0.0067795439464735,-0.1167867280838894,-0.9776798931143228
0.9633145671610678,0.0064754416251182,-0.1117661710232756,-0.9791368078646904
0.963280766402324,0.006172296737528,-0.1067322930210883,-0.9805280215269592
0.9632486684453894,0.0058700822986603,-0.1016861034988993,-0.981853498380062
0.9632182582530668,0.0055687749180718,-0.0966286627343844,-0.98311320614602
0.9631895209205338,0.0052683483027963,-0.0915609732373286,-0.9843071443022464
0.96316244176835,0.0049687734378826,-0.0864839813471319,-0.985435339882202
0.9631370068921816,0.0046700243770582,-0.0813986748203735,-0.9864978240802422
0.9631132026626796,0.0043720728093504,-0.0763059907667799,-0.9874946525186306
0.9630910159778928,0.0040748906997723,-0.0712068601231344,-0.9884258942051768
0.9630704342378094,0.0037784500158185,-0.066102202981082,-0.989291632042727
0.9630514454281888,0.0034827240897848,-0.0609929521376723,-0.9900919587497152
0.963034037845859,0.0031876833796369,-0.0558799798714146,-0.9908269879036412
0.9630182003275486,0.0028932984805339,-0.0507641496446667,-0.991496843798938
0.9630039222784516,0.0025995408307812,-0.045646328557132,-0.9921016597018866
0.962991193534973,0.002306379894914,-0.0405273383906414,-0.9926415831491392
0.9629800046011214,0.0020137883725413,-0.0354080466139975,-0.993116765427014
0.9629703463674182,0.0017217357386879,-0.0302892537498934,-0.9935273730088048
0.9629622102654174,0.0014301910754405,-0.0251717428161289,-0.9938735805373524
0.9629555883670704,0.0011391275281173,-0.0200563578950957,-0.9941555661339824
0.9629504731921218,0.0008485164934115,-0.0149439024382018,-0.9943735191570574
0.9629468577429722,0.0005583266489149,-0.0098351222001084,-0.9945276383097832
0.9629447355948872,0.0002685283791461,-0.0047307833316564,-0.9946181273970596
0.962944100851802,-2.09072563621e-05,0.0003683454443223,-0.994645196828128
0.9629449481288432,-0.0003100086216137,0.0054614943014119,-0.994609064003356
0.9629472761263332,-0.0005991418422053,0.0105538497645581,-0.9945098006013788
0.962951089591988,-0.000888586058374,0.015649061044533,-0.9943472489289624
0.962956393680248,-0.0011783696500764,0.0207463523898671,-0.9941212627424896
0.962963194065088,-0.0014685217249445,0.0258449535663979,-0.9938317027298657
0.962971496933118,-0.0017590712819048,0.0309440849012042,-0.993478437115753
0.9629813089607836,-0.0020500466475937,0.0360429472103358,-0.9930613429586816
0.9629926373521852,-0.0023414767965924,0.0411407447783956,-0.992580304886046
0.9630054898204276,-0.0026333905851287,0.0462366717130587,-0.9920352162493044
0.9630198745435063,-0.0029258159512684,0.0513298978809444,-0.991425981367242
0.9630358003051688,-0.0032187828000346,0.0564196190202964,-0.9907525099502646
0.9630532762470336,-0.0035123181901952,0.0615049728801351,-0.9900147279944878
0.9630723120339748,-0.003806449883311,0.0665851010344163,-0.9892125711804411
0.963092917988261,-0.0041012079414537,0.0716591761024524,-0.9883459796689932
0.9631151047334892,-0.0043966193745225,0.0767263093361265,-0.9874149135344272
0.963138883486643,-0.0046927126193976,0.081785627920878,-0.9864193409055584
0.9631642657730664,-0.0049895138849275,0.0868362124303647,-0.9853592503545796
0.9631912637247212,-0.0052870509712189,0.0918771622330632,-0.984234638846168
0.9632198900179034,-0.0055853522190739,0.0969075772858233,-0.9830455148437994
0.9632501574335168,-0.0058844421407817,0.1019264848380447,-0.981791916994445
0.9632820792560646,-0.0061843460022158,0.1069329174902058,-0.9804738979007211
0.9633156695374576,-0.0064850919636639,0.1119259485322476,-0.9790915137438092
0.9633509424182544,-0.0067867047730233,0.116904586977209,-0.9776448527277424
0.9633879125424624,-0.0070892098134338,0.1218678456423553,-0.9761340183307606
0.9634265948330956,-0.0073926312573123,0.126814711124151,-0.9745591388840787
0.9634670045775268,-0.0076969929408207,0.1317441588825562,-0.9729203643935112
0.9635091571287474,-0.0080023163130282,0.1366551209402887,-0.9712178789062784
0.9635530685286576,-0.0083086251479941,0.14154656266756,-0.9694518755492052
0.9635987546987732,-0.0086159398000184,0.1464173911986877,-0.967622589430291
0.9636462322073908,-0.0089242826927439,0.1512665440102295,-0.965730266962448
0.9636955176359334,-0.0092336740794881,0.1560929223359673,-0.9637751914438736
0.963746627799692,-0.0095441337210726,0.1608954189990553,-0.961757674252085
0.9637995792868388,-0.0098556783055417,0.1656728800055761,-0.9596780729624702
0.9638543890026192,-0.0101683249818508,0.1704241608269364,-0.9575367696940096
0.9639110740995506,-0.0104820909279006,0.1751481204037467,-0.9553341738769776
0.9639696517076458,-0.0107969919329812,0.1798436008918683,-0.9530707326099928
0.964030138734971,-0.0111130415786877,0.1845094174799787,-0.950746937929365
0.964092551978144,-0.0114302521077753,0.1891443735682859,-0.9483633219508733
0.9641569085202484,-0.0117486365610086,0.1937472934749222,-0.9459204412254886
0.9642232247680192,-0.0120682041135431,0.1983169564624064,-0.9434189127771724
0.96429151770517,-0.0123889663902532,0.2028521895981808,-0.9408593659139244
0.9643618027858952,-0.012710927654849,0.2073517304897579,-0.9382425204946092
0.964434096542642,-0.0130340972257997,0.2118144048409322,-0.9355690882452878
0.9645084142684452,-0.0133584789096356,0.2162389800782214,-0.9328398582195891
0.9645847711597,-0.0136840764667968,0.2206242442635469,-0.930055652911532
0.9646631816877244,-0.0140108910474135,0.2249689733917098,-0.927217349960101
0.9647436601952531,-0.0143389239016106,0.2292719701116818,-0.9243258589461968
0.964826220414519,-0.0146681744880855,0.2335320404486328,-0.9213821374023898
0.9649108754416869,-0.0149986405831434,0.2377479978861768,-0.918387189898434
0.9649976377372124,-0.0153303184746231,0.241918668397954,-0.9153420661173186
0.9650865192577518,-0.0156632036202347,0.2460429009711633,-0.9122478543151774
0.9651775309256996,-0.0159972888205397,0.2501195472783755,-0.9091056977322358
0.9652706832060496,-0.016332566550406,0.2541474929506458,-0.905916772287353
0.9653659863215668,-0.0166690297603595,0.2581256682302135,-0.9026822774607663
0.96546344871506,-0.0170066665721228,0.2620529871987239,-0.8994034862465445
0.9655630786922338,-0.017345466270971,0.2659284212130958,-0.8960816867446789
0.9656648840060692,-0.0176854178417433,0.2697509822294854,-0.8927181943804042
0.965768870986601,-0.0180265071805923,0.2735196932407335,-0.8893143781743339
0.965875046051842,-0.018368722202858,0.2772336468426864,-0.8858716085504559
0.9659834141519082,-0.0187120477973303,0.2808919505073114,-0.8823913059499914
0.9660939799201465,-0.0190564696456387,0.2844937695732626,-0.8788749008793981
0.966206747513392,-0.0194019736827019,0.2880383213323841,-0.8753238371893957
0.9663217199913796,-0.0197485442305395,0.2915248564476194,-0.8717395893674659
0.9664389001385552,-0.0200961665528932,0.2949526856635512,-0.8681236343890991
0.9665582900582628,-0.0204448256141777,0.2983211670795176,-0.864477462451413
0.9666798914472536,-0.020794506892679,0.3016297140485031,-0.8608025665118844
0.9668037057636728,-0.0211451968206322,0.3048777985956429,-0.8571004355551843
0.966929733767142,-0.0214968814458287,0.3080649382852954,-0.8533725666957932
0.9670579759778188,-0.0218495477177246,0.3111907076090329,-0.8496204496959828
0.9671884326400162,-0.0222031833299099,0.3142547353952127,-0.8458455666702734
0.967321104014596,-0.0225577774482653,0.317256709747176,-0.8420493824129488
0.9674559902678548,-0.0229133203229309,0.320196372935373,-0.8382333466914488
0.9675930911969544,-0.0232698025098548,0.3230735135840266,-0.8343989009200558
0.967732406647339,-0.0236272159178831,0.3258879739220545,-0.8305474653332167
0.9678739367963636,-0.0239855544374172,0.328639652584264,-0.8266804306512353
0.9680176818782622,-0.0243448131341159,0.3313284960476996,-0.8227991653379987
0.9681636418300802,-0.0247049873106757,0.3339544900377781,-0.8189050244709483
0.9683118174715384,-0.0250660753536795,0.3365176784998704,-0.8149993177898467
0.9684622093194006,-0.025428075713529,0.3390181393178065,-0.8110833412760378
0.9686148184548644,-0.0257909889561449,0.3414559970796622,-0.8071583540220914
0.9687696461807342,-0.0261548168426902,0.3438314143816462,-0.8032255873522037
0.9689266943133992,-0.0265195629405083,0.3461445937522969,-0.7992862375017428
0.969085964816035,-0.0268852316893757,0.3483957695411729,-0.7953414750988147
0.9692474601663714,-0.0272518291900019,0.3505852109905379,-0.7913924361364953
0.9694111833787388,-0.0276193631693507,0.352713219767275,-0.7874402219608992
0.9695771378316572,-0.0279878425201915,0.354780125216443,-0.783485903928169
0.9697453272770596,-0.0283572772683273,0.3567862824291139,-0.7795305235191614
0.9699157560642162,-0.0287276790071272,0.3587320727881413,-0.7755750875443259
0.970088428975403,-0.0290990604754917,0.3606178998158709,-0.7716205726134867
0.970263351257797,-0.0294714355785871,0.3624441876387356,-0.7676679249143544
0.9704405286329104,-0.0298448193613716,0.3642113792486426,-0.7637180605616442
0.9706199672766028,-0.0302192279237611,0.3659199345699086,-0.7597718666185156
0.9708016738442006,-0.0305946784346451,0.3675703290785939,-0.7558302011208988
0.970985655523399,-0.0309711892027984,0.3691630526843803,-0.7518938925656788
0.9711719199227884,-0.03134877941331,0.3706986072523202,-0.7479637429433983
0.9713604751501836,-0.0317274692592384,0.3721775059355974,-0.7440405266578258
0.9715513296806324,-0.0321072796504657,0.3736002708710115,-0.7401249938721193
0.9717444925258906,-0.0324882325311602,0.3749674333270176,-0.7362178675745706
0.9719399730540492,-0.0328703505005542,0.3762795312539227,-0.732319847866019
0.9721377810408294,-0.0332536569015247,0.3775371087236526,-0.7284316114181053
0.9723379268114316,-0.0336381760787517,0.3787407158408155,-0.7245538092793534
0.9725404208554932,-0.0340239326253281,0.379890905519258,-0.7206870749067881
0.9727452742962236,-0.0344109522748505,0.3809882355054696,-0.7168320155979451
0.972952498450584,-0.0347992610543447,0.382033265099037,-0.7129892214317491
0.9731621050820588,-0.0351888857612757,0.383026555919567,-0.70915926092276
0.9733741062229218,-0.0355798536278846,0.3839686703947436,-0.7053426847800954
0.9735885143657128,-0.0359721926750496,0.3848601720782274,-0.7015400228788012
0.9738053422202536,-0.0363659312648082,0.3857016240476119,-0.6977517890683202
0.9740246028572642,-0.0367610983681,0.3864935890778393,-0.6939784789913411
0.9742463095739944,-0.0371577233258606,0.3872366287095459,-0.6902205728032405
0.9744704760769344,-0.0375558361824294,0.3879313034903063,-0.6864785324289233
0.9746971162581884,-0.0379554672914785,0.388578171852779,-0.6827528057263286
0.9749262442788904,-0.0383566474751359,0.3891777901064174,-0.6790438253755294
0.9751578745938028,-0.0387594080752419,0.3897307121885701,-0.6753520088236923
0.9753920219158666,-0.0391637808999456,0.3902374892750789,-0.6716777591991917
0.9756287011360484,-0.0395697980967989,0.3906986693708965,-0.6680214668562232
0.975867927411433,-0.0399774923173776,0.3911147972881462,-0.6643835082634477
0.976109716063078,-0.0403868965551271,0.3914864142500421,-0.6607642478439782
0.9763540826475972,-0.0407980442815225,0.3918140578425403,-0.6571640371293713
0.9766010429245062,-0.041210969404073,0.3920982617786854,-0.6535832155134633
0.9768506126825982,-0.0416257059930911,0.3923395555845599,-0.6500221129543948
0.9771028082520932,-0.0420422891483793,0.3925384649556351,-0.6464810428878764
0.9773576457230824,-0.0424607537177978,0.3926955108953482,-0.642960313563332
0.9776151416323516,-0.0428811354517253,0.3928112101983812,-0.6394602185292555
0.9778753125929612,-0.0433034704071029,0.3928860750286508,-0.6359810420590288
0.9781381752391348,-0.0437277948800924,0.392920612882131,-0.6325230599706171
0.9784037463770352,-0.0441541456711672,0.3929153265760234,-0.6290865377362328
0.97867204327208,-0.0445825605597252,0.3928707140681193,-0.6256717270642888
0.9789430839438488,-0.0450130787767198,0.3927872680374773,-0.6222788627453475
0.9792168856827362,-0.0454457386613374,0.3926654761605772,-0.6189081815592392
0.979493465979174,-0.0458805791735728,0.3925058210400491,-0.6155599103859593
0.9797728419535008,-0.0463176390216594,0.392308780526008,-0.6122342731673981
0.9800550311958816,-0.0467569580055371,0.3920748272052717,-0.6089314808236133
0.980340051390963,-0.0471985764438237,0.3918044284923977,-0.6056517360402018
0.9806279202569964,-0.0476425351019691,0.391498046646943,-0.6023952340799029
0.980918655536907,-0.0480888752027629,0.3911561387665719,-0.5991621629524684
0.9812122748772932,-0.0485376382663964,0.3907791569320421,-0.5959527047918387
0.9815087963732756,-0.0489888669664907,0.3903675474646992,-0.5927670300094448
0.9818082378942832,-0.0494426041217625,0.3899217517256857,-0.5896053048151347
0.9821106173416416,-0.0498988931172958,0.3894422057984187,-0.5864676884080152
0.9824159526987092,-0.0503577780049112,0.3889293403708297,-0.5833543325519932
0.9827242621213632,-0.0508193036623463,0.3883835805155071,-0.5802653808057588
0.9830355637383358,-0.0512835155179466,0.3878053459750345,-0.5772009706785026
0.9833498754907658,-0.0517504593408152,0.3871950514732928,-0.574161235201024
0.983667215508831,-0.0522201818298875,0.3865531059913786,-0.571146299280385
0.9839876019937503,-0.052692730462922,0.3858799129170076,-0.5681562810160774
0.984311053044886,-0.0531681532693277,0.3851758703734725,-0.5651912933943366
0.9846375865996714,-0.0536464987736229,0.3844413713653443,-0.5622514448072526
0.9849672208183992,-0.054127816589319,0.3836768028956613,-0.5593368356219348
0.9852999737164476,-0.0546121569087746,0.3828825467431622,-0.5564475615969364
0.9856358633787892,-0.0550995708474472,0.3820589789408338,-0.5535837120301124
0.9859749078565726,-0.0555901103236512,0.3812064699776885,-0.5507453707477868
0.9863171250218918,-0.0560838278813775,0.3803253851471573,-0.5479326173398696
0.986662532597156,-0.0565807767679648,0.3794160844779592,-0.5451455268716495
0.9870111483912224,-0.0570810113077155,0.3784789220869237,-0.5423841680059145
0.9873629901458504,-0.0575845867138143,0.3775142465304387,-0.5396486043378066
0.9877180755613224,-0.0580915591599196,0.3765224006995428,-0.5369388942417788
0.9880764218970708,-0.0586019852472941,0.3755037229233012,-0.5342550938962056
0.9884380469923016,-0.059115923496128,0.3744585440451614,-0.5315972496391268
0.9888029676063296,-0.0596334320215325,0.3733871921411911,-0.5289654103226542
0.9891712012644264,-0.0601545711962378,0.3722899871615168,-0.5263596137379136
0.9895427647779662,-0.0606794015891847,0.3711672452041472,-0.5237798974115531
0.9899176748886522,-0.0612079849214637,0.3700192766138072,-0.5212262938898765
0.9902959484579136,-0.0617403843730576,0.3688463853355069,-0.518698829551036
0.9906776017304464,-0.0622766635882113,0.3676488711473588,-0.5161975295722812
0.9910626512335912,-0.0628168879849624,0.366427026831051,-0.5137224119279128
0.9914511127639628,-0.0633611233763514,0.365181141315434,-0.5112734940086643
0.9918430022819884,-0.0639094372723056,0.3639114968091742,-0.5088507868159459
0.992238335266556,-0.0644618980220038,0.3626183708151726,-0.5064542990586223
0.9926371269845456,-0.0650185752403589,0.3613020352289198,-0.5040840354049541
0.99303939238683,-0.0655795397123197,0.3599627566317651,-0.5017399970881732
0.993445146439534,-0.06614486390538,0.3586007951309051,-0.4994221799832597
0.9938544030824163,-0.0667146205706101,0.3572164078051586,-0.497130580523563
0.9942671767656276,-0.0672888849371225,0.3558098434867511,-0.4948651869163314
0.9946834808353904,-0.0678677325193556,0.3543813481612084,-0.4926259881623775
0.9951033288989696,-0.068451241072936,0.3529311602678722,-0.4904129664792843
0.9955267334637502,-0.0690394887602894,0.3514595153137527,-0.488226104547873
0.99595370702029,-0.0696325557156584,0.3499666420874475,-0.4860653796615823
0.9963842617448456,-0.0702305236921465,0.3484527636002668,-0.4839307653365061
0.9968184091970144,-0.0708334757044076,0.3469180980781653,-0.4818222327627159
0.9972561602112984,-0.071441495942266,0.3453628592913141,-0.4797397511674667
0.9976975253482988,-0.0720546704630531,0.3437872548849172,-0.477683285545572
0.9981425145805862,-0.0726730868228272,0.3421914874095923,-0.4756527981171028
0.9985911370586854,-0.0732968338201241,0.3405757550885797,-0.4736482492555782
0.9990434015423354,-0.0739260021661047,0.3389402501885636,-0.471669595415204
0.9994993162498824,-0.0745606843484375,0.3372851594632058,-0.4697167897731495
0.9999588885830226,-0.0752009743229498,0.3356106650599176,-0.4677897833115508
1.0004221251223044,-0.0758469675831571,0.3339169444504659,-0.4658885246612644
1.0008890318840065,-0.0764987615966814,0.3322041693941608,-0.4640129589167088
1.0013596141441867,-0.0771564556410041,0.3304725064718111,-0.4621630282767521
1.0018338762613177,-0.0778201506380712,0.3287221176314145,-0.4603386726082527
1.0023118214120696,-0.0784899488674479,0.3269531610604076,-0.4585398302542629
1.0027934523385942,-0.079165955099044,0.3251657883073565,-0.4567664350424187
1.003278770971753,-0.0798482761567959,0.3233601455406417,-0.4550184176711895
1.003767777799593,-0.0805370201212659,0.3215363757746241,-0.4532957078079435
1.0042604728183246,-0.081232297760214,0.3196946151992249,-0.4515982305123385
1.004756854248467,-0.081934220814308,0.3178349978353146,-0.4499259105564893
1.0052569198961296,-0.0826429040156851,0.3159576503045651,-0.4482786675582638
1.0057606662403258,-0.0833584639013138,0.3140626950906743,-0.4466564189767722
1.0062680880662431,-0.0840810183904419,0.3121502517756106,-0.4450590810141016
1.0067791800340116,-0.0848106891235527,0.3102204309677548,-0.4434865634899979
1.0072939343767453,-0.0855475982920365,0.308273342812655,-0.4419387768954062
1.0078123423486067,-0.0862918708086512,0.3063090913668156,-0.4404156276062433
1.008334393765229,-0.0870436337654866,0.3043277761523233,-0.4389170191241761
1.0088600774285723,-0.0878030171639833,0.3023294903564038,-0.4374428506909878
1.009389380360701,-0.0885701529322396,0.3003143235459955,-0.4359930193054148
1.0099222876965086,-0.0893451748847076,0.298282361886594,-0.4345674197119673
1.0104587830713865,-0.09012821940578,0.296233686464225,-0.4331659430901632
1.0109988488576134,-0.0909194259278927,0.2941683721643477,-0.4317884762862307
1.0115424651719256,-0.0917189356123768,0.2920864912436646,-0.430434904164529
1.012089610425167,-0.0925268922826769,0.2899881110071723,-0.4291051079121507
1.012640261270818,-0.0933434424885575,0.2878732937680783,-0.427798964965391
1.0131943923238127,-0.0941687352313422,0.2857420976840067,-0.4265163494563862
1.0137519759839058,-0.0950029218405969,0.2835945771897241,-0.4252571323449957
1.0143129825311594,-0.0958461562588917,0.2814307823754698,-0.4240211809166676
1.0148773806890317,-0.0966985960442323,0.2792507565446013,-0.422808357336612
1.0154451361144183,-0.0975604002501621,0.2770545417665143,-0.4216185216874449
1.0160162121937977,-0.0984317307706812,0.274842175530069,-0.4204515298913458
1.0165905703688816,-0.0993127530045748,0.2726136891858246,-0.4193072328275524
1.0171681693383403,-0.1002036348057319,0.2703691107359956,-0.4181854777166091
1.01774896511657,-0.1011045467337523,0.2681084643033876,-0.4170861076785654
1.0183329112977724,-0.1020156626358915,0.2658317687855778,-0.4160089609537042
1.018919958301829,-0.1029371586487862,0.2635390404664384,-0.4149538720212616
1.0195100539008222,-0.1038692141942444,0.2612302906310204,-0.4139206703100421
1.0201031424309748,-0.104812010917915,0.2589055283034365,-0.4129091812857738
1.0206991659319304,-0.1057657346822871,0.256564755430066,-0.411919224184734
1.0212980628238115,-0.1067305736619851,0.2542079716955368,-0.410950613994877
1.0218997683883484,-0.1077067192997176,0.251835172265382,-0.410003160305187
1.022504214168602,-0.1086943655309375,0.2494463497695333,-0.4090766679328432
1.0231113284679667,-0.1096937097922731,0.2470414919435886,-0.4081709358020404
1.0237210361471951,-0.1107049529084383,0.2446205820183223,-0.407285756968608
1.024333258311899,-0.111728298792823,0.2421835995401743,-0.4064209187640076
1.024947911755837,-0.1127639537228925,0.2397305221696378,-0.4055762032145487
1.025564909743515,-0.1138121278659154,0.2372613221324407,-0.4047513855890097
1.0261841613417728,-0.1148730343868594,0.2347759684333504,-0.403946235000174
1.0268055714703386,-0.1159468897607862,0.2322744261985071,-0.4031605139801442
1.027429040429153,-0.1170339131874672,0.2297566581117112,-0.4023939787193668
1.0280544646252283,-0.118134328096172,0.2272226210002599,-0.4016463778130343
1.028681735248338,-0.1192483600772451,0.2246722706942142,-0.4009174535218399
1.0293107392238792,-0.1203762388003292,0.222105557668402,-0.4002069402523405
1.0299413580570973,-0.1215181962101694,0.2195224312315217,-0.3995145655231961
1.0305734688319133,-0.1226744685771389,0.2169228349230095,-0.3988400484652559
1.03120694306348,-0.1238452946899516,0.2143067106687489,-0.3981831007170763
1.031841647463129,-0.1250309175280357,0.2116739950804347,-0.3975434252317896
1.0324774423619556,-0.126231581600223,0.2090246254231042,-0.3969207174947923
1.0331141831404014,-0.1274475358801293,0.2063585331237041,-0.3963146636741244
1.0337517194558288,-0.1286790326677238,0.2036756463689637,-0.3957249410327548
1.0343898948343575,-0.1299263270916961,0.2009758912218082,-0.3951512179075285
1.0350285466172506,-0.1311896772846434,0.1982591912502382,-0.3945931533372653
1.0356675058849054,-0.1324693445292265,0.1955254672295656,-0.3940503967199112
1.036306597480133,-0.1337655936219197,0.1927746363937957,-0.3935225873946387
1.036945639673854,-0.1350786925303398,0.190006613199257,-0.3930093545251921
1.0375844437437318,-0.1364089118456743,0.1872213104841759,-0.3925103170193014
1.038222814085582,-0.137756525326953,0.1844186383163824,-0.3920250830100122
1.0388605481828035,-0.139121810190154,0.1815985034103284,-0.3915532494702153
1.0394974359259688,-0.1405050460071376,0.1787608114088286,-0.3910944022979065
1.040133259615129,-0.14190651502856,0.1759054661788103,-0.3906481158640252
1.0407677943472935,-0.143326503410589,0.1730323673108318,-0.3902139523156992
1.0414008070476066,-0.1447652994580258,0.1701414136949535,-0.3897914618240805
1.0420320565605588,-0.1462231941741487,0.1672325023614704,-0.3893801820636846
1.042661293440546,-0.1477004811609632,0.1643055286501573,-0.3889796379023736
1.0432882601483504,-0.1491974574958735,0.1613603844569681,-0.3885893408330418
1.04391269016258,-0.1507144220521311,0.1583969615299688,-0.3882087890825914
1.044534307997906,-0.1522516759119684,0.155415150581497,-0.3878374671235693
1.045152829430266,-0.1538095233622465,0.1524148393181705,-0.387474845076692
1.0457679605579644,-0.1553882700011091,0.1493959160590569,-0.3871203787970557
1.046379398455341,-0.1569882248442799,0.1463582656338442,-0.3867735090132042
1.0469868302302312,-0.1586096983978453,0.1433017730314667,-0.3864336613895457
1.0475899330011025,-0.1602530030401201,0.1402263225885492,-0.3861002460397574
1.0481883739219096,-0.1619184536040077,0.137131796841253,-0.3857726570153106
1.0487818097556612,-0.1636063667591899,0.1340180776335426,-0.3854502720352893
1.0493698866240375,-0.1653170608501935,0.1308850463480308,-0.3851324521049026
1.049952239748147,-0.1670508557085241,0.1277325841756487,-0.3848185411282038
1.05052849347634,-0.1688080733491285,0.1245605707852006,-0.3845078653553291
1.051098260590868,-0.1705890365186411,0.1213688868888978,-0.3841997332059793
1.0516611426868787,-0.1723940705314915,0.1181574108722706,-0.3838934344999831
1.0522167292086593,-0.174223500957158,0.1149260228743962,-0.3835882403990873
1.0527645976572622,-0.1760776549770333,0.1116746022854491,-0.3832834026999026
1.0533043133889477,-0.1779568615727648,0.1084030273827982,-0.3829781533246343
1.0538354287677658,-0.1798614494450109,0.1051111788971458,-0.3826717041606624
1.0543574838886305,-0.1817917504881486,0.1017989339318906,-0.382363245983797
1.054870005081935,-0.1837480953960647,0.0984661735068602,-0.3820519486332537
1.0553725056391297,-0.1857308173450456,0.0951127761744317,-0.3817369598691487
1.0558644848924013,-0.187740249686659,0.0917386219380711,-0.3814174051679483
1.056345428200728,-0.1897767271132227,0.0883435902440044,-0.3810923869395721
1.0568148063637914,-0.1918405846141856,0.0849275617109068,-0.3807609840704294
1.05727207565168,-0.1939321591449481,0.0814904153543449,-0.3804222510028784
1.057716677082364,-0.1960517881680453,0.0780320310250535,-0.3800752172814307
1.0581480360755422,-0.1981998098343456,0.0745522891083359,-0.3797188868036745
1.0585655620952212,-0.2003765632863109,0.0710510700527214,-0.379352237010737
1.0589686483991618,-0.2025823898011209,0.0675282525952397,-0.3789742178852869
1.059356671318316,-0.204817631693318,0.0639837156165397,-0.3785837512737318
1.059728989929684,-0.2070826334967194,0.0604173363574486,-0.3781797297651653
1.0600849454160777,-0.2093777417214679,0.0568289909468513,-0.377761015747282
1.060423860109614,-0.2117033025287776,0.0532185581468551,-0.3773264407957722
1.0607450379286378,-0.2140596692854738,0.0495859077819605,-0.376874803143813
1.0610477624924248,-0.2164471949511848,0.0459309128089118,-0.3764048678719325
1.0613312971903688,-0.2188662383918543,0.0422534398103207,-0.3759153643896305
1.0615948839554588,-0.2213171620936764,0.0385533528418028,-0.3754049854285617
1.0618377423618766,-0.2238003325252634,0.034830513189138,-0.3748723854304012
1.0620590688888658,-0.2263161234527955,0.0310847747799155,-0.3743161781449113
1.0622580356218545,-0.2288649151192258,0.0273159859064978,-0.3737349349216073
1.0624337891789095,-0.2314470973516608,0.0235239851606079,-0.3731271819495086
1.0625854490715296,-0.234063066993091,0.0197086058164896,-0.3724913985969548
1.062712106522958,-0.2367132344005133,0.0158696669828763,-0.3718260133807614
1.06281282254288,-0.2393980222039442,0.0120069762485321,-0.3711294014600166
1.062886626035314,-0.2421178669736811,0.0081203281217225,-0.3703998811712219
1.0629325117107864,-0.2448732231180876,0.0042094994226236,-0.3696357095995061
1.062949437620417,-0.2476645663836162,0.0002742454695168,-0.3688350777700597
1.0629363223549142,-0.2504923935377581,-0.0036856981993987,-0.3679961064677202
1.0628920161704256,-0.2533584627483422,-0.0076723341277759,-0.3671164544348816
1.0628152536038515,-0.2562650400038465,-0.011688306552673,-0.366193489683297
1.0627047089590609,-0.2592128632587153,-0.0157340938637437,-0.3652249321981331
1.062558991606091,-0.2622027254737731,-0.0198102300348102,-0.3642083835291599
1.062376640004856,-0.2652354706059203,-0.0239172963474475,-0.3631413187849578
1.0621561146141565,-0.2683120023242576,-0.0280559303697154,-0.3620210733597038
1.0618957900200414,-0.2714332895712496,-0.0322268302257196,-0.3608448292812743
1.0615939451612824,-0.2746003818115111,-0.0364307713381416,-0.3596095962017156
1.0612487522676348,-0.2778144205000513,-0.0406686173357224,-0.358312191447788
1.060858264089775,-0.2810766515956228,-0.0449413316520095,-0.3569492171644165
1.0604203973858028,-0.2843884520819729,-0.0492500065447693,-0.3555170284431508
1.0599329157452682,-0.2877513406483805,-0.0535958702190139,-0.3540117041606384
1.0593934059319705,-0.2911670150292439,-0.0579803273639845,-0.3524290016934733
1.058799251916623,-0.2946373771506016,-0.0624049820814971,-0.3507643109010947
1.0581476020913816,-0.2981645733583935,-0.0668716783190237,-0.3490125941625466
1.057435328819252,-0.3017510444307816,-0.0713825501864354,-0.3471683124529371
1.0566589801420505,-0.3053995787131092,-0.0759400731781607,-0.3452253385006302
1.05581472241466,-0.3091133685257297,-0.080547116162079,-0.3431768548104011
1.0548982684092116,-0.3128960859079779,-0.0852070134665877,-0.34101522462786
1.0539047944661264,-0.3167519510706514,-0.0899236231762271,-0.338731846380403
1.0528288523343738,-0.3206857696413755,-0.094701342775564,-0.3363170040056432
1.0516642850562603,-0.3247029117907906,-0.0995450512543534,-0.3337597312902692
1.050404190388302,-0.3288091097468487,-0.1044598334558032,-0.3310477784888357
1.0490410277151307,-0.3330098475367105,-0.1094502298475259,-0.3281678675602745
1.0475670915947075,-0.3373088613337632,-0.1145184718975353,-0.3251066632723614
1.0459757877889344,-0.34170492523034,-0.1196608002518698,-0.3218532759352012
1.0442643183407363,-0.346186065786373,-0.1248609923178021,-0.3184043829446696
1.0424377466025885,-0.3507223455547203,-0.130082585067756,-0.3147717340540834
1.0405117249264035,-0.3552641821866225,-0.1352678135726026,-0.3109866529848513
1.0385090081045554,-0.3597551113616642,-0.1403529253688128,-0.3070924830124807
1.0364508568773292,-0.3641517924840349,-0.1452908433644684,-0.3031279369470379
1.0343515343252194,-0.3684323621316189,-0.1500597762368031,-0.2991172537155087
1.0322186490563956,-0.3725913184945704,-0.1546565832242289,-0.295071676445278
1.0300557004263513,-0.3766315553831226,-0.159087347721786,-0.2909947762142771
1.0278641345188038,-0.3805591128094804,-0.1633613406950669,-0.286886523594476
1.0256445097508446,-0.3843806162020106,-0.1674881541719317,-0.2827455128036253
1.0233970600170312,-0.3881022523915722,-0.1714766035533543,-0.278569990608443
1.0211219486867904,-0.3917294449190816,-0.1753344180174161,-0.2743582901788941
1.0188193814259616,-0.3952668087887735,-0.1790682368733273,-0.2701090021053026
1.016489643238585,-0.398718225220798,-0.1826837301793311,-0.2658210101122676
1.0141331128357534,-0.4020869347624307,-0.1861857323628491,-0.2614934909049806
1.011750256640905,-0.4053756417329268,-0.1895783812447011,-0.257125881876885
1.0093416210707535,-0.4085866028559694,-0.1928652346540079,-0.2527178501262989
1.006907823189754,-0.4117217031524995,-0.196049368986875,-0.2482692620078299
1.0044495413203542,-0.4147825195736432,-0.1991334611582639,-0.2437801553649381
1.0019675094490654,-0.4177703700981248,-0.2021198525479767,-0.2392507208505258
0.9994625046531076,-0.4206863634385638,-0.205010610838063,-0.2346812722007768
0.9969353432917544,-0.4235314313696187,-0.2078075721772374,-0.2300722338463253
0.9943868741652616,-0.42630635973964,-0.2105123803150814,-0.2254241240345106
0.991817973183398,-0.4290118134564807,-0.2131265182875459,-0.220737541541971
0.989229540455369,-0.431648355559259,-0.2156513331351805,-0.2160131574727467
0.9866224948607392,-0.4342164662280441,-0.2180880595487185,-0.2112517030007184
0.9839977705477232,-0.4367165573667049,-0.2204378383652369,-0.206453961060519
0.9813563140698722,-0.43914898469299,-0.2227017319779839,-0.201620759556552
0.9786990814500254,-0.4415140583461163,-0.2248807377398423,-0.196752964726447
0.9760270362653668,-0.4438120512711099,-0.2269757987775798,-0.1918514766097294
0.9733411461857646,-0.4460432078497823,-0.2289878145723759,-0.1869172218731296
0.9706423810547968,-0.448207750162807,-0.2309176489581456,-0.1819511496126027
0.9679317124479456,-0.4503058823571517,-0.2327661361075041,-0.1769542300088613
0.9652101098833096,-0.4523377970232589,-0.2345340880128718,-0.1719274469282577
0.9624785410679216,-0.4543036777992764,-0.2362222983618097,-0.1668717980407413
0.9597379679946588,-0.4562037045922123,-0.2378315484660811,-0.1617882873432936
0.9569893479998348,-0.4580380547378321,-0.2393626094813749,-0.1566779269106712
0.9542336313238312,-0.4598069063634738,-0.2408162463615934,-0.1515417322261219
0.9514717593679988,-0.4615104408231483,-0.2421932208326279,-0.146380718817019
0.9487046645643368,-0.4631488438315646,-0.2434942931595204,-0.1411959019233967
0.9459332689824472,-0.4647223071955863,-0.2447202242905563,-0.1359882938371413
0.9431584841868812,-0.4662310296083104,-0.2458717771473853,-0.1307589036013869
0.9403812084652216,-0.4676752187027639,-0.2469497187762084,-0.1255087317666609
0.9376023279558592,-0.4690550907789451,-0.2479548206137218,-0.1202387724896772
0.9348227143165972,-0.4703708722539927,-0.2488878599812621,-0.114950009108106
0.9320432253042192,-0.4716227994847535,-0.2497496202942018,-0.1096434152181041
0.9292647041678128,-0.4728111191446308,-0.2505408916371869,-0.1043199535172307
0.9264879781938944,-0.4739360888354158,-0.2512624714159051,-0.0989805730067135
0.9237138580467918,-0.4749979771958184,-0.2519151645816282,-0.0936262076835168
0.920943139163099,-0.475997063196481,-0.2524997833245865,-0.0882577791998249
0.9181765996883092,-0.4769336367457873,-0.2530171475499608,-0.082876192854205
0.9154150011418248,-0.4778079981830422,-0.2534680846217045,-0.0774823388334517
0.9126590862412832,-0.4786204586613881,-0.2538534295463104,-0.0720770879060144
0.9099095813542954,-0.4793713390295349,-0.2541740243496422,-0.0666612961419856
0.90716719452116,-0.4800609700948601,-0.254430718143176,-0.0612358009746438
0.90443261587515,-0.4806896921001287,-0.2546243667592804,-0.0558014219328079
0.9017065159770302,-0.4812578546626297,-0.2547558325075319,-0.0503589572167396
0.8989895477614237,-0.481765815857312,-0.2548259836407827,-0.0449091874353446
0.8962823464287448,-0.4822139418626713,-0.2548356940543132,-0.0394528752938092
0.8935855285484192,-0.4826026066906702,-0.2547858429318746,-0.0339907636665226
0.8908996924388584,-0.4829321916503937,-0.2546773143242469,-0.0285235762117651
0.8882254168034499,-0.4832030850093803,-0.2545109966361051,-0.0230520144199719
0.8855632637961304,-0.4834156811629215,-0.2542877823403375,-0.0175767636948914
0.8829137746677196,-0.4835703805397502,-0.2540085672127975,-0.0120984842373627
0.8802774757127847,-0.4836675886644969,-0.2536742504061751,-0.0066178230959828
0.8776548718181335,-0.4837077160301036,-0.253285733302073,-0.001135400615138
0.8750464498840249,-0.4836911772884429,-0.2528439192979955,0.0043481827699158
0.8724511313367442,-0.4836183304284386,-0.2523494021190519,0.0098356282457207
0.8698656474303162,-0.4834892688229655,-0.2518021634490923,0.0153343685571876
0.8672904948136573,-0.4833040730480026,-0.2512027930652634,0.0208439326280541
0.8647261676455449,-0.4830628282767782,-0.250551891163592,0.0263638437126645
0.8621731492586612,-0.4827656237986706,-0.2498500666453762,0.0318936369209651
0.8596319209606265,-0.4824125540051455,-0.2490979396037559,0.0374328399243776
0.8571029534593704,-0.4820037175737772,-0.2482961392329322,0.0429809911525082
0.8545867102763964,-0.4815392178464902,-0.2474453048352058,0.0485376321354259
0.8520836472886798,-0.4810191628369988,-0.2465460858305186,0.0541023081729015
0.8495942118595807,-0.4804436650876112,-0.2455991415497473,0.0596745699485045
0.8471188438114632,-0.4798128419063827,-0.2446051416791094,0.0652539710415177
0.8446579733211034,-0.4791268148601137,-0.2435647654968562,0.0708400723401589
0.8422120237192725,-0.4783857105205803,-0.242478703073668,0.0764324353899538
0.8397814079032326,-0.4775896594606851,-0.2413476537920222,0.0820306302128759
0.8373665287441905,-0.4767387961900855,-0.2401723263952024,0.0876342341704725
0.8349677813104011,-0.4758332598643421,-0.2389534400305468,0.0932428265173772
0.8325855504814017,-0.4748731934246593,-0.2376917230887565,0.0988559936052503
0.8302202119536798,-0.4738587438804016,-0.23638791364149,0.1044733262474673
0.8278721299808078,-0.4727900612257103,-0.2350427581021767,0.1100944248100624
0.8255416616312128,-0.4716673002298353,-0.2336570135373062,0.1157188887624201
0.8232291498542766,-0.4704906170721498,-0.2322314435105873,0.1213463330614611
0.8209349291044571,-0.4692601717570027,-0.2307668211689227,0.1269763744228065
0.8186593226624616,-0.4679761266534644,-0.2292639274886056,0.132608637535964
0.8164026435946972,-0.4666386467973449,-0.2277235516867009,0.1382427524878849
0.8141651944055809,-0.4652478995242444,-0.2261464908181032,0.1438783553667498
0.8119472634127141,-0.4638040518596643,-0.2245335468997009,0.1495150972747661
0.8097491322939058,-0.462307275026612,-0.2228855320386129,0.1551526250662522
0.8075710669480508,-0.4607577381844059,-0.2212032614953149,0.1607906044184982
0.8054133248974339,-0.459155613019129,-0.2194875588352057,0.1664287007956077
0.803276148571814,-0.4575010685451477,-0.2177392503678518,0.1720665967580837
0.8011597717860784,-0.4557942754613224,-0.2159591698979401,0.1777039749848331
0.799064415908887,-0.4540354029212992,-0.2141481553282674,0.1833405281750681
0.7969902897645429,-0.4522246178538677,-0.2123070480728639,0.1889759593684846
0.794937588638947,-0.4503620834014532,-0.210436691610504,0.1946099847775795
0.7929064992260545,-0.4484479628139358,-0.208537935500333,0.2002423202593886
0.7908971936009305,-0.446482413429734,-0.2066116294315717,0.2058726978653267
0.7889098315120406,-0.4444655879172942,-0.2046586246644261,0.2115008597855055
0.7869445613259757,-0.4423976345188597,-0.2026797744015825,0.2171265558035647
0.7850015186509063,-0.4402786948850585,-0.2006759318502861,0.2227495473615559
0.783080827095185,-0.4381089039924231,-0.1986479503368834,0.2283696056382573
0.7811825983018998,-0.4358883893154558,-0.1965966827128759,0.2339865116769473
0.7793069311411045,-0.4336172689058881,-0.1945229797945963,0.2396000590824872
0.7774539118033795,-0.4312956503445478,-0.1924276896796612,0.2452100541878813
0.7756236141761373,-0.428923630001026,-0.1903116573724809,0.2508163153880787
0.7738161016176751,-0.4265012942025244,-0.1881757261000153,0.2564186680942
0.772031421919106,-0.4240287111966226,-0.1860207305507728,0.2620169608448743
0.7702696116137091,-0.4215059352200722,-0.1838475009420002,0.2676110527693991
0.7685306966855945,-0.4189330062230432,-0.1816568631310071,0.2732008117875055
0.7668146888562607,-0.4163099428220543,-0.1794496330508873,0.2787861271817289
0.7651215884974767,-0.4136367446404802,-0.177226619296107,0.284366901177716
0.7634513826246109,-0.4109133872153072,-0.1749886194650884,0.2899430564251119
0.7618040464741218,-0.408139822233898,-0.1727364210729924,0.2955145318885304
0.7601795428668855,-0.4053159741698919,-0.1704707995465093,0.3010812860699284
0.758577820899378,-0.4024417352779069,-0.1681925150887819,0.3066433028605753
0.7569988187289975,-0.3995169675982257,-0.1659023152552679,0.3122005833811395
0.7554424599603876,-0.3965414932509287,-0.1636009283776953,0.3177531601478766
0.7539086554550678,-0.3935150940062036,-0.161289064551773,0.3233010926842337
0.752397304939694,-0.3904375107606667,-0.1589674165411087,0.3288444635105593
0.7509082917965069,-0.3873084287385743,-0.1566366501075146,0.3343833993367471
0.749441487762634,-0.384127482043137,-0.1542974092823516,0.3399180564353817
0.7479967488393007,-0.3808942396554595,-0.1519503079560968,0.3454486386141699
0.7465739167200353,-0.3776082021437212,-0.1495959298413829,0.3509753951769713
0.7451728187676624,-0.3742687948514093,-0.1472348261021384,0.3564986244387105
0.7437932667843616,-0.3708753573884086,-0.1448675107566637,0.3620186823935851
0.7424350548356883,-0.3674271293409123,-0.1424944540374042,0.3675359960103845
0.7410979575485758,-0.3639232352702293,-0.1401160760218009,0.3730510757362274
0.7397817345151312,-0.3603626845238977,-0.1377327508944831,0.3785645033217711
0.7384861220117279,-0.3567443361036351,-0.1353447882572821,0.3840769727890828
0.7372108348564289,-0.3530668873929428,-0.1329524317618899,0.3895892910653817
0.7359555638851489,-0.3493288488491661,-0.1305558493696255,0.3951023979258617
0.7347199726816169,-0.345528512861846,-0.1281551213001405,0.4006173910899802
0.733503694042664,-0.3416639173081055,-0.1257502263758923,0.4061355548230272
0.7323063287942903,-0.3377328117023428,-0.1233410319100029,0.4116583802368671
0.7311274374876665,-0.33373259434468,-0.1209272680451597,0.4171876210425794
0.7299665366719038,-0.3296602556744254,-0.1185085092041695,0.4227253326961164
0.7288230902325791,-0.3255122950752328,-0.1160841432552949,0.4282739393680076
0.7276965071906978,-0.3212846488392581,-0.1136533516644577,0.4338362753442423
0.7265861257026389,-0.3169725530062998,-0.1112150571351809,0.4394157002716334
0.7254912087691595,-0.3125704299558719,-0.1087678920965399,0.4450161658996711
0.7244109329932393,-0.3080717272924864,-0.1063101478112661,0.450642326041674
0.7233443840264985,-0.3034687577469968,-0.1038397333040952,0.4562996223635029
0.7222905652306751,-0.2987525716288301,-0.1013541606320941,0.4619943072029723
0.7212484440509724,-0.2939129875804304,-0.0988506188594885,0.4677332588537634
0.7202170687394722,-0.2889389855945649,-0.0963262284778738,0.4735233760421124
0.7191958673818408,-0.2838201338496378,-0.0937787819018637,0.4793698456778569
0.7181853056077355,-0.27855027771663,-0.0912084900266309,0.4852720827115216
0.7171881469008197,-0.273135487703063,-0.0886215178054669,0.4912155362720199
0.7162111886638323,-0.2676067469632928,-0.0860352310983652,0.4971595462089816
0.7152657505814272,-0.2620282122230713,-0.0834806920792727,0.5030315563044285
0.7143641240211431,-0.2564816052498851,-0.0809941653548592,0.5087467121830991
0.7135138532011116,-0.2510312669666335,-0.0786012785550313,0.514244470686941
0.7127159776545287,-0.2457067600978717,-0.0763106556502643,0.5195034083445245
0.7119674495825249,-0.2405115625815873,-0.0741192363691969,0.5245290512520816
0.7112638102700436,-0.235437155921027,-0.0720191813035383,0.5293379921947726
0.7106005907851398,-0.2304715899888936,-0.0700017663522803,0.5339489163377116
0.7099737947198884,-0.2256030679191672,-0.0680588799157992,0.5383791430816569
0.7093799815038541,-0.2208210827212686,-0.0661834106346838,0.5426437244285474
0.7088162188808762,-0.2161166178742862,-0.0643692390100262,0.5467554581529012
0.7082800001866608,-0.2114819915674406,-0.0626110972453068,0.5507252058501201
0.7077691733340833,-0.2069106939752458,-0.0609044411894376,0.5545621855019238
0.7072818736372772,-0.2023971615532698,-0.0592453122325817,0.5582742872278716
0.7068164719710804,-0.1979366016189166,-0.0576302305438016,0.5618683176328034
0.7063715346261342,-0.1935248580524582,-0.0560561128546638,0.5653501882940486
0.7059457917311666,-0.1891583067996718,-0.0545202081465722,0.5687250635545512
0.705538109498272,-0.1848337456593203,-0.0530200370933385,0.5719974988679312
0.7051474704061466,-0.1805483293764382,-0.0515533521018411,0.5751715326077012
0.704772958069665,-0.176299529042649,-0.0501181088915641,0.578250752175083
0.7044137406286317,-0.1720850518494077,-0.0487124273167895,0.5812383824151223
0.7040690623052004,-0.1679028335290138,-0.0473345790683156,0.5841373153503611
0.7037382321239952,-0.1637509837798337,-0.0459829611929694,0.586950169689316
0.7034206170444087,-0.1596277703619513,-0.0446560839653514,0.5896793191100684
0.7031156359703061,-0.1555316051235049,-0.0433525602993286,0.5923269171775432
0.7028227536517189,-0.1514610196145066,-0.0420710926971168,0.594894926912332
0.7025414750491469,-0.1474146370391263,-0.0408104599829513,0.5973851498795826
0.7022713430899615,-0.143391185111613,-0.0395695174733537,0.5997992280934167
0.7020119339309165,-0.1393894687005347,-0.0383471849859394,0.60213867000744
0.7017628542828532,-0.1354083663414951,-0.0371424427887634,0.6044048603219782
0.7015237387107846,-0.1314468224498339,-0.0359543265438615,0.606599071606638
0.7012942475031901,-0.1275038448811196,-0.0347819241540434,0.6087224721868986
0.7010740639311944,-0.1235784882600266,-0.0336243686401068,0.6107761409902333
0.7008628931481288,-0.1196698619885357,-0.0324808385973445,0.6127610683843987
0.7006604601613093,-0.1157771198807769,-0.0313505533542432,0.6146781665504477
0.7004665083308582,-0.111899455998153,-0.0302327701655419,0.6165282758961925
0.7002807981367581,-0.1080361033295265,-0.0291267823664938,0.6183121697131858
0.7001031060511631,-0.1041863327794671,-0.0280319177166921,0.6200305585074731
0.6999332236179961,-0.1003494550831565,-0.0269475376585887,0.6216840929388885
0.6997709559358494,-0.0965248073427942,-0.0258730323215046,0.6232733731586967
0.6996161211903851,-0.0927117608537174,-0.0248078216504461,0.624798948503439
0.6994685497386771,-0.0889097180550972,-0.0237513534984797,0.6262613219741969
0.6993280831304379,-0.0851181055450789,-0.0227031007105484,0.6276609558224046
0.6991945736786959,-0.0813363797177273,-0.021662561769212,0.6289982720910419
0.6990678836049418,-0.0775640200492697,-0.0206292580552937,0.6302736577337822
0.6989478847285542,-0.0738005365827366,-0.0196027350528949,0.6314874646155714
0.6988344575973412,-0.0700454598895837,-0.018582558779385,0.6326400154327997
0.6987274910958355,-0.0662983435761246,-0.0175683156921576,0.6337316051176571
0.698626881876659,-0.0625587599683508,-0.0165596107599871,0.6347625042842644
0.6985325341923557,-0.0588263094533598,-0.0155560692378391,0.6357329588061289
0.69844435914728,-0.0551006074400201,-0.0145573324168678,0.6366431955455383
0.698362274504277,-0.0513812905080411,-0.0135630585693405,0.6374934226000498
0.6982862042182247,-0.0476680107316161,-0.0125729207231079,0.6382838325320243
0.6982160781459921,-0.0439604358001725,-0.0115866060042552,0.6390146039436785
0.6981518318049934,-0.0402582511834788,-0.0106038155233613,0.6396859026858982
0.6980934059383685,-0.0365611497763657,-0.0096242609427563,0.6402978852218748
0.6980407465512801,-0.0328688483209578,-0.0086476681506173,0.6408506971861014
0.6979938043234964,-0.0291810632753516,-0.0076737701907021,0.6413444785841029
0.6979525346959212,-0.0254975288359312,-0.0067023113587736,0.6417793620298747
0.6979168974615886,-0.021817976674853,-0.0057330411795496,0.6421554762759203
0.6978868568571772,-0.0181421568679716,-0.0047657192526504,0.6424729445553595
0.6978623812463496,-0.0144698201897182,-0.0038001099116907,0.6427318873005959
0.6978434430641175,-0.0108007210737583,-0.0028359823359272,0.6429324221799979
0.6978300187379622,-0.0071346186844359,-0.001873110161279,0.6430746644415577
0.6978220885941584,-0.0034712681125923,-0.0009112684992992,0.6431587274736141
0.6978196295165563,3.6018490707362405e-11,-6.849796120936279e-12,0.6431848002706723
