2.9830304375372494
0.7546815725451853,5.283367165916635e-23,3.94445628078856e-13,0.5168925997998124
0.7546836872533288,0.0018447986341856,0.0011850199277087,0.5168812950709679
0.7546980675293139,0.0051521468390752,0.0033093767097454,0.5168044291542273
0.7547260567862948,0.008460441855747,0.0054339376569301,0.516654858210979
0.7547676854797677,0.0117703917923879,0.0075588993094769,0.5164324930104118
0.7548229961921415,0.0150825078326976,0.0096843333209078,0.5161372155084756
0.7548920440577849,0.0183972961178693,0.0118103104138986,0.5157688768558262
0.754974896993953,0.021715265835074,0.0139369062700061,0.5153272965261096
0.7550716356719538,0.0250369216374327,0.0160641973694945,0.5148122629122317
0.7551823538832595,0.0283627717600153,0.018192266894647,0.5142235319017467
0.7553071586114567,0.0316933228199034,0.0203212020982056,0.5135608271075213
0.7554461705576309,0.0350290872506304,0.0224510997539693,0.5128238377803082
0.7555995245629705,0.0383705840091701,0.0245820672855203,0.5120122173740039
0.7557673698771987,0.0417183353121225,0.026714221358538,0.5111255830343818
0.7559498708029706,0.0450728708382747,0.0288476912305529,0.510163513212312
0.7561472076503628,0.0484347346084478,0.0309826237723035,0.5091255437812705
0.7563595770278481,0.0518044782849375,0.0331191798375491,0.508011167797847
0.7565871933130226,0.0551826732512971,0.035257542544045,0.5068198292192775
0.7568302889573085,0.0585699019436008,0.0373979123707851,0.5055509229268828
0.7570891158126118,0.061966764398084,0.0395405118947951,0.5042037895792189
0.7573639464799959,0.0653738822160664,0.0416855888544624,0.5027777105916921
0.7576550752876874,0.0687918962665734,0.0438334152491423,0.501271905289933
0.7579628199225267,0.0722214713272823,0.0459842908008614,0.4996855249370965
0.7582875224281974,0.0756632919745498,0.048138540911392,0.4980176503269301
0.7586295509168294,0.0791180657130458,0.0502965191727673,0.4962672859977748
0.7589893008811,0.0825865205482834,0.0524586064025171,0.4944333568384688
0.7593671965414245,0.0860694024825054,0.0546252096627289,0.4925147048444643
0.7597636920862594,0.0895674716621375,0.0567967604790338,0.4905100867571332
0.7601792722991899,0.0930814933004127,0.0589737098759585,0.4884181751233555
0.7606144530920282,0.096612228910252,0.0611565236955373,0.4862375600879606
0.7610697812714151,0.1001604226366593,0.0633456749835871,0.4839667552464216
0.7615458325377336,0.1037267766583838,0.0655416297719538,0.4816042123761864
0.7620432091376714,0.1073119286688958,0.067744834324804,0.4791483377130592
0.7625625347431515,0.110916414629023,0.0699556935088149,0.4765975215535127
0.7631044458283709,0.1145406160042541,0.0721745398896925,0.4739501841559793
0.7636695814272697,0.1181847077948236,0.0744016035741905,0.4712048280518672
0.7642585655581186,0.1218485730705806,0.0766369618039687,0.4683601238159205
0.7648719850323403,0.1255317090403595,0.0788804836538209,0.4654150146386761
0.7655103622438949,0.129233125877245,0.0811317704586065,0.4623688404079555
0.7661741199028467,0.1329512250357173,0.0833900837460833,0.4592214942912444
0.7668635427909001,0.1366836908340114,0.085654281000526,0.4559735859093258
0.7675787355329368,0.1404273893972767,0.0879227553029694,0.4526266147782124
0.768319587183465,0.1441783291951145,0.0901934113160124,0.4491831028101094
0.7690857462508388,0.1479316886595423,0.0924636804219711,0.4456466705556385
0.7698766174939192,0.1516819496587736,0.09473059810613,0.4420220078487223
0.7706913846558175,0.1554231320101376,0.0969909405040064,0.4383147252910352
0.7715290593421418,0.1591491060849302,0.0992414064643984,0.4345310922147006
0.7723885504183022,0.1628539397369723,0.1014788192883694,0.430677693019706
0.773268740686488,0.1665322139676635,0.1037003093908561,0.4267610659822845
0.7741685579508218,0.1701792585351786,0.1059034493018892,0.4227873833204068
0.7750870296272643,0.1737912788040384,0.1080863243320915,0.4187622185950149
0.7760233167107229,0.1773653780112534,0.1102475417280225,0.4146904155266477
0.7769767271660748,0.1808994950723514,0.1123861904299289,0.410576052770317
0.7779467134885911,0.1843922912971185,0.1145017713156889,0.4064224792548567
0.7789328626921878,0.1878430249578571,0.1165941211158016,0.402232381175772
0.7799348774076802,0.1912514124650232,0.1186633288699641,0.3980078842442632
0.7809525590207764,0.1946175152799679,0.1207096683255337,0.3937506435137725
0.7819857897313766,0.1979416388246254,0.1227335377482737,0.3894619341269092
0.7830345156986224,0.2012242486667545,0.1247354101922609,0.3851427338771672
0.7840987347912929,0.2044659121303603,0.1267157991266498,0.3807937835507245
0.7851784862178098,0.2076672533345555,0.1286752321079075,0.3764156371403916
0.786273838875929,0.2108289106787112,0.1306142257560793,0.3720087150588603
0.7873848868676865,0.2139515201496636,0.1325332763540394,0.3675733265358457
0.7885117429159624,0.2170356951314352,0.1344328481685737,0.3631096993565834
0.7896545334642538,0.2200820134615924,0.1363133660681559,0.3586180017093102
0.7908133969151212,0.223091014370279,0.1381752141160354,0.3540983508794474
0.7919884761600473,0.2260631815813022,0.140018725496043,0.3495508435826442
0.7931799226288647,0.2289989570161175,0.1418441912836404,0.3449755408560602
0.7943878891714102,0.2318987260571417,0.1436518515369017,0.3403724960425063
0.7956125339154032,0.2347628304518074,0.1454419034910857,0.3357417401540754
0.7968540133963671,0.2375915552796843,0.1472144935513559,0.3310833080027176
0.7981124844427355,0.2403851371928985,0.1489697224907749,0.3263972306592654
0.7993881048903848,0.243143769107428,0.1507076484442054,0.3216835325525125
0.8006810312237492,0.2458675979389566,0.1524282855076112,0.3169422399189929
0.8019914177302951,0.24855672588699,0.1541316045255826,0.3121733833740368
0.8033194169591865,0.2512112142643736,0.1558175354747973,0.3073769956610826
0.8046651769567595,0.2538310807126871,0.1574859656365101,0.3025531209989197
0.806028846912738,0.2564163127428031,0.1591367481495871,0.2977017941860878
0.807410569121353,0.2589668544113437,0.1607696934530997,0.2928230687663122
0.8088104841124235,0.2614826185235835,0.1623845769774063,0.287916997944722
0.8102287278405028,0.2639634834127485,0.1639811369980179,0.2829836438582994
0.8116654324269634,0.2664092963030073,0.1655590766915923,0.2780230742022355
0.8131207253252087,0.2688198737034362,0.1671180642852821,0.2730353643754841
0.8145947286591969,0.2711950021357794,0.1686577334116291,0.2680205989317866
0.8160875607860235,0.2735344423099652,0.1701776857000658,0.2629788654701332
0.8175993348604247,0.2758379282333898,0.1716774900905434,0.2579102587931141
0.8191301587929541,0.2781051685894719,0.173156683610551,0.2528148802516696
0.8206801319110109,0.2803358433127323,0.1746147690108525,0.2476928479624001
0.8222493504980043,0.2825296130845853,0.1760512208382587,0.2425442775507472
0.8238379023719314,0.2846861126802723,0.1774654809656235,0.2373692992791133
0.8254458699063687,0.2868049564688991,0.1788569620609955,0.2321680472286265
0.8270733282417172,0.2888857370155754,0.1802250465432047,0.2269406643175028
0.8287203452488116,0.2909280261320662,0.1815690871368954,0.2216873015290729
0.8303869806308805,0.2929313748036771,0.1828884066865836,0.216408119880216
0.8320732860884179,0.294895314427213,0.1841822988309316,0.2111032889653173
0.8337793037262173,0.2968193559527569,0.1854500272945098,0.2057729910218493
0.8355050707170307,0.2987029959834439,0.1866908297604905,0.2004174054694911
0.8372506115404599,0.300545708872639,0.1879039125121765,0.195036732229182
0.8390159427614035,0.3023469529576935,0.1890884543841736,0.1896311758332029
0.8408010708101039,0.3041061688994468,0.1902436055069332,0.184200951369228
0.8426059915829106,0.3058227800896682,0.191368487408807,0.1787462846951327
0.8444306914361818,0.3074961942934074,0.1924621939180303,0.1732674084636538
0.8462751445888147,0.3091258018792389,0.1935237898213965,0.1677645689666494
0.848139314186551,0.3107109775257538,0.1945523117926,0.1622380218849234
0.8500231513040626,0.3122510799630147,0.1955467680238977,0.1566880342404671
0.8519265948367913,0.313745452495253,0.1965061383559192,0.1511148836643654
0.8538495708450662,0.3151934230407189,0.1974293740816107,0.1455188592651093
0.8557919906531718,0.3165943033186787,0.1983153972036353,0.1399002660396019
0.857753754152998,0.3179473918011673,0.1991631020617902,0.134259414189344
0.8597347462961475,0.319251971560717,0.199971353692256,0.1285966282083288
0.8617348362143035,0.3205073102812119,0.2007389875730672,0.1229122481850715
0.8637538777269397,0.3217126611286561,0.2014648098788044,0.1172066271308994
0.8657917108115354,0.3228672639492176,0.2021475978666718,0.1114801256791699
0.8678481560102432,0.3239703424094187,0.2027860978277332,0.1057331266191612
0.8699230208999358,0.3250211079622943,0.2033790270467675,0.0999660154888873
0.8720160908425493,0.3260187552768915,0.2039250707725854,0.0941792051065787
0.8741271363878734,0.3269624663974103,0.2044228841621639,0.0883731136159664
0.876255908108132,0.327851408400009,0.2048710904884756,0.082548177480499
0.8784021385637809,0.3286847345020387,0.2052682812155444,0.0767048446745175
0.8805655407766139,0.3294615834911761,0.2056130151087827,0.0708435774736709
0.8827458040287824,0.3301810784432951,0.2059038170953906,0.0649648623079317
0.8849425998929377,0.3308423289610296,0.2061391785760296,0.0590691918942824
0.8871555785120657,0.3314444297038948,0.2063175559446759,0.0531570737962978
0.8893843635774499,0.3319864591133378,0.2064373694454771,0.0472290421379678
0.8916285610781965,0.3324674815979175,0.2064970028168057,0.0412856325537828
0.8938877476230346,0.3328865445377265,0.2064948015762327,0.0353274114599708
0.8961614825198675,0.3332426805089417,0.2064290719780347,0.0293549422378037
0.8984493132363726,0.333534906473021,0.2062980781419163,0.0233687694081808
0.9007507440441136,0.3337622187020402,0.2061000415970801,0.0173694988076214
0.903065254098224,0.333923595665748,0.2058331395317998,0.011357747703525
0.905392292567576,0.3340179969410831,0.2054955032398857,0.0053341551806695
0.9077312818627816,0.3340443626950747,0.2050852155265767,-0.000700628687138
0.9100816118900448,0.3340016126225886,0.2046003091095625,-0.0067459305711267
0.9124432679695385,0.3338886058501084,0.2040386048160078,-0.0128026648589072
0.9148160492111054,0.333704118170478,0.2033978303086351,-0.0188713189691976
0.9171993474090108,0.3334468893861639,0.2026757082299068,-0.0249514011727097
0.9195925073597244,0.3331156218146026,0.2018698844664437,-0.0310423733560958
0.9219948209083008,0.3327089806473763,0.2009779267664591,-0.0371436406965619
0.9244055200845576,0.3322255951023962,0.1999973242403221,-0.0432545394443457
0.926823761537792,0.3316640625050907,0.1989254915929975,-0.0493743031165357
0.9292486260800346,0.3310229506061135,0.1977597685466892,-0.0555020674019582
0.9316790885610609,0.3303008088150638,0.1964974347099278,-0.0616368003777332
0.9341140137995102,0.3294961759489467,0.1951357159306175,-0.0677772989574546
0.936552124637229,0.3286075992045069,0.1936718087742313,-0.0739221150462815
0.9389919799191884,0.3276336555257652,0.192102906571665,-0.0800695066675864
0.9414319327634928,0.3265729868672081,0.1904262460247237,-0.086217338863503
0.9438700926424572,0.3254243434554807,0.1886391639654686,-0.0923629930162309
0.9463042674245232,0.3241866476880191,0.1867391840959954,-0.0985032235056196
0.9487319038239364,0.3228590749069957,0.1847241271849981,-0.1046340067815251
0.9511500151275706,0.3214411602294008,0.1825922589454248,-0.1107503528768439
0.9535551036509108,0.3199329327273345,0.1803424776322764,-0.1168460956240489
0.9559430920449088,0.318335072053229,0.1779745348793044,-0.1229136943427503
0.9583092749778248,0.3166490803157121,0.1754892807427229,-0.1289440733141873
0.9606483125746188,0.3148774503448117,0.172888907304032,-0.1349265512299204
0.9629543031778426,0.3130237896238046,0.1701771337251638,-0.1408489566335554
0.965220943199735,0.3110928689632245,0.1673592901727858,-0.1466979536023384
0.9674418010208892,0.3090905402319905,0.1644422207102521,-0.1524596563808012
0.9696106379715996,0.3070235434117365,0.1614340341389971,-0.1581203740798228
0.9717217745312136,0.3048991783903568,0.1583436637117731,-0.1636674952525071
0.9737703817072604,0.3027249429525631,0.1551803784747819,-0.1690902118698347
0.9757526692186383,0.3005081851969528,0.1519533110552321,-0.1743800104831666
0.9776659525833532,0.2982558222110846,0.1486710735062156,-0.1795308784140724
0.9795085969853988,0.2959741701706472,0.145341525459385,-0.1845392071086098
0.9812798898450712,0.2936688660576023,0.1419716664912119,-0.1894035167657596
0.9829798742323156,0.2913448682646388,0.13856763621105,-0.1941240765272233
0.9846091850087192,0.2890064959449091,0.1351347659097228,-0.1987025258421749
0.986168894687772,0.2866574999940148,0.1316776735777081,-0.2031415117302131
0.9876603900878996,0.2843011323245908,0.1282003551232783,-0.2074443992566137
0.9890852683083624,0.2819402224646611,0.1247062861905576,-0.2116150237612146
0.9904452607094644,0.2795772406540284,0.1211985046435382,-0.2156575112118822
0.991742177649472,0.277214349630673,0.1176796771600859,-0.2195761489477825
0.9929778651567251,0.2748534536719411,0.1141521627806487,-0.2233752830436065
0.9941541746587398,0.2724962382046575,0.1106180635530184,-0.2270592473819012
0.9952729433780056,0.2701441991666916,0.1070792608955084,-0.2306323195843092
0.9963359793737872,0.2677986703176804,0.1035374498173705,-0.2340986868436529
0.9973450517612058,0.2654608453945881,0.0999941662773861,-0.2374624242862228
0.9983018851662516,0.2631317947616111,0.0964508069926745,-0.2407274841436493
0.9992081563451704,0.2608124794674118,0.0929086459592749,-0.2438976899502749
1.0000654896063377,0.2585037707991409,0.0893688600165493,-0.2469767242773929
1.000875460495074,0.256206449736677,0.0858325242181833,-0.2499681440101074
1.0016395924904105,0.2539212251207517,0.0823006362576831,-0.2528753699649591
1.0023593592139048,0.2516487378089923,0.0787741198664419,-0.2557016951019417
1.003036185764921,0.2493895667909732,0.0752538315068694,-0.2584502892905854
1.0036714498952184,0.2471442357431587,0.0717405680573867,-0.2611242029403071
1.0042664835693345,0.2449132182570644,0.0682350727227509,-0.2637263717022325
1.0048225745891508,0.242696942588095,0.0647380404447378,-0.2662596211362041
1.0053409682884396,0.2404957958283437,0.0612501226329664,-0.2687266714578849
1.0058228700708192,0.2383101237453659,0.0577719251916471,-0.2711301464516015
1.0062694453452836,0.2361402415815188,0.0543040241269138,-0.2734725696638309
1.0066818232960937,0.233986427109065,0.0508469530845265,-0.275756379627589
1.0070610966590454,0.2318489316058175,0.0474012195752318,-0.2779839249718244
1.0074083243357772,0.2297279766382436,0.0439672986500562,-0.2801574744213569
1.0077245325716069,0.2276237570125137,0.0405456365095404,-0.2822792196238201
1.008010715950613,0.2255364450151809,0.0371366563620238,-0.2843512764149117
1.0082678388589732,0.2234661915149995,0.0337407593146299,-0.2863756889794488
1.0084968371784435,0.2214131236202582,0.0303583196345552,-0.288354436902181
1.0086986189104714,0.2193773498872475,0.0269896924388213,-0.290289434463275
1.0088740652455426,0.2173589626601713,0.0236352168373112,-0.2921825326267824
1.009024032076989,0.2153580340312038,0.0202952085102282,-0.2940355266948348
1.0091493504349598,0.2133746230492308,0.0169699710123341,-0.2958501531232556
1.0092508278427823,0.2114087709435811,0.0136597871705209,-0.2976280972934529
1.0093292488607628,0.2094605067078629,0.0103649278322001,-0.2993709914955545
1.0093853760638891,0.2075298456127137,0.0070856488238892,-0.3010804192220438
1.009419950762248,0.2056167918346557,0.0038221948815609,-0.3027579155559367
1.0094336938093238,0.2037213348786342,0.0005747930411517,-0.3044049728514117
1.0094273061850767,0.201843456596427,-0.0026563358589291,-0.3060230369746828
1.0094014568846212,0.1999824539905508,-0.0058721502144308,-0.3076140864777658
1.0093567481474015,0.1981369125528929,-0.0090748593218973,-0.3091806376264774
1.0092937661231802,0.1963068499570666,-0.0122642058030005,-0.3107239296386639
1.0092130844612122,0.1944922853150151,-0.0154399220509356,-0.3122451641990681
1.0091152645665469,0.1926932295748001,-0.0186017470780502,-0.3137455149211282
1.0090008557470256,0.1909096833459221,-0.0217494306568469,-0.3152261302847246
1.0088703957243128,0.189141641442785,-0.0248827256308954,-0.3166881309147555
1.0087244106348423,0.1873890890625166,-0.0280013949477286,-0.3181326137636062
1.0085634154046217,0.1856520043790833,-0.0311052073759068,-0.319560650905536
1.0083879139734857,0.1839303586320454,-0.034193937616594,-0.3209732903690248
1.008198399611381,0.1822241172203319,-0.0372673646015991,-0.3223715560958111
1.0079953547018796,0.1805332362608492,-0.0403252779663756,-0.3237564515714268
1.0077792515474162,0.1788576683708539,-0.0433674678947572,-0.3251289558593921
1.0075505520744692,0.1771973587076631,-0.0463937325124099,-0.3264900275836556
1.0073097082170035,0.1755522470382638,-0.049403874397929,-0.3278406039373828
1.007057162046252,0.1739222676621213,-0.0523977009599012,-0.3291816014199079
1.006793345838082,0.1723073490984376,-0.0553750252552056,-0.3305139167424279
1.0065186824117454,0.1707074155033708,-0.0583356636153174,-0.3318384262831003
1.0062335851914357,0.1691223862861868,-0.0612794365679207,-0.3331559869971446
1.0059384582848905,0.1675521759940513,-0.0642061692746748,-0.3344674370901191
1.0056336967178858,0.1659966950740055,-0.067115690331297,-0.3357735959414961
1.0053196865436311,0.1644558499206704,-0.0700078318817747,-0.3370752645997767
1.0049968049992788,0.1629295431902844,-0.0728824292293563,-0.338373226036621
1.0046654205751429,0.1614176737100006,-0.075739321202354,-0.3396682457279375
1.0043258930935768,0.1599201364933077,-0.0785783503220582,-0.340961072138605
1.0039785739732852,0.1584368235722824,-0.081399361413622,-0.3422524364879539
1.0036238063524467,0.1569676241406025,-0.0842022015033848,-0.3435430530815196
1.0032619252175654,0.1555124247303148,-0.0869867196462334,-0.3448336195996602
1.0028932571931142,0.1540711080834507,-0.0897527692546695,-0.3461248185475473
1.0025181212765988,0.1526435557798823,-0.0925002032240386,-0.3474173153490562
1.0021368283588514,0.1512296460406696,-0.0952288782941921,-0.3487117607278131
1.0017496816937526,0.1498292552717654,-0.0979386522318352,-0.3500087897365534
1.0013569769521729,0.1484422579568165,-0.1006293841693828,-0.3513090222464926
1.000959002252556,0.147068526505071,-0.103300935032436,-0.3526130634858289
1.0005560383896777,0.1457079317981298,-0.1059531666047567,-0.3539215039145527
1.000148358830012,0.1443603429196377,-0.1085859421732941,-0.3552349198619112
0.999736229982893,0.1430256278162812,-0.1111991253515483,-0.3565538732608241
0.999319911164111,0.1417036529268615,-0.1137925809095458,-0.3578789123721698
0.9988996548291053,0.1403942836974799,-0.1163661738655019,-0.359210571635526
0.9984757066298192,0.1390973845162144,-0.1189197697060469,-0.3605493720811602
0.9980483055952092,0.1378128190331006,-0.1214532338432979,-0.3618958213437347
0.9976176838935706,0.1365404492311863,-0.1239664335303488,-0.3632504149881937
0.9971840677896332,0.1352801380402257,-0.126459232775411,-0.3646136340718652
0.9967476766522072,0.1340317461768181,-0.1289314986515209,-0.365985948836132
0.9963087241530718,0.1327951354086864,-0.1313830949038164,-0.3673678154998361
0.9958674173940218,0.1315701658250155,-0.1338138874100533,-0.3687596795655145
0.995423957833546,0.1303566982372672,-0.1362237394732996,-0.3701619734584999
0.9949785409095728,0.1291545928894756,-0.1386125144229972,-0.3715751182656055
0.994531356402441,0.1279637102362657,-0.1409800741094868,-0.3729995231349048
0.994082588229125,0.1267839101785897,-0.1433262804563749,-0.3744355864761683
0.9936324149817032,0.1256150532806772,-0.1456509930685967,-0.3758836947861377
0.9931810097580142,0.1244570000970755,-0.1479540705922399,-0.3773442237215901
0.9927285405491756,0.1233096119549522,-0.1502353691761342,-0.378817537377752
0.9922751698075856,0.1221727496433207,-0.1524947450903023,-0.3803039902206874
0.9918210551889598,0.1210462750870592,-0.1547320514044865,-0.3818039251973291
0.9913663491305612,0.1199300500751112,-0.1569471405176639,-0.3833176756361762
0.9909111994267776,0.1188239374808787,-0.1591398617316192,-0.3848455638625858
0.9904557490947452,0.1177278007123874,-0.16131006233753,-0.3863879021432226
0.9900001364500916,0.1166415036955504,-0.1634575876373716,-0.3879449929425432
0.9895444950309512,0.1155649105031757,-0.1655822816579047,-0.3895171297045322
0.9890889542778024,0.1144978867672248,-0.1676839843409018,-0.3911045950189059
0.9886336392607668,0.1134402988179588,-0.1697625332253206,-0.3927076620290843
0.988178670771708,0.112392013705795,-0.1718177633760735,-0.3943265946051337
0.9877241653406472,0.11135289905117,-0.1738495076440091,-0.3959616477851875
0.9872702356262764,0.1103228237480962,-0.1758575952534639,-0.3976130668613204
0.9868169902943652,0.1093016574889519,-0.1778418526974496,-0.3992810882802187
0.986364534178907,0.1082892709418845,-0.1798021033499292,-0.4009659395303969
0.9859129684032796,0.107285535833858,-0.1817381672627226,-0.4026678391553163
0.9854623903605536,0.106290324722072,-0.1836498615600159,-0.4043869972903384
0.9850128939834164,0.1053035114092297,-0.1855369995892292,-0.4061236150965573
0.984564569866976,0.104324971025406,-0.1873993907231318,-0.4078778847125744
0.984117505059808,0.1033545793913356,-0.1892368415223785,-0.4096499905080736
0.9836717834478574,0.1023922136806084,-0.1910491544176685,-0.4114401080228098
0.9832274856097396,0.1014377519298268,-0.1928361285805052,-0.4132484049682521
0.9827846892023132,0.1004910736959774,-0.1945975586310647,-0.4150750400914685
0.9823434686063818,0.099552059125947,-0.1963332363157049,-0.4169201650428484
0.9819038955707374,0.0986205901634842,-0.1980429482033028,-0.4187839221212104
0.9814660387951576,0.0976965494924749,-0.1997264775832684,-0.4206664464045163
0.981029964263138,0.0967798210808675,-0.201383603394264,-0.4225678647547692
0.9805957353014914,0.0958702901423466,-0.2030141002364509,-0.424488295936658
0.980163412608991,0.0949678430363231,-0.2046177384892604,-0.4264278508706018
0.9797330544001772,0.0940723674109844,-0.2061942839931598,-0.4283866323644618
0.9793047163412,0.0931837519147061,-0.2077434984942441,-0.4303647357735644
0.9788784517395148,0.0923018864386583,-0.2092651391463999,-0.4323622485062895
0.9784543116211758,0.0914266621254119,-0.2107589584362583,-0.4343792500086509
0.9780323447883283,0.0905579713387099,-0.2122247041752596,-0.4364158118297129
0.977612597722856,0.0896957073199291,-0.2136621200083669,-0.4384719984386335
0.977195114822473,0.0888397645313095,-0.2150709447568671,-0.4405478664369427
0.976779938772997,0.0879900392752675,-0.2164509113593123,-0.4426434629919213
0.9763671097744604,0.087146427969855,-0.2178017496263072,-0.4447588300321232
0.9759566665487284,0.0863088290744153,-0.2191231830423308,-0.4468939994811141
0.975548645701534,0.0854771416493161,-0.2204149310294766,-0.4490489967924065
0.9751430821075532,0.0846512660101272,-0.2216767078294521,-0.4512238392768571
0.9747400088799107,0.0838311035342063,-0.2229082227470152,-0.453418536541011
0.974339457517594,0.0830165568318732,-0.224109179833326,-0.4556330899654251
0.9739414579430538,0.0822075296958681,-0.2252792779183391,-0.457867492745561
0.9735460384982978,0.0814039269688199,-0.2264182107543123,-0.4601217301666227
0.9731532257304052,0.080605653984924,-0.2275256677241491,-0.4623957811244309
0.9727630451386244,0.0798126179673897,-0.2286013318260809,-0.4646896140825743
0.9723755206802086,0.0790247269055474,-0.229644881222745,-0.467003190107374
0.9719906748595633,0.0782418896191196,-0.2306559890686745,-0.4693364626227089
0.9716085288174572,0.0774640158241652,-0.2316343233496612,-0.4716893771322097
0.971229102767726,0.076691016909153,-0.2325795458824962,-0.4740618687176508
0.9708524154075724,0.0759228046234982,-0.2334913139273198,-0.4764538658651787
0.9704784843319604,0.0751592918112376,-0.2343692792079819,-0.4788652881255335
0.9701073261212024,0.0744003924828185,-0.2352130878214372,-0.4812960457015034
0.9697389562389944,0.0736460215014276,-0.236022380578345,-0.4837460402648149
0.9693733891627082,0.0728960947453273,-0.2367967927953576,-0.486215164267554
0.9690106382958692,0.0721505288257684,-0.2375359545650115,-0.4887033016913615
0.9686507162819922,0.0714092416310008,-0.2382394901956944,-0.4912103260481936
0.9682936346279796,0.070672151452555,-0.2389070190526459,-0.4937361031130861
0.967939404183588,0.0699391778749523,-0.239538154698514,-0.4962804877183729
0.9675880349551134,0.0692102412974334,-0.2401325053649528,-0.4988433251379195
0.9672395361540532,0.0684852629400735,-0.2406896739436804,-0.5014244508520534
0.966893916266701,0.0677641648956359,-0.2412092579562436,-0.504023690132988
0.9665511831973445,0.0670468703386446,-0.2416908494471638,-0.5066408570274552
0.9662113440372244,0.0663333029536315,-0.242134035417068,-0.5092757561729431
0.9658744052711358,0.0656233872776237,-0.2425383975958834,-0.5119281813166789
0.965540372965486,0.0649170490122362,-0.2429035123465629,-0.5145979138482991
0.9652092526821028,0.0642142147618935,-0.2432289509337996,-0.517284723446606
0.9648810494022786,0.0635148117904365,-0.2435142797176703,-0.5199883687120522
0.9645557676367092,0.0628187681724784,-0.2437590601521118,-0.5227085962992648
0.9642334115634936,0.0621260130109281,-0.2439628488304457,-0.5254451397369924
0.9639139849601754,0.0614364762169781,-0.244125197713676,-0.5281977199389081
0.9635974912686492,0.0607500885753068,-0.2442456542576191,-0.530966044603521
0.9632839336297028,0.0600667817470191,-0.2443237615863395,-0.5337498078432632
0.9629733149701823,0.0593864883905429,-0.2443590586832847,-0.5365486893162584
0.9626656380624774,0.0587091422275853,-0.2443510806464954,-0.539362353550378
0.9623609051720488,0.0580346771995975,-0.244299358893051,-0.5421904530764278
0.9620591169032228,0.0573630248091108,-0.2442034207304809,-0.5450326394649955
0.9617602756459874,0.0566941216977851,-0.2440627903547781,-0.5478885310518788
0.961464383752548,0.0560279055903858,-0.2438769893102271,-0.5507577292657849
0.9611714435780572,0.0553643153361431,-0.2436455369109985,-0.5536398180049596
0.9608814574344337,0.0547032907557892,-0.2433679506207149,-0.5565343638582717
0.9605944277232186,0.0540447728976218,-0.2430437466116667,-0.5594409145462045
0.9603103570182784,0.0533887041903134,-0.2426724404040177,-0.5623589977712328
0.9600292480459944,0.0527350283660482,-0.2422535474520021,-0.5652881210758613
0.9597511037090454,0.0520836904862969,-0.24178658380939,-0.568227771259073
0.9594759271785508,0.0514346371338683,-0.2412710669818181,-0.5711774130392798
0.9592037219185656,0.0507878164556421,-0.240706516771278,-0.5741364883801234
0.958934491692691,0.0501431781680416,-0.2400924561452846,-0.577104415997995
0.9586682406046456,0.0495006736488775,-0.2394284122435974,-0.5800805904875634
0.9584049732058686,0.0488602562012051,-0.2387139176718585,-0.5830643806519474
0.9581446944555332,0.0482218809708961,-0.2379485115421643,-0.5860551294469083
0.9578874098177552,0.0475855052052788,-0.2371317409720795,-0.5890521523617054
0.9576331252779416,0.0469510883270769,-0.236263162502836,-0.5920547366779937
0.9573818473219684,0.046318591923158,-0.2353423434784535,-0.5950621411707732
0.9571335829712926,0.0456879798802821,-0.2343688637024372,-0.5980735951581764
0.956888340028376,0.0450592190751265,-0.2333423181457113,-0.6010882949282895
0.956646126721069,0.0444322785461831,-0.2322623173943425,-0.6041054074759133
0.956406951905806,0.0438071300905952,-0.2311284903498173,-0.6071240675067505
0.9561708251733804,0.0431837486434466,-0.229940486878325,-0.6101433755146697
0.9559377567520172,0.0425621121429924,-0.2286979796696233,-0.613162398416951
0.955707757556901,0.0419422017904744,-0.2274006669140822,-0.6161801683760466
0.9554808389788908,0.0413240016184828,-0.2260482736265422,-0.6191956850861152
0.9552570131808694,0.0407074994427721,-0.2246405559891745,-0.6222079114288452
0.9550362928682934,0.040092686411619,-0.2231773028739716,-0.6252157760719587
0.9548186912100188,0.0394795569565162,-0.2216583381520206,-0.6282181742511106
0.9546042220490318,0.0388681095766975,-0.2200835251872732,-0.63121396459908
0.9543928995542338,0.0382583460641428,-0.2184527675661553,-0.634201973753693
0.9541847382624338,0.0376502718242692,-0.2167660124740172,-0.6371809957527907
0.9539797532169086,0.037043896513833,-0.2150232551929483,-0.6401497900302666
0.9537779592028984,0.0364392320106334,-0.2132245359081587,-0.6431070926354309
0.9535793714854328,0.0358362948182172,-0.2113699491346818,-0.6460516058941418
0.95338400504272,0.0352351040090975,-0.2094596401738135,-0.6489820100634747
0.9531918749197053,0.0346356825206771,-0.2074938114446749,-0.6518969587489599
0.9530029956816048,0.0340380556965341,-0.2054727201022324,-0.6547950879079207
0.9528173816249794,0.0334422521530433,-0.2033966829203887,-0.657675013662515
0.9526350463041784,0.0328483024781714,-0.2012660737476487,-0.6605353407588119
0.9524560025927864,0.0322562395956588,-0.1990813263080185,-0.6633746630467457
0.9522802622883706,0.0316660976175223,-0.1968429313209554,-0.6661915713182358
0.9521078364161824,0.0310779129897048,-0.1945514418620013,-0.6689846502263104
0.9519387345171224,0.0304917221983346,-0.1922074653900684,-0.6717524916621181
0.95177296505306,0.0299075632153047,-0.1898116697722359,-0.6744936903328863
0.951610534735184,0.0293254731957042,-0.1873647741293694,-0.67720685705449
0.9514514486852091,0.0287454889938425,-0.184867550425563,-0.6798906186349062
0.9512957106063632,0.028167647765864,-0.1823208256384889,-0.6825436174565893
0.951143322409594,0.0275919855570161,-0.1797254749845412,-0.6851645203270689
0.9509942837764502,0.0270185354799102,-0.1770824122605988,-0.6877520288151899
0.950848592543434,0.0264473289289847,-0.1743925934311202,-0.6903048755505611
0.9507062447685768,0.0258783956480678,-0.1716570152736044,-0.6928218257857524
0.9505672344742996,0.0253117624675718,-0.1688767073736047,-0.6953016846807305
0.9504315538657256,0.0247474538782684,-0.1660527325712287,-0.6977432962114416
0.9502991928553952,0.0241854896956036,-0.1631861726898937,-0.7001455544815696
0.9501701399073392,0.0236258881993211,-0.1602781415778369,-0.7025073911786411
0.9500443810966824,0.0230686616887685,-0.1573297594145717,-0.7048277952709877
0.9499219012966088,0.022513821177067,-0.1543421741132702,-0.7071057937633545
0.9498026835918298,0.0219613734196315,-0.151316542997494,-0.7093404647108459
0.949686709389836,0.0214113208650236,-0.1482540292246725,-0.7115309374510262
0.9495739586105452,0.0208636619807563,-0.1451558003426175,-0.7136763911657084
0.9494644098039148,0.020318391262513,-0.14202302521965,-0.7157760545895331
0.9493580407106852,0.0197755015339747,-0.1388568844773727,-0.7178291969582922
0.9492548274014564,0.0192349790668614,-0.1356585393537606,-0.7198351461548792
0.9491547453003564,0.0186968081775954,-0.1324291554091729,-0.7217932704611099
0.9490577690154004,0.0181609699087092,-0.1291698923855204,-0.7237029830046234
0.9489638725585938,0.0176274427306672,-0.1258819060022741,-0.7255637385167764
0.948873028739619,0.0170961984657804,-0.1225663201492827,-0.7273750463822745
0.9487852108377468,0.0165672114009087,-0.1192242811133988,-0.7291364382162422
0.9487003910139408,0.016040448560802,-0.115856894902187,-0.7308475001431552
0.9486185413895843,0.0155158754562551,-0.1124652609120883,-0.7325078518660918
0.9485396341718504,0.0149934565766922,-0.1090504736936949,-0.734117144433344
0.9484636411099632,0.0144731513287468,-0.1056135947419647,-0.7356750716280637
0.9483905346344264,0.0139549212473636,-0.1021556983127858,-0.7371813468826769
0.9483202866079912,0.0134387209489755,-0.098677810127197,-0.7386357290140745
0.948252869322698,0.0129245044507772,-0.0951809476436261,-0.7400380018283338
0.9481882558326974,0.0124122276508068,-0.0916661363825389,-0.7413879670091827
0.9481264191330084,0.0119018417116289,-0.0881343639494914,-0.7426854610694771
0.9480673326840768,0.0113932965499329,-0.0845866026064245,-0.7439303442982239
0.9480109703162024,0.0108865395866347,-0.0810237996942978,-0.7451225025434255
0.9479573067585548,0.0103815201631333,-0.0774469080203886,-0.7462618357313262
0.9479063171582762,0.0098781850740066,-0.0738568540743408,-0.747348267678682
0.9478579771753284,0.0093764788236929,-0.0702545389927848,-0.7483817437808953
0.9478122632432052,0.0088763458416549,-0.0666408539032401,-0.7493622250762284
0.9477691527072892,0.0083777320304326,-0.0630166910714361,-0.7502896848300606
0.9477286233330288,0.0078805789282295,-0.0593829013226672,-0.7511641186828694
0.9476906538506624,0.0073848295305647,-0.0557403360183322,-0.751985532518072
0.9476552238263491,0.0068904268750392,-0.0520898368732608,-0.7527539447656169
0.9476223134911482,0.0063973113253684,-0.0484322158048279,-0.7534693896728513
0.9475919040738008,0.0059054249996966,-0.0447682876380493,-0.7541319096406734
0.9475639775635456,0.0054147081386875,-0.0410988432877499,-0.7547415599282009
0.9475385168474808,0.0049251008804508,-0.0374246629914975,-0.755298405230204
0.947515505817715,0.0044365455388175,-0.0337465336737915,-0.7558025168931238
0.9474949290971084,0.0039489809794681,-0.0300652068739962,-0.756253978498639
0.9474767722783616,0.003462346992329,-0.0263814317609498,-0.7566528802273385
0.9474610218577778,0.0029765827733752,-0.02269594396999,-0.7569993199134254
0.947447665289172,0.0024916284313637,-0.0190094773166063,-0.7572934014805746
0.9474366909495217,0.0020074243266246,-0.0153227591303373,-0.7575352353346737
0.9474280881340164,0.0015239110799861,-0.0116365106486175,-0.757724938131108
0.9474218470257508,0.0010410272139377,-0.0079514293396013,-0.7578626331208542
0.9474179587743484,0.0005587139651577,-0.0042682259495734,-0.7579484481123847
0.947416415424963,7.69084766491e-05,-0.0005875729032834,-0.7579825167535914
0.9474172099815216,-0.0004044473425195,0.0030898276638347,-0.7579649768724646
0.9474203384818436,-0.0008856523081603,0.0067651180844543,-0.7578959244374287
0.9474258056574762,-0.0013672332794416,0.0104411813965507,-0.7577752885608727
0.9474336174518506,-0.0018492466372731,0.0141173018611797,-0.7576029968072311
0.9474437807465076,-0.0023317526026232,0.017792788316443,-0.7573789814201066
0.9474563033209208,-0.0028148105500605,0.0214669380540307,-0.7571031804110198
0.9474711938002388,-0.0032984780773815,0.0251390294787966,-0.7567755389289481
0.9474884617673996,-0.0037828151121197,0.0288083530204321,-0.7563960070290318
0.9475081176448846,-0.0042678798695653,0.0324741801338555,-0.7559645425294087
0.9475301728380064,-0.0047537327532503,0.0361357925351351,-0.7554811081363109
0.9475546395371024,-0.0052404316253046,0.0397924462072977,-0.7549456760726855
0.94758153085996,-0.0057280353927816,0.0434433982585402,-0.7543582252536537
0.9476108606866592,-0.0062166009951503,0.0470878841325089,-0.7537187452083902
0.9476426438640692,-0.0067061871946109,0.0507251458004777,-0.753027231937261
0.9476768960454904,-0.0071968517830717,0.054354410690856,-0.7522836917492985
0.9477136336990692,-0.0076886520430919,0.0579748950759671,-0.7514881414137115
0.9477528740972312,-0.0081816448171434,0.0615858045464657,-0.7506406087313223
0.9477946354234836,-0.0086758879078479,0.0651863441776272,-0.7497411305847742
0.947838936490225,-0.0091714367987993,0.0687756945809765,-0.7487897593772316
0.9478857967159288,-0.0096683450575141,0.0723530152606675,-0.7477865638213371
0.9479352366986572,-0.0101666704922094,0.0759174889776306,-0.7467316170100884
0.9479872773077556,-0.0106664657070308,0.0794682539208652,-0.7456250161938549
0.9480419404729564,-0.0111677863821293,0.0830044632636983,-0.7444668662526004
0.9480992482160407,-0.0116706823639742,0.0865252223601758,-0.7432573005524102
0.948159223651667,-0.0121752071558491,0.0900296561540986,-0.7419964600049385
0.9482218903410516,-0.0126814121475515,0.0935168688063412,-0.7406845070343995
0.9482872722407696,-0.0131893466843716,0.0969859450228942,-0.7393216268217653
0.9483553937651448,-0.0136990589598961,0.1004359570007586,-0.7379080261473739
0.948426279695498,-0.0142105956399025,0.1038659626514333,-0.7364439354022003
0.9484999555393115,-0.0147240046486229,0.1072750249275185,-0.7349296012976829
0.9485764464095472,-0.0152393276055514,0.1106621624085629,-0.7333653099617635
0.9486557783584562,-0.0157566094530169,0.1140264142545698,-0.7317513594964121
0.9487379772627764,-0.016275891083995,0.1173667924645262,-0.7300880827728471
0.9488230688905784,-0.0167972104213341,0.1206822907635685,-0.7283758457527109
0.9489110795061736,-0.0173206064667221,0.123971911683729,-0.726615035070915
0.9490020348307152,-0.0178461133037035,0.1272346298789587,-0.7248060786094557
0.949095960451434,-0.0183737631130559,0.130469413163041,-0.72294943673799
0.9491928816569776,-0.0189035856142971,0.1336752207439326,-0.7210456050342202
0.949292823433084,-0.0194356084386454,0.1368510073090517,-0.7190951137120768
0.9493958102999516,-0.0199698566367237,0.1399957219280864,-0.7170985300530156
0.9495018664330866,-0.0205063536769411,0.1431083158398313,-0.715056455217166
0.9496110147110398,-0.0210451170682433,0.1461877192799557,-0.7129695415431687
0.9497232774713706,-0.0215861627338935,0.1492328695143837,-0.7108384767002185
0.949838676073556,-0.0221295032332828,0.1522427028290449,-0.7086639907959513
0.949957230989456,-0.022675148622621,0.1552161617569621,-0.7064468532318646
0.95007896112332,-0.0232231037723316,0.1581521830439989,-0.7041878838188379
0.9502038845334532,-0.0237733721337811,0.1610497207830487,-0.7018879375354677
0.9503320176600478,-0.0243259526594401,0.1639077323795477,-0.6995479170333169
0.9504633753424584,-0.0248808403974348,0.166725184731943,-0.697168770159836
0.9505979707326389,-0.0254380265863912,0.1695010576175987,-0.6947514892947301
0.9507358158628932,-0.0259975013656299,0.1722343596669469,-0.6922970989540292
0.9508769204681328,-0.0265592492902384,0.174924108629551,-0.6898066745515959
0.9510212925815038,-0.0271232522057756,0.177569348383427,-0.6872813291357428
0.9511689383460687,-0.0276894888245013,0.1801691492338386,-0.6847222141754828
0.9513198621087744,-0.0282579353957867,0.1827226132648899,-0.682130515314609
0.9514740664155412,-0.0288285659385252,0.1852288773206589,-0.679507449870082
0.9516315516802012,-0.0294013512684583,0.187687110655954,-0.6768542697821199
0.9517923162442234,-0.0299762595028785,0.1900965192065482,-0.6741722577455683
0.9519563572706774,-0.0305532594198287,0.1924563609947061,-0.6714627096888429
0.9521236695073684,-0.0311323161742585,0.1947659292958567,-0.6687269528196244
0.9522942464913596,-0.0317133956634715,0.1970245714864034,-0.6659663231464789
0.9524680799009432,-0.0322964623190578,0.1992316805767988,-0.6631821737502301
0.9526451598145496,-0.0328814800675322,0.2013866994928859,-0.6603758681406511
0.9528254754626216,-0.0334684147942139,0.2034891299717141,-0.6575487662263562
0.9530090141605774,-0.0340572307981495,0.2055385192404997,-0.654702239151403
0.9531957626821144,-0.0346478952080606,0.2075344752502395,-0.6518376458710929
0.9533857067016684,-0.0352403760488095,0.2094766586356666,-0.6489563403082109
0.9535788310330964,-0.0358346428977715,0.2113647838589243,-0.6460596661248612
0.9537751198557904,-0.0364306674500599,0.2131986195986182,-0.6431489519841675
0.9539745569814344,-0.0370284241609424,0.214977988952679,-0.6402255065130615
0.9541771260829978,-0.0376278907297036,0.2167027687480164,-0.6372906141441623
0.954382810217094,-0.0382290464974022,0.2183728828223337,-0.6343455413112538
0.9545915925951152,-0.0388318745470552,0.2199883059546369,-0.6313915246562565
0.9548034565725046,-0.0394363614392112,0.2215490605364962,-0.6284297709442099
0.9550183855305662,-0.040042496669047,0.2230552127064786,-0.6254614584983033
0.9552363631693164,-0.0406502733041478,0.2245068715557783,-0.622487732995858
0.9554573735066884,-0.0412596877789017,0.2259041860733134,-0.6195097075427726
0.955681401142508,-0.0418707404256458,0.2272473438050703,-0.6165284592924706
0.9559084310324256,-0.0424834346619745,0.2285365664689247,-0.6135450327708364
0.9561384487868296,-0.0430977776291985,0.2297721089051314,-0.6105604362463393
0.9563714405046124,-0.0437137795738752,0.2309542553497372,-0.607575644353208
0.9566073930427548,-0.0443314544072695,0.2320833181879528,-0.6045915951061951
0.956846293734084,-0.0449508188143855,0.2331596339912408,-0.6016091940522913
0.9570881306294748,-0.0455718927599846,0.2341835623232162,-0.59862931175228
0.957332892639438,-0.046194699717213,0.2351554839033283,-0.5956527827353856
0.957580569015946,-0.0468192652338606,0.2360757963301744,-0.5926804124728112
0.9578311498456852,-0.0474456180971321,0.2369449140977481,-0.5897129719744479
0.9580846257924815,-0.0480737895904728,0.2377632656599143,-0.5867512015839484
0.958340988174134,-0.0487038136120356,0.2385312919445326,-0.5837958107121296
0.9586002288458544,-0.0493357263229334,0.2392494443478474,-0.5808474798368736
0.9588623402594044,-0.0499695662405861,0.2399181834084157,-0.5779068604452254
0.9591273153170448,-0.0506053738420038,0.240537977030509,-0.5749745772919925
0.9593951474902916,-0.051243191818005,0.2411092995067778,-0.5720512276602973
0.959665830689852,-0.0518830647344914,0.241632630009339,-0.5691373833942546
0.9599393592086448,-0.0525250388837419,0.2421084514224272,-0.5662335920474517
0.9602157277292503,-0.0531691622955809,0.2425372493896869,-0.5633403773144742
0.9604949312626606,-0.0538154845934174,0.2429195113150943,-0.5604582401759608
0.9607769651313608,-0.0544640569613818,0.2432557255246504,-0.5575876595442638
0.9610618249240156,-0.05511493205163,0.243546380459176,-0.5547290931792311
0.9613495063716458,-0.0557681637208857,0.2437919638883984,-0.5518829793378367
0.9616400054628976,-0.0564238073177964,0.2439929624221017,-0.5490497360058557
0.9619333182959452,-0.057081919373937,0.2441498608156135,-0.5462297627417775
0.962229440977172,-0.0577425574127256,0.2442631414520773,-0.5434234419586201
0.9625283697452722,-0.0584057802661491,0.2443332839676996,-0.5406311380350293
0.9628301008231268,-0.0590716477847298,0.244360764776698,-0.5378531990174487
0.9631346303911928,-0.0597402208255179,0.2443460567223383,-0.5350899571102522
0.9634419552341844,-0.0604115627101024,0.244289628589575,-0.5323417231705901
0.9637520726094474,-0.0610857389556296,0.2441919444174546,-0.5296087885155694
0.9640649783052812,-0.0617628131110988,0.2440534638680582,-0.5268914422198638
0.9643806680538846,-0.0624428499191634,0.2438746419472218,-0.5241899584380223
0.9646991372786082,-0.0631259148283901,0.2436559288908348,-0.5215045987579473
0.9650203810432062,-0.0638120739508382,0.2433977700582454,-0.5188356127025336
0.965344394298223,-0.0645013946532884,0.2431006055643518,-0.5161832357858083
0.9656711714951316,-0.0651939447993987,0.2427648704266509,-0.5135476928144223
0.9660007066752528,-0.065889793011805,0.2423909943973041,-0.5109291971706095
0.966332993583918,-0.0665890089831225,0.241979401694547,-0.5083279499700621
0.966668025301397,-0.067291662770855,0.2415305113287903,-0.5057441430039713
0.9670057946174868,-0.0679978256601745,0.241044736535139,-0.5031779558240672
0.9673462937628272,-0.0687075696735778,0.2405224849932183,-0.5006295578696228
0.967689514187778,-0.0694209671901663,0.2399641591135737,-0.4980991100695067
0.968035446929696,-0.0701380917906885,0.2393701553941777,-0.4955867620653494
0.9683840823508378,-0.070859017791198,0.2387408647300401,-0.4930926541530004
0.9687354100757778,-0.0715838201968671,0.2380766724652139,-0.4906169176644029
0.9690894189848568,-0.0723125747731943,0.2373779583493162,-0.4881596749325348
0.9694460972374568,-0.0730453581790603,0.236645096420089,-0.4857210390591907
0.9698054320919224,-0.0737822476833226,0.2358784553028927,-0.4833011150649968
0.9701674101494,-0.0745233217531988,0.2350783976267197,-0.4808999981479279
0.9705320168667192,-0.075268659145614,0.234245281012303,-0.4785177768375255
0.970899237036983,-0.0760183399823125,0.2333794569449862,-0.4761545296887752
0.9712690543868308,-0.076772445018041,0.2324812715996831,-0.4738103278250109
0.9716414514685124,-0.0775310555159754,0.2315510660764331,-0.4714852354297431
0.9720164100115022,-0.0782942540598175,0.2305891754669447,-0.4691793073857169
0.972393910699956,-0.079062124196277,0.2295959292936054,-0.46689259057289
0.97277393277882,-0.0798347497328729,0.228571652490091,-0.464625126066322
0.9731564545591342,-0.0806122158659259,0.2275166640055865,-0.462376945889113
0.973541453101972,-0.0813946086390243,0.2264312775429674,-0.4601480747667947
0.9739289041343188,-0.0821820148753585,0.2253158017233657,-0.4579385304120465
0.974318782091556,-0.0829745223687564,0.2241705398871599,-0.4557483230727939
0.9747110600927934,-0.0837722199398887,0.2229957900654643,-0.4535774554831887
0.975105709767749,-0.0845751971922308,0.2217918454002528,-0.4514259236169645
0.975502701279876,-0.0853835446683657,0.2205589939897211,-0.4492937163222105
0.975902003462354,-0.0861973542385033,0.2192975183480527,-0.4471808143879226
0.9763035834136982,-0.0870167183900613,0.2180076965547054,-0.4450871924823599
0.9767074066213606,-0.0878417305933073,0.2166898017762678,-0.4430128182234245
0.9771134370528404,-0.0886724856044779,0.2153441018391083,-0.4409576514836169
0.9775216367648412,-0.0895090787850089,0.2139708603902066,-0.4389216461337588
0.9779319661888954,-0.0903516068054678,0.2125703358302726,-0.4369047483271477
0.9783443838668284,-0.0912001672257857,0.2111427820615494,-0.4349068975668438
0.978758846489484,-0.0920548586980556,0.2096884482222397,-0.4329280262356157
0.9791753086922396,-0.0929157806701581,0.2082075792610843,-0.4309680602921199
0.9795937233445244,-0.0937830341115482,0.2067004147588172,-0.42902691762244
0.9800140410599548,-0.094656720630272,0.2051671905111639,-0.4271045100590733
0.9804362104666768,-0.0955369431637101,0.2036081374017812,-0.4252007418172124
0.9808601777448211,-0.0964238051479417,0.2020234829374062,-0.4233155112850061
0.9812858870207688,-0.0973174114733552,0.2004134496270067,-0.4214487089239322
0.981713280128542,-0.0982178681259802,0.1987782556708353,-0.4196002180465717
0.9821422965896148,-0.0991252822858018,0.1971181148423091,-0.4177699145946603
0.9825728731788802,-0.1000397615483908,0.19543323798271,-0.415957668652867
0.9830049444143266,-0.1009614151024066,0.1937238309128556,-0.4141633420192872
0.9834384421438906,-0.101890353000603,0.1919900958264017,-0.4123867896291365
0.9838732955201652,-0.1028266862496831,0.1902322311921282,-0.4106278592967035
0.9843094309485324,-0.103770526846227,0.1884504317496572,-0.4088863915692631
0.9847467720487766,-0.1047219878444384,0.1866448884401503,-0.4071622195259109
0.9851852397152056,-0.1056811836437068,0.184815787911034,-0.4054551681967617
0.985624751661813,-0.1066482291516022,0.1829633141634194,-0.4037650559791149
0.9860652226412135,-0.1076232404146054,0.1810876474103792,-0.4020916933932884
0.9865065642803325,-0.108606334416665,0.1791889645113746,-0.4004348833434314
0.9869486849531112,-0.1095976289550441,0.1772674392636279,-0.3987944212095416
0.987391489908562,-0.1105972430909237,0.175323241575694,-0.397170093988016
0.9878348808738266,-0.1116052964228547,0.173356538921575,-0.3955616813692935
0.9882787562547382,-0.1126219097038217,0.1713674951852369,-0.3939689545986437
0.9887230108190558,-0.1136472042890688,0.1693562717779059,-0.3923916772228262
0.989167535755019,-0.1146813024363764,0.1673230270907119,-0.3908296044642577
0.9896122186836536,-0.1157243275134809,0.1652679161184221,-0.3892824827795065
0.9900569431840168,-0.1167764030612171,0.1631910923367999,-0.3877500510992002
0.9905015891118768,-0.1178376537111022,0.1610927059261231,-0.3862320392887435
0.990946032337624,-0.1189082047489574,0.1589729046556675,-0.3847281686363518
0.9913901446225256,-0.119988181994545,0.1568318341457854,-0.3832381518392502
0.991833793635282,-0.1210777120223023,0.1546696374501388,-0.381761692512981
0.9922768427096512,-0.1221769217519854,0.1524864558834596,-0.3802984855630835
0.9927191509431484,-0.1232859388756364,0.1502824281863982,-0.3788482164135725
0.9931605729088724,-0.1244048913287627,0.1480576915841639,-0.3774105615115737
0.993600958637865,-0.125533907426188,0.1458123815217341,-0.3759851879273732
0.9940401535237328,-0.1266731158069006,0.1435466317738442,-0.3745717532083653
0.9944779983084688,-0.1278226455923563,0.1412605741263023,-0.3731699049680421
0.9949143290407748,-0.1289826264866617,0.1389543381693928,-0.371779280563672
0.9953489763750066,-0.1301531871015921,0.1366280546157297,-0.3703995088594369
0.9957817665092898,-0.1313344576539663,0.1342818499213425,-0.3690302067668111
0.9962125200799928,-0.13252656719564,0.1319158517697831,-0.3676709822818033
0.996641052694443,-0.1337296452436953,0.1295301858063893,-0.3663214323121818
0.9970671745902951,-0.1349438210516882,0.1271249770551304,-0.3649811432708435
0.9974906906581884,-0.1361692238793222,0.1247003493488993,-0.3636496905147466
0.997911400214916,-0.1374059825544383,0.1222564261573837,-0.3623266385637559
0.998329096827604,-0.1386542251519361,0.1197933311738361,-0.3610115411544025
0.9987435684576476,-0.1399140796259925,0.1173111870150143,-0.3597039402838604
0.9991545972346616,-0.1411856733619633,0.1148101160523581,-0.3584033664110704
0.9995619592501804,-0.1424691327509024,0.1122902411869463,-0.3571093385946564
0.9999654246180356,-0.143764583588361,0.1097516849977636,-0.3558213637825306
1.0003647571902632,-0.1450721503907251,0.1071945710103181,-0.3545389371908229
1.0007597148753988,-0.1463919576718666,0.1046190211241632,-0.3532615407448312
1.001150048891644,-0.1477241277217113,0.102025159873962,-0.3519886449374622
1.0015355040244365,-0.1490687816461079,0.0994131123012809,-0.350719707466598
1.001915818564658,-0.1504260394086956,0.0967830037825388,-0.3494541728749156
1.002290724157906,-0.1517960195664286,0.0941349604475525,-0.3481914724719717
1.0026599457052228,-0.1531788391789918,0.0914691092536785,-0.3469310240800233
1.0030232009981428,-0.1545746126895106,0.0887855800305182,-0.3456722326955058
1.0033802009161708,-0.1559834528922898,0.0860845034910654,-0.3444144892339858
1.0037306493675395,-0.1574054710296592,0.0833660109345474,-0.3431571700940309
1.0040742429370433,-0.1588407756920595,0.0806302362296746,-0.3418996377641975
1.0044106707797045,-0.1602894726175278,0.0778773160528661,-0.3406412405962256
1.004739614761808,-0.1617516655980042,0.0751073880243403,-0.3393813116189204
1.0050607491556254,-0.1632274555193244,0.0723205923945364,-0.3381191689743432
1.005373740563496,-0.1647169403461529,0.0695170719200241,-0.3368541155103766
1.0056782476268258,-0.1662202140629933,0.066696973693615,-0.3355854392453157
1.0059739213205563,-0.167737368470864,0.0638604456041886,-0.3343124114052732
1.0062604045047785,-0.1692684914354,0.0610076394657923,-0.3330342874580088
1.00653733187076,-0.1708136669787061,0.0581387106627893,-0.3317503065611292
1.006804329993414,-0.172372976096411,0.0552538164597549,-0.3304596904041287
1.00706101676328,-0.1739464939977065,0.0523531209273058,-0.3291616449966617
1.007307001739386,-0.1755342926383096,0.0494367900545469,-0.3278553580525195
1.007541885807946,-0.1771364393479866,0.0465049940986481,-0.3265399995952913
1.0077652610661032,-0.1787529967373669,0.0435579075528544,-0.3252147214806633
1.0079767106284738,-0.1803840220720313,0.0405957100783827,-0.3238786573341629
1.0081758085985784,-0.1820295679213834,0.0376185851106548,-0.3225309214211554
1.0083621197704569,-0.1836896807805579,0.0346267221411461,-0.3211706091525205
1.0085351995150074,-0.1853644010120495,0.0316203165795913,-0.3197967964834536
1.0086945937338727,-0.1870537637153446,0.028599567960357,-0.3184085385222241
1.008839838610472,-0.1887577979311564,0.0255646811491559,-0.317004869469119
1.0089704603233027,-0.1904765250337422,0.022515868956736,-0.3155848031961859
1.0090859750613888,-0.1922099609362734,0.0194533479641287,-0.3141473306463193
1.0091858885547138,-0.1939581119079973,0.0163773456637883,-0.3126914224770065
1.0092696961939875,-0.1957209792234496,0.0132880919790053,-0.3112160243404443
1.0093368825716564,-0.1974985552978198,0.010185825815284,-0.3097200591776554
1.009386921317956,-0.1992908242459146,0.0070707937767429,-0.3082024258005205
1.0094192748858388,-0.2010977636077091,0.0039432468955191,-0.3066619963981112
1.009433394172328,-0.2029193380658933,0.000803451213957,-0.3050976208080519
1.0094287183911632,-0.2047555055395997,-0.0023483230991551,-0.3035081202036628
1.009404665759606,-0.2066067034457017,-0.0055126314150798,-0.3018918593457849
1.0093605910744616,-0.2084744004656012,-0.0086917747204971,-0.3002462365207502
1.0092958281264008,-0.2103585818545578,-0.011885509346423,-0.2985698815403433
1.0092096924751657,-0.2122592323845753,-0.0150935978174908,-0.2968613748060649
1.0091014809192915,-0.2141763251351924,-0.0183157901151125,-0.2951192548613605
1.0089704709259946,-0.2161098197389761,-0.0215518212105703,-0.2933420176449383
1.0088159199255546,-0.2180596625855855,-0.0248014119300911,-0.2915281138301919
1.0086370647382814,-0.220025784519578,-0.0280642656613679,-0.2896759483164612
1.0084331203601544,-0.2220081049665979,-0.0313400757588796,-0.2877838734795447
1.0082032799058207,-0.2240065230798903,-0.0346285114648629,-0.2858501944879255
1.0079467129798578,-0.2260209245649657,-0.0379292298392592,-0.2838731595471717
1.007662565260505,-0.2280511758145789,-0.0412418667475233,-0.2818509619970036
1.0073499574823777,-0.2300971236459996,-0.0445660371805334,-0.2797817368625866
1.0070079847776023,-0.2321585921436985,-0.0479013309179725,-0.277663560059873
1.0066357142373896,-0.2342353894699617,-0.0512473243542064,-0.275494437011588
1.006232185555285,-0.2363272954775295,-0.0546035613218187,-0.2732723106480639
1.0057964090702929,-0.2384340652216485,-0.0579695597773995,-0.2709950528940233
1.0053273641134233,-0.240555428848925,-0.0613448126067678,-0.2686604592501663
1.0048239982320233,-0.2426910868125356,-0.0647287810629776,-0.2662662480408339
1.0042852255399604,-0.2448407089721575,-0.0681208945314929,-0.2638100550812315
1.003709925134024,-0.247003932583236,-0.0715205486131541,-0.2612894290095326
1.003096940230715,-0.2491803572072392,-0.0749270985049978,-0.2587018297363983
1.0024450751768124,-0.2513695468780959,-0.0783398638980138,-0.2560446177932081
1.0017530954485283,-0.2535710209927309,-0.0817581163613463,-0.2533150564223805
1.0010197243314525,-0.2557842562207336,-0.0851810841209665,-0.2505102998186164
1.0002436425221473,-0.2580086781995999,-0.0886079411184021,-0.2476273931374104
0.999423485441872,-0.2602436600584938,-0.0920378068929406,-0.2446632633286575
0.9985578426212876,-0.2624885144355625,-0.0954697366622251,-0.2416147175667916
0.9976452548869738,-0.2647424911986689,-0.0989027204372342,-0.2384784333891087
0.9966842139621628,-0.2670047683498776,-0.1023356719896963,-0.2352509571372027
0.995673160844252,-0.2692744460292111,-0.1057674229157079,-0.2319286975114326
0.9946104873027471,-0.2715505334738113,-0.1091967064293308,-0.2285079287490472
0.993494533057248,-0.2738319458443436,-0.1126221565046936,-0.2249847788058577
0.9923235911233186,-0.2761174840249366,-0.1160422818431826,-0.2213552428224439
0.9910959082149612,-0.2784058263036107,-0.1194554583170054,-0.2176151791420857
0.9898096929622954,-0.2806955062953877,-0.1228599014199389,-0.213760327939268
0.9884631248644128,-0.2829848930438285,-0.1262536427558641,-0.2097863293091553
0.9870543705487036,-0.285272162616532,-0.1296344946907536,-0.2056887601011739
0.9855816012483576,-0.2875552735317277,-0.1330000215229486,-0.2014631706445538
0.9840430289687148,-0.2898319204696322,-0.1363474794573563,-0.1971051710274896
0.9824369541042952,-0.2920994841964933,-0.1396737520465972,-0.1926105432133704
0.98076182299131,-0.2943549833144937,-0.1429752890836143,-0.1879753739355079
0.9790163213642736,-0.2965949978966582,-0.1462480047728863,-0.1831962790274182
0.977199483248542,-0.2988156027334035,-0.1494871900231284,-0.1782706595344995
0.9753108480811888,-0.3010122764662237,-0.152687388588859,-0.1731970781348188
0.9733506344508992,-0.3031798369084184,-0.1558423090997971,-0.1679756683249254
0.9713199491605335,-0.3053123857987329,-0.1589447464055125,-0.1626086285434418
0.9692209793550126,-0.3074033228797931,-0.1619865969027344,-0.1571006655115675
0.9670571417135292,-0.3094454424020467,-0.164958984273897,-0.1514593273700822
0.964833126638642,-0.3114311470132364,-0.1678525448960381,-0.1456950756113774
0.9625547824146063,-0.313352785794505,-0.1706578834125148,-0.1398209667591085
0.9602288283512505,-0.3152030724290694,-0.1733661382710798,-0.133851927335919
0.957862442356094,-0.3169755005254363,-0.1759695429165585,-0.1278037434656401
0.9554627966539104,-0.3186646762376429,-0.178461873514938,-0.1216919488357156
0.9530366719214892,-0.3202664817078562,-0.1808386618228496,-0.1155309304646395
0.9505901828513276,-0.3217780852668173,-0.1830971977999762,-0.1093333197656999
0.9481286475076756,-0.3231978211858528,-0.1852363530953441,-0.103109738357795
0.9456565859997256,-0.3245249910853268,-0.1872562973237715,-0.0968688542628328
0.9431777820962688,-0.3257596540269618,-0.189158201852463,-0.0906175788131623
0.9406953851538048,-0.3269024290664157,-0.190943962849928,-0.0843613492797731
0.9382120186090388,-0.3279543304813143,-0.1926159716737859,-0.078104415566859
0.9357298743521238,-0.3289166409779218,-0.1941769400084968,-0.0718500825238475
0.933250799392526,-0.329790813834907,-0.1956297657188707,-0.0656009270689271
0.930776372496741,-0.3305784002037181,-0.1969774336459626,-0.0593589865716861
0.9283079527295658,-0.3312810020170195,-0.198222953583787,-0.0531258745516988
0.9258467204784864,-0.3319002376977613,-0.1993693158867816,-0.0469028765254509
0.9233937180997284,-0.3324377166275566,-0.2004194581587074,-0.0406910447357866
0.9209498706267336,-0.3328950250065405,-0.2013762490241822,-0.0344912427234769
0.9185160062370228,-0.3332737154847711,-0.2022424764311059,-0.028304189649907
0.9160928751449284,-0.3335753004428783,-0.2030208403988741,-0.0221305012037235
0.9136811596929054,-0.3338012489898271,-0.2037139514510211,-0.0159707087460732
0.9112814840873112,-0.3339529852965215,-0.2043243304494503,-0.0098252780881891
0.9088944236201312,-0.3340318881681925,-0.2048544097037688,-0.0036946275366967
0.9065205097299188,-0.3340392916943638,-0.2053065358223213,0.0024208641772814
0.904160235259463,-0.3339764862954209,-0.2056829727443797,0.0085208490068409
0.9018132917406956,-0.3338446657613252,-0.2059859926635842,0.0146069952454404
0.8994801321912521,-0.3336449726607135,-0.2062176344262339,0.0206789531518161
0.897161276402335,-0.3333785263987866,-0.2063798647915354,0.0267361408148009
0.8948572172043882,-0.3330464233531384,-0.206474597744908,0.0327779886230961
0.8925684251183804,-0.3326497386995931,-0.2065036969980918,0.0388039294893009
0.8902953394702107,-0.3321895258467063,-0.2064689784847675,0.0448134245287564
0.8880383656780944,-0.3316668155894853,-0.2063722113705957,0.0508059728228906
0.8857978860238629,-0.3310826182708068,-0.206215119461124,0.056781085301606
0.8835742694723525,-0.3304379273183963,-0.2059993839820251,0.0627382603797602
0.8813678614330953,-0.3297337176048717,-0.2057266448926854,0.0686770129058312
0.8791789846567345,-0.3289709458666836,-0.2053985021109785,0.0745968736334057
0.8770079414949984,-0.3281505516353868,-0.2050165169071377,0.0804973848808751
0.8748550114504244,-0.3272734564086799,-0.2045822124223707,0.0863781088837685
0.8727204543378742,-0.3263405647591624,-0.2040970749567554,0.0922386208878424
0.8706045124968744,-0.3253527653914319,-0.2035625553040164,0.0980785045938092
0.8685074062948741,-0.3243109290146312,-0.2029800682947757,0.1038973660626861
0.8664293397741448,-0.3232159107591835,-0.2023509946959758,0.1096948196456551
0.8643704978907064,-0.3220685486627622,-0.2016766809434396,0.1154704970565992
0.8623310511533191,-0.320869665983344,-0.2009584410140563,0.1212240357701972
0.8603111489463724,-0.3196200670611578,-0.2001975544425979,0.1269550991823718
0.8583109301211358,-0.3183205433036423,-0.1993952703645876,0.1326633480125701
0.8563305134342382,-0.3169718669849782,-0.1985528041659535,0.1383484686867515
0.8543700059084761,-0.3155747961833193,-0.1976713408953476,0.144010150792099
0.8524295000185285,-0.3141300726874281,-0.1967520343494416,0.1496480962535216
0.8505090724087776,-0.3126384204701239,-0.195796006422384,0.1552620243263625
0.8486087898399524,-0.3111005497642143,-0.1948043500268882,0.1608516554228315
0.8467287038700124,-0.3095171525213545,-0.1937781264880751,0.1664167277563107
0.8448688557465531,-0.3078889058226202,-0.1927183680169579,0.171956984083075
0.8430292725378457,-0.3062164680462772,-0.1916260754882121,0.1774721842642335
0.8412099719730789,-0.3045004825084981,-0.1905022210569357,0.182962091932767
0.8394109623021146,-0.302741577034187,-0.1893477481292827,0.1884264757942864
0.837632239685365,-0.3009403608604701,-0.1881635695554756,0.1938651185379756
0.8358737883711714,-0.299097423857946,-0.1869505673212579,0.1992778174810702
0.8341355868284247,-0.2972133422367764,-0.1857095965075513,0.204664366707596
0.8324176017646371,-0.2952886716862911,-0.1844414809718287,0.210024576386579
0.8307197933097465,-0.2933239522342259,-0.1831470167329502,0.215358257675647
0.8290421104169773,-0.2913197022802643,-0.1818269682191417,0.2206652380351079
0.8273844991848549,-0.2892764276609082,-0.1804820744090156,0.2259453358686829
0.8257468927583554,-0.2871946087472139,-0.1791130404985431,0.2311983933755703
0.8241292185861253,-0.2850747081758066,-0.1777205431541972,0.2364242545221311
0.8225313983151947,-0.2829171700788154,-0.1763052301558526,0.2416227660942656
0.8209533455250744,-0.2807224161418807,-0.174867717957317,0.2467937858879013
0.8193949690919516,-0.2784908491747768,-0.1734085941720372,0.2519371725933213
0.8178561708315311,-0.2762228488486961,-0.1719284149193286,0.2570527943136729
0.8163368466594308,-0.2739187721331346,-0.1704277052516186,0.2621405256232123
0.8148368884261138,-0.2715789549688664,-0.1689069603735664,0.2672002421983774
0.8133561806077909,-0.2692037059342779,-0.1673666416510532,0.2722318327421902
0.811894604752512,-0.2667933118594746,-0.1658071803876806,0.2772351847813629
0.8104520376128118,-0.2643480336600765,-0.1642289752353211,0.2822101916670449
0.809028350748754,-0.2618681041179525,-0.1626323908835892,0.2871567547509343
0.8076234131192243,-0.2593537308123933,-0.1610177600622608,0.2920747751460961
0.8062370880238836,-0.2568050891177511,-0.1593853791471064,0.2969641650998281
0.8048692366959405,-0.2542223268568524,-0.1577355112571801,0.3018248361481991
0.8035197176132725,-0.2516055614392971,-0.1560683845073098,0.3066567021025301
0.8021883848217245,-0.2489548746219069,-0.1543841887628125,0.3114596857381639
0.8008750905676156,-0.2462703154581179,-0.152683077610483,0.3162337100521628
0.7995796848118573,-0.2435518972399712,-0.1509651664862498,0.3209787005687192
0.7983020152242555,-0.2407995951050356,-0.1492305312287486,0.3256945859592843
0.7970419283212121,-0.2380133459512992,-0.1474792080796548,0.3303812944085074
0.7957992682323776,-0.2351930430253968,-0.1457111903211624,0.3350387587187348
0.79457388096912,-0.2323385427626929,-0.1439264325859004,0.3396669007789136
0.7933656087358574,-0.2294496487577635,-0.1421248408218823,0.3442656533412704
0.7921742956595231,-0.2265261216615851,-0.1403062784812364,0.3488349388410584
0.7909997872620192,-0.2235676749071067,-0.1384705637908782,0.3533746714889211
0.7898419298651439,-0.2205739696830133,-0.1366174665550567,0.357884759719843
0.7887005725225477,-0.217544616031576,-0.1347467087330077,0.3623650987917771
0.7875755680588679,-0.2144791718146673,-0.1328579636445577,0.3668155665766966
0.7864667750683865,-0.2113771443592456,-0.1309508567779341,0.3712360153132307
0.7853740583412957,-0.2082379879050064,-0.1290249639590778,0.3756262693184754
0.7842972924163176,-0.2050611100643287,-0.1270798149999805,0.3799861098950259
0.7832363631076376,-0.201845873197896,-0.1251148941452783,0.384315267843982
0.7821911724831494,-0.1985916069170754,-0.1231296472466507,0.38861340140802
0.7811616419596108,-0.1952976165378127,-0.121123486359799,0.3928800810556844
0.7801477179972576,-0.1919632014899356,-0.1190958003245941,0.3971147627169122
0.7791493791493176,-0.1885876812935614,-0.1170459698453497,0.4013167541248069
0.7781666448297209,-0.185170431714513,-0.1149733886604937,0.4054851723853912
0.7771995860541279,-0.1817109338475805,-0.1128774924854516,0.4096188912622193
0.7762483375233992,-0.1782088361123848,-0.1107577957623171,0.4137164804243954
0.7753131125009404,-0.1746640370287605,-0.1086139410589235,0.4177761300027612
0.7743942201461744,-0.1710767913354092,-0.1064457627808229,0.4217955612787235
0.7734920839307743,-0.1674478382041244,-0.1042533646227887,0.4257719290196151
0.7726072567587484,-0.1637785370873541,-0.1020372022852507,0.429701734777542
0.7717404347399889,-0.1600710203138384,-0.0997981772923774,0.4335807432786401
0.7708924600570366,-0.1563283221680767,-0.0975377179500055,0.4374039456710845
0.7700643093011745,-0.1525544608195079,-0.0952578334944102,0.4411655889914033
0.7692570622612936,-0.1487544366939737,-0.092961119588993,0.4448592986332038
0.7684718476791075,-0.1449341091184648,-0.0906506919312336,0.4484783148382713
0.7677097712448773,-0.141099948617957,-0.0883300457716936,0.4520158241715014
0.7669718338852543,-0.1372586783692062,-0.086002848492475,0.4554653521804016
0.7662588568535544,-0.1334168711050313,-0.0836727041410307,0.4588211409477912
0.7655714265349491,-0.1295805690176378,-0.0813429297669987,0.4620784477104083
0.7649098695871211,-0.1257550017279131,-0.0790163884831977,0.465233708261391
0.7642742567170254,-0.1219444239829003,-0.076695392424338,0.4682845657185784
0.7636644322509106,-0.1181520915223595,-0.0743816873674177,0.4712297716601948
0.7630800555347219,-0.1143803227912444,-0.0720764880109637,0.4740690220828844
0.7625206464343505,-0.1106306167730721,-0.0697805465810172,0.4768027638620589
0.7619856297930176,-0.1069038039034272,-0.0674942413901245,0.47943199670685
0.7614743727241269,-0.1032001910149463,-0.0652176619411231,0.4819581017374578
0.7609862138542658,-0.0995196881175778,-0.0629506833112934,0.4843827030437996
0.7605204856765796,-0.095861917593868,-0.0606930302548262,0.486707558412697
0.7600765307633094,-0.0922263039390644,-0.0584443298826094,0.4889344771043177
0.7596537119794883,-0.0886121369585922,-0.0562041484649183,0.4910652653430206
0.7592514193311448,-0.0850186222446601,-0.0539720207839017,0.4931016873889767
0.7588690747654264,-0.0814449261864005,-0.0517474764834097,0.4950454361755261
0.7585061326210089,-0.077890189728871,-0.0495300472877276,0.4968981257147833
0.7581620813009465,-0.0743535579198224,-0.0473192842458592,0.4986612773589529
0.7578364420135577,-0.0708341848493244,-0.0451147598174335,0.5003363211883478
0.7575287683832177,-0.0673312487329164,-0.0429160764076425,0.5019245932772175
0.7572386443061836,-0.0638439488175896,-0.0407228636063479,0.503427342342278
0.7569656830864336,-0.0603715162096621,-0.0385347842123642,0.5048457301824075
0.7567095255022076,-0.0569132122486616,-0.0363515324875633,0.5061808380070905
0.7564698374917594,-0.0534683188720512,-0.0341728273436696,0.5074336751523082
0.7562463097896578,-0.050036154269359,-0.0319984215117952,0.5086051779596219
0.7560386551808337,-0.046616053365848,-0.0298280884833444,0.5096962214033794
0.7558466081925351,-0.0432073822473782,-0.0276616309225119,0.510707618250761
0.7556699227659248,-0.0398095181220623,-0.0254988672139402,0.5116401290781002
0.7555083720101275,-0.0364218620786836,-0.0233396388195893,0.5124944615687129
0.7553617468514628,-0.0330438315947249,-0.0211838047726236,0.5132712758212041
0.7552298548643916,-0.0296748512231639,-0.0190312349698547,0.5139711889002505
0.7551125200268257,-0.026314362708189,-0.0168818158620076,0.5145947746500822
0.7550095816496377,-0.0229618135917287,-0.0147354424113068,0.5151425680298575
0.7549208939019961,-0.019616656685452,-0.0125920169776431,0.5156150664245978
0.7548463254764307,-0.0162783538858209,-0.0104514509988461,0.5160127303283819
0.7547857589698718,-0.0129463659952195,-0.0083136577082453,0.516335985652435
0.7547390907678266,-0.0096201605214736,-0.0061785563842024,0.5165852234551483
0.7547062306398751,-0.0062992032392513,-0.0040460661974241,0.5167608013089089
0.7546871016162943,-0.00298296072809,-0.0019161071115139,0.5168630432600089
0.7546815725343042,3.068844657561076e-11,-7.97137941592474e-12,0.5168925998146524
