3.16928388424022
0.8214285604192497,-2.589502756705375e-29,-1.7729364345421205e-15,0.1470471012558303
0.8214295849333973,0.000578096132738,0.0005211873429881,0.14704125483837
0.8214380151717546,0.0017560558179124,0.0015830747141379,0.1469931465008141
0.8214549556776047,0.0029337304474259,0.0026443661753252,0.1468964679675281
0.8214804045354973,0.0041107667648718,0.0037045159639399,0.1467512197646297
0.8215143530322263,0.0052867125733858,0.0047628896254424,0.1465574359509379
0.821556785853382,0.0064611120129101,0.0058188503505696,0.1463151829729104
0.8216076810437211,0.0076335078968674,0.0068717615240604,0.1460245598675096
0.8216670099300583,0.0088034416382875,0.0079209871054337,0.1456856986798152
0.8217347370634271,0.009970453680771,0.008965892466823,0.1452987647721926
0.8218108200674965,0.011134082427605,0.0100058438907504,0.14486395767165
0.8218952097939127,0.0122938679279638,0.0110402123228865,0.144381510166708
0.821987850105089,0.0134493492870518,0.0120683715077804,0.1438516895371206
0.822088677988484,0.0146000670723377,0.0130897005871853,0.1432747968941953
0.822197623502681,0.0157455630318843,0.0141035842919523,0.1426511674883737
0.8223146099765791,0.0168853824043672,0.0151094154214015,0.1419811695747176
0.8224395538901917,0.0180190726059887,0.0161065941011576,0.1412652051078848
0.8225723652166194,0.0191461862807265,0.0170945308780673,0.1405037078036513
0.8227129472777195,0.0202662795858074,0.018072645599979,0.1396971439947032
0.8228611970912667,0.0213789147078423,0.01904036999508,0.1388460106784706
0.8230170058179864,0.0224836623268201,0.0199971501456474,0.1379508329955224
0.8231802585196628,0.0235800988669978,0.0209424444082383,0.1370121656723837
0.8233508346699302,0.024667809285149,0.0218757261256888,0.1360305901520856
0.8235286084689812,0.0257463879575661,0.0227964846381662,0.1350067128555329
0.8237134490907148,0.0268154389786573,0.0237042257551744,0.1339411638386864
0.8239052210743012,0.0278745771900744,0.0245984728156593,0.1328345946244035
0.8241037846001843,0.0289234283740664,0.0254787669987318,0.1316876767056395
0.8243089958096746,0.0299616296319186,0.0263446677608035,0.1305010998036412
0.8245207070961251,0.0309888295495115,0.0271957530629217,0.129275570296187
0.8247387678157243,0.0320046902491823,0.0280316211167361,0.1280118072187245
0.8249630242360724,0.0330088856281432,0.0288518889299483,0.1267105426787506
0.8251933201086034,0.034001102616862,0.0296561933277667,0.1253725186623423
0.825429496714528,0.0349810400147068,0.0304441899616503,0.1239984868969345
0.8256713937781599,0.0359484109668917,0.0312155552295798,0.1225892036718874
0.8259188490901352,0.0369029400221471,0.0319699838035759,0.1211454321623499
0.8261716991151286,0.0378443643677519,0.0327071895108214,0.1196679390309039
0.8264297792624119,0.0387724336094604,0.0334269050135875,0.1181574929874156
0.8266929240531449,0.0396869092164208,0.0341288812170934,0.1166148639543438
0.8269609674738847,0.0405875646626899,0.0348128872046875,0.1150408211422487
0.8272337431017288,0.0414741847838097,0.035478709554932,0.1134361324623213
0.8275110842163447,0.0423465651839499,0.0361261517043561,0.1118015640216541
0.8277928239497999,0.0432045118385118,0.0367550334615419,0.1101378794010858
0.828078795584278,0.044047841172151,0.0373651908637301,0.108445838060216
0.8283688327036682,0.044876379682872,0.0379564756858896,0.106726194601072
0.828662769060121,0.0456899628260484,0.0385287544337396,0.1049796997277295
0.8289604386772931,0.0464884346962762,0.0390819079354654,0.1032070998174229
0.8292616763715099,0.0472716488130688,0.0396158316842628,0.1014091339991298
0.8295663174352028,0.0480394666596937,0.040130434616943,0.0995865362183004
0.8298741976794243,0.0487917573158343,0.0406256386896594,0.0977400351835559
0.830185153645503,0.0495283975291302,0.0411013787476323,0.0958703533039398
0.8304990225929585,0.0502492712468129,0.0415576020378955,0.0939782069694319
0.8308156425084593,0.0509542692544456,0.0419942678110445,0.0920643067171066
0.8311348522950693,0.0516432892429586,0.0424113471972167,0.0901293563144006
0.8314564916544883,0.0523162352124143,0.0428088226779395,0.0881740537041503
0.8317804009523123,0.0529730169301602,0.0431866876312344,0.0861990920780316
0.8321064217835994,0.0536135508292309,0.0435449467142772,0.0842051566889375
0.8324343963903724,0.0542377585794658,0.0438836149065697,0.082192928666869
0.8327641681602121,0.0548455678650039,0.0442027178290225,0.0801630822506432
0.8330955813734169,0.055436911691887,0.0445022912440597,0.0781162866221077
0.8334284814085332,0.0560117285909489,0.0447823810536054,0.076053204939751
0.8337627146217195,0.0565699622395332,0.0450430430031856,0.0739744953922693
0.8340981286639509,0.0571115618430057,0.0452843427585136,0.071880809544542
0.8344345721726439,0.0576364814756921,0.0455063554989234,0.069772794581095
0.8347718951294724,0.0581446805305931,0.0457091660261387,0.067651091409521
0.8351099487259677,0.0586361233728191,0.0458928685173191,0.0655163358409601
0.8354485855629881,0.0591107795161901,0.0460575665007423,0.0633691576839277
0.8357876596426607,0.0595686234832394,0.0462033727021577,0.0612101811458288
0.8361270263296133,0.0600096346489685,0.046330408905186,0.0590400254466888
0.8364665426973956,0.060433797587215,0.0464388059576353,0.0568593029747473
0.8368060673744898,0.0608411017446023,0.0465287035655107,0.0546686206327031
0.8371454608154372,0.0612315416584586,0.0466002502359923,0.0524685784620259
0.8374845850615392,0.0616051165639171,0.0466536030858549,0.0502597715634774
0.8378233042527597,0.0619618308623423,0.0466889278039013,0.0480427871468015
0.8381614843667211,0.062301693701223,0.0467063984497606,0.0458182065907345
0.8384989935343057,0.0626247191856803,0.0467061973380041,0.0435866037431443
0.8388357020916751,0.0629309262834316,0.0466885148615016,0.0413485449239157
0.8391714825978503,0.0632203387033924,0.0466535493203115,0.0391045891560101
0.8395062098893217,0.0634929848152193,0.0466015067546942,0.0368552881513256
0.8398397612831076,0.063748897679728,0.0465326007422014,0.0346011852861697
0.8401720166641871,0.0639881149566384,0.0464470521799948,0.032342815324278
0.8405028584888653,0.0642106787477412,0.0463450890826071,0.0300807046994601
0.8408321720267364,0.0644166355966418,0.0462269463001319,0.0278153701541571
0.8411598452282809,0.064606036225314,0.0460928653378878,0.0255473199175905
0.8414857690362924,0.0647789355453219,0.045943094012213,0.0232770518164326
0.8418098370653934,0.0649353923011998,0.0457778863604328,0.0210050557455072
0.8421319461566823,0.0650754691753768,0.0455975021444909,0.0187318100270105
0.8424519962694302,0.0651992325019359,0.045402206616695,0.0164577823355239
0.8427698903217088,0.0653067520026884,0.0451922703600822,0.0141834310111942
0.8430855345168536,0.0653981007047998,0.0449679688251306,0.0119092028995498
0.8433988380223367,0.0654733546279885,0.0447295822817693,0.0096355357980523
0.843709713640344,0.0655325927347903,0.0444773950423548,0.0073628537156107
0.8440180771325643,0.0655758965269984,0.0442116956778626,0.0050915718496517
0.8443238476519735,0.0656033499170257,0.0439327764018001,0.0028220935225646
0.8446269477987034,0.0656150389625744,0.0436409326947772,0.000554809778332
0.8449273034766349,0.0656110515881933,0.043336463117781,-0.0017098995542274
0.8452249106430286,0.0655914711704905,0.0430195962314475,-0.0039721753568468
0.8455198932717962,0.0655563499156692,0.0426904069780903,-0.0062331467757568
0.8458121780124157,0.0655057392884949,0.0423491722482198,-0.0084924479940295
0.8461016942055452,0.0654396923734909,0.0419961730151519,-0.0107497201887959
0.8463883739777047,0.0653582636667676,0.0416316940234994,-0.0130046121290626
0.8466721526064477,0.065261508733804,0.0412560230816668,-0.0152567829797975
0.8469529681955291,0.0651494840305753,0.0408694512042539,-0.0175058997286583
0.8472307616718238,0.0650222466723604,0.0404722723846112,-0.0197516371034598
0.8475054773190213,0.0648798539010918,0.0400647825533087,-0.0219936819070267
0.8477770618668063,0.0647223632267999,0.0396472806176776,-0.0242317256656869
0.8480454652853715,0.0645498317436136,0.0392200670289714,-0.0264654711269786
0.848310640635369,0.0643623158286283,0.0387834436634314,-0.0286946311914139
0.8485725436415034,0.0641598710983684,0.0383377142200745,-0.0309189254450172
0.848831133153158,0.0639425517387455,0.0378831831663219,-0.0331380841499581
0.8490863708826236,0.0637104103064116,0.0374201558487229,-0.035351846215023
0.8493382212751674,0.0634634974761973,0.0369489384288259,-0.0375599582214198
0.8495866518761525,0.063201861274668,0.0364698368777723,-0.0397621778383951
0.8498316330299994,0.0629255468965796,0.0359831571758286,-0.0419582714713968
0.8500731374633858,0.0626345967612131,0.0354892058406916,-0.0441480107186262
0.8503111412074784,0.0623290489557988,0.0349882877300694,-0.0463311809571797
0.8505456226748689,0.0620089377873997,0.0344807075468997,-0.0485075733369754
0.8507765627401604,0.0616742932397613,0.033966769393888,-0.0506769857047077
0.8510039452602325,0.0613251396522055,0.0334467752625542,-0.0528392278251349
0.8512277566437123,0.0609614956544345,0.0329210255716269,-0.0549941178078336
0.851447985396357,0.0605833743070058,0.0323898199017647,-0.0571414780494744
0.8516646229059611,0.0601907811308409,0.0318534547735031,-0.0592811432043217
0.8518776625882019,0.059783714825294,0.0313122253173786,-0.0614129522988783
0.8520871003284772,0.0593621657392018,0.0307664238308586,-0.0635367534646992
0.852292934234724,0.0589261154860932,0.0302163400008953,-0.0656524019497919
0.8524951645892435,0.0584755361676167,0.0296622606454438,-0.0677597600743375
0.852693793706544,0.0580103897556137,0.0291044697136808,-0.069858696203188
0.8528888258657864,0.0575306272784724,0.02854324809854,-0.0719490844550934
0.8530802672110946,0.0570361880284359,0.0279788735436146,-0.0740308040536207
0.8532681256766992,0.0565269986528562,0.0274116204854779,-0.0761037389148144
0.8534524110192728,0.0560029718603015,0.026841759560506,-0.0781677784250946
0.8536331342151267,0.0554640068928003,0.0262695590972412,-0.0802228110305728
0.8538103078266784,0.0549099872600878,0.0256952836653643,-0.0822687285223796
0.8539839452153886,0.0543407818717358,0.0251191962961735,-0.0843054171085603
0.8541540608837439,0.0537562427689769,0.0245415571536078,-0.0863327612014496
0.8543206695458466,0.0531562070665801,0.0239626264807556,-0.0883506320696617
0.8544837863963936,0.0525404950620569,0.0233826636498137,-0.0903588902493692
0.8546434260892481,0.0519089131736572,0.0228019308022691,-0.0923573719296614
0.854799602265625,0.0512612555941854,0.0222206949053202,-0.0943458810120373
0.8549523268287539,0.0505973076392712,0.0216392310170079,-0.0963241770539068
0.8551016090301191,0.0499168509791941,0.0210578266757673,-0.0982919594606674
0.8552474540069493,0.0492196730126834,0.0204767890128364,-0.1002488425922493
0.8553898612989872,0.0485055788781358,0.019896452804669,-0.1021943279271475
0.8555288230155306,0.0477744084106969,0.0193171909348617,-0.1041277683306126
0.8556643215134195,0.047026060098454,0.018739428181807,-0.1060483214632437
0.8557963266353319,0.0462605235626704,0.0181636585591387,-0.1079548917084638
0.855924793204644,0.0454779183251693,0.0175904635229055,-0.1098460695885452
0.8560496584903388,0.0446785417430032,0.0170205323652094,-0.1117200642580256
0.8561708403334853,0.0438629231502643,0.0164546817369152,-0.1135746391876763
0.856288237670773,0.0430318719599979,0.015893865608356,-0.1154070793987602
0.8564017335398892,0.042186514651915,0.0153391735424232,-0.1172141967888021
0.856511202194421,0.0413283014991371,0.0147918070859929,-0.118992406409859
0.8566165203563484,0.04045897012998,0.0142530306374729,-0.1207378848929679
0.8567175810670428,0.0395804637373376,0.0137241010971443,-0.1224467964749561
0.8568143079818779,0.0386948098747078,0.0132061851395942,-0.1241155577043281
0.8569066663994253,0.0378039871892375,0.0127002835319539,-0.1257410781512467
0.8569946687698298,0.0369098068954806,0.0122071774346404,-0.1273209295751243
0.8570783739607416,0.036013830815672,0.0117274052878627,-0.1288534167319605
0.8571578810795761,0.0351173374510352,0.0112612709846794,-0.1303375485066984
0.8572333209756456,0.0342213200997553,0.0108088694666523,-0.1317729543751716
0.8573048463093851,0.0333265182069753,0.0103701266751615,-0.1331597563310283
0.8573726229253734,0.0324334556592274,0.009944838239502,-0.1344984460798313
0.8574368224877565,0.0315424854715969,0.0095327063094341,-0.1357897691883532
0.8574976171609694,0.0306538275900908,0.0091333684659117,-0.137034635111407
0.8575551757079926,0.0297676031966264,0.0087464212253519,-0.1382340448683758
0.8576096609599925,0.0288838617984325,0.0083714372554201,-0.1393890389056476
0.8576612283229186,0.0280026016129349,0.0080079774298796,-0.1405006613590913
0.8577100249253169,0.0271237860845057,0.0076555996235018,-0.1415699346445838
0.8577561894289808,0.026247353281883,0.0073138634720121,-0.1425978465469426
0.85779985190519,0.0253732267380052,0.0069823349605644,-0.1435853379184317
0.8578411341675318,0.0245013193088661,0.0066605877478088,-0.144533300274077
0.8578801500461313,0.0236315386142531,0.0063482048159014,-0.1454425723654942
0.8579170057413413,0.0227637912573213,0.006044779401132,-0.1463139389354807
0.8579518004014388,0.021897981479132,0.0057499138580478,-0.1471481353826917
0.857984626399495,0.0210340161238582,0.0054632207069585,-0.1479458460487225
0.8580155698140887,0.020171804279031,0.0051843217704804,-0.1487077079757916
0.8580447108549737,0.0193112571004866,0.0049128474399417,-0.1494343141231994
0.8580721242261563,0.018452288317214,0.0046484362047952,-0.1501262157398274
0.8580978794556285,0.0175948148623474,0.0043907342410183,-0.1507839245193513
0.8581220412193619,0.016738756783497,0.0041393948066335,-0.1514079151943746
0.8581446695821142,0.0158840392105552,0.0038940782664374,-0.1519986265300509
0.8581658203931022,0.0150305875698621,0.003654450207399,-0.1525564668706026
0.858185545438915,0.0141783304479918,0.0034201818451822,-0.1530818138807534
0.8582038926114415,0.0133272020849243,0.0031909502580853,-0.1535750149959929
0.858220906239644,0.0124771365095961,0.0029664363904434,-0.1540363926735992
0.8582366271825983,0.0116280710754896,0.0027463256788193,-0.1544662436495514
0.8582510930098866,0.0107799456416133,0.002530307496633,-0.1548648408346358
0.8582643381760937,0.0099327006711489,0.0023180743769878,-0.1552324353854143
0.8582763941015326,0.0090862800972801,0.0021093224666879,-0.1555692564668714
0.8582872893191968,0.0082406297148914,0.0019037508534004,-0.1558755130932861
0.8582970495957356,0.0073956956974759,0.0017010609765722,-0.1561513955106531
0.8583056979948425,0.0065514268336383,0.0015009569547595,-0.156397075179669
0.8583132549894466,0.0057077718542828,0.0013031447431348,-0.1566127063408316
0.8583197385042908,0.0048646824483943,0.0011073326572088,-0.1567984258013485
0.8583251640036406,0.0040221110146026,0.0009132306609901,-0.1569543541877002
0.8583295445518416,0.0031800089188642,0.0007205498075753,-0.1570805966043184
0.8583328908323995,0.0023383311060457,0.0005290031401843,-0.1571772422595743
0.8583352112106871,0.0014970328759596,0.0003383047966758,-0.1572443655039304
0.858336511765245,0.0006560676863793,0.0001481693736071,-0.1572820261173445
0.8583367962986217,-0.0001846078182096,-4.16870735837e-05,-0.1572902691488127
0.8583360663657833,-0.0010250372932362,-0.000231547956242,-0.1572691254065172
0.8583343210955876,-0.0018653335815146,-0.0004217118943864,-0.1572186061000992
0.8583315572059887,-0.0027055674466282,-0.0006124678408681,-0.1571387032665805
0.8583277691837857,-0.0035457808541986,-0.0008040982207585,-0.1570293951166484
0.8583229492514898,-0.0043860177910756,-0.0009968860265826,-0.1568906453532812
0.858317087357668,-0.0052263214007633,-0.0011911143002663,-0.1567224033089582
0.8583101711497998,-0.0060667347763579,-0.0013870664460458,-0.1565246037187153
0.8583021859318891,-0.0069073020329273,-0.0015850266195988,-0.1562971662027334
0.858293114628642,-0.0077480674905218,-0.0017852796851535,-0.1560399950885006
0.8582829377422722,-0.0085890753714075,-0.0019881112901882,-0.1557529791744764
0.8582716332890905,-0.0094303705820709,-0.0021938082057459,-0.1554359910816015
0.8582591767106159,-0.0102720002330356,-0.0024026588730657,-0.1550888860691849
0.8582455408275055,-0.0111140113715867,-0.002614953033575,-0.1547115022340793
0.8582306957541301,-0.0119564514052115,-0.0028309820107093,-0.1543036597862603
0.8582146087886117,-0.0127993691133229,-0.0030510391650912,-0.1538651598545729
0.858197244314498,-0.0136428142148305,-0.0032754200019734,-0.1533957838349548
0.8581785636536042,-0.0144868387492468,-0.003504422776556,-0.15289529165011
0.8581585249624941,-0.0153314956465742,-0.0037383483743802,-0.1523634214463195
0.8581370831217952,-0.0161768375823226,-0.0039775002426127,-0.1517998893212136
0.8581141894296281,-0.0170229227660744,-0.0042221863207414,-0.1512043842036833
0.8580897916155741,-0.0178698073747091,-0.0044727172223771,-0.1505765714804885
0.8580638334936529,-0.0187175514140689,-0.0047294082499682,-0.1499160874935764
0.8580362547677635,-0.0195662175467379,-0.0049925794707562,-0.1492225384625407
0.8580069908751705,-0.0204158685808379,-0.0052625553449231,-0.148495500696821
0.8579759726166711,-0.0212665708207703,-0.0055396661986391,-0.1477345158736815
0.8579431259573804,-0.022118391420142,-0.0058242478628034,-0.146939091075243
0.8579083716411853,-0.0229714002900181,-0.0061166427972508,-0.1461086947261408
0.8578716248473565,-0.0238256697533626,-0.0064172005512303,-0.1452427541854452
0.8578327948108128,-0.0246812742892804,-0.0067262782850775,-0.1443406530736412
0.8577917846092837,-0.0255382861227005,-0.0070442397654034,-0.1434017330196632
0.8577484904877131,-0.0263967802206275,-0.0073714577760842,-0.1424252853103296
0.8577028016604612,-0.0272568282125982,-0.0077083124885176,-0.1414105542505444
0.8576545997304237,-0.0281184998019615,-0.0080551925555407,-0.1403567323815832
0.8576037583809768,-0.0289818583513476,-0.0084124939013332,-0.139262962445139
0.8575501429985405,-0.0298469578767812,-0.008780618864281,-0.1381283382043722
0.8574936105081431,-0.0307138368255236,-0.0091599737333437,-0.1369519100710362
0.857434009330378,-0.0315825110822711,-0.0095509654914471,-0.1357326931042594
0.8573711795202884,-0.0324529658478666,-0.0099539974827022,-0.1344696782338224
0.8573049535550963,-0.0333251410443726,-0.010369461259312,-0.1331618553465686
0.8572351577871691,-0.0341989126377869,-0.0107977250954935,-0.1318082469030832
0.8571616145225825,-0.0350740724883902,-0.0112391199586463,-0.1304079496741197
0.8570841458060625,-0.0359502963646635,-0.0116939171482636,-0.1289602030901471
0.8570025782612776,-0.0368271123046322,-0.0121623027286963,-0.1274644682869918
0.8569167503317596,-0.0377038578325258,-0.0126443420566812,-0.1259205394729344
0.8568265209370822,-0.0385796414547881,-0.0131399416537772,-0.1243286650009765
0.856731779912764,-0.0394533066250672,-0.0136488074189488,-0.1226896817855778
0.856632458437517,-0.0403234156076438,-0.0141704097053102,-0.1210051297468161
0.8565285373420015,-0.0411882662616422,-0.0147039655741937,-0.1192773131742943
0.8564200511179894,-0.0420459488785635,-0.015248446950018,-0.117509280536519
0.8563070850735696,-0.0428944478064568,-0.015802623315704,-0.1157046938730457
0.8561897649856606,-0.043731774623928,-0.0163651365110152,-0.1138675941299596
0.8560682415463622,-0.044556102302668,-0.0169345913999681,-0.1120021135473284
0.8559426730029578,-0.0453658727154241,-0.0175096436228953,-0.1101121950891197
0.855813209968593,-0.0461598568994238,-0.0180890662888527,-0.1082013777699768
0.855679984940406,-0.0469371649336421,-0.0186717870480601,-0.1062726763996586
0.8555431069841263,-0.047697217096771,-0.0192568976123434,-0.1043285499866519
0.8554026609009213,-0.0484396919049129,-0.0198436425247086,-0.1023709375835161
0.8552587088152888,-0.0491644694059828,-0.0204313986540146,-0.1004013245540695
0.8551112935785042,-0.0498715755773559,-0.0210196493337451,-0.0984208269161546
0.8549604422608441,-0.0505611368367189,-0.0216079608010494,-0.0964302685773146
0.8548061698475963,-0.0512333425807063,-0.0221959603475307,-0.094430253547327
0.8546484818448563,-0.0518884198061674,-0.0227833208727976,-0.0924212172170295
0.854487377039317,-0.0525266122907734,-0.0233697465387374,-0.0904034745173733
0.8543228495724997,-0.053148166774505,-0.0239549624394371,-0.0883772550063909
0.8541548903013896,-0.0537533246918076,-0.0245387078793347,-0.0863427260024269
0.8539834878754125,-0.054342316708693,-0.0251207313402664,-0.0843000101684417
0.853808630156405,-0.0549153574557311,-0.0257007848787695,-0.0822492054417256
0.8536303044872707,-0.0554726451707249,-0.0262786228862859,-0.0801903899319651
0.8534484984726419,-0.0560143600507808,-0.0268539993648688,-0.0781236321566188
0.8532632001853688,-0.056540664780982,-0.0274266672933438,-0.0760489939826922
0.8530743989415198,-0.0570517036074003,-0.0279963763672557,-0.0739665395410355
0.8528820849631603,-0.0575476046739768,-0.02856287428483,-0.0718763313727711
0.852686250300648,-0.0580284789353445,-0.0291259042810323,-0.0697784403132753
0.852486888384074,-0.0584944227176748,-0.0296852068183351,-0.0676729401780533
0.8522839945603311,-0.0589455176764043,-0.0302405183940073,-0.0655599130969977
0.8520775658145537,-0.0593818326632086,-0.0307915726871938,-0.0634394461056219
0.8518676014388424,-0.0598034234306868,-0.0313380991293213,-0.0613116375607513
0.8516541026325022,-0.0602103346181058,-0.031879824387163,-0.0591765924507815
0.8514370728659265,-0.0606026000345743,-0.0324164717959359,-0.0570344255765577
0.8512165178924578,-0.0609802436402427,-0.0329477617433256,-0.0548852610983219
0.8509924456876119,-0.0613432805494188,-0.0334734121991354,-0.0527292314412252
0.8507648665216275,-0.0616917177151037,-0.0339931388969855,-0.0505664775599275
0.8505337933829668,-0.0620255540823542,-0.0345066547508436,-0.0483971524780122
0.8502992414378008,-0.0623447821533414,-0.0350136714580964,-0.0462214157063753
0.8500612286948608,-0.0626493877200619,-0.0355138983872855,-0.0440394390599902
0.8498197755826462,-0.0629393511205506,-0.036007043873264,-0.0418514022945629
0.8495749050862668,-0.0632146476281564,-0.0364928152480972,-0.039657494047039
0.8493266430665318,-0.0634752476699511,-0.036970918556803,-0.0374579143398358
0.8490750180136698,-0.0637211176689875,-0.0374410594058954,-0.035252872015986
0.8488200611240035,-0.063952220452479,-0.0379029431341995,-0.0330425851468949
0.8485618064266827,-0.0641685156135302,-0.0383562749081863,-0.0308272818630269
0.8483002909206417,-0.0643699598805266,-0.0388007598281926,-0.0286072012416813
0.8480355540003066,-0.0645565079837509,-0.0392361042159837,-0.026382588217227
0.8477676385990202,-0.0647281122239507,-0.0396620140167891,-0.0241537030366605
0.8474965900203187,-0.0648847237134682,-0.0400781970514583,-0.0219208112272339
0.8472224566447312,-0.0650262922414978,-0.0404843621488171,-0.0196841893954588
0.8469452900352519,-0.065152766636479,-0.0408802193401539,-0.0174441258800924
0.8466651442517248,-0.0652640954341407,-0.0412654811444463,-0.0152009150870846
0.8463820765714898,-0.0653602268510526,-0.0416398618055212,-0.0129548632621505
0.8460961470562246,-0.0654411092874248,-0.0420030781858622,-0.0107062849404145
0.8458074188084526,-0.0655066915314332,-0.0423548496962296,-0.0084555049567604
0.8455159578991018,-0.0655569230863204,-0.0426948986759193,-0.0062028578405691
0.8452218330691631,-0.0655917544846131,-0.0430229509928318,-0.0039486855370839
0.8449251160509735,-0.0656111374762391,-0.0433387359058741,-0.0016933399499893
0.8446258816223858,-0.0656150253108623,-0.0436419862884271,0.0005628166281894
0.8443242069852227,-0.0656033729887584,-0.0439324395008995,0.0028194161220486
0.8440199698266048,-0.0655761142009596,-0.0442100166956738,0.0050775775931291
0.8437131788710621,-0.0655331654024263,-0.0444744955818998,0.0073374252310594
0.8434039127824201,-0.065474445772069,-0.0447255910993774,0.0095985709956085
0.8430922533515267,-0.0653998765718795,-0.0449630217028635,0.0118606163098357
0.8427782857368676,-0.0653093814417696,-0.0451865094633529,0.0141231502654375
0.8424620981721923,-0.0652028865716474,-0.0453957805817238,0.0163857516855471
0.8421437823578348,-0.0650803210686136,-0.045590565415252,0.0186479862412347
0.8418234328166377,-0.0649416169659931,-0.04577059918044,0.0209094109513312
0.8415011474744911,-0.0647867096685991,-0.045935621870513,0.0231695699266818
0.8411770271502239,-0.0646155379671599,-0.0460853788289864,0.0254279978392601
0.8408511759716748,-0.0644280444684027,-0.046219620818286,0.027684216850485
0.8405237007943681,-0.0642241755062688,-0.0463381045570424,0.0299377404817517
0.8401947113677461,-0.0640038814156976,-0.0464405928770964,0.032188072232223
0.8398643204614591,-0.0637671168341007,-0.0465268549498751,0.0344347045055737
0.8395326435061635,-0.0635138406675943,-0.0465966666521944,0.0366771208349767
0.8391997985173228,-0.0632440162044369,-0.0466498107971887,0.0389147961244048
0.8388659062993188,-0.0629576114674849,-0.0466860773316459,0.0411471950047221
0.8385310900018486,-0.0626545990374975,-0.0467052636308317,0.0433737745308473
0.8381954753702571,-0.0623349564434693,-0.0467071746858197,0.0455939822075474
0.837859190238998,-0.0619986658657175,-0.0466916233299682,0.0478072590396298
0.8375223648030635,-0.0616457145449947,-0.0466584304212312,0.050013037403363
0.8371851313353047,-0.0612760946666579,-0.0466074250289405,0.0522107425803599
0.8368476242696921,-0.060889803609433,-0.0465384446344351,0.0543997918766825
0.8365099796815767,-0.0604868435033709,-0.0464513352061231,0.0565795976492721
0.8361723358221493,-0.0600672219903894,-0.0463459514841131,0.0587495634899272
0.8358348323665069,-0.0596309514687238,-0.0462221569525135,0.0609090887252692
0.8354976108275128,-0.0591780497277307,-0.0460798241101463,0.0630575653893753
0.8351608142256344,-0.0587085396723996,-0.0459188345236138,0.065194379987441
0.8348245870330279,-0.0582224493720859,-0.0457390789466878,0.0673189134893224
0.8344890750450882,-0.0577198120026795,-0.0455404573981507,0.0694305417835383
0.8341544253868444,-0.0572006659826914,-0.0453228793098358,0.0715286352822408
0.8338207864644258,-0.0566650550439672,-0.045086263660012,0.073612558883554
0.8334883077191757,-0.0561130279768676,-0.0448305389567375,0.0756816731667447
0.8331571397596194,-0.0555446389761277,-0.044555643482305,0.0777353332296033
0.8328274340424717,-0.0549599472422246,-0.0442615251952011,0.0797728903399324
0.8324993430961398,-0.0543590175064387,-0.0439481420740676,0.0817936902255387
0.8321730202664661,-0.0537419197414211,-0.0436154620708448,0.0837970743348964
0.8318486197134091,-0.0531087293046034,-0.0432634632743502,0.0857823795484725
0.8315262964673193,-0.0524595272285532,-0.0428921341713746,0.0877489375415049
0.8312062061128148,-0.051794399775802,-0.0425014734940689,0.0896960764291211
0.8308885050019209,-0.0511134390527857,-0.0420914906692376,0.0916231191862059
0.8305733500725957,-0.0504167428527947,-0.0416622058380105,0.0935293844875398
0.8302608989752077,-0.0497044151722744,-0.0412136502861179,0.0954141856881342
0.8299513097748257,-0.0489765658046988,-0.0407458663115048,0.0972768323780634
0.829644741005861,-0.0482333107126949,-0.0402589075697783,0.0991166298108493
0.8293413517264255,-0.0474747724635097,-0.039752839485184,0.1009328783523765
0.8290413013292551,-0.0467010800989232,-0.0392277392985028,0.1027248743995796
0.8287447495572643,-0.0459123695188883,-0.0386836964556089,0.1044919100779975
0.8284518565080358,-0.0451087838962295,-0.0381208130355124,0.1062332730191777
0.8281627824351929,-0.0442904735723329,-0.0375392038236403,0.1079482473544143
0.8278776877855103,-0.0434575966150851,-0.0369389968492893,0.1096361133115301
0.8275967330207947,-0.0426103188118385,-0.0363203335302374,0.1112961480971349
0.827320078696364,-0.0417488144547145,-0.0356833693948637,0.112927625266775
0.8270478852565905,-0.0408732663410345,-0.0350282742436606,0.1145298157761975
0.8267803128501474,-0.039983865818422,-0.0343552323305037,0.1161019889153107
0.8265175214476347,-0.0390808138765395,-0.033664443337222,0.1176434114706983
0.8262596703359637,-0.0381643201949313,-0.0329561217980474,0.1191533505536023
0.8260069184227753,-0.0372346049963829,-0.0322304986635154,0.1206310716787016
0.8257594235995441,-0.0362918976362816,-0.0314878203479408,0.1220758423626459
0.8255173430333251,-0.0353364385867341,-0.0307283504074983,0.1234869302916993
0.8252808326234703,-0.0343684783725344,-0.0299523688291558,0.1248636063736724
0.8250500469050343,-0.0333882781700603,-0.0291601726055195,0.1262051451805031
0.8248251390030438,-0.032396110761831,-0.0283520766044292,0.1275108251039826
0.8246062599712082,-0.0313922588255961,-0.0275284122572047,0.1287799320885257
0.8243935589620865,-0.0303770168293309,-0.0266895291545896,0.1300117585360632
0.8241871827050934,-0.029350689891551,-0.0258357941542473,0.1312056062325564
0.8239872754908184,-0.0283135950103181,-0.0249675924172217,0.1323607863425348
0.8237939786590922,-0.0272660598738298,-0.0240853264175077,0.1334766222788728
0.8236074303037867,-0.0262084225841823,-0.0231894156682877,0.1345524513177093
0.8234277651010415,-0.0251410320551846,-0.0222802969948716,0.1355876255055969
0.8232551140240011,-0.0240642478148284,-0.0213584242860505,0.1365815132267624
0.8230896039584967,-0.0229784390874532,-0.0204242675968166,0.137533501343381
0.8229313575203331,-0.0218839850179943,-0.0194783131966177,0.1384429961786905
0.8227804926865647,-0.0207812736007706,-0.0185210624756425,0.1393094255747403
0.822637122555788,-0.0196707012712586,-0.0175530313866828,0.1401322402118928
0.822501355224794,-0.0185526733675175,-0.0165747506229717,0.140910914266378
0.8223732932809368,-0.0174276013368437,-0.015586762923644,0.1416449482771761
0.8222530338615225,-0.0162959042899736,-0.0145896241485667,0.1423338687648037
0.8221406683566171,-0.0151580076113542,-0.013583901760248,0.142977229901407
0.8220362821891288,-0.0140143418103428,-0.0125701734821893,0.1435746147414947
0.8219399547533678,-0.0128653427978205,-0.011549027196768,0.1441256355502838
0.8218517591873918,-0.0117114501491381,-0.0105210590400797,0.1446299350880492
0.8217717623293009,-0.0105531071188837,-0.0094868730313414,0.1450871868460464
0.8217000246443674,-0.0093907603019036,-0.0084470803785322,0.1454970954536919
0.8216366001080271,-0.0082248582861599,-0.0074022978692409,0.1458593973413026
0.8215815361992775,-0.0070558516715212,-0.0063531474709451,0.1461738607748067
0.821534873862098,-0.0058841924526445,-0.0053002553560589,0.1464402860757918
0.8214966474832167,-0.0047103333143043,-0.0042442508409573,0.1466585057500395
0.8214668849070633,-0.0035347275970569,-0.003185765923366,0.1468283844051652
0.8214456074398881,-0.0023578289610028,-0.0021254345467713,0.1469498187310199
0.8214328298483998,-0.0011800893576013,-0.0010638903380091,0.1470227375117397
0.821428560438629,-1.9615392855e-06,-1.7684345085e-06,0.1470471011799515
0.8214285604268341,-2.331973002507858e-12,2.0523858848435627e-11,0.1470471012472604
