3.1871576310197094
0.8326067407407083,6.165226210538355e-29,2.32269336726771e-16,0.0372802207128844
0.8326070565364875,0.0001801529701539,0.0001306948693996,0.0372778974186225
0.8326097968763433,0.000560365595201,0.0004065052239066,0.0372577362411712
0.8326153499599188,0.0009402846424155,0.0006820379132725,0.0372168777336532
0.8326237087334923,0.0013195639768492,0.0009569981884959,0.0371553667531313
0.8326348584530161,0.0016978077954136,0.0012310558247883,0.0370733012274166
0.8326487771233333,0.0020746281867411,0.0015038871862752,0.0369708290158559
0.8326654359425699,0.0024496498626298,0.0017751789416407,0.0368481447686643
0.8326847999129812,0.0028225144079878,0.0020446313963734,0.03670548559217
0.8327068284853835,0.0031928822911785,0.0023119601653249,0.036543126491411
0.8327314763407887,0.0035604357141454,0.0025768984099104,0.0363613748193162
0.8327586941534828,0.0039248796998856,0.0028391977572643,0.0361605648721212
0.8327884293411573,0.0042859425242097,0.0030986287052249,0.0359410525832767
0.8328206267597283,0.0046433753760873,0.003354980434483,0.0357032106227479
0.8328552293858082,0.0049969520460762,0.0036080606070731,0.0354474235797192
0.8328921788570259,0.0053464674171477,0.0038576942777468,0.0351740841840881
0.8329314160071254,0.0056917364616855,0.0041037231463191,0.034883589553186
0.8329728812150027,0.0060325920684532,0.0043460039585086,0.034576338800371
0.8330165148054613,0.0063688839598119,0.0045844076738803,0.034252730246088
0.8330622572709923,0.006700476637203,0.0048188179349743,0.0339131599397164
0.8331100495006661,0.0070272479620676,0.0050491299859457,0.0335580201153957
0.8331598329498849,0.0073490877276674,0.0052752495833118,0.0331876980731597
0.8332115497938937,0.0076658964846187,0.0054970920859436,0.0328025751677582
0.8332651429046684,0.0079775836287772,0.0057145810325988,0.0324030271016025
0.8333205559926335,0.008284066847991,0.0059276476779491,0.0319894229819689
0.8333777336330505,0.008585271061564,0.006136230175618,0.031562125227168
0.8334366212754947,0.0088811274966291,0.0063402728628942,0.0311214895918302
0.8334971651821239,0.0091715726138239,0.0065397254495615,0.030667865719681
0.8335593125426567,0.0094565480494098,0.006734542912287,0.030201596367812
0.8336230113482322,0.0097359994900038,0.0069246846593772,0.0297230184313552
0.8336882104671722,0.0100098766105558,0.0071101144301235,0.0292324624508267
0.8337548595213166,0.0102781322038201,0.0072907996477258,0.0287302536135423
0.8338229089632989,0.0105407222424886,0.0074667114098076,0.028216711241289
0.8338923099636212,0.0107976052072427,0.0076378239866282,0.0276921497071714
0.8339630144266772,0.0110487419922799,0.0078041147129619,0.0271568783795246
0.8340349750043488,0.011294095801733,0.0079655638738515,0.0266112015794708
0.8341081449756187,0.0115336316170041,0.0081221543109235,0.026055419552466
0.8341824783240043,0.0117673163759642,0.0082738715011858,0.0254898279394528
0.8342579296107276,0.0119951184903767,0.0084207032042516,0.0249147187972435
0.8343344540799228,0.0122170081169033,0.0085626396018643,0.0243303798529646
0.8344120075040619,0.0124329566438555,0.0086996729322952,0.0237370957363244
0.8344905462697856,0.0126429369117064,0.008831797598997,0.0231351473782424
0.8345700273194876,0.0128469230106097,0.0089590100084618,0.0225248125085812
0.834650408095983,0.0130448901204295,0.009081308439772,0.0219063661330705
0.834731646622181,0.0132368146925939,0.0091986931270042,0.0212800799715156
0.8348137013751294,0.0134226741249424,0.0093111660286388,0.0206462234768212
0.8348965313676702,0.0136024469469316,0.0094187309123924,0.0200050632553789
0.8349800960748678,0.0137761126390452,0.0095213932166964,0.0193568636833656
0.835064355414335,0.0139436515941377,0.0096191600013646,0.0187018871092148
0.8351492698339145,0.0141050452843643,0.0097120400169963,0.0180403932194487
0.8352348001706527,0.0142602759740162,0.0098000435096433,0.0173726401816978
0.8353209077569346,0.0144093269190854,0.0098831823087937,0.0166988838647842
0.8354075543484967,0.0145521822239835,0.0099614697173342,0.0160193784448933
0.8354947020844314,0.0146888267801878,0.0100349204524731,0.0153343767663375
0.8355823136046402,0.0148192464491013,0.0101035507173318,0.0146441294636671
0.8356703518494484,0.0149434277510023,0.0101673780079257,0.0139488865825732
0.8357587802704659,0.0150613581777348,0.0102264212508919,0.0132488959628353
0.8358475626341796,0.0151730259091484,0.0102807006295238,0.0125444048318603
0.8359366631335783,0.0152784199697288,0.0103302376372393,0.0118356589664678
0.8360260463895032,0.0153775302146383,0.0103750550397803,0.0111229027210974
0.8361156773695771,0.015470347231425,0.0104151768011684,0.0104063797143462
0.8362055213964609,0.0155568623583544,0.0104506280671322,0.0096863328073704
0.8362955442086958,0.0156370677421608,0.0104814351607496,0.0089630036572447
0.8363857118483903,0.0157109562323265,0.0105076255118359,0.0082366336584055
0.8364759908036998,0.0157785215035757,0.0105292276741162,0.0075074628364693
0.8365663478751297,0.0158397579388379,0.0105462712522781,0.0067757309623295
0.8366567501937555,0.0158946606544882,0.0105587868855782,0.0060416774470249
0.8367471652814827,0.0159432255374757,0.0105668062270364,0.005305540890478
0.8368375609800296,0.0159854491990439,0.0105703619014197,0.0045675596942614
0.8369279054640892,0.016021328987478,0.0105694874800249,0.0038279719924905
0.8370181672275655,0.0160508629861272,0.0105642174523469,0.0030870158010898
0.8371083151013422,0.0160740500229213,0.0105545871961827,0.0023449289077078
0.8371983182541978,0.0160908896685759,0.0105406329441569,0.0016019488971784
0.8372881461409867,0.0161013822287935,0.0105223917605406,0.0008583136125646
0.8373777685585458,0.0161055287582386,0.0104999015018812,0.0001142607264419
0.8374671555557168,0.0161033310582737,0.0104732008071162,-0.0006299714809192
0.837556286606884,0.0160947904926949,0.0104423256821486,-0.0013742207952549
0.8376451493834945,0.016079904960303,0.0104073078066562,-0.0021183918507333
0.8377337145520432,0.0160586729417587,0.0103681843488542,-0.0028622451141379
0.8378219529529617,0.0160310937175538,0.0103249932286202,-0.0036055396663047
0.8379098355953408,0.0159971674008681,0.0102777731037453,-0.0043480331152539
0.8379973337447154,0.0159568949259992,0.0102265632994399,-0.0050894822999193
0.8380844187721945,0.0159102781334456,0.0101714038678256,-0.0058296419775895
0.8381710622395913,0.015857319769282,0.0101123355228364,-0.0065682655051335
0.8382572358724327,0.0157980235269704,0.010049399633498,-0.0073051045751409
0.8383429115458105,0.0157323940907782,0.0099826382131519,-0.0080399090603938
0.8384280612488062,0.0156604372045347,0.0099120939295675,-0.0087724266738773
0.8385126571373742,0.0155821596720502,0.0098378100442821,-0.0095024033901232
0.8385966714493375,0.0154975694765086,0.0097598304661512,-0.0102295826822731
0.838680076563109,0.0154066757793433,0.0096781996848345,-0.0109537059982365
0.8387628449527956,0.015309489016528,0.0095929627945746,-0.011674512345477
0.8388449491421119,0.0152060210198694,0.0095041655318748,-0.0123917378614614
0.8389263617578605,0.0150962850253487,0.0094118542112375,-0.0131051162539051
0.8390070554981747,0.014980295781427,0.0093160757468244,-0.0138143785030081
0.8390870031039329,0.0148580696712801,0.0092168776795848,-0.0145192525905169
0.839166177361274,0.0147296248017342,0.0091143081723446,-0.0152194635038145
0.8392445510913167,0.014594981116978,0.0090084160219324,-0.0159147331312378
0.8393220971464892,0.014454160510029,0.0088992506658053,-0.0166047802194026
0.8393987883912527,0.0143071869719613,0.0087868622142261,-0.0172893201955429
0.8394745976947593,0.0141540867340346,0.0086713014721567,-0.0179680650991266
0.8395494979375461,0.0139948883910187,0.0085526199433653,-0.0186407236443
0.8396234619978009,0.0138296230751726,0.008430869869238,-0.0193070011052594
0.8396964627450977,0.0136583246307181,0.0083061042633228,-0.0199665992734735
0.839768473037885,0.0134810297942916,0.0081783769461572,-0.0206192164548147
0.8398394657420069,0.0132977783345751,0.0080477425474413,-0.0212645476650206
0.8399094137255315,0.013108613258538,0.0079142565535413,-0.0219022846195064
0.8399782898480819,0.0129135810536162,0.007777975376074,-0.022532115679988
0.8400460670041312,0.0127127317936958,0.0076389563220007,-0.0231537263034629
0.8401127180986684,0.0125061194459335,0.0074972577020465,-0.023766798883959
0.8401782161040048,0.0122938019525184,0.0073529387808534,-0.0243710133490854
0.8402425340653169,0.0120758414675982,0.0072060598341231,-0.0249660473001356
0.8403056450615783,0.01185230477901,0.0070566823264409,-0.0255515757482407
0.8403675224227665,0.0116232628315161,0.0069048684884318,-0.0261272732420475
0.8404281395647384,0.0113887915833721,0.0067506817889445,-0.0266928124673011
0.8404874701108973,0.0111489718804539,0.0065941867484676,-0.0272478655175995
0.8405454879054005,0.010903889715071,0.0064354490119909,-0.0277921041752604
0.8406021671569758,0.0106536359260117,0.0062745350638073,-0.0283252014343406
0.8406574823911885,0.0103983066793687,0.0061115124548058,-0.0288468312461438
0.8407114085259108,0.0101380034456294,0.0059464497060186,-0.0293566694333867
0.8407639209662228,0.0098728328335564,0.0057794161310013,-0.0298543948088588
0.8408149956449216,0.0096029066405676,0.0056104818054547,-0.0303396897985456
0.8408646091034557,0.0093283416659913,0.0054397173966238,-0.0308122414635426
0.8409127384802166,0.0090492600003086,0.0052671942984627,-0.0312717416542857
0.8409593616430682,0.0087657884888854,0.0050929842628161,-0.0317178885509466
0.8410044572380241,0.0084780585675777,0.0049171592770832,-0.0321503874209397
0.8410480047285255,0.0081862061124623,0.0047397914616749,-0.0325689512955284
0.8410899844511754,0.0078903711292929,0.0045609528815841,-0.0329733018120768
0.8411303776469767,0.0075906975409553,0.0043807154302288,-0.0333631698270472
0.8411691665388554,0.0072873325525723,0.0041991504722896,-0.0337382964799671
0.8412063342970084,0.0069804267787886,0.0040163289573204,-0.0340984331758434
0.8412418651083374,0.0066701335208004,0.0038323210345605,-0.0344433425712574
0.8412757441604345,0.0063566086327811,0.0036471960325979,-0.0347727987309077
0.8413079576885337,0.0060400097539949,0.0034610220742225,-0.0350865878896055
0.8413384928864616,0.005720496764164,0.0032738664222023,-0.0353845078826528
0.8413673380456919,0.0053982298664919,0.0030857944414632,-0.0356663697892667
0.8413944823405368,0.0050733712842897,0.0028968706870861,-0.0359319961122252
0.8414199159289516,0.0047460836342634,0.0027071580517751,-0.0361812220226759
0.8414436299116208,0.0044165296155667,0.0025167176942002,-0.0364138952094284
0.8414656162567317,0.0040848721814451,0.0023256092498488,-0.0366298753743432
0.8414858677490096,0.0037512745058501,0.0021338909239688,-0.0368290339472678
0.8415043779854119,0.0034158991536696,0.0019416191303462,-0.0370112542430783
0.8415211412819009,0.0030789086869617,0.0017488489582129,-0.037176430727155
0.8415361526786844,0.0027404645192768,0.0015556336359259,-0.0373244692323553
0.8415494078448378,0.0024007276701742,0.0013620250842089,-0.0374552861677237
0.8415609030320503,0.0020598588823968,0.0011680741020577,-0.0375688081931719
0.8415706350518672,0.0017180181479099,0.0009738302165964,-0.0376649721097654
0.841578601240028,0.0013753643442707,0.0007793415974237,-0.0377437246067775
0.8415847993863049,0.001032056636938,0.000584655972275,-0.0378050216515689
0.841589227744642,0.0006882526848111,0.0003898197273331,-0.0378488286578439
0.8415918849726418,0.0003441104381851,0.0001948790452549,-0.0378751199404598
0.8415927701300345,-2.131222668657869e-07,-1.2069229798672464e-07,-0.0378838787388995
0.8415918826539966,-0.0003445607768593,-0.0001951341030735,-0.0378750969975595
0.8415892221650799,-0.0006887942089482,-0.0003901265328682,-0.037848773456147
0.8415847882743313,-0.0010327749085034,-0.0005850631436439,-0.0378049117406704
0.8415785809749634,-0.0013763454342293,-0.0007798981902837,-0.0377435242270241
0.841570600666874,-0.0017193475403016,-0.0009745851681735,-0.0376646322574208
0.8415608481605251,-0.0020616229473773,-0.0011690771327438,-0.0375682661383604
0.8415493247066769,-0.0024030128286828,-0.0013633262901458,-0.0374544653797162
0.8415360320632526,-0.0027433568776375,-0.0015572833468618,-0.0373232792851094
0.8415209725448032,-0.0030824934628289,-0.0017508974743223,-0.0371747673536861
0.8415041489804295,-0.0034202615206283,-0.0019441172677342,-0.0370089987632568
0.8414855648737787,-0.003756497978569,-0.0021368891531328,-0.0368260538294962
0.8414652244386204,-0.0040910385459834,-0.0023291577116285,-0.0366260242185567
0.8414431325924921,-0.0044237188213255,-0.002520866191184,-0.0364090127305274
0.8414192951020392,-0.0047543729558196,-0.002711955614267,-0.0361751345559076
0.8413937185688697,-0.0050828349396222,-0.0029023653943512,-0.0359245169450029
0.8413664105132777,-0.0054089383265028,-0.003092033056355,-0.0356572998205187
0.8413373794676324,-0.0057325160370497,-0.0032808940003942,-0.0353736364633362
0.8413066350217597,-0.0060534008027198,-0.003468881639368,-0.0350736937078153
0.8412741877655183,-0.006371426516646,-0.0036559280771384,-0.0347576511183903
0.8412400494726805,-0.0066864270403425,-0.0038419633019276,-0.0344257025031981
0.8412042330644304,-0.0069982373358313,-0.0040269157464778,-0.0340780552598632
0.8411667526482716,-0.0073066937152557,-0.0042107123406224,-0.0337149304433117
0.8411276234997452,-0.0076116345159772,-0.0043932788263121,-0.0333365622665869
0.8410868621289884,-0.0079129000264466,-0.0045745396360425,-0.0329431984126607
0.8410444861735562,-0.0082103336811151,-0.0047544185435203,-0.032535098659299
0.8410005144283133,-0.0085037820761118,-0.0049328386228104,-0.0321125348265052
0.8409549668486002,-0.0087930951868872,-0.0051097223374884,-0.0316757904599307
0.8409078644972542,-0.0090781268982302,-0.0052849918326851,-0.0312251599742153
0.8408592293904351,-0.009358735996799,-0.0054585695316316,-0.0307609468369652
0.8408090845800273,-0.0096347856492901,-0.0056303778162421,-0.0302834640239163
0.8407574539974368,-0.0099061442552864,-0.0058003395671104,-0.0297930322010797
0.8407043624163766,-0.010172685507396,-0.0059683782301757,-0.0292899790580585
0.8406498353236016,-0.0104342888668145,-0.0061344181578227,-0.0287746377827168
0.8405938989345207,-0.0106908392605309,-0.0062983844717095,-0.0282473469247725
0.8405365799959456,-0.010942227753765,-0.0064602035561774,-0.027708448265754
0.8404779058169229,-0.011188351098808,-0.0066198028478653,-0.0271582868625721
0.8404179041131923,-0.0114291120997907,-0.006777111156527,-0.0265972093552273
0.840356603033834,-0.0116644191729173,-0.0069320584736817,-0.0260255640048194
0.840294030891167,-0.011894187046745,-0.0070845765362303,-0.025443697982082
0.8402302163375666,-0.0121183357111096,-0.007234598244652,-0.0248519588474226
0.8401651881343728,-0.0123367909212425,-0.0073820581093762,-0.0242506922477697
0.8400989752167269,-0.0125494836038382,-0.0075268919718952,-0.0236402423855471
0.8400316065493665,-0.0127563499897281,-0.0076690372146418,-0.0230209505694318
0.8399631111606339,-0.0129573311527445,-0.0078084325703249,-0.0223931554302341
0.8398935181053784,-0.0131523728079686,-0.0079450181041008,-0.0217571924930369
0.8398228563830399,-0.0133414252296935,-0.0080787352803528,-0.0211133933579145
0.8397511549835017,-0.0135244428198111,-0.0082095267827947,-0.0204620860628531
0.8396784428081479,-0.0137013840339166,-0.0083373365828913,-0.0198035943202082
0.8396047486868239,-0.013872211059326,-0.0084621098301696,-0.0191382376398072
0.8395301014068223,-0.0140368895020457,-0.0085837927410889,-0.0184663315659551
0.8394545296570866,-0.0141953882854058,-0.0087023326381381,-0.0177881871581779
0.8393780620467625,-0.0143476793855032,-0.0088176778661938,-0.0171041111529649
0.839300727105202,-0.0144937376283329,-0.0089297777486722,-0.01641440596452
0.8392225533059154,-0.0146335404588502,-0.0090385825164744,-0.0157193699048734
0.8391435690442709,-0.0147670678118506,-0.0091440433099247,-0.0150192969970588
0.839063802663222,-0.014894301905619,-0.0092461121164668,-0.0143144772215987
0.8389832824726392,-0.0150152270684842,-0.0093447417273037,-0.0136051967080107
0.8389020367391892,-0.0151298296235819,-0.0094398857358956,-0.0128917376700468
0.8388200937122823,-0.0152380977283242,-0.0095314984951216,-0.0121743786626167
0.8387374816277475,-0.0153400212596219,-0.0096195351066472,-0.0114533946448283
0.8386542287391576,-0.0154355916748832,-0.0097039513844344,-0.0107290572867329
0.8385703633185387,-0.0155248019239044,-0.009784703856536,-0.0100016350096936
0.8384859136517179,-0.0156076463689613,-0.0098617497714064,-0.0092713929838786
0.838400908091556,-0.0156841206554032,-0.009935047053724,-0.008538593627999
0.8383153750323703,-0.015754221671414,-0.0100045543373589,-0.0078034964273381
0.8382293429354724,-0.0158179474610079,-0.0100702309518577,-0.0070663581959328
0.8381428403635837,-0.0158752971447321,-0.0101320369091581,-0.006327433413042
0.8380558959726504,-0.0159262708803163,-0.010189932926336,-0.005586974194434
0.8379685385099538,-0.0159708698169033,-0.0102438804407618,-0.0048452303205587
0.8378807968415486,-0.0160090960370724,-0.0102938416072457,-0.0041024495149597
0.8377926999778446,-0.0160409525118692,-0.0103397793025005,-0.0033588777047609
0.8377042770411919,-0.0160664430815441,-0.0103816571614527,-0.0026147587917545
0.8376155573353511,-0.0160855724035491,-0.0104194395617128,-0.0018703352835895
0.8375265702837738,-0.0160983459444939,-0.0104530916728424,-0.0011258478202495
0.8374373455119891,-0.016104769939755,-0.010482579442184,-0.000381535911383
0.8373479127986789,-0.0161048513833522,-0.0105078696367073,0.0003623624277054
0.8372583020990763,-0.016098598003929,-0.0105289298540338,0.0011056104327661
0.8371685174157195,-0.0160860136669831,-0.0105457328061676,0.0018481883435265
0.837078588682482,-0.0160671019330765,-0.0105582440833717,0.002589863021788
0.8369885465038224,-0.016041867114431,-0.0105664300252225,0.0033303983819928
0.8368984217057648,-0.0160103142369764,-0.0105702578531723,0.0040695590761452
0.8368082454740061,-0.0159724490797946,-0.0105696956895307,0.0048071093201178
0.8367180492152064,-0.0159282781262069,-0.0105647125934738,0.005542813992245
0.8366278646880211,-0.0158778086161264,-0.0105552785897962,0.0062764375209996
0.8365377239041426,-0.0158210484995645,-0.0105413646940153,0.0070077446523043
0.8364476592396969,-0.0157580065021951,-0.010522942954998,0.0077364995031047
0.8363577033298707,-0.0156886920623462,-0.0104999864692265,0.0084624663753441
0.8362678891635894,-0.0156131153978451,-0.0104724694282627,0.0091854089474197
0.8361782500352198,-0.0155312874766452,-0.0104403671392756,0.0099050906230287
0.8360888195664189,-0.0154432200374946,-0.0104036560601777,0.0106212743120589
0.8359996316984801,-0.0153489255868263,-0.0103623138260662,0.0113337224486668
0.8359107206893748,-0.0152484173968302,-0.0103163192746904,0.0120421969702242
0.8358221211903335,-0.015141709599895,-0.0102656525174524,0.0127464586636348
0.8357338681583161,-0.0150288171002922,-0.0102102949272539,0.0134462678194459
0.8356459968903914,-0.0149097556154342,-0.0101502291830398,0.0141413839117691
0.8355585430085753,-0.0147845416586687,-0.010085439286579,0.0148315656718836
0.835471542522783,-0.0146531926347488,-0.0100159106374764,0.0155165705450459
0.8353850317803548,-0.0145157267790664,-0.0099416300285415,0.0161961550433608
0.8352990474851346,-0.0143721631906847,-0.0098625856881696,0.016870074547802
0.835213626720062,-0.014222521879432,-0.0097787673319243,0.0175380830840007
0.8351288069513458,-0.0140668237883517,-0.0096901662016611,0.0181999332430711
0.8350446259403055,-0.0139050906357739,-0.0095967749998583,0.0188553768200384
0.8349611219001257,-0.0137373452122355,-0.0094985880836607,0.0195041635417439
0.8348783333922664,-0.0135636112003001,-0.0093956013875058,0.0201460418257658
0.8347962994096606,-0.0133839133548957,-0.009287812554214,0.0207807580844289
0.8347150592782914,-0.0131982773043499,-0.0091752208415095,0.0214080574367132
0.8346346527583798,-0.0130067297781116,-0.009057827282786,0.0220276828731762
0.8345551200115439,-0.0128092985515375,-0.0089356346799107,0.0226393754589421
0.8344765016356672,-0.0126060125475567,-0.0088086476915841,0.0232428740132083
0.8343988386145078,-0.0123969017237316,-0.0086768727885355,0.0238379154431738
0.8343221723630888,-0.0121819971975011,-0.0085403183562958,0.0244242343404781
0.8342465447952386,-0.0119613314638484,-0.0083989948607049,0.0250015624112067
0.8341719982499222,-0.0117349382213722,-0.0082529147652775,0.0255696289849485
0.8340985755265552,-0.0115028524948793,-0.0081020926359951,0.0261281606878849
0.834026319902707,-0.0112651107218708,-0.0079465452250162,0.0266768812506409
0.8339552751487967,-0.0110217508402103,-0.0077862915565299,0.0272155113384266
0.8338854855493357,-0.0107728124103557,-0.0076213530367847,0.0277437683307709
0.8338169958795223,-0.0105183365865919,-0.0074517534650322,0.0282613664377988
0.8337498514620735,-0.0102583663839416,-0.0072775192414288,0.0287680162076127
0.8336840982185436,-0.0099929469779931,-0.0070986796019087,0.0292634240766941
0.8336197825405555,-0.009722125290777,-0.0069152663730738,0.0297472932748625
0.8335569514867298,-0.0094459509077312,-0.0067273146252412,0.0302193222739264
0.8334956526685152,-0.0091644757685931,-0.0065348625016068,0.0306792055782286
0.8334359343060691,-0.0088777545789847,-0.0063379515354362,0.0311266332315725
0.8333778452689924,-0.0085858452383832,-0.0061366269839529,0.0315612904373938
0.8333214350357104,-0.0082888089258464,-0.0059309379294988,0.0319828577851292
0.8332667537466468,-0.0079867107091228,-0.0057209377436619,0.0323910107707246
0.8332138522105283,-0.0076796200301224,-0.0055066844712526,0.0327854196650806
0.8331627818317469,-0.0073676108105585,-0.0052882409510948,0.0331657499659059
0.8331135946749291,-0.0070507624562066,-0.0050656755660977,0.0335316618212375
0.8330663434343141,-0.0067291604991432,-0.0048390627464145,0.0338828101583258
0.8330210813500534,-0.0064028970245067,-0.0046084833220425,0.0342188451998911
0.832977862237455,-0.0060720720930641,-0.0043740255802309,0.034539412134313
0.8329367403258928,-0.0057367940721667,-0.0041357855543614,0.0348441521916913
0.832897770221057,-0.0053971811494431,-0.0038938681501308,0.0351327027955414
0.832861006753679,-0.0050533623634856,-0.003648387930951,0.035404698547737
0.8328265048490936,-0.0047054792777927,-0.0033994703608147,0.0356597720494369
0.832794319221871,-0.0043536864610461,-0.0031472521902371,0.0358975560053908
0.832764504228661,-0.0039981541386244,-0.0028918833898057,0.0361176841478331
0.832737113443979,-0.0036390686174544,-0.0026335274809742,0.0363197941975609
0.8327121993244635,-0.0032766343014057,-0.0023723629940456,0.0365035301607029
0.8326898127514207,-0.0029110751285056,-0.0021085844965933,0.0366685455154144
0.8326700024795262,-0.0025426354080984,-0.0018424031681009,0.0368145070831918
0.8326528145656965,-0.0021715811093024,-0.0015740476747164,0.0369410990417023
0.8326382916887675,-0.0017981997996717,-0.001303764039201,0.0370480277412573
0.832626472477509,-0.0014228010376813,-0.0010318158048186,0.0371350264633988
0.8326173907897574,-0.0010457157136986,-0.0007584834024404,0.0372018605486527
0.8326110749882044,-0.0006672938784674,-0.0004840623830419,0.0372483325640565
0.832607547301027,-0.0002879033490701,-0.0002088621762706,0.0372742868681789
0.832606740742474,-7.094412947730723e-13,4.986315640985797e-12,0.0372802207104015
