3.06324426246369
0.7971283770520492,-6.613248854128412e-28,-8.208744897751373e-15,0.3753588708902433
0.7971306997091447,0.001323637814266,0.0013172994217111,0.3753481221452242
0.7971476992556087,0.0038175884733354,0.0037990652483563,0.3752694564875443
0.797181205495609,0.006311948960531,0.0062805337772122,0.3751144290080452
0.7972312477387016,0.008807015379422,0.0087615387608417,0.3748829494971741
0.797297866156816,0.0113029475779295,0.0112417781620317,0.3745748999511911
0.7973811120601253,0.0137998972388836,0.0137209417028596,0.3741901333997672
0.7974810475921513,0.016298004207208,0.0161987073142482,0.373728475442316
0.7975977456243516,0.0187973991969568,0.0186747439442119,0.3731897248812632
0.7977312891603128,0.0212981954702354,0.0211487034626628,0.3725736566349476
0.7978817708873717,0.0238004877144773,0.0236202197649815,0.3718800239756548
0.7980492925602187,0.0263043488456724,0.0260889058773129,0.3711085615428058
0.7982339643207925,0.0288098273931171,0.0285543517046859,0.3702589886406594
0.7984359035461361,0.0313169403098857,0.0310161173650965,0.3693310146866303
0.7986552339979753,0.0338256721905319,0.0334737329365219,0.3683243432346356
0.7988920843614931,0.0363359684657257,0.0359266923949009,0.3672386787550397
0.7991465865536397,0.038847729042953,0.0383744481520157,0.3660737343945962
0.7994188738250184,0.0413608024972726,0.0408164063052925,0.3648292405815554
0.7997090788665967,0.0438749824451088,0.0432519241847371,0.3635049534867791
0.8000173307081965,0.0463899957044708,0.0456803001407991,0.3621006688463
0.8003437520874843,0.0489054980139931,0.0481007709250803,0.3606162334330489
0.8006884562929734,0.0514210676368362,0.0505125072514479,0.3590515587009202
0.801051543227585,0.053936195961812,0.0529146067533723,0.3574066376964405
0.8014330956541676,0.0564502824011457,0.0553060913614763,0.3556815608237826
0.8018331746523673,0.058962626386949,0.0576859021971663,0.3538765348252679
0.8022518157313082,0.0614724259430689,0.0600529009913304,0.3519918984062391
0.8026890243614541,0.0639787740486806,0.0624058696141572,0.3500281400775532
0.8031447715916789,0.0664806570924091,0.064743511784854,0.3479859151773841
0.8036189910676949,0.0689769617052749,0.0670644627232893,0.3458660561891911
0.804111575725357,0.0714664791839819,0.0693672964996486,0.3436695841471296
0.8046223768646985,0.0739479210360388,0.0716505435501729,0.3413977090883137
0.8051512021047894,0.0764199267011749,0.0739127006506369,0.3390518352604811
0.8056978171010856,0.0788810869274163,0.0761522548841082,0.3366335494460264
0.8062619488365628,0.0813299695565295,0.0783677090440251,0.3341446023871515
0.8068432859696898,0.0837651283787659,0.0805575909784613,0.3315869033312824
0.8074414879804677,0.086185145574205,0.0827204924837189,0.3289624760413104
0.8080561866710241,0.0885886366743094,0.0848550734826102,0.3262734489105168
0.8086869969698757,0.0909742892843363,0.0869600955752909,0.3235220047254286
0.8093335189631545,0.0933408629077353,0.0890344201009644,0.3207103694382844
0.809995347587814,0.0956872154128582,0.0910770291400072,0.3178407680311128
0.8106720776257987,0.0980123086116283,0.0930870273951074,0.3149154015382743
0.8113633094117166,0.1003152148861868,0.0950636445855859,0.3119364215193507
0.8120686511212916,0.1025951114204507,0.097006226906612,0.3089059197788588
0.8127877250575355,0.1048512874098435,0.0989142394908405,0.3058259012931435
0.8135201685648265,0.1070831335198795,0.1007872536200378,0.3026982806534545
0.8142656363463767,0.1092901367774935,0.1026249387323202,0.2995248727193184
0.8150238007829049,0.1114718702256502,0.1044270502226138,0.2963073920138093
0.8157943520343314,0.1136279832628717,0.1061934181320318,0.2930474531360902
0.8165769990461228,0.1157581955912127,0.1079239390810114,0.2897465674348771
0.8173714673919569,0.1178622835059645,0.1096185622538177,0.2864061530919456
0.8181774997021278,0.1199400745840855,0.1112772825876533,0.2830275342544264
0.8189948540287948,0.1219914377969488,0.1129001305493977,0.2796119488378676
0.8198233024027076,0.1240162753336333,0.1144871636462282,0.2761605554276276
0.8206626299161117,0.1260145166722348,0.1160384600130681,0.2726744379022205
0.8215126340893376,0.127986113991149,0.1175541132760244,0.2691546088229395
0.8223731222273292,0.1299310335973547,0.1190342245974496,0.2656020210656223
0.8232439110558575,0.1318492534314871,0.120478899666169,0.2620175698868628
0.8241248257357308,0.1337407594968912,0.1218882450072012,0.2584020975109315
0.825015699551326,0.1356055440929294,0.1232623657852508,0.2547563948849765
0.8259163704087241,0.1374435977749287,0.1246013591509949,0.2510812164042169
0.8268266832470841,0.1392549140315322,0.125905317100181,0.2473772703575247
0.827746486755246,0.1410394823082472,0.1271743208604677,0.2436452326059005
0.8286756326739971,0.1427972868137505,0.1284084396862676,0.23988574957856
0.8296139766744264,0.144528308342274,0.1296077318070923,0.2360994348635776
0.8305613762554299,0.1462325205047124,0.1307722414891539,0.2322868778262354
0.8315176913189127,0.1479098911179781,0.1319019997713703,0.2284486413474808
0.832482782321958,0.1495603792855357,0.1329970222938493,0.2245852692760817
0.8334565111908776,0.151183937440872,0.1340573105316308,0.220697282741589
0.8344387391195747,0.1527805080890349,0.1350828495362605,0.2167851889069399
0.8354293274778841,0.1543500258931083,0.136073609247511,0.2128494772386496
0.8364281366466131,0.1558924163045709,0.137029543560738,0.2088906240288965
0.8374350263041568,0.1574075965613198,0.1379505909296773,0.2049090911080771
0.8384498548859547,0.15889547535352,0.1388366741289055,0.2009053278230483
0.8394724788293128,0.1603559522481727,0.1396876999169678,0.1968797738194551
0.840502752030178,0.1617889175105269,0.1405035589860667,0.1928328609432594
0.8415405270493698,0.1631942543173355,0.1412841272605616,0.1887650082558896
0.842585653198275,0.1645718365894042,0.1420292646877922,0.1846766292921428
0.843637976720051,0.165921529830356,0.142738815794409,0.1805681310432328
0.8446973420388513,0.1672431931800679,0.1434126108004647,0.1764399087811897
0.8457635877436535,0.1685366748578222,0.1440504633452168,0.1722923613880091
0.8468365515182015,0.1698018187735616,0.144652173915726,0.1681258717990178
0.847916065014771,0.1710384587320831,0.1452175270372637,0.1639408265846942
0.8490019570940033,0.1722464227868169,0.1457462934733653,0.159737602967435
0.8500940522486058,0.1734255317772957,0.146238229577732,0.1555165745455455
0.8511921703460168,0.1745755994912792,0.1466930774665583,0.1512781118610582
0.8522961267507645,0.1756964332087958,0.1471105653346522,0.1470225814840706
0.8534057320232696,0.1767878337673046,0.1474904075601546,0.1427503467165101
0.8545207924867742,0.1778495964531966,0.1478323050781913,0.1384617649353138
0.8556411080670361,0.1788815092751706,0.1481359448969139,0.1341571954053377
0.8567664743545117,0.1798833552909314,0.1484010009482658,0.1298369908260634
0.8578966821096079,0.1808549123515219,0.1486271339876419,0.1255014987062407
0.859031514756038,0.181795951260241,0.1488139912584829,0.1211510704161011
0.8601707523518802,0.1827062394243464,0.1489612073668631,0.1167860453730484
0.8613141672083111,0.1835855374506989,0.1490684036310706,0.1124067672318553
0.8624615274092738,0.1844336022130624,0.1491351886380711,0.1080135697622734
0.8636125937595206,0.1852501846846917,0.1491611579714168,0.1036067878780866
0.8647671227429388,0.1860350322729169,0.1491458943581978,0.0991867456169314
0.8659248644040197,0.1867878873623123,0.1490889674721773,0.0947537635246267
0.8670855660319322,0.1875084897108829,0.1489899335424609,0.0903081437774218
0.8682489642928547,0.1881965714931209,0.1488483357208723,0.0858501994986783
0.8694147891967671,0.188851860166304,0.1486637040253756,0.0813802387323393
0.8705827644063541,0.1894740786988492,0.1484355551440809,0.0768985623720483
0.8717526072200378,0.1900629455412054,0.1481633921941253,0.0724054632850537
0.8729240286187839,0.1906181745835694,0.1478467044030616,0.0679012251318833
0.8740967318199224,0.1911394744160773,0.1474849672013428,0.0633861268707674
0.8752704142221535,0.191626549152581,0.1470776413358934,0.0588604341543614
0.8764447649928625,0.1920790972424981,0.1466241732252921,0.0543244074264293
0.8776194666508982,0.1924968120183468,0.146123994022591,0.049778294555389
0.8787941950158175,0.1928793813948154,0.1455765190117135,0.0452223296493365
0.8799686185088403,0.1932264873313631,0.1449811472607025,0.0406567342876402
0.8811423956076622,0.1935378048918752,0.1443372623953794,0.0360817258803355
0.8823151777164991,0.1938130028879964,0.1436442305995025,0.0314975048794971
0.8834866074668029,0.1940517430603908,0.1429014007715048,0.026904259615327
0.884656318428006,0.1942536797141345,0.1421081040104842,0.0223021655525616
0.8858239336109821,0.1944184591715657,0.1412636539537368,0.0176913891953489
0.8869890632125882,0.1945457193499152,0.1403673479960932,0.0130720949850881
0.8881513058789796,0.1946350899006382,0.1394184660692976,0.0084444382343822
0.8893102460135504,0.1946861919055382,0.1384162724663102,0.0038085736409819
0.8904654503618773,0.1946986380195356,0.1373600190202306,-0.0008353331324801
0.8916164664914594,0.1946720331514553,0.1362489473679131,-0.0054871012435866
0.8927631764277101,0.1946059487241672,0.1350819207256186,-0.0101479781798647
0.8939051871908493,0.194499928030222,0.1338579980654796,-0.0148181869451151
0.8950418861172863,0.1943535225675378,0.1325764375021222,-0.019497127860311
0.8961726089073059,0.1941662979986027,0.1312365497376907,-0.0241840522189659
0.8972966329975791,0.1939378430805257,0.1298377189981027,-0.0288780296998714
0.8984131679177133,0.1936677815149493,0.1283794318374028,-0.0335779003136856
0.8995213473239825,0.193355786417583,0.1268613091525505,-0.0382822295218898
0.9006202176061096,0.1930015990650716,0.1252831489280124,-0.0429892441540548
0.9017087307383514,0.1926050504051232,0.1236449704330851,-0.0476967805051314
0.9027857357204532,0.1921660870496153,0.1219470680305907,-0.0524022198060588
0.90384997690785,0.1916847988290904,0.1201900624612496,-0.0571024461676341
0.9049000953262408,0.1911614483963247,0.1183749540929438,-0.0617938103928724
0.9059346410531688,0.1905964978382117,0.1165031625623325,-0.0664721363110225
0.9069520915889268,0.1899906321051678,0.1145765569950109,-0.0711327496695127
0.9079508862186392,0.1893447705256467,0.1125974530053242,-0.0757705786826
0.908929461984443,0.1886600707371928,0.1105685961763204,-0.0803802659613432
0.909886309130876,0.1879379095931291,0.1084930894627541,-0.0849563807181704
0.910820014733827,0.1871798583611811,0.106374320885546,-0.0894935913093355
0.911729312275848,0.186387638992884,0.104215852663338,-0.0939868848871795
0.9126131171470104,0.1855630761742668,0.1020213139168324,-0.0984317410530212
0.9134705517397532,0.1847080451883469,0.0997942934128082,-0.1028242752351568
0.914300953465667,0.183824425599215,0.0975382552848645,-0.107161314485445
0.9151038708586255,0.182914061161945,0.0952564740468289,-0.1114404251548467
0.9158790480613682,0.1819787304566725,0.092951996716202,-0.1156598872998325
0.9166264041096504,0.181020125333868,0.0906276217851832,-0.1198186433265932
0.917346006629542,0.180039840649226,0.0882859018345242,-0.1239162136455181
0.918038046514725,0.1790393692496053,0.0859291539299082,-0.1279526113885182
0.918702814162426,0.1780201016777277,0.083559476637994,-0.1319282582480528
0.9193406767281848,0.1769833316101078,0.0811787761531838,-0.135843897072667
0.9199520601368903,0.1759302609538387,0.0787887877796118,-0.1397005233560318
0.9205374329422824,0.1748620080308669,0.0763911014116679,-0.143499319280271
0.9210972950762883,0.1737796126048803,0.0739871774026029,-0.1472416106659898
0.9216321670180608,0.1726840444565972,0.0715783685640608,-0.1509288199030454
0.9221425822022348,0.1715762097759698,0.0691659357328743,-0.1545624338233746
0.9226290812778144,0.1704569567559381,0.0667510605301299,-0.158143979277952
0.9230922073519364,0.169327081555367,0.0643348581258433,-0.1616750013318196
0.9235325030562632,0.168187332050822,0.0619183846690442,-0.1651570512855182
0.9239505074405112,0.1670384136215565,0.0595026486583727,-0.1685916703487778
0.9243467548692456,0.1658809910704249,0.0570886138260016,-0.1719803865837295
0.9247217733409688,0.1647156928841437,0.0546772068251726,-0.1753247055543741
0.9250760835949948,0.1635431141908546,0.0522693220245981,-0.1786261056415579
0.9254101987386416,0.1623638185898282,0.0498658239302182,-0.1818860368859252
0.9257246238351154,0.1611783404030057,0.0474675504827161,-0.1851059187262504
0.9260198554526772,0.1599871875457025,0.0450753175786419,-0.1882871362293457
0.9262963819059016,0.1587908420217818,0.0426899188009465,-0.1914310427669164
0.926554683194216,0.1575897615050446,0.040312127420912,-0.1945389595382527
0.9267952308705794,0.1563843814774337,0.0379426995158582,-0.1976121736198862
0.927018488196861,0.1551751162390273,0.0355823748642799,-0.2006519388863069
0.9272249104150824,0.1539623591157056,0.0332318763495653,-0.2036594787168195
0.9274149446019092,0.1527464849547143,0.0308919138657038,-0.2066359828209985
0.9275890301213564,0.1515278491073144,0.0285631814530605,-0.2095826126419072
0.9277475985258512,0.1503067895819655,0.026246360626493,-0.2125004987414775
0.9278910736961502,0.1490836279178649,0.0239421212341116,-0.2153907412844192
0.9280198721025672,0.1478586688048715,0.0216511200100712,-0.2182544133117535
0.928134402802312,0.1466322017217767,0.0193740029870263,-0.2210925590800384
0.9282350676235546,0.1454045009271426,0.0171114048392562,-0.2239061961794312
0.9283222612455356,0.1441758262611125,0.0148639497888387,-0.2266963156227028
0.928396371300855,0.1429464236900022,0.0126322520604313,-0.229463882436643
0.928457778499674,0.141716525215648,0.0104169152267493,-0.2322098375687465
0.9285068566652735,0.1404863501264561,0.0082185340227386,-0.2349350966809701
0.9285439728318536,0.1392561054332208,0.0060376946831487,-0.2376405507269192
0.928569487340506,0.138025986004497,0.0038749747819462,-0.2403270670986377
0.9285837539158724,0.1367961745003691,0.0017309427730424,-0.2429954911084426
0.9285871197161992,0.1355668420236739,-0.0003938411665811,-0.2456466458242985
0.9285799254030402,0.1343381494398802,-0.0024988231519806,-0.2482813304372969
0.9285624970927884,0.1331098018361656,-0.0045842088170729,-0.2509012693225759
0.9285351465592496,0.1318817294171688,-0.0066497883631891,-0.2535076488389293
0.9284981804886084,0.1306540594189593,-0.0086950010548088,-0.2561011920822399
0.9284519001811432,0.1294269095841415,-0.0107192907277397,-0.2586826037676878
0.9283966016246936,0.1282003892303836,-0.0127221041201272,-0.2612525687337207
0.9283325755980344,0.1269746002159047,-0.0147028894328827,-0.2638117506580226
0.9282601076160072,0.1257496349200415,-0.0166610996959207,-0.2663607969591257
0.9281794780650228,0.1245255783105675,-0.0185961894577242,-0.2689003351021656
0.9280909622374685,0.12330250767592,-0.020507615282028,-0.2714309737627247
0.9279948303584872,0.1220804924952485,-0.0223948359668274,-0.2739533036511065
0.927891347693424,0.1208595953559496,-0.0242573111226744,-0.2764678961369818
0.927780774534881,0.1196398712940769,-0.0260945021791428,-0.278975305097
0.9276633663029276,0.1184213685620829,-0.0279058711711894,-0.2814760657823875
0.9275393736161972,0.1172041289086487,-0.0296908802913085,-0.2839706946656393
0.9274090423877682,0.1159881880416552,-0.0314489911798802,-0.286459688880629
0.9272726137612852,0.1147735746109605,-0.0331796663356169,-0.2889435286582122
0.9271303243266296,0.1135603118084857,-0.0348823667196652,-0.2914226743710263
0.926982406090227,0.1123484166367683,-0.0365565527309788,-0.2938975683201563
0.926829086641482,0.1111379008819115,-0.0382016827597798,-0.2963686330042534
0.926670589138716,0.109928770549134,-0.0398172138816361,-0.2988362724973414
0.9265071323785544,0.1087210260283401,-0.0414026014980024,-0.3013008723024218
0.9263389310690322,0.1075146636760534,-0.0429572971646632,-0.3037627962832953
0.9261661956218228,0.1063096738381268,-0.0444807510837952,-0.3062223908263642
0.9259891325703616,0.1051060433918384,-0.0459724087387438,-0.3086799797453769
0.925807944430098,0.103903754264542,-0.0474317127241251,-0.3111358673630706
0.9256228298628272,0.1027027841192554,-0.0488581017880697,-0.3135903371363148
0.9254339838909504,0.1015031072689831,-0.0502510097023661,-0.3160436497759104
0.925241597924719,0.1003046943384236,-0.0516098656722819,-0.3184960438888819
0.9250458599158922,0.0991075127420522,-0.0529340937923492,-0.3209477349161896
0.9248469544567848,0.0979115267962902,-0.0542231129657737,-0.3233989147817253
0.9246450630255963,0.096716698691005,-0.0554763359522674,-0.3258497497422286
0.9244403640427538,0.0955229882936334,-0.0566931697616809,-0.3283003805903278
0.9242330331389472,0.094330354197716,-0.0578730148092445,-0.3307509202676098
0.9240232432400994,0.0931387536759853,-0.0590152653078935,-0.3332014536873529
0.9238111648530326,0.0919481437819043,-0.0601193086249375,-0.3356520351614133
0.9235969661709328,0.0907584814095943,-0.0611845257885554,-0.3381026879327727
0.9233808133520128,0.0895697243311534,-0.0622102912116722,-0.3405534016650756
0.9231628709383182,0.0883818329726416,-0.063195972058471,-0.3430041283747131
0.9229433018183102,0.0871947696915934,-0.0641409299662262,-0.3454547834897155
0.9227222676117744,0.0860085004015539,-0.0650445209344091,-0.3479052420535947
0.922499929132277,0.0848229965969456,-0.0659060953329368,-0.3503553340856711
0.9222764464618268,0.0836382353255104,-0.066724999803464,-0.3528048441809222
0.922051979443945,0.0824542014460721,-0.0675005777945246,-0.3552535064019403
0.9218266880003324,0.0812708889880802,-0.0682321712327114,-0.3577010010547599
0.9216007324653248,0.0800883026785119,-0.0689191225223391,-0.3601469511682724
0.9213742740101653,0.0789064600256102,-0.0695607767299957,-0.3625909178947616
0.9211474749410123,0.0777253928470189,-0.0701564846609067,-0.3650323971604133
0.9209204991188789,0.0765451495628418,-0.0707056061063906,-0.3674708148671196
0.9206935123047488,0.0753657972467441,-0.0712075138963305,-0.3699055227654888
0.9204666824430456,0.0741874235307475,-0.071661598670613,-0.3723357948410558
0.9202401799200208,0.0730101385762857,-0.0720672742693999,-0.3747608238177038
0.920014177860656,0.0718340774635,-0.0724239836667562,-0.3771797171026624
0.9197888521304536,0.0706594012836864,-0.0727312059834371,-0.3795914957522119
0.9195643812609176,0.0694862980787708,-0.0729884639653829,-0.3819950941335845
0.9193409463774428,0.068314984042633,-0.0731953317973719,-0.3843893594738465
0.9191187308923288,0.0671457037422376,-0.073351443442738,-0.3867730538757958
0.9188979199434808,0.0659787292269092,-0.0734565011873084,-0.3891448590673304
0.918678699624648,0.0648143582176514,-0.0735102839957739,-0.3915033834681243
0.9184612562507348,0.063652912616652,-0.0735126553638318,-0.3938471690321768
0.9182457748863784,0.0624947331509546,-0.0734635704317405,-0.3961747062668842
0.9180324366472242,0.0613401672558762,-0.0733630807700023,-0.39848446293333
0.9178214204637968,0.0601895808940624,-0.0732113393757914,-0.400774864909566
0.9176129004642072,0.0590433467477504,-0.0730086038637028,-0.4030443247695463
0.9174070439733516,0.0579018352490814,-0.0727552368493488,-0.4052912643578764
0.917204010418199,0.0567654101214954,-0.0724517048530502,-0.4075141281291151
0.9170039495714724,0.0556344197419961,-0.0720985742164958,-0.4097114043213846
0.9168070006660032,0.0545091927565099,-0.0716965059150571,-0.4118816372283871
0.9166132914494216,0.0533900327973081,-0.0712462484384833,-0.4140234406570472
0.9164229377964448,0.0522772158202556,-0.0707486301448546,-0.4161355057085107
0.9162360428071608,0.05117098387334,-0.0702045487761005,-0.4182166146577299
0.9160526972121696,0.0500715459457585,-0.0696149630297211,-0.4202656406549832
0.915872978963722,0.0489790735728031,-0.0689808810281614,-0.4222815566717066
0.9156969543976629,0.0478937055043106,-0.0683033533770209,-0.4242634269793751
0.9155246779770876,0.0468155435438717,-0.0675834613133752,-0.426210414499496
0.91535619352985,0.0457446572993239,-0.0668223103036891,-0.4281217713027305
0.9151915348485226,0.0446810849883117,-0.0660210218696423,-0.4299968360889081
0.9150307263895072,0.0436248347685401,-0.065180726140327,-0.4318350303671098
0.914873784256566,0.0425758879378342,-0.0643025564749119,-0.4336358511475826
0.914720717488042,0.041534204411644,-0.0633876470846629,-0.4353988598132587
0.9145715277709172,0.0404997176883022,-0.062437122287665,-0.4371236888006048
0.9144262117654888,0.0394723477641064,-0.0614521022953895,-0.4388100179126163
0.9142847607838472,0.038451996263643,-0.0604336941624951,-0.4404575808093137
0.9141471618496044,0.0374385511987114,-0.0593829919224527,-0.4420661553006893
0.9140133981932028,0.0364318880233311,-0.0583010739526428,-0.4436355598955985
0.9138834500054294,0.0354318728309299,-0.0571890031676086,-0.4451656470725512
0.9137572945861818,0.0344383611859384,-0.0560478229877991,-0.4466563034148403
0.9136349074739364,0.0334512048064668,-0.0548785626472763,-0.4481074379581181
0.9135162623937908,0.0324702493921061,-0.05368223311097,-0.449518984244098
0.9134013316707412,0.031495336150122,-0.0524598273492786,-0.4508908967328159
0.9132900864078266,0.0305263015337904,-0.0512123187131381,-0.4522231498495737
0.913182497164118,0.0295629815202166,-0.0499406654371391,-0.4535157308929042
0.9130785337085424,0.0286052080499787,-0.0486458053490476,-0.4547686438665866
0.9129781657978744,0.0276528147415825,-0.0473286629598991,-0.455981900896846
0.9128813629974402,0.0267056342281368,-0.0459901457222356,-0.4571555250375171
0.912788094612518,0.0257634961710402,-0.0446311408506348,-0.4582895517070698
0.912698330419152,0.0248262334138926,-0.0432525239663642,-0.4593840203219729
0.9126120403206712,0.0238936776918654,-0.0418551530475033,-0.4604389788834077
0.9125291946652232,0.0229656619953887,-0.040439871952465,-0.461454480473503
0.9124497644125596,0.0220420217568942,-0.0390075125304556,-0.4624305815032608
0.9123737207946035,0.0211225901468088,-0.0375588875871287,-0.463367346136642
0.9123010358747806,0.0202072037956827,-0.0360948000028326,-0.4642648396292082
0.9122316824065356,0.0192957006876737,-0.0346160399132086,-0.4651231302216039
0.9121656338641382,0.0183879199549662,-0.0331233847610533,-0.4659422888913258
0.9121028644153888,0.0174837008181661,-0.0316175979164082,-0.4667223897974642
0.9120433492015084,0.0165828860303891,-0.0300994348314638,-0.4674635068777247
0.91198706412217,0.0156853184137782,-0.0285696377810776,-0.4681657165651309
0.91193398603133,0.0147908433767596,-0.0270289405775011,-0.4688290953790237
0.9118840925711564,0.0138993057674769,-0.025478063671447,-0.4694537220093495
0.9118373623831356,0.0130105529534734,-0.0239177199331403,-0.4700396746749232
0.9117937750765854,0.0121244341791721,-0.0223486141254331,-0.47058703149365
0.9117533111205453,0.0112407979625762,-0.0207714388036912,-0.4710958718114628
0.9117159519938478,0.0103594946058196,-0.0191868792448974,-0.4715662742805017
0.9116816802383498,0.0094803775591193,-0.0175956165064024,-0.4719983161369505
0.9116504793492176,0.008603300881146,-0.0159983234391143,-0.4723920745270261
0.911622333693335,0.0077281160044995,-0.0143956592536679,-0.4727476274821928
0.91159722881549,0.0068546804851043,-0.0127882860359844,-0.4730650499901864
0.9115751511186356,0.0059828479466188,-0.01117685089005,-0.4733444179670083
0.9115560881460544,0.0051124777356166,-0.0095620042442346,-0.47358580462179
0.9115400283537208,0.0042434261297551,-0.0079443841657029,-0.4737892832670579
0.9115269612556934,0.0033755521386474,-0.0063246276313291,-0.4739549254088743
0.9115168773624492,0.0025087146596789,-0.0047033657946568,-0.4740828014575216
0.9115097681996032,0.0016427733387715,-0.0030812261243877,-0.4741729804208958
0.9115056263010488,0.0007775875323009,-0.0014588309987806,-0.4742255299227821
0.9115044452205988,-8.69824329134e-05,0.0001631993950169,-0.4742405159876618
0.9115062195192232,-0.0009510749150199,0.0017842458731766,-0.4742180031365831
0.91151094715284,-0.0018151622499734,0.0034043180654773,-0.4741580240314857
0.9115186304458932,-0.0026796042788523,0.0050232139747916,-0.4740605671042568
0.911529272638632,-0.0035445394797495,0.0066403147890784,-0.4739256203761335
0.9115428779340592,-0.0044101049538421,0.008254997125512,-0.4737531708731817
0.9115594514821316,-0.005276437143673,0.0098666338900343,-0.4735432048381321
0.9115789994693309,-0.0061436763709036,0.0114746022041194,-0.473295706607984
0.9116015289934732,-0.0070119603239364,0.0130782707745873,-0.4730106602126955
0.9116270480929426,-0.0078814268707079,0.0146770046592945,-0.4726880490154085
0.9116555658002536,-0.0087522159687153,0.0162701682726433,-0.472327855046024
0.9116870920306264,-0.0096244662429457,0.0178571186061636,-0.4719300604181894
0.9117216375964188,-0.0104983163590713,0.0194372073140051,-0.4714946471501922
0.9117592143043148,-0.011373907674213,0.02100978501568,-0.4710215959423882
0.9117998348096298,-0.0122513807537476,0.0225741945043492,-0.4705108880121469
0.9118435126929088,-0.0131308776381176,0.0241297743673128,-0.4699625041211683
0.9118902623740316,-0.0140125403461719,0.0256758558559873,-0.4693764256409067
0.9119400991958394,-0.0148965128622501,0.0272117659286878,-0.4687526334816488
0.911993039309934,-0.0157829392935184,0.0287368235527876,-0.4680911094942007
0.912049099585668,-0.0166719629995256,0.030250337853837,-0.4673918375593867
0.9121082978366604,-0.0175637306836362,0.0317516146954415,-0.4666548007044696
0.9121706525562016,-0.0184583885008779,0.0332399495979417,-0.4658799843366782
0.9122361830426996,-0.0193560844693414,0.0347146314245504,-0.4650673745932457
0.9123049093346128,-0.0202569678653249,0.0361749409290734,-0.4642169590504328
0.9123768520323012,-0.0211611874155508,0.0376201474858968,-0.4633287288007048
0.9124520324501236,-0.0220688938604166,0.0390495129281053,-0.4624026764176994
0.9125304726937452,-0.0229802411343122,0.0404622929187749,-0.4614387948444266
0.9126121951608076,-0.0238953809967689,0.0418577282483818,-0.4604370833336021
0.9126972229001568,-0.0248144679316745,0.0432350522388114,-0.4593975427869028
0.9127855792500902,-0.0257376557085192,0.0445934852528009,-0.4583201799135915
0.9128772880947932,-0.0266651007955731,0.0459322395891442,-0.4572050037810242
0.9129723735921984,-0.0275969600888834,0.0472505158738016,-0.4560520287840395
0.9130708601141588,-0.0285333910789863,0.048547503211146,-0.4548612749595256
0.9131727720320498,-0.0294745506257581,0.0498223774814942,-0.4536327701092558
0.9132781339714728,-0.0304205981332071,0.0510743056642119,-0.4523665462038496
0.9133869700347352,-0.0313716893627852,0.0523024376628103,-0.4510626481445103
0.9134993044349112,-0.0323279831066135,0.0535059153518409,-0.4497211254680902
0.9136151608540832,-0.0332896364501336,0.0546838665735762,-0.4483420393055283
0.9137345623316748,-0.0342568050077142,0.0558354059712231,-0.446925462855165
0.9138575309536078,-0.035229641607904,0.0569596340776222,-0.4454714841178468
0.9139840881403924,-0.0362082997745302,0.0580556420390348,-0.4439802014450075
0.9141142535835116,-0.0371929266802522,0.0591225044375929,-0.4424517349320825
0.9142480456541812,-0.0381836678156277,0.0601592857772518,-0.440886220277408
0.914385480472206,-0.0391806614950763,0.0611650359557755,-0.4392838182585172
0.9145265719506884,-0.040184040912488,0.0621387942518924,-0.4376447125768185
0.9146713312362432,-0.0411939318030202,0.0630795889298485,-0.4359691146126876
0.9148197659158038,-0.0422104487954837,0.0639864363429891,-0.4342572706386224
0.9149718803219218,-0.0432336994799619,0.0648583474339195,-0.4325094561434261
0.915127673978313,-0.0442637758601296,0.0656943233744944,-0.4307259913966339
0.9152871411673305,-0.0453007538765422,0.0664933594485541,-0.4289072437585834
0.9154502709171024,-0.0463446955957422,0.0672544510645899,-0.4270536250392986
0.9156170453707292,-0.0473956410292977,0.0679765924151723,-0.4251656070617489
0.9157874396203092,-0.0484536096407914,0.0686587833384836,-0.4232437202585385
0.9159614204149178,-0.0495185947789998,0.0693000317838442,-0.4212885648087864
0.9161389458270238,-0.050590564196969,0.069899361053814,-0.4193008107127689
0.916319964437603,-0.0516694575297996,0.0704558154667276,-0.417281203138246
0.9165044136131564,-0.0527551784799272,0.0709684643174053,-0.4152305776689736
0.9166922202886096,-0.0538476018423596,0.0714364139191387,-0.4131498474921804
0.9168832993107549,-0.0549465658525652,0.0718588124391782,-0.411040017751433
0.9170775538972852,-0.0560518767533648,0.0722348605547202,-0.4089021764214698
0.9172748745521933,-0.057163304136808,0.0725638182394988,-0.4067375023744002
0.917475139879226,-0.0582805867942495,0.0728450150145985,-0.4045472527262006
0.9176782164037884,-0.0594034324616407,0.0730778572798177,-0.4023327614241391
0.9178839594164316,-0.0605315228404915,0.0732618361750971,-0.4000954270287141
0.9180922137977712,-0.0616645179611747,0.0733965337248267,-0.3978367012099251
0.9183028151759842,-0.0628020618520855,0.0734816275468611,-0.3955580741742307
0.9185155908895124,-0.0639437866755544,0.0735168936883138,-0.3932610627733557
0.9187303620332556,-0.065089322250247,0.0735022078248764,-0.3909471874955271
0.9189469446487536,-0.0662383005515087,0.0734375440170279,-0.3886179593060269
0.9191651526154152,-0.0673903689345423,0.0733229709363595,-0.386274848726121
0.9193847959885452,-0.0685451790844616,0.0731586484037798,-0.3839193042848651
0.919605684386788,-0.0697024026482484,0.0729448210637422,-0.3815527170491989
0.919827627569982,-0.070861731927221,0.0726818116288042,-0.3791764156755757
0.920050437088984,-0.0720228862598632,0.0723700122330723,-0.3767916501681729
0.9202739264932066,-0.0731856109889841,0.0720098766379762,-0.3743995911944951
0.9204979122166744,-0.074349680166693,0.071601911362682,-0.3720013221593035
0.9207222139551756,-0.0755148968241705,0.0711466672579602,-0.3695978366826359
0.920946654650534,-0.0766810914475774,0.0706447319732635,-0.3671900401864899
0.9211710607000384,-0.0778481218753073,0.0700967222697138,-0.3647787489322618
0.9213952617269454,-0.0790158711610299,0.0695032776307091,-0.3623646935988122
0.9216190904573344,-0.0801842462232863,0.0688650541365484,-0.3599485215412681
0.9218423823262896,-0.0813531752995069,0.0681827195857513,-0.3575308017809434
0.9220649751135042,-0.0825226057385571,0.0674569491878651,-0.3551120295124657
0.9222867087210248,-0.0836925027077523,0.0666884213336237,-0.352692628893512
0.9225074245568732,-0.0848628459699687,0.0658778152166479,-0.3502729599628351
0.922726965295173,-0.0860336287561274,0.0650258077669624,-0.3478533213271536
0.922945174428596,-0.0872048556427191,0.0641330717655617,-0.3454339549794971
0.923161895771705,-0.0883765402281314,0.0632002747161329,-0.3430150515794474
0.9233769732408902,-0.0895487043489436,0.062228077021075,-0.3405967525790873
0.9235902503179853,-0.0907213756274244,0.0612171319007109,-0.3381791558040466
0.923801569891398,-0.0918945870936977,0.0601680840091774,-0.3357623167487832
0.9240107739053628,-0.0930683757932536,0.0590815691691411,-0.3333462519531325
0.9242177029691832,-0.094242781158104,0.0579582146795105,-0.3309309428393508
0.9244221961346284,-0.0954178443030294,0.0567986390626986,-0.3285163376132147
0.9246240906764966,-0.0965936073440587,0.0556034519696234,-0.3261023530876308
0.924823221909392,-0.0977701129281342,0.0543732540268726,-0.3236888760375127
0.9250194228305426,-0.0989474027165978,0.0531086379422004,-0.3212757666615247
0.9252125241033294,-0.1001255178566266,0.0518101876774849,-0.318862857924895
0.925402353709335,-0.1013044974590033,0.0504784798430363,-0.3164499589499623
0.9255887368209422,-0.1024843783457481,0.0491140838707438,-0.3140368557605062
0.9257714957043812,-0.1036651949875384,0.047717562006901,-0.3116233116000134
0.9259504496370524,-0.1048469795507679,0.0462894691845388,-0.3092090669887772
0.9261254145544268,-0.1060297601264501,0.0448303551563414,-0.3067938434555128
0.9262962031405856,-0.1072135618265504,0.0433407632453721,-0.3043773413714725
0.9264626246170662,-0.1083984058917358,0.0418212314990099,-0.3019592418111067
0.9266244845801876,-0.109584309026402,0.0402722936628752,-0.2995392079104063
0.9267815850698594,-0.1107712843987804,0.0386944780004857,-0.2971168827923974
0.9269337242395888,-0.1119593396898812,0.0370883099824052,-0.2946918934808643
0.9270806965195412,-0.1131484788025984,0.0354543101508666,-0.2922638473105632
0.927222292334499,-0.1143387001672232,0.0337929965251932,-0.289832335250562
0.9273582980528832,-0.1155299967145299,0.0321048848259288,-0.2873969317939429
0.9274884960428912,-0.1167223568573957,0.030390487215527,-0.2849571927519184
0.9276126643936656,-0.1179157624921052,0.0286503152697147,-0.2825126591101697
0.9277305770369813,-0.1191101905503052,0.0268848778819962,-0.2800628535923721
0.9278420035824276,-0.1203056119664007,0.0250946828510609,-0.2776072824780886
0.9279467092206464,-0.121501991094742,0.0232802378756445,-0.2751454364776417
0.9280444547895608,-0.1226992869840716,0.021442048716074,-0.2726767877535853
0.9281349965049484,-0.1238974507160469,0.0195806233350407,-0.2702007950153375
0.928218086154098,-0.1250964283334532,0.0176964674627373,-0.2677168970598796
0.9282934707967448,-0.1262961574521401,0.015790089908375,-0.2652245193211285
0.9283608928933044,-0.1274965695776357,0.0138619989825044,-0.2627230685932587
0.9284200901935308,-0.1286975893578687,0.0119127036443096,-0.2602119340421353
0.928470795599022,-0.1298991326042026,0.0099427167221597,-0.2576904907889177
0.9285127372177004,-0.1311011079710385,0.0079525522043818,-0.2551580958218138
0.928545638280278,-0.1323034162613431,0.0059427263162088,-0.2526140888126903
0.9285692170779448,-0.1335059497891701,0.0039137585299095,-0.2500577927967257
0.9285831869272412,-0.1347085928256182,0.0018661707423632,-0.2474885125170765
0.9285872561019806,-0.1359112206225526,-0.000199511174381,-0.2449055357457559
0.928581127799888,-0.1371136984511903,-0.0022827558013464,-0.2423081345786414
0.9285644930934878,-0.1383162662986678,-0.004383701108376,-0.2396947259848277
0.9285370274514018,-0.1395190239493054,-0.0065022713722191,-0.2370639730263521
0.9284984004458104,-0.1407218036546922,-0.0086379404621353,-0.2344150716838286
0.928448275418464,-0.1419244279469387,-0.0107901769340785,-0.231747194332089
0.9283863094059442,-0.1431267082706355,-0.0129584419485134,-0.2290594914429926
0.9283121531243544,-0.1443284435030908,-0.0151421869263142,-0.2263510935664481
0.9282254508204292,-0.1455294210153068,-0.0173408558119277,-0.2236211075646961
0.9281258402378434,-0.1467294153184503,-0.0195538830161014,-0.2208686181614677
0.9280129525435572,-0.1479281876400072,-0.0217806930472384,-0.2180926873578049
0.9278864122740522,-0.1491254852481687,-0.0240206997045906,-0.2152923543519755
0.9277458371549326,-0.1503210418579605,-0.0262733073347881,-0.2124666328284239
0.927590838075044,-0.1515145763498986,-0.0285379089832007,-0.2096145120623425
0.9274210190028962,-0.1527057921728885,-0.0308138858350801,-0.2067349563666815
0.9272359768298888,-0.1538943771505159,-0.0331006074725247,-0.2038269034392192
0.927035301321934,-0.1550800024181658,-0.0353974305161695,-0.200889264679163
0.9268185749778218,-0.1562623219616557,-0.0377036984546445,-0.1979209239291887
0.9265853731519538,-0.157440970709194,-0.0400187386873196,-0.194920739740713
0.926335263421334,-0.1586155664694076,-0.0423418671528502,-0.191887537748007
0.9260678060336266,-0.1597857061745362,-0.044672381852457,-0.1888201173058943
0.9257825536123052,-0.1609509660817901,-0.0470095641523233,-0.1857172480220455
0.9254790511709636,-0.1621109003933135,-0.0493526770291742,-0.1825776701741827
0.9251568359035292,-0.1632650407570437,-0.0517009651383091,-0.1794000926192545
0.9248154374066632,-0.1644128941313763,-0.0540536516255805,-0.1761831949960136
0.9244543778555132,-0.1655539411128185,-0.0564099358703143,-0.1729256287247257
0.9240731716030376,-0.1666876360932497,-0.0587689950667497,-0.1696260126389186
0.9236713262486526,-0.1678134029501762,-0.061129976602992,-0.1662829413701943
0.9232483426524746,-0.1689306344301235,-0.0634919980478352,-0.162894983360221
0.9228037154757012,-0.1700386900807504,-0.0658541441655751,-0.159460683062733
0.92233693482778,-0.1711368919214947,-0.0682154590362168,-0.155978570600561
0.921847486384659,-0.1722245244472656,-0.0705749473364664,-0.1524471584980488
0.9213348545374452,-0.1733008281504672,-0.0729315615611215,-0.1488649597103915
0.9207985242397552,-0.1743649973371399,-0.0752841981651386,-0.1452304935978453
0.9202379837662976,-0.1754161768740753,-0.0776316911450018,-0.1415422967264809
0.919652730074539,-0.1764534554668955,-0.079972797377232,-0.1377989483065732
0.91904227350547,-0.1774758623203713,-0.0823061887024479,-0.1339990876257093
0.9184061452603116,-0.1784823610704803,-0.0846304369485067,-0.1301414456939683
0.917743906763542,-0.1794718436943054,-0.0869439974731356,-0.1262248836699849
0.9170551605790758,-0.1804431255068682,-0.0892451934475413,-0.1222484353689341
0.9163395647159946,-0.1813949392444043,-0.0915321957392712,-0.1182113638472052
0.9155968491645852,-0.1823259309360888,-0.0938030040991659,-0.1141132240703569
0.9148268358169318,-0.1832346567592952,-0.0960554271465093,-0.1099539375638877
0.914029461051556,-0.1841195826711373,-0.0982870647861132,-0.1057338743132019
0.913204797961464,-0.1849790904180888,-0.1004953017475312,-0.1014539262762088
0.9123530817837068,-0.1858114857079487,-0.1026773015681625,-0.0971155925061577
0.9114747317139884,-0.1866150154015977,-0.1048300185748134,-0.0927210415971487
0.9105703653403832,-0.187387894736188,-0.1069502325070958,-0.0882731367975072
0.9096408099951844,-0.1881283379828527,-0.1090345903261798,-0.0837754494364822
0.908687095785587,-0.1888346022271461,-0.1110796849480696,-0.0792321903099306
0.9077104406816886,-0.1895050307180138,-0.1130821383765763,-0.0746481159191033
0.9067122192271316,-0.1901380988342396,-0.1150387019582339,-0.0700283725057633
0.905693921986646,-0.1907324539305199,-0.1169463528612335,-0.0653783147142585
0.9046571081831566,-0.1912869460445504,-0.1188023799851092,-0.0607033101762739
0.9036033559744115,-0.1918006466372009,-0.1206044511939153,-0.0560085486433618
0.9025342200206792,-0.1922728520297951,-0.1223506483390099,-0.0512988952063821
0.9014511946504729,-0.1927030757143868,-0.1240394791930489,-0.0465787747804507
0.9003556898152878,-0.1930910297089733,-0.1256698605936478,-0.0418521148864698
0.899249013360995,-0.1934366011422141,-0.1272410891822681,-0.0371223142018704
0.8981323677442086,-0.1937398239741748,-0.1287527923565048,-0.0323922690794459
0.8970068482481738,-0.1940008525368761,-0.1302048821280663,-0.0276644004178003
0.8958734508250896,-0.1942199355344502,-0.1315975021430422,-0.0229407150468147
0.8947330772487606,-0.1943973943620586,-0.1329309852047243,-0.0182228495989177
0.8935865470857026,-0.1945336036301443,-0.1342058089808173,-0.013512137377337
0.8924346070146422,-0.1946289758513749,-0.135422561532586,-0.0088096592570448
0.8912779394139677,-0.1946839491741617,-0.1365819129483137,-0.0041162877598723
0.8901171716343379,-0.1946989776861587,-0.1376845908614599,0.000567269184661
0.8889528844952527,-0.194674524146668,-0.1387313608447994,0.0052404301763471
0.8877852263707345,-0.1946110268538773,-0.1397233357882289,0.009904275976416
0.8866144219348122,-0.194508883855671,-0.1406614799901844,0.0145594960106459
0.885440903975896,-0.1943684870120425,-0.1415465379646768,0.019205881686262
0.8842650879168109,-0.1941902204323062,-0.1423792420941281,0.0238432355778245
0.8830873722503814,-0.1939744598718628,-0.1431603115670423,0.0284713715035039
0.88190814258829,-0.1937215729839592,-0.1438904492391916,0.0330901004522209
0.8807277734438854,-0.1934319196689682,-0.1445703407503535,0.0376992255703088
0.8795466285217685,-0.1931058522395157,-0.1452006547660886,0.0422985429571582
0.8783650606507152,-0.1927437154453012,-0.1457820433563811,0.0468878437387827
0.8771834139292656,-0.1923458471897107,-0.1463151413068095,0.0514669074608211
0.8760020255412317,-0.1919125794360298,-0.1468005659834037,0.0560354967562004
0.8748212228905972,-0.1914442374410408,-0.1472389191701182,0.0605933700238036
0.8736413255215979,-0.1909411405196618,-0.1476307866341019,0.0651402754554786
0.8724626465162306,-0.1904036028442607,-0.1479767381993385,0.0696759470556137
0.8712854918866635,-0.1898319334283228,-0.1482773285271918,0.0742001083106059
0.8701101593420835,-0.189226435613331,-0.1485330977972924,0.0787124781511516
0.8689369406061848,-0.1885874082699803,-0.1487445714625891,0.0832127631995771
0.8677661201051409,-0.1879151452210078,-0.148912260904894,0.0877006639012016
0.8665979758264599,-0.1872099357253042,-0.1490366635390541,0.0921758722539396
0.8654327798177908,-0.1864720648339417,-0.1491182630615019,0.0966380708691647
0.8642707961539098,-0.1857018120739997,-0.1491575297855544,0.101086941672182
0.8631122842313205,-0.1848994534956771,-0.1491549205867857,0.1055221541526008
0.8619574956457448,-0.1840652595332187,-0.1491108791455828,0.1099433781438342
0.860806671129779,-0.183199492311355,-0.1490258354702174,0.1143502963378148
0.859660050803607,-0.1823024129702915,-0.1489002064126454,0.1187425657950169
0.8585178686094134,-0.1813742777098907,-0.1487343957488607,0.1231198399627593
0.8573803528169136,-0.1804153379991047,-0.1485287942242259,0.1274817674175382
0.8562477260018445,-0.1794258403691932,-0.1482837795363495,0.1318279925956487
0.855120204624151,-0.1784060257949785,-0.1479997161591562,0.1361581580358406
0.8539979998603019,-0.1773561301497152,-0.1476769554140107,0.140471901784894
0.8528813171016572,-0.1762763834634713,-0.147315835218235,0.1447688599000413
0.8517703575923188,-0.175167011215709,-0.1469166804874253,0.1490486606973295
0.8506653165267616,-0.1740282321940532,-0.1464798023826386,0.1533109325996342
0.8495663841879415,-0.1728602592259254,-0.1460054984674957,0.1575553002714887
0.8484737465450607,-0.1716632994847041,-0.1454940528030964,0.1617813827965491
0.8473875840559366,-0.1704375528141329,-0.1449457351887471,0.1659887987791699
0.8463080740903325,-0.1691832140361256,-0.1443608021194101,0.1701771574156729
0.8452353882882803,-0.1679004695576047,-0.1437394952069786,0.1743460691620014
0.8441696947214783,-0.1665894993816751,-0.1430820420129125,0.1784951377778514
0.8431111587249795,-0.1652504778072058,-0.1423886564221563,0.1826239574630473
0.8420599397271331,-0.1638835689826542,-0.1416595363082507,0.1867321255973073
0.8410161948978834,-0.1624889309620993,-0.1408948655361104,0.1908192288897673
0.8399800787514227,-0.1610667148630027,-0.1400948135597816,0.1948848452402491
0.8389517416504003,-0.159617062318459,-0.1392595339625215,0.1989285499309337
0.8379313320452837,-0.1581401080115047,-0.1383891658390677,0.2029499071496727
0.8369189950913345,-0.1566359772035376,-0.1374838323519365,0.2069484757126569
0.8359148739904579,-0.1551047870887235,-0.1365436414923243,0.2109238040526815
0.8349191103965579,-0.1535466469121398,-0.1355686861790333,0.2148754288470102
0.8339318441548959,-0.1519616570383471,-0.1345590437061446,0.2188028762658756
0.8329532136274918,-0.1503499088647861,-0.1335147756969127,0.2227056608882116
0.8319833563247767,-0.1487114852661056,-0.1324359284237171,0.2265832833652422
0.8310224084827117,-0.1470464592747908,-0.1313225319857238,0.2304352322710906
0.830070506810889,-0.145354896477245,-0.1301746019653807,0.2342609772368097
0.8291277878766808,-0.1436368534367818,-0.1289921384909014,0.2380599715055313
0.8281943890592165,-0.1418923788416439,-0.1277751271379194,0.241831648168442
0.8272704481408976,-0.1401215121945117,-0.1265235381647909,0.2455754218600445
0.8263561051730527,-0.1383242868250637,-0.1252373288084876,0.2492906812220775
0.8254515018378965,-0.1365007282621673,-0.1239164423770299,0.2529767914511511
0.8245567834731952,-0.134650857910245,-0.1225608111837319,0.2566330859883406
0.8236720972583237,-0.1327746890430619,-0.1211703539587732,0.2602588738162984
0.8227975950956936,-0.1308722324839079,-0.119744980377474,0.2638534275542988
0.8219334344850444,-0.1289434986313921,-0.1182845931019573,0.2674159796297868
0.8210797783594352,-0.1269884973451626,-0.1167890882866548,0.2709457226820125
0.8202367938869651,-0.1250072352888429,-0.1152583541190772,0.2744418142723718
0.819404657701076,-0.1229997285059819,-0.1136922812005821,0.2779033549049853
0.8185835550131044,-0.1209660016283707,-0.1120907629308005,0.2813293912209101
0.8177736793169592,-0.1189060883602104,-0.1104536968838942,0.2847189167812493
0.816975234994052,-0.1168200396148262,-0.1087809923825975,0.2880708606876273
0.8161884374746722,-0.1147079262484846,-0.1070725740408242,0.291384086319759
0.8154135163329741,-0.1125698503119432,-0.1053283924049268,0.2946573776660602
0.8146507143572117,-0.1104059464836269,-0.1035484269501349,0.2978894425135764
0.8139002880430865,-0.1082163877504194,-0.1017326926663838,0.301078909680816
0.8131625116379025,-0.1060014026958957,-0.0998812566049071,0.3042243110863201
0.8124376757529271,-0.1037612786091944,-0.0979942430959587,0.3073240868076024
0.8117260879946953,-0.1014963713762794,-0.0960718448312003,0.3103765816301128
0.8110280744263608,-0.0992071196606407,-0.094114337962135,0.3133800380353721
0.8103439763168029,-0.0968940452346459,-0.0921220856986533,0.3163326095215055
0.8096741538130627,-0.0945577775236788,-0.0900955629160386,0.3192323442541842
0.8090189803331114,-0.0921990486353372,-0.0880353556856658,0.3220772088892342
0.808378842259444,-0.0898187069667864,-0.085942176884724,0.3248650898321938
0.8077541348509057,-0.0874177183935541,-0.0838168711024593,0.3275938111943685
0.8071452584548058,-0.0849971684544208,-0.0816604202896898,0.3302611518854207
0.8065526127011804,-0.082558256099041,-0.0794739416804007,0.3328648720159908
0.8059765902369829,-0.0801022836178785,-0.0772586818114884,0.3354027419094285
0.8054175715922574,-0.077630649002881,-0.0750160121708647,0.3378725667027165
0.8048759165446586,-0.0751448198270273,-0.0727474074199267,0.3402722269724855
0.8043519587970293,-0.0726463167363879,-0.0704544313807668,0.3425997053345864
0.803845998831199,-0.0701366835467969,-0.0681387098791911,0.344853121604727
0.8033582993702203,-0.0676174635302047,-0.0658019082345965,0.3470307568028477
0.8028890812980563,-0.0650901722180405,-0.0634457046308851,0.3491310753780587
0.8024385211003269,-0.0625562719642413,-0.0610717642463408,0.3511527407874949
0.8020067500958874,-0.06001715072106,-0.0586817165939943,0.353094623048668
0.8015938544720904,-0.0574741004607624,-0.0562771319547358,0.3549558025467075
0.8011998786817452,-0.0549283122496235,-0.0538595131572543,0.3567355584385974
0.8008248271654353,-0.0523808591466556,-0.0514302756962025,0.3584333642303786
0.8004686690805662,-0.0498326966720437,-0.0489907444382192,0.3600488693767498
0.8001313427062203,-0.0472846621099922,-0.0465421493891433,0.3615818818678046
0.7998127598604918,-0.0447374748290137,-0.0440856226197387,0.3630323503071069
0.7995128114229617,-0.0421917475422378,-0.0416222060089666,0.3644003405149484
0.7992313711439171,-0.0396479871867144,-0.0391528493195596,0.3656860195122287
0.7989683003244997,-0.037106605855496,-0.0366784182973903,0.3668896351744741
0.7987234518928308,-0.0345679311158133,-0.034199702560754,0.3680114983075629
0.798496673729092,-0.0320322133906719,-0.0317174209622592,0.369051967883541
0.7982878114160733,-0.029499630580788,-0.029232224520745,0.3700114386891327
0.798096711480604,-0.0269703026454509,-0.026744709384371,0.3708903265343074
0.797923223572247,-0.0244442994822672,-0.0242554235135752,0.3716890581868208
0.7977672018117897,-0.0219216403009328,-0.0217648651696887,0.3724080650226803
0.7976285069195701,-0.0194023076350579,-0.0192734959971909,0.3730477730067585
0.7975070073319839,-0.0168862514166603,-0.016781744490556,0.3736085972725941
0.7974025800113438,-0.0143733890133829,-0.0142900055681111,0.3740909380849705
0.7973151116602676,-0.0118636176490409,-0.0117986525207891,0.3744951749149427
0.7972444990959555,-0.0093568122902334,-0.0093080346533937,0.3748216643870526
0.7971906499254567,-0.0068528341432276,-0.0068184855177858,0.3750707368415263
0.797153482770687,-0.0043515273654256,-0.004330319497227,0.3752426949902421
0.7971329277173201,-0.001852729216732,-0.0018438417953712,0.3753378115562079
0.7971283770528481,-4.81944562383263e-13,1.5982295781952205e-12,0.3753588708894441
