2.96129544542861
0.7299930824281929,5.611584849820574e-24,4.538625345089443e-13,0.5727031978497328
0.7299947992653353,0.0020631108311697,0.0009531502655074,0.5726918660238799
0.7300054787277346,0.0055436034035392,0.0025610913421533,0.572621385059094
0.7300259418619446,0.009025128111473,0.0041694142013429,0.5724863728051444
0.7300562079298342,0.012508120154222,0.0057782616033049,0.5722867733451221
0.7300963028301357,0.0159929177619618,0.0073877335306837,0.572022521193745
0.7301462591854333,0.0194798512568209,0.0089979291371575,0.5716935409221092
0.7302061166414753,0.0229692617305605,0.01060895617077,0.571299745432785
0.730275921671656,0.0264614811130685,0.0122209225618348,0.5708410375428619
0.7303557280838257,0.029956854571605,0.0138339475482185,0.570317306998184
0.7304455969662348,0.0334557275501182,0.0154481564653083,0.5697284312351676
0.7305455970849847,0.0369584547210305,0.0170636856399658,0.5690742732389411
0.7306558050502372,0.0404653966996646,0.0186806816244764,0.5683546809889638
0.730776305715656,0.0439769243585085,0.0202993039233668,0.5675694854541925
0.7309071925875049,0.0474934209570969,0.0219197266973689,0.5667184986162617
0.7310485684455132,0.0510152879626665,0.0235421421525971,0.565801510219744
0.7312005451997269,0.054542930906324,0.0251667547194704,0.5648182895865717
0.7313632452353758,0.0580767813076564,0.0267937918348151,0.563768577899372
0.7315368016840592,0.0616172891010029,0.0284235011210864,0.5626520876036737
0.7317213587445596,0.0651649179492351,0.0300561488914414,0.5614685016101342
0.7319170730069134,0.0687201592392115,0.031692027245916,0.5602174662209373
0.732124113932418,0.0722835270616093,0.0333314524101879,0.5588985896885064
0.732342664398501,0.0758555550580745,0.0349747639360203,0.5575114405333218
0.7325729226491005,0.0794368148656037,0.0366223338412972,0.5560555371768463
0.7328151023172396,0.0830279009213039,0.0382745602836066,0.5545303500978177
0.7330694338472501,0.0866294378820687,0.0399318716530395,0.5529352953631211
0.7333361659632662,0.0902420860228249,0.0415947297569483,0.551269728230141
0.7336155668939185,0.0938665413754123,0.0432636306146012,0.5495329386511014
0.7339079255565536,0.0975035344418354,0.0449391046308548,0.547724147395824
0.7342135533996548,0.1011538359691837,0.0466217200660425,0.5458424985092528
0.7345327861063446,0.104818258837235,0.0483120847726213,0.5438870531338541
0.734865984991615,0.1084976551043195,0.0500108457607327,0.5418567857084607
0.7352135399764753,0.1121929289803384,0.0517186961902365,0.5397505711128198
0.7355758705438967,0.1159050254594415,0.0534363712137011,0.537567184756442
0.7359534289262223,0.1196349415903725,0.0551646543697795,0.535305289770344
0.7363467027113055,0.1233837285267405,0.0569043798404983,0.5329634285729448
0.7367562169959071,0.127152487430269,0.0586564319779125,0.530540017945118
0.7371825388216651,0.1309423843822425,0.0604217538035761,0.5280333314939732
0.7376262779598186,0.1347546296045982,0.0622013390616957,0.5254415046979294
0.7380880920522949,0.1385904942172168,0.0639962418866677,0.5227625152750736
0.7385686902804832,0.1424513099709824,0.0658075787546857,0.5199941735771225
0.7390688340016791,0.1463384433834071,0.0676365185649013,0.5171341315346001
0.739589342923124,0.1502533131743625,0.0694842931605017,0.5141798608209888
0.7401310952821215,0.1541973588484355,0.0713521850182204,0.5111286666155367
0.74069502879045,0.1581720175625462,0.0732415187596732,0.507977697546509
0.7412821403030599,0.1621786939690606,0.0751536491944171,0.5047239632782272
0.7418934807795845,0.1662187023888066,0.077089935806918,0.5013643780674841
0.742530145536788,0.1702931877053465,0.0790517062321502,0.4978958286569821
0.7431932570312657,0.1744030137596342,0.0810402027059149,0.4943152795714713
0.743883937848566,0.1785486142148498,0.0830565081352788,0.4906199253290661
0.7446032667901432,0.1827297759724465,0.0851014359226731,0.4868074231874158
0.7453522190327525,0.1869453790795861,0.0871753933113924,0.4828761946671658
0.7461315852290812,0.1911930807830888,0.0892782102118488,0.4788258157327679
0.746941873411632,0.195468983188491,0.0914089507718805,0.4746574670940808
0.7477832026073254,0.1997673415524357,0.0935657346279587,0.4703743920694282
0.7486552136698221,0.2040804372927354,0.0957456304912281,0.4659822303845954
0.749557027928586,0.2083987307787428,0.0979446844114293,0.4614890828949191
0.750487282829543,0.2127113678408113,0.1001581287712791,0.4569051837887024
0.7514442570019126,0.2170070128762631,0.1023807697080968,0.4522421518441495
0.7524260604443306,0.2212748218343134,0.1046074677530674,0.4475119740060499
0.753430838435227,0.2255052958610837,0.1068335824395043,0.4427259911007494
0.7544569382284906,0.2296908209321991,0.1090552762632491,0.4378941290428325
0.7555030043596931,0.2338258156641371,0.1112696276589165,0.4330245176391516
0.7565680092476397,0.2379065891993236,0.1134745956329632,0.4281234370632065
0.7576512324538124,0.2419310178525955,0.1156688851198206,0.4231955054437621
0.7587522155776719,0.2458981761876673,0.1178517807179452,0.4182439669341365
0.759870705467352,0.2498079795375838,0.1200229778848697,0.4132710151234736
0.7610066092117722,0.2536609182924983,0.1221824562672096,0.4082780453846747
0.7621599474217965,0.2574578255022731,0.1243303645456451,0.4032658991893984
0.7633308211482229,0.2611997223845285,0.1264669430982405,0.398235034826157
0.7645193909221849,0.2648877240865324,0.1285924768077806,0.3931856361793632
0.7657258520176697,0.2685229482050911,0.1307072464690455,0.3881177304944426
0.7669504257270437,0.272106483753986,0.1328115128091369,0.3830312324686827
0.7681933441241162,0.2756393465947696,0.1349054913026645,0.3779260121934488
0.7694548475651005,0.2791224768500904,0.1369893505967147,0.3728019072603938
0.7707351768466834,0.2825567228017067,0.1390632024938862,0.3676587554565812
0.7720345710803264,0.2859428424435653,0.1411271020534339,0.3624964027511879
0.77335326496914,0.2892815037195031,0.1431810467878942,0.3573147130859836
0.7746914847760403,0.2925732820149422,0.1452249740224476,0.3521135825704887
0.7760494478013016,0.2958186668553108,0.147258763841966,0.3468929393126183
0.7774273649977538,0.2990180752349826,0.1492822463711222,0.3416527313556758
0.7788254337814473,0.3021718414322173,0.1512951943432923,0.336392952045485
0.7802438430402001,0.3052802353601284,0.1532973336894679,0.3311136185975978
0.7816827699144339,0.3083434611266908,0.1552883417695079,0.3258147821251654
0.7831423800153174,0.3113616632800067,0.1572678505463793,0.3204965245567374
0.7846228264113083,0.3143349300307317,0.1592354479089748,0.3151589601416587
0.7861242510537928,0.317263301056128,0.1611906821259547,0.3098022281871617
0.7876467823876466,0.320146767274597,0.1631330610945529,0.304426499631265
0.7891905363696232,0.3229852772116611,0.1650620560358313,0.2990319713562074
0.7907556174739535,0.3257787426416293,0.1669771048784383,0.293618860885787
0.7923421164458221,0.3285270380420231,0.1688776115112875,0.2881874124805573
0.793950108966202,0.3312300019635276,0.1707629463257908,0.2827378997960916
0.795579660834185,0.3338874489728243,0.1726324542469335,0.2772706066282859
0.7972308219474232,0.336499162349381,0.1744854494536398,0.271785845833937
0.7989036267660434,0.3390648981042266,0.1763212179460557,0.266283955932075
0.8005981019971696,0.3415843991791142,0.1781390276096422,0.2607652745135496
0.8023142528614109,0.3440573769406369,0.1799381148773612,0.2552301819525867
0.8040520742984426,0.3464835304998317,0.1817176985635367,0.2496790633487633
0.8058115463681824,0.3488625417939607,0.1834769763768466,0.2441123224189611
0.8075926326492447,0.3511940755926293,0.1852151249232072,0.238530385280928
0.8093952847816835,0.3534777873992729,0.186931305647697,0.2329336850628748
0.8112194374870676,0.3557133185913301,0.1886246613379944,0.2273226765472308
0.8130650104826852,0.3579003006902161,0.1902943194334241,0.2216978291241401
0.8149319092119424,0.3600383576957606,0.1919393939750805,0.2160596237156445
0.8168200234466092,0.3621271058205793,0.1935589855986761,0.2104085562359975
0.8187292260400202,0.3641661536004784,0.1951521817958655,0.2047451404530634
0.8206593770795421,0.3661551076403022,0.1967180616162647,0.1990698949254479
0.8226103179459049,0.3680935674939528,0.1982556919059001,0.1933833599426787
0.8245818763069064,0.369981132035464,0.1997641325635594,0.1876860821644989
0.8265738644156425,0.3718173986071942,0.2012424361700966,0.1819786191774137
0.8285860761320968,0.3736019613542506,0.2026896469076033,0.1762615474658608
0.8306182924846135,0.3753344172359222,0.2041048056958836,0.1705354460585466
0.8326702766254265,0.377014362325826,0.2054869475050323,0.1648009105280268
0.8347417793828028,0.3786413972252211,0.2068351060974421,0.1590585370872289
0.8368325320290328,0.3802151219082817,0.2081483100923407,0.1533089424937236
0.838942252134273,0.3817351411521741,0.2094255877562847,0.1475527474825092
0.8410706409027616,0.3832010630557654,0.2106659660972296,0.1417905839721115
0.84321738588621,0.3846125014816181,0.2118684732417229,0.136023087576584
0.845382158450288,0.3859690747516775,0.2130321376537795,0.1302509044212652
0.8475646127146663,0.3872704056394173,0.2141559884122423,0.124474693795118
0.8497643928423793,0.3885161261236529,0.2152390596223015,0.1186951088583611
0.8519811220541946,0.3897058712815662,0.2162803854355269,0.1129128257047356
0.8542144144303951,0.3908392863395859,0.2172790064684562,0.1071285123977165
0.8564638671874168,0.391916022578301,0.2182339665295452,0.10134284937126
0.8587290638666845,0.3929357393248466,0.2191443146353802,0.0955565212255432
0.8610095761811444,0.3938981048396845,0.2200091060799265,0.0897702122695648
0.8633049592047164,0.3948027943602312,0.2208274009350601,0.0839846189779254
0.8656147575186067,0.395649492807438,0.2215982667210076,0.0782004346252829
0.8679385024390778,0.3964378935711526,0.2223207775480232,0.0724183566446354
0.8702757112405777,0.3971676983506222,0.2229940141714453,0.0666390887950898
0.8726258919523906,0.3978386186368875,0.2236170655508246,0.0608633296031105
0.8749885371143513,0.3984503737197621,0.2241890271846902,0.0550917881165433
0.8773631308627089,0.399002692618204,0.2247090030567809,0.0493251668237134
0.8797491455225037,0.3994953128683758,0.2251761046491196,0.0435641704325316
0.8821460421716842,0.399927980521469,0.2255894510487976,0.0378095048342
0.8845532724103287,0.4003004502303526,0.225948169122947,0.0320618732284719
0.8869702786422836,0.4006124848974219,0.2262513932547873,0.0263219758900028
0.8893964926924318,0.4008638551363319,0.2264982648665054,0.0205905138500471
0.8918313371463482,0.401054339129103,0.2266879322946847,0.0148681860682157
0.8942742268041148,0.4011837222877244,0.2268195504530624,0.0091556864092521
0.8967245689975012,0.4012517966819177,0.2268922802347732,0.0034537033268147
0.8991817609284175,0.4012583604503735,0.2269052878535088,-0.0022370735872824
0.9016451954752576,0.4012032173150304,0.22685774427156,-0.0079159667382439
0.9041185353774122,0.4010859194487899,0.2267485820663702,-0.0135920973843626
0.9066017563329988,0.4009059073389475,0.2265766063801641,-0.0192660330121752
0.9090943118789192,0.4006626208209903,0.2263406113079933,-0.024937162333655
0.9115956335561448,0.4003554943552008,0.2260393761390045,-0.0306048517656812
0.9141051327654116,0.3999839568493581,0.2256716646704795,-0.0362684504265314
0.9166221961119712,0.3995474323178749,0.2252362253143847,-0.0419272804333198
0.9191461910652142,0.3990453389698835,0.2247317896123917,-0.0475806505106849
0.9216764607306832,0.3984770899107549,0.2241570723100186,-0.0532278450799763
0.9242123242276984,0.3978420930612652,0.2235107706198499,-0.0588681260694955
0.92675308015199,0.3971397500104338,0.2227915623415762,-0.0645007415562471
0.9292980045910484,0.3963694559173964,0.2219981049770235,-0.0701249222761342
0.9318463512025058,0.3955305988757587,0.2211290342343276,-0.0757398828058099
0.93439735186207,0.3946225588995998,0.2201829620610995,-0.0813448240468565
0.9369502194809902,0.3936447057707872,0.2191584733885591,-0.0869389405028113
0.9395041451804022,0.392596398618999,0.2180541245694754,-0.092521415229625
0.9420583023306748,0.391476982636376,0.2168684386913597,-0.0980914299369217
0.9446118466079076,0.3902857867697682,0.2155999017468404,-0.1036481664362371
0.9471639184595464,0.3890221198663294,0.2142469569836715,-0.1091908134728048
0.9497136431963646,0.3876852673096047,0.2128079995621308,-0.1147185685431947
0.952260138760564,0.3862744828441581,0.2112813657765554,-0.1202306565398207
0.9548025104139614,0.3847889863239752,0.2096653283436101,-0.1257263202711457
0.9573398618459472,0.3832279514482515,0.2079580805057058,-0.1312048468426641
0.959871294364165,0.3815904985642583,0.2061577251473296,-0.13666556859153
0.9623959143786772,0.3798756809085912,0.2042622562177577,-0.142107882413514
0.9649128382586988,0.3780824701432765,0.2022695386848236,-0.1475312639863667
0.967421199298534,0.3762097378534477,0.2001772832158201,-0.152935287283711
0.9699201542544462,0.3742562341358985,0.1979830166371589,-0.1583196441070243
0.9724088939278948,0.3722205591350521,0.1956840432918209,-0.1636841735396204
0.9748866524623206,0.3701011304907827,0.1932774002821307,-0.1690288901748253
0.9773527201281422,0.3678961417977411,0.190759800697313,-0.1743540218522902
0.9798064557711648,0.3656035136479145,0.1881275660925666,-0.1796600492334553
0.982247302891596,0.3632208319066806,0.1853765414986385,-0.1849477565305678
0.98467480146544,0.3607452784152611,0.1825019981688331,-0.1902182772830706
0.987088601793023,0.3581735460585534,0.1794985139271115,-0.1954731499385768
0.9894884664820296,0.3555017501172862,0.1763598439681606,-0.2007143544641267
0.9918742509590028,0.3527253473031627,0.173078794849556,-0.2059443102058177
0.9942458381266656,0.3498390960357307,0.1696471413542397,-0.2111657820266476
0.9966029611037778,0.3468371575323838,0.1660557070156156,-0.2163815468181242
0.998944799482114,0.3437135396635768,0.1622948590104607,-0.2215935554656137
1.0012691192078784,0.3404633251786391,0.1583559733275356,-0.2268010453961096
1.0035705799724004,0.3370855141423362,0.1542349334486986,-0.2319966769299856
1.0058379865274818,0.3335883904366331,0.149938888231542,-0.2371600102634953
1.0080515577666205,0.3299964875658955,0.1454952937620593,-0.2422505073384957
1.010184244173847,0.3263524908816916,0.140955031584117,-0.2472092675960794
1.012210344247514,0.3227057570777633,0.1363788086374932,-0.2519778216154072
1.014114961613892,0.3190947329010034,0.1318151948702932,-0.2565202345862561
1.0158953655418674,0.315540014722669,0.1272912791034246,-0.2608275152029253
1.0175563784084558,0.3120486613074777,0.1228174186799511,-0.264908000845744
1.0191058281218963,0.3086206255359468,0.1183949714738498,-0.2687772834472519
1.020552038699355,0.3052529635668052,0.1140214781364933,-0.272452484418868
1.0219027975394248,0.3019419235107308,0.1096932848808771,-0.2759498168243378
1.023165056513225,0.2986838137570263,0.1054066626497517,-0.2792838240965937
1.024344921762732,0.2954753190328359,0.1011582356836239,-0.2824672946633499
1.0254477447208168,0.2923135711493967,0.096945096827568,-0.2855114255300133
1.0264782337308522,0.2891961268463052,0.0927648003123348,-0.2884260458266739
1.0274405579953547,0.286120916762994,0.0886153134814338,-0.2912198315551652
1.0283384390649162,0.2830861807328882,0.0844949466963002,-0.2939004998263712
1.029175219900557,0.2800904300231561,0.0804023164574671,-0.2964749516410586
1.029953929957811,0.2771323845113447,0.0763362717427841,-0.2989494151742357
1.0306773300857095,0.2742109472811573,0.0722958688465136,-0.3013295388670686
1.031347955098169,0.2713251609619316,0.0682803192797434,-0.3036204864389986
1.0319681427445224,0.2684741945445736,0.0642889781204203,-0.3058269959624556
1.0325400622215193,0.2656573133759552,0.0603213078293047,-0.3079534441059114
1.033065735124462,0.2628738649021425,0.0563768628402487,-0.3100038907854677
1.03354705367188,0.2601232633494216,0.0524552718383054,-0.3119821191939126
1.0339857956723852,0.2574049782060713,0.0485562246657737,-0.313891668435117
1.0343836366258954,0.2547185281556651,0.0446794664799137,-0.3157358586916096
1.034742161320984,0.252063467584489,0.0408247807464904,-0.317517818532081
1.0350628722732211,0.2494393842047609,0.0369919877794455,-0.3192405019194249
1.0353471978677349,0.2468458910927705,0.0331809348957223,-0.3209067069977403
1.035596498773938,0.2442826246124812,0.0293914948496563,-0.3225190892110313
1.0358120740051957,0.2417492384562721,0.0256235583411568,-0.3240801754750935
1.0359951658892312,0.239245400906258,0.0218770310157698,-0.3255923749771335
1.0361469643009642,0.2367707950252466,0.0181518347192556,-0.32705798720517
1.036268610795406,0.2343251138093147,0.0144479010902668,-0.328479212136288
1.0363612021053623,0.2319080554897285,0.0107651650980557,-0.3298581593586629
1.036425792899645,0.229519326582706,0.0071035702143191,-0.3311968520343698
1.0364633985625265,0.2271586410364467,0.0034630676990846,-0.3324972326776437
1.0364749977090484,0.224825715007773,-0.0001563909775011,-0.3337611707740061
1.036461534296882,0.2225202721639886,-0.003754845544781,-0.3349904641556844
1.0364238900906837,0.2202406815654008,-0.0073344717981273,-0.3361875530530904
1.0363628685347133,0.2179856051474023,-0.0108970354298795,-0.3373546270604244
1.0362792507775236,0.2157548811792125,-0.0144424702756585,-0.3384931968866921
1.0361737967404283,0.2135483566703381,-0.017970694657175,-0.3396047244451586
1.0360472458982417,0.2113658756689671,-0.0214816296453107,-0.3406906310123009
1.0359003181909854,0.2092072802486824,-0.0249751974163649,-0.3417522985632762
1.0357337149541486,0.2070724118115551,-0.0284513190476258,-0.3427910708476231
1.03554811946592,0.2049611081130956,-0.0319099192780863,-0.3438082564210552
1.035344197733442,0.2028732048926379,-0.0353509238457102,-0.3448051292854546
1.035122599045628,0.2008085350363456,-0.0387742608443173,-0.3457829306302843
1.034883956675749,0.1987669297689828,-0.0421798587491767,-0.3467428695070115
1.0346288880739236,0.1967482157783085,-0.0455676512297529,-0.3476861253320341
1.0343579955889568,0.1947522175600029,-0.0489375733092093,-0.3486138478438506
1.034071866896116,0.1927787571670091,-0.0522895618159711,-0.3495271582250834
1.03377107551181,0.1908276548201703,-0.0556235543864185,-0.3504271497571224
1.0334561805275506,0.188898724865303,-0.0589394964654675,-0.3513148905571002
1.0331277277558684,0.1869917811267918,-0.0622373322704523,-0.3521914219297282
1.0327862498022158,0.1851066350688562,-0.0655170079851241,-0.3530577599959553
1.0324322659800644,0.1832430937969155,-0.0687784753592496,-0.3539148973443264
1.0320662832393968,0.1814009636843361,-0.0720216855108953,-0.354763802060274
1.031688795935688,0.1795800477313908,-0.07524659364549,-0.3556054196020787
1.0313002862349991,0.1777801465319878,-0.0784531575043844,-0.3564406729892405
1.0309012243392388,0.176001058319495,-0.0816413374176521,-0.3572704633873146
1.030492068767651,0.1742425793162641,-0.0848110958143116,-0.3580956705264649
1.0300732667956092,0.1725045047224805,-0.0879623955568137,-0.358917152790025
1.0296452541273484,0.170786626551263,-0.091095203989347,-0.3597357487698361
1.0292084555456946,0.1690887356643991,-0.0942094894041751,-0.3605522768294087
1.0287632850066728,0.1674106214286904,-0.0973052217886082,-0.3613675357636027
1.028310145741375,0.1657520715055617,-0.1003823733528419,-0.3621823053888591
1.0278494305699777,0.1641128724615194,-0.1034409175417696,-0.3629973467207436
1.0273815221357046,0.1624928100449017,-0.1064808286422162,-0.3638134022905503
1.026906792790759,0.1608916682964969,-0.1095020835849431,-0.3646311970420067
1.0264256049945184,0.1593092304873121,-0.112504660331387,-0.365451438308024
1.0259383115551333,0.1577452794519147,-0.1154885373623153,-0.366274816063059
1.025445255747414,0.1561995975187373,-0.1184536939251178,-0.367102003371715
1.024946771341601,0.1546719662039798,-0.1214001107465123,-0.3679336569671114
1.0244431828225224,0.1531621665309319,-0.1243277695515676,-0.3687704174964685
1.0239348058127475,0.1516699799202997,-0.1272366514495214,-0.3696129094237756
1.0234219469054513,0.1501951873102964,-0.1301267387453102,-0.3704617419033871
1.0229049040398204,0.1487375699117143,-0.132998013578205,-0.3713175087424199
1.0223839663698044,0.1472969085031862,-0.1358504594135899,-0.3721807891960406
1.0218594150470792,0.1458729852763852,-0.1386840574912252,-0.3730521472407073
1.0213315226997854,0.1444655820498964,-0.1414987904441617,-0.3739321329999232
1.020800553839574,0.1430744810921162,-0.1442946407681941,-0.3748212826285009
1.0202667651605704,0.1416994655937668,-0.1470715899515037,-0.3757201183650919
1.0197304056540224,0.1403403196405803,-0.1498296185931808,-0.3766291488826218
1.019191716563781,0.1389968278040438,-0.1525687073035181,-0.3775488699060777
1.0186509317043977,0.1376687756612329,-0.1552888357192098,-0.3784797642135427
1.0181082777588164,0.1363559502258031,-0.1579899816709232,-0.3794223016538355
1.0175639739968707,0.1350581389777055,-0.1606721232281734,-0.3803769401631354
1.017018232887347,0.133775131066762,-0.1633352362732802,-0.3813441252292797
1.0164712600130514,0.1325067168173013,-0.1659792955572284,-0.3823242905550404
1.0159232541413303,0.1312526876313993,-0.1686042749437744,-0.3833178584582132
1.0153744075788256,0.1300128365417752,-0.1712101462874418,-0.3843252397519017
1.0148249063884829,0.1287869584219607,-0.1737968790051965,-0.3853468338480728
1.0142749301555671,0.127574849197993,-0.1763644417545964,-0.3863830296973625
1.013724652569682,0.1263763068865973,-0.1789128002563574,-0.3874342052102048
1.0131742412960507,0.1251911310434709,-0.1814419184633619,-0.3885007279884862
1.012623858077097,0.1240191227400273,-0.1839517586187451,-0.3895829556372843
1.0120736591656694,0.1228600852391458,-0.186442279806581,-0.3906812354102166
1.0115237950684084,0.121713823200754,-0.1889134396446787,-0.3917959052024772
1.0109744108865917,0.1205801431656051,-0.1913651932386349,-0.3929272933697632
1.010425646523683,0.11945885374122,-0.1937974927590031,-0.3940757187820571
1.0098776369575144,0.1183497659100322,-0.1962102867417442,-0.3952414907148882
1.009330511901075,0.1172526921031529,-0.1986035220712012,-0.3964249100338662
1.0087843961594316,0.1161674467039257,-0.2009771428610532,-0.3976262689277596
1.0082394100359648,0.1150938466230364,-0.2033310891563585,-0.3988458504729059
1.007695668966614,0.1140317103452523,-0.2056652989772887,-0.4000839298955663
1.00715328426594,0.1129808591710324,-0.2079797055489896,-0.4013407733417261
1.0066123624574934,0.111941115690254,-0.2102742406079718,-0.4026166398535232
1.006073006075998,0.1109123051258437,-0.2125488313940398,-0.4039117799679609
1.0055353133238611,0.1098942544571326,-0.2148034025270825,-0.4052264369578473
1.0049993785092353,0.1088867930476815,-0.2170378745609538,-0.4065608462197237
1.0044652920052632,0.1078897523575732,-0.2192521645563237,-0.4079152357898971
1.0039331403515663,0.1069029659325906,-0.2214461860401429,-0.4092898265209483
1.0034030065608457,0.1059262697723162,-0.2236198481184886,-0.4106848317059995
1.0028749698271018,0.1049595015942637,-0.2257730570426292,-0.4121004582526215
1.0023491061110013,0.1040025017184363,-0.2279057141672708,-0.4135369055469322
1.0018254876940422,0.1030551120619838,-0.2300177181140641,-0.4149943670569857
1.001304183933055,0.10211717732384,-0.2321089620538123,-0.4164730286600555
1.0007852608444316,0.1011885440436319,-0.2341793357242164,-0.4179730701640476
1.0002687814750664,0.1002690610899166,-0.236228724260415,-0.4194946646441964
0.9997548058286884,0.0993585793496707,-0.2382570088045446,-0.4210379790247407
0.999243390950341,0.0984569517071655,-0.2402640664679284,-0.4226031742172314
0.9987345911276436,0.0975640332296453,-0.2422497698312748,-0.4241904048831673
0.9982284579335232,0.096679681073564,-0.2442139870665003,-0.4257998196544554
0.9977250404555342,0.0958037547193797,-0.2461565813283317,-0.4274315607475222
0.9972243851185736,0.0949361154996335,-0.2480774117142706,-0.4290857648674824
0.996726535737228,0.0940766265359766,-0.2499763333103277,-0.4307625634181722
0.996231534100619,0.0932251535934576,-0.2518531952133596,-0.4324620808683341
0.9957394193985544,0.092381563936134,-0.2537078429700413,-0.4341844369995641
0.9952502288913362,0.0915457273297469,-0.2555401162767039,-0.4359297449234582
0.9947639973679364,0.0907175149664504,-0.2573498512518021,-0.4376981132928992
0.9942807577246414,0.089896800311498,-0.2591368784853721,-0.439489644564342
0.9938005409342326,0.0890834589063432,-0.2609010233872477,-0.4413044353596952
0.993323375807211,0.0882773678267562,-0.2626421072721945,-0.4431425776660592
0.9928492893325682,0.0874784061265872,-0.264359946300886,-0.4450041578626992
0.992378306954386,0.0866864551692635,-0.2660543506871648,-0.4468892558740817
0.99191045192832,0.0859013974152967,-0.267725127208319,-0.4487979480007341
0.9914457462907972,0.0851231179248675,-0.2693720759036356,-0.4507303032985969
0.9909842101059996,0.0843515029688638,-0.2709949929485463,-0.452686386885221
0.9905258621962124,0.0835864411307169,-0.2725936682364437,-0.4546662571560131
0.9900707195586402,0.0828278222121925,-0.2741678875953214,-0.4566699684969617
0.9896187978789668,0.0820755379751348,-0.2757174311438812,-0.458697569337291
0.9891701114835578,0.0813294819465922,-0.2772420736244543,-0.4607491025505058
0.988724673299662,0.0805895492410114,-0.278741584687711,-0.4628246058564116
0.9882824949412218,0.0798556365939793,-0.2802157287395624,-0.4649241116577315
0.9878435868773062,0.0791276425348381,-0.2816642645199398,-0.4670476464434813
0.987407958189663,0.0784054668799517,-0.2830869460378489,-0.4691952321596168
0.9869756171352908,0.0776890115633029,-0.2844835208564295,-0.4713668836477196
0.9865465703821804,0.0769781792696809,-0.2858537326999438,-0.4735626126347279
0.9861208238769996,0.0762728747748656,-0.2871973187588301,-0.4757824235863485
0.9856983826190572,0.0755730044751494,-0.2885140105666783,-0.478026314936638
0.9852792502354192,0.0748784755899075,-0.2898035354230861,-0.4802942815455158
0.9848634296481444,0.0741891971752992,-0.2910656144065263,-0.4825863113521944
0.9844509229910506,0.0735050798971314,-0.2922999627704808,-0.484902385890332
0.9840417312633478,0.0728260353688853,-0.2935062910795162,-0.4872424823819604
0.9836358548100562,0.0721519768625849,-0.2946843038590503,-0.4896065712033054
0.9832332930908088,0.0714828188414939,-0.2958337003800639,-0.49199461731796
0.9828340450449716,0.0708184774851847,-0.2969541737086864,-0.4944065782353743
0.9824381083560432,0.0701588693853658,-0.2980454128594598,-0.4968424085727175
0.9820454805200208,0.0695039132451014,-0.2991070998797635,-0.4993020537192132
0.9816561582216716,0.0688535287648309,-0.3001389116975501,-0.5017854536794215
0.9812701371728914,0.0682076362948414,-0.3011405205741601,-0.5042925443238104
0.980887412905558,0.0675661580867595,-0.3021115920917903,-0.5068232524010715
0.9805079802707456,0.0669290173859302,-0.3030517865734782,-0.509377498784732
0.9801318334720128,0.0662961384154693,-0.3039607590435793,-0.5119551983933425
0.9797589662269574,0.0656674465781826,-0.3048381588897679,-0.5145562591964938
0.979389371608412,0.0650428681208743,-0.3056836302980933,-0.5171805834068745
0.9790230424635794,0.0644223307759102,-0.3064968113503386,-0.5198280645890533
0.9786599711518018,0.0638057632555091,-0.3072773347254133,-0.5224985895130281
0.9783001492944376,0.0631930947610567,-0.3080248282587572,-0.5251920401254178
0.9779435684440017,0.0625842560575563,-0.308738913570601,-0.527908288666785
0.9775902197674096,0.0619791788772977,-0.3094192068471517,-0.5306471999744842
0.9772400937973246,0.0613777954323685,-0.3100653193475068,-0.5334086335030818
0.9768931809807208,0.0607800392953226,-0.3106768564039874,-0.5361924391075963
0.9765494713372918,0.0601858447570449,-0.3112534181413597,-0.5389984597109906
0.9762089546622648,0.0595951471196568,-0.3117945991729071,-0.5418265297041966
0.9758716203943588,0.0590078824131325,-0.3122999888812022,-0.5446764760352868
0.9755374577373632,0.0584239875513973,-0.3127691712733509,-0.5475481172221986
0.9752064556773472,0.0578434003100494,-0.3132017250268682,-0.5504412631875865
0.9748786029296712,0.0572660591813644,-0.3135972236194068,-0.5533557157144652
0.974553888119972,0.0566919036419204,-0.3139552351718,-0.5562912668239082
0.9742322997217906,0.0561208739954989,-0.3142753226272087,-0.5592476992504296
0.9739138259256088,0.0555529110911127,-0.314557043942606,-0.5622247876260258
0.9735984548047386,0.0549879565679725,-0.3147999519715019,-0.5652222969490408
0.9732861743634889,0.0544259528961631,-0.315003594521514,-0.5682399820512627
0.9729769725322543,0.0538668433238908,-0.3151675144668082,-0.5712775875496485
0.972670837027654,0.0533105715790188,-0.3152912498991038,-0.5743348491661435
0.972367755757838,0.0527570825612255,-0.3153743340502805,-0.5774114896119735
0.9720677163677096,0.0522063214740517,-0.3154162955940695,-0.5805072230204078
0.9717707064585244,0.0516582341790883,-0.3154166586220653,-0.583621752710772
0.9714767137941376,0.0511127675378679,-0.3153749427895809,-0.5867547688815073
0.9711857244348217,0.0505698658892686,-0.3152906628852776,-0.5899059687172509
0.9708977260721564,0.0500294771941731,-0.3151633293804201,-0.5930750207710034
0.9706127064940272,0.0494915501763132,-0.3149924487361065,-0.5962615807311593
0.970330653591882,0.0489560343024632,-0.3147775236108744,-0.5994652911409241
0.9700515553174308,0.0484228796666496,-0.3145180530276836,-0.6026857817004208
0.9697753997936258,0.0478920371690502,-0.3142135326826875,-0.6059226677967459
0.9695021751488204,0.0473634581660004,-0.3138634549946424,-0.6091755522365432
0.9692318697912636,0.046837094968072,-0.3134673096638278,-0.6124440218007282
0.9689644722982652,0.0463129006016294,-0.3130245838678121,-0.61572764826296
0.9686999713786096,0.0457908287074645,-0.3125347624862035,-0.6190259886141648
0.9684383559990432,0.0452708337639572,-0.3119973286417992,-0.6223385832402183
0.9681796153511752,0.0447528710006907,-0.311411764029547,-0.6256649560236185
0.9679237387761696,0.0442368962245346,-0.3107775491102457,-0.6290046150409111
0.9676707161830106,0.0437228666459746,-0.3100941646060175,-0.6323570467640888
0.9674205375062304,0.043210739771104,-0.3093610906598946,-0.6357217227796351
0.967173193123094,0.0427004742310462,-0.3085778084208012,-0.6390980939662237
0.9669286737362308,0.0421920295362097,-0.3077438003529447,-0.6424855916322222
0.9666869705068786,0.0416853663480899,-0.3068585513568771,-0.6458836252488721
0.966448074860724,0.0411804460715637,-0.3059215488032542,-0.6492915847259702
0.9662119786518256,0.0406772311949469,-0.3049322838463827,-0.652708837712205
0.965978674265032,0.0401756855165292,-0.3038902527551044,-0.6561347276047476
0.9657481544038352,0.0396757736999625,-0.3027949569282477,-0.6595685761515339
0.9655204123505636,0.0391774618460423,-0.3016459050477374,-0.6630096791412748
0.9652954418094772,0.0386807171725626,-0.3004426134539982,-0.6664573082025121
0.9650732370570778,0.0381855083664682,-0.2991846080872038,-0.6699107080033135
0.9648537929356484,0.0376918056038592,-0.2978714258173519,-0.6733690957505022
0.96463710471441,0.0371995802714432,-0.2965026149859653,-0.6768316628346687
0.9644231683464908,0.0367088055863151,-0.2950777384503791,-0.6802975702126056
0.964211980247642,0.0362194561417743,-0.2935963738108598,-0.6837659513671798
0.9640035374518828,0.0357315083147005,-0.2920581161142367,-0.6872359092583902
0.9637978375800312,0.0352449402560173,-0.2904625795130777,-0.6907065162583776
0.9635948788478812,0.0347597319785584,-0.2888093992998772,-0.6941768134625468
0.9633946600587758,0.0342758654154641,-0.2870982339450074,-0.6976458102801791
0.9631971806078404,0.033793324513883,-0.2853287673524901,-0.701112483849912
0.96300244034996,0.0333120949991989,-0.2835007099544727,-0.7045757809116064
0.9628104399046404,0.0328321652240169,-0.2816138039897584,-0.7080346119659301
0.9626211802877688,0.0323535253676072,-0.2796678226773915,-0.7114878573998175
0.962434663116466,0.0318761680563175,-0.2776625748406351,-0.7149343634981009
0.962250890355528,0.03140008783731,-0.2755979050059914,-0.7183729468356106
0.9620698645267456,0.0309252818373105,-0.2734736984725923,-0.7218023902383136
0.9618915885301288,0.0304517494368132,-0.271289882327387,-0.7252214459804516
0.9617160655691176,0.0299794922032754,-0.2690464274460569,-0.7286288372451835
0.9615432992274314,0.0295085142375213,-0.2667433524850719,-0.7320232567398418
0.961373293238332,0.0290388216949947,-0.2643807239463395,-0.7354033714038052
0.9612060515780196,0.0285704231837469,-0.2619586604163393,-0.73876782093419
0.9610415782027132,0.0281033291788236,-0.2594773318198392,-0.7421152235272713
0.9608798770617112,0.0276375521887052,-0.2569369622954157,-0.7454441763315245
0.9607209520497076,0.0271731067587613,-0.2543378322421702,-0.7487532572104251
0.9605648069507254,0.0267100094511682,-0.251680280177684,-0.7520410268065518
0.9604114451170296,0.026248278019975,-0.2489646997237195,-0.7553060364146333
0.9602608696511687,0.0257879320599427,-0.2461915447952647,-0.7585468254725307
0.9601130831665038,0.0253289923977331,-0.2433613274175394,-0.7617619280707894
0.9599680873117192,0.0248714796732781,-0.2404746097644192,-0.7649498850643852
0.9598258839819878,0.0244154182337784,-0.2375320295438766,-0.7681092192223827
0.959686473555464,0.0239608306390224,-0.2345342660269519,-0.7712384758645611
0.9595498556037616,0.0235077398750117,-0.2314820537543185,-0.7743362095830425
0.9594160289879272,0.0230561697063249,-0.2283761850904165,-0.7774009841617358
0.9592849916732348,0.0226061440906088,-0.2252175063154471,-0.7804313789284729
0.959156740434583,0.022157686141214,-0.222006909842041,-0.7834259979462134
0.959031270765544,0.0217108177034689,-0.2187453299736059,-0.786383474786819
0.9589085769446932,0.0212655594560707,-0.2154337421521711,-0.789302473665599
0.958788652656763,0.0208219330942647,-0.2120731781108838,-0.7921816770994141
0.9586714898241424,0.0203799569536798,-0.2086646916901705,-0.7950198162955384
0.9585570791112852,0.0199396476008765,-0.2052093682134042,-0.7978156619669609
0.958445410415667,0.0195010215665515,-0.2017083362460913,-0.8005680147973699
0.9583364721660216,0.0190640924636938,-0.1981627429151021,-0.8032757250267523
0.9582302516351748,0.01862887192966,-0.1945737586580616,-0.8059376873380003
0.9581267348343272,0.0181953689200908,-0.190942568770324,-0.8085528459188599
0.958025906849421,0.0177635908194329,-0.1872703799444322,-0.8111201882911794
0.957927751790276,0.017333542989687,-0.1835584140642681,-0.8136387486507372
0.9578322526551112,0.0169052278695468,-0.1798078976739898,-0.8161076134001044
0.957739391527689,0.0164786454871246,-0.1760200634211531,-0.8185259180716019
0.9576491497463848,0.0160537939160803,-0.1721961513884323,-0.820892844688372
0.957561507825703,0.0156306685920076,-0.1683374003145426,-0.8232076254244045
0.957476445531208,0.0152092622907682,-0.1644450445146554,-0.8254695421814007
0.9573939423046264,0.0147895669097587,-0.1605203278014317,-0.8276779166012923
0.9573139764499994,0.0143715689822294,-0.1565644590025667,-0.8298321330441689
0.957236526565139,0.0139552566622359,-0.1525786749984526,-0.831931601265295
0.95716157033864,0.0135406131619222,-0.1485641765186411,-0.8339757896458105
0.9570890852416636,0.0131276199517112,-0.1445221558295201,-0.8359642074084963
0.9570190488041788,0.0127162580867691,-0.1404538079275194,-0.8378963975855307
0.9569514383055124,0.0123065061861839,-0.1363603089840061,-0.8397719459650056
0.956886230845478,0.0118983404314719,-0.1322428141120149,-0.8415904796190825
0.9568234035457572,0.0114917354254781,-0.1281024640398595,-0.8433516616433165
0.9567629335689276,0.0110866639952082,-0.1239403814664858,-0.8450551908158068
0.9567047983226604,0.0106830982632467,-0.1197576805982023,-0.8467007959360167
0.9566489755293376,0.0102810099809629,-0.1155554695806083,-0.8482882337917801
0.9565954428013542,0.0098803671709177,-0.1113348141136552,-0.8498173011882597
0.9565441781302636,0.0094811372023906,-0.1070967680509962,-0.8512878209819592
0.9564951599279105,0.0090832869531677,-0.1028423743293295,-0.852699640647883
0.95644836699954,0.0086867824287218,-0.0985726601616504,-0.8540526327647331
0.9564037785638906,0.0082915887031499,-0.0942886356178391,-0.8553466941296819
0.9563613742604652,0.0078976697241301,-0.089991290760412,-0.856581745212592
0.9563211339434547,0.0075049859251401,-0.0856815686401771,-0.8577577358313754
0.9562830385194062,0.0071135020793082,-0.0813604508512608,-0.8588746202738515
0.9562470690261968,0.0067231782379053,-0.0770288578113227,-0.8599323837461587
0.9562132072741192,0.0063339758538964,-0.0726877156661573,-0.8609310231701023
0.9561814355709712,0.0059458547437484,-0.0683379224337688,-0.8618705547702725
0.9561517371520948,0.0055587782945779,-0.0639804062436565,-0.8627510008674601
0.9561240953256884,0.0051727023859385,-0.0596160006359686,-0.8635724147112035
0.9560984943976732,0.0047875868287282,-0.0552455729105334,-0.8643348526057474
0.9560749193618684,0.0044033917891826,-0.0508699842459471,-0.8650383825598718
0.9560533557477018,0.0040200751028751,-0.0464900590709254,-0.8656830883538196
0.9560337897351072,0.0036375933984949,-0.0421065976398492,-0.866269065653055
0.956016208462356,0.0032559084527582,-0.0377204491301963,-0.8667964123016664
0.9560005994787548,0.0028749763456521,-0.0333323874676254,-0.8672652442556164
0.9559869511076736,0.0024947539922131,-0.0289431862172911,-0.8676756842695701
0.955975252476234,0.0021152009388085,-0.0245536397286668,-0.8680278605545863
0.955965493298885,0.0017362729136991,-0.0201644888579414,-0.868321912871466
0.9559576640805684,0.0013579276943453,-0.0157764889947622,-0.8685579860181531
0.9559517560438562,0.0009801235226783,-0.0113903920902539,-0.8687362316382959
0.9559477611103552,0.0006028182891109,-0.0070069374688431,-0.8688568084208127
0.9559456719118424,0.000225970407894,-0.0026268622737209,-0.8689198814222635
0.9559454817793042,-0.0001504625311904,0.0017491139074622,-0.8689256220755424
0.955947184769712,-0.0005265246975801,0.0061202996025743,-0.868874207079424
0.9559507827445528,-0.0009028446803659,0.0104927991449449,-0.8687656044884035
0.9559562812144006,-0.0012795332822991,0.0148666924395886,-0.8685996992932535
0.955963686186426,-0.0016566294786944,0.0192412186645756,-0.8683763888291233
0.955973004385424,-0.0020341750500736,0.0236156435350502,-0.8680955763479676
0.9559842432490604,-0.002412212238621,0.027989231766434,-0.8677571714276747
0.9559974108158372,-0.0027907804320434,0.0323612085026432,-0.8673610936252089
0.956012515976058,-0.0031699237925455,0.0367308472384593,-0.8669072652240193
0.956029568140086,-0.0035496817204723,0.0410973594673403,-0.8663956215271578
0.95604857755462,-0.0039300971803903,0.0454599904868326,-0.8658261016851079
0.9560695549741788,-0.0043112094340975,0.0498179356776165,-0.8651986588946697
0.9560925119995332,-0.0046930609501397,0.0541704196025915,-0.8645132506180015
0.9561174606929168,-0.0050756905318623,0.0585166173386906,-0.8637698504551837
0.9561444140234368,-0.0054591407238466,0.0628557387571298,-0.8629684352313842
0.9561733853600792,-0.0058434500970812,0.067186940830863,-0.8621090004890858
0.9562043887945868,-0.0062286583706794,0.0715093858401653,-0.8611915512514507
0.9562374392295232,-0.0066148070943751,0.0758222486739388,-0.8602160998523052
0.956272552030654,-0.007001935435369,0.0801246695983032,-0.8591826766274561
0.9563097429433738,-0.0073900799648711,0.0844157525738454,-0.8580913327002141
0.956349028596236,-0.0077792801842404,0.0886946267057024,-0.8569421255651565
0.956390426087228,-0.0081695740452738,0.0929603966221127,-0.855735131653804
0.9564339531223476,-0.008560999538183,0.0972121602946263,-0.8544704426443639
0.9564796276388676,-0.0089535915368709,0.1014489752568431,-0.8531481767410601
0.9565274683974988,-0.0093473872413922,0.1056699180882301,-0.8517684618093143
0.9565774944920732,-0.0097424219443509,0.1098740389245522,-0.8503314499286165
0.9566297252710974,-0.0101387288380548,0.114060360457794,-0.8488373198422919
0.9566841809010768,-0.0105363434667221,0.1182279256312671,-0.8472862610855215
0.9567408812032532,-0.0109352952956329,0.1223757097628765,-0.8456785073691183
0.9567998470593164,-0.0113356181673951,0.1265027309575053,-0.8440142967007442
0.9568610992122748,-0.0117373418684243,0.1306079628801501,-0.842293905586667
0.9569246585535374,-0.0121404946068506,0.1346903621152204,-0.8405176407991592
0.9569905462705804,-0.0125451041848299,0.1387488812354445,-0.8386858352060946
0.9570587841298478,-0.0129511997515873,0.1427824869903031,-0.8367988399664656
0.9571293931802722,-0.0133588042647441,0.1467900865727449,-0.834857060270707
0.9572023949078724,-0.0137679417921702,0.1507706021751488,-0.8328609230062227
0.957277810563896,-0.0141786337854252,0.1547229355671677,-0.8308108949603173
0.95735566162234,-0.0145909018619786,0.1586459966590237,-0.8287074699110265
0.9574359689121712,-0.0150047634077125,0.1625386631742877,-0.8265511915980456
0.9575187533442926,-0.0154202357622239,0.1663998225875109,-0.824342633349612
0.9576040354826316,-0.0158373341917807,0.1702283546340982,-0.8220824089358362
0.957691835275864,-0.0162560709188114,0.1740231247580607,-0.8197711787051031
0.957782172388393,-0.0166764570474211,0.1777830040379136,-0.8174096397551285
0.957875066255924,-0.017098502982846,0.1815068745870175,-0.8149985235293803
0.9579705349260038,-0.0175222134631899,0.1851935881092998,-0.8125386246185773
0.9580685960191307,-0.0179475923541358,0.1888420113015883,-0.81003077414229
0.9581692668569252,-0.0183746433201937,0.1924510331414491,-0.8074758352277952
0.9582725637753016,-0.0188033670636551,0.1960195432934709,-0.8048747190375161
0.958378501701542,-0.0192337599710943,0.1995464240714679,-0.8022283933594223
0.9584870952991176,-0.0196658190992561,0.2030305941904647,-0.7995378519328635
0.9585983575626632,-0.0200995367202953,0.2064709664649056,-0.7968041475135099
0.958712300795801,-0.0205349045242626,0.2098664844830771,-0.7940283653460335
0.9588289362136144,-0.0209719122315183,0.2132161134325752,-0.7912116308830703
0.958948273688264,-0.0214105468821473,0.2165188370469138,-0.788355113554443
0.9590703224849924,-0.0218507957419758,0.2197736815810424,-0.7854600067854133
0.9591950899325202,-0.0222926416424442,0.2229796829641613,-0.7825275572683772
0.9593225823873442,-0.0227360667223498,0.2261359169584873,-0.7795590393105126
0.9594528054350894,-0.0231810531918698,0.229241505580334,-0.7765557479408051
0.9595857628722734,-0.0236275799558408,0.2322955947616974,-0.7735190200028269
0.959721458095856,-0.0240756274576144,0.2352973892561913,-0.7704501996964785
0.9598598928793416,-0.0245251736264347,0.2382461256551981,-0.7673506642181372
0.960001067909696,-0.0249761957947774,0.2411410866212724,-0.7642218089308829
0.9601449835204028,-0.0254286730430895,0.2439816160639433,-0.7610650290002718
0.9602916381592252,-0.0258825813681617,0.2467670886994711,-0.7578817509754233
0.960441030503722,-0.0263379003237314,0.2494969515763784,-0.7546733843718676
0.9605931576114666,-0.0267946072491965,0.2521706880946999,-0.7514413599993774
0.9607480165468744,-0.0272526822133705,0.2547878472819029,-0.7481870931152652
0.960905603074784,-0.0277121040403817,0.2573480197319763,-0.7449120095015642
0.9610659133503372,-0.0281728552224393,0.2598508644672155,-0.7416175085462128
0.9612289424258242,-0.0286349174650639,0.2622960826693099,-0.7383049930348872
0.9613946855089422,-0.0290982752355763,0.2646834357623317,-0.7349758419698481
0.9615631370781976,-0.0295629131560859,0.2670127300305385,-0.7316314274929429
0.9617342922568998,-0.0300288197097959,0.2692838336954414,-0.7282730865755003
0.9619081458235688,-0.0304959843521651,0.2714966600890879,-0.7249021402324872
0.962084692422053,-0.0309643980054502,0.2736511685162477,-0.7215198885674353
0.962263927058994,-0.0314340542654152,0.2757473678070857,-0.7181276007575811
0.9624458449415266,-0.0319049488242472,0.2777853112682105,-0.7147265180385208
0.96263044152314,-0.032377079466143,0.279765094459988,-0.7113178526917793
0.962817712708082,-0.0328504464635605,0.2816868545760421,-0.70790278426841
0.9630076546249784,-0.0333250518781949,0.2835507652850852,-0.7044824638442104
0.9632002640160408,-0.0338009004237802,0.2853570379664151,-0.701058007129654
0.9633955379833692,-0.0342779987118975,0.2871059164642884,-0.6976304993597716
0.9635934742606598,-0.0347563558124476,0.2887976770222705,-0.6942009908276028
0.9637940710003488,-0.0352359826283661,0.2904326238484797,-0.6907705010483454
0.963997326850038,-0.0357168919930981,0.2920110875207011,-0.6873400178135408
0.9642032412593494,-0.0361990993012923,0.2935334250018935,-0.6839104925612427
0.964411814070786,-0.0366826214526835,0.295000014215417,-0.6804828478630252
0.9646230458953942,-0.0371674776539166,0.2964112547421464,-0.6770579717481229
0.9648369376658938,-0.0376536883154757,0.2977675627752825,-0.6736367256062158
0.9650534911780349,-0.0381412762286603,0.2990693728704386,-0.6702199360343376
0.9652727085874904,-0.0386302653600668,0.3003171329606168,-0.6668084035421893
0.9654945927257472,-0.0391206815168936,0.3015113047192151,-0.6634028981339959
0.965719146969076,-0.0396125520039727,0.3026523612214408,-0.6600041620223691
0.9659463751942258,-0.0401059054888989,0.3037407853383814,-0.6566129108959199
0.9661762818795336,-0.0406007721880147,0.3047770689213948,-0.6532298330124064
0.9664088719047448,-0.0410971834048134,0.3057617106586835,-0.6498555927625466
0.9666441507307396,-0.0415951718943002,0.306695215783867,-0.6464908285943334
0.9668821242243332,-0.0420947714693938,0.3075780942903848,-0.6431361561293093
0.9671227987191688,-0.042596017118049,0.3084108602624591,-0.6397921678093719
0.9673661809773508,-0.043098944912398,0.3091940308576802,-0.636459433968712
0.9676122781812898,-0.0436035919857102,0.3099281254803798,-0.6331385034554669
0.9678610978533008,-0.0441099963657265,0.3106136648192474,-0.6298299051975705
0.9681126479391394,-0.044618197147106,0.3112511704289526,-0.6265341475422287
0.9683669367138068,-0.0451282343028823,0.3118411638436665,-0.6232517199700289
0.9686239726778216,-0.0456401484867639,0.3123841658250251,-0.6199830948193541
0.9688837646853896,-0.0461539813022369,0.3128806961812513,-0.6167287260099181
0.9691463219364072,-0.0466697752955877,0.3133312732346719,-0.6134890495796114
0.9694116537216758,-0.0471875734708846,0.3137364129718373,-0.6102644871867586
0.9696797696492936,-0.0477074197552772,0.3140966290987427,-0.6070554436147075
0.9699506795660504,-0.0482293588620532,0.3144124325326803,-0.6038623080942194
0.9702243935030962,-0.048753436206757,0.3146843310181716,-0.6006854552591134
0.970500921467782,-0.0492796975359546,0.3149128286968533,-0.5975252477875772
0.9707802739292752,-0.0498081898790903,0.3150984262927106,-0.5943820310791613
0.971062461195522,-0.0503389603891977,0.3152416203642842,-0.5912561406282663
0.97134749381159,-0.0508720571296464,0.315342903433806,-0.58814789769719
0.9716353823715757,-0.051407528747887,0.3154027636751291,-0.5850576116491256
0.971926137577766,-0.0519454246174955,0.3154216847726907,-0.5819855794975369
0.972219770078928,-0.052485794571584,0.3154001457638982,-0.5789320877954072
0.9725162915855377,-0.0530286909777507,0.3153386206656383,-0.5758974014016358
0.9728157135082932,-0.0535741662518625,0.3152375782325907,-0.5728817780796698
0.9731180464742982,-0.0541222720348979,0.315097482329346,-0.5698854731337499
0.9734233012383032,-0.0546730609045066,0.3149187917303206,-0.5669087301036029
0.9737314884889576,-0.0552265860588929,0.3147019600783814,-0.5639517828534948
0.9740426188693702,-0.055782901393133,0.3144474357937938,-0.5610148554740022
0.974356702789136,-0.0563420612042883,0.3141556621708513,-0.558098164127004
0.9746737506459722,-0.0569041206298422,0.3138270771453628,-0.5552019150128445
0.9749937727158,-0.0574691354921921,0.3134621133095455,-0.5523263054975438
0.975316779137057,-0.0580371623137085,0.3130611978709991,-0.5494715243187523
0.9756427798147992,-0.0586082581924847,0.3126247527271728,-0.5466377524737102
0.9759717845970376,-0.0591824811563765,0.3121531941855713,-0.5438251617214597
0.9763038030396152,-0.0597598897963291,0.3116469332257022,-0.5410339166711338
0.9766388445888634,-0.060340543631651,0.3111063751913857,-0.5382641732507264
0.9769769183740352,-0.0609245027962073,0.3105319200598248,-0.5355160804793824
0.9773180332206062,-0.061511828111853,0.3099239624078576,-0.5327897803230635
0.9776621978211166,-0.062102581431628,0.3092828910623533,-0.530085406341249
0.9780094202921148,-0.06269682492906,0.3086090898780882,-0.5274030871779538
0.9783597088024916,-0.0632946222269345,0.3079029365117441,-0.524742941642345
0.9787130710846046,-0.0638960376097224,0.3071648032814905,-0.5221050825552341
0.979069514238432,-0.0645011357471912,0.3063950575930554,-0.5194896180894797
0.979429045438322,-0.0651099829497222,0.3055940603926743,-0.5168966465196809
0.9797916710805048,-0.0657226457757587,0.3047621679546535,-0.5143262624641008
0.9801573973804496,-0.066339192101438,0.303899730533637,-0.5117785524894415
0.9805262299779244,-0.0669596905098934,0.3030070932100425,-0.5092535978949876
0.9808981741600824,-0.0675842107263531,0.3020845953236802,-0.5067514730975367
0.9812732347168016,-0.068212823433884,0.3011325707627069,-0.5042722465923271
0.9816514157222096,-0.0688455999693327,0.3001513484890644,-0.5018159822947644
0.9820327210828108,-0.0694826133031851,0.2991412510743401,-0.499382735893623
0.9824171536950445,-0.0701239366940351,0.2981025968441126,-0.4969725602239251
0.9828047162555932,-0.0707696451076045,0.2970356976860024,-0.4945854999963027
0.9831954108008204,-0.0714198145127246,0.2959408601936468,-0.4922215946912581
0.9835892384902004,-0.0720745215896177,0.2948183862401947,-0.4898808797218687
0.9839862000511538,-0.0727338445391338,0.2936685716702951,-0.4875633836436915
0.9843862954702686,-0.07339786263906,0.292491707093258,-0.4852691299370725
0.9847895239379454,-0.0740666562245144,0.2912880779897115,-0.4829981371905987
0.98519588379611,-0.074740306674921,0.2900579648125992,-0.4807504192449985
0.9856053727291372,-0.0754188968053673,0.2888016423391433,-0.4785259840081168
0.9860179877738108,-0.0761025109590923,0.2875193795329918,-0.4763248333493189
0.9864337248623384,-0.0767912343284817,0.2862114408748871,-0.4741469654304808
0.986852579199893,-0.0774851536604908,0.2848780851155365,-0.471992372532191
0.9872745448677688,-0.078184356680593,0.28351956644069,-0.4698610429808225
0.987699615045376,-0.0788889325435548,0.2821361336866307,-0.4677529598251875
0.988127782070718,-0.0795989720187147,0.2807280300317976,-0.4656681004266467
0.9885590369895128,-0.080314566829092,0.2792954943743478,-0.4636064385129399
0.9889933700893504,-0.0810358106258989,0.277838759468228,-0.4615679414250045
0.9894307705144946,-0.0817627984407095,0.2763580530729599,-0.4595525718503191
0.9898712259168492,-0.0824956261970175,0.2748535990423794,-0.4575602892055271
0.9903147229746434,-0.0832343916660696,0.2733256154613888,-0.4555910470416723
0.990761247198124,-0.08397919424116,0.2717743151666303,-0.4536447937989972
0.9912107825364416,-0.0847301343800082,0.2701999069902696,-0.4517214743190308
0.9916633120443512,-0.0854873148182598,0.2686025933023077,-0.4498210267733982
0.9921188169619832,-0.0862508391347594,0.2669825730980294,-0.4479433863986096
0.9925772774329272,-0.0870208130571465,0.2653400393304121,-0.4460884822507404
0.9930386717167512,-0.0877973432479699,0.2636751815696652,-0.4442562402241653
0.9935029768347804,-0.0885805384973069,0.2619881835457949,-0.4424465801979848
0.9939701682247823,-0.0893705092555262,0.260279224219429,-0.440659417236617
0.9944402195616636,-0.0901673674433091,0.2585484782790371,-0.438894662034719
0.9949131027933448,-0.0909712266265398,0.2567961158512739,-0.437152220515646
0.9953887882770448,-0.0917822023670667,0.2550223018176529,-0.4354319931005647
0.9958672443885628,-0.0926004116790931,0.2532271970831655,-0.43373387589912
0.9963484378029132,-0.0934259736308917,0.2514109573439879,-0.43205775944106
0.9968323329563252,-0.0942590085484694,0.2495737349213277,-0.4304035303052105
0.9973188925328152,-0.0950996389775797,0.2477156767296461,-0.4287710691509251
0.9978080770442722,-0.0959479890934147,0.2458369256582778,-0.4271602519062721
0.99829984491803,-0.0968041849841702,0.2439376200289094,-0.425570949188885
0.9987941522126436,-0.0976683542917408,0.2420178944754855,-0.4240030269426023
0.9992909529638286,-0.0985406269537781,0.2400778783788032,-0.422456345045034
0.9997901985166372,-0.0994211341751487,0.2381176982334239,-0.4209307591199239
1.0002918381904302,-0.1003100097400599,0.2361374748096257,-0.4194261181757583
1.000795818479003,-0.101207388748776,0.2341373260446408,-0.4179422667560918
1.001302083393394,-0.1021134083689428,0.232117365449015,-0.4164790435691579
1.0018105743046828,-0.1030282077094145,0.2300777024645882,-0.4150362816513661
1.0023212299406086,-0.1039519279710541,0.2280184422046064,-0.4136138080713767
1.0028339858512647,-0.1048847116359453,0.2259396873359693,-0.4122114450867841
1.003348775308758,-0.105826704261501,0.2238415341540959,-0.4108290073415145
1.0038655279913926,-0.1067780522499662,0.2217240776255974,-0.4094663051321163
1.0043841707250865,-0.107738904360361,0.2195874080885635,-0.4081231420298978
1.0049046270169222,-0.1087094110196536,0.2174316128537097,-0.4067993157760384
1.0054268173472414,-0.1096897250373746,0.2152567746821973,-0.4054946171849749
1.0059506585949372,-0.1106800007072403,0.2130629738447585,-0.4042088312502539
1.0064760644081985,-0.1116803946790679,0.2108502862487815,-0.4029417358553286
1.0070029447043785,-0.1126910651939658,0.2086187851922858,-0.4016931026410191
1.007531205893201,-0.1137121726903456,0.2063685400796458,-0.4004626960933461
1.0080607505217,-0.1147438793089632,0.2040996175688618,-0.3992502740140899
1.0085914773974058,-0.1157863493192554,0.2018120806833898,-0.3980555868551796
1.0091232813944202,-0.1168397489380898,0.1995059892624278,-0.3968783777927541
1.0096560531516057,-0.1179042459250394,0.1971814008908168,-0.3957183830049125
1.010189679060301,-0.1189800097440784,0.1948383705801774,-0.3945753312850983
1.010724041503973,-0.1200672122505298,0.1924769493126333,-0.3934489431427597
1.0112590182319623,-0.1211660266324481,0.1900971863823881,-0.3923389317481733
1.011794482846959,-0.1222766286141556,0.1876991268174708,-0.3912450015101597
1.0123303038611229,-0.1233991947206142,0.1852828151629215,-0.3901668496178024
1.0128663453746023,-0.124533903889048,0.1828482920202429,-0.3891041642308957
1.0134024665800472,-0.1256809366599316,0.180395595818737,-0.3880566250820562
1.013938521352291,-0.1268404745037133,0.177924764261076,-0.3870239038423397
1.014474358970033,-0.1280127015943065,0.1754358305490244,-0.3860056622991895
1.0150098232893747,-0.1291978032628656,0.1729288266980893,-0.3850015535415614
1.015544752818874,-0.1303959663765072,0.1704037827286802,-0.3840112213723967
1.0160789807267234,-0.1316073795928578,0.1678607261325476,-0.3830342998677682
1.016612334293738,-0.1328322323571306,0.1652996839736391,-0.3820704139419172
1.0171446352576186,-0.134070715911509,0.1627206807539534,-0.3811191782699575
1.0176756995221594,-0.1353230228820029,0.1601237392723596,-0.3801801973786771
1.0182053371349284,-0.1365893474826789,0.1575088801882354,-0.3792530652434496
1.0187333516746735,-0.1378698843009457,0.1548761245052995,-0.3783373659078045
1.0192595406282474,-0.1391648294335529,0.1522254911868132,-0.3774326723588071
1.019783695353239,-0.1404743806877967,0.1495569967312932,-0.3765385461469772
1.0203056003888826,-0.1417987361425905,0.1468706580780546,-0.3756545381036568
1.0208250335130016,-0.1431380945165637,0.1441664917910935,-0.3747801877618191
1.0213417662122362,-0.1444926566709935,0.1414445109870239,-0.3739150220967988
1.0218555626204642,-0.14586262315707,0.1387047302407929,-0.3730585568359817
1.0223661797502206,-0.1472481950523863,0.1359471638192258,-0.3722102955777655
1.0228733677709634,-0.148649575026966,0.1331718235088104,-0.3713697288440704
1.0233768691321967,-0.1500669652588078,0.1303787226993789,-0.3705363350421552
1.023876418849063,-0.1515005684866552,0.1275678742093295,-0.369709579487849
1.0243717443143503,-0.1529505878000923,0.1247392906305328,-0.3688889142104448
1.0248625652470191,-0.154417226829773,0.1218929838871777,-0.3680737775223726
1.0253485932213808,-0.1559006886839671,0.1190289672215387,-0.3672635942767278
1.0258295320381203,-0.1574011774151707,0.1161472522706675,-0.3664577747162441
1.026305076720497,-0.1589188952688673,0.1132478542703519,-0.3656557156098121
1.026774914290668,-0.1604540454434148,0.1103307866493668,-0.3648567984032862
1.0272387232131197,-0.1620068307616761,0.107396063500747,-0.3640603895826688
1.0276961729387952,-0.1635774525144803,0.1044437016527209,-0.3632658408838493
1.0281469243073715,-0.1651661122081141,0.1014737172575674,-0.3624724880131673
1.0285906289433675,-0.1667730099352196,0.0984861287521758,-0.3616796510870796
1.0290269294249896,-0.1683983454163173,0.0954809547981994,-0.3608866337118386
1.029455458784308,-0.1700423166587375,0.0924582166594313,-0.3600927232355388
1.0298758406778965,-0.1717051210951651,0.0894179359803186,-0.3592971897726656
1.0302876889272712,-0.1733869543708322,0.0863601369028958,-0.3584992863611382
1.0306906075751845,-0.1750880111440302,0.0832848444850934,-0.3576982481355847
1.03108419042239,-0.1768084837971948,0.0801920869196314,-0.3568932924801646
1.0314680210431886,-0.1785485631254744,0.0770818941556558,-0.3560836182285666
1.0318416725866817,-0.1803084382197398,0.0739542979970063,-0.35526840523368
1.0322047075108745,-0.1820882960550467,0.0708093327194162,-0.3544468140539266
1.0325566774436428,-0.1838883217121941,0.0676470345610915,-0.3536179853258129
1.0328971228220096,-0.1857086975351051,0.0644674430880944,-0.352781039605643
1.0332255728485429,-0.1875496039585802,0.0612705996245758,-0.3519350764182233
1.033541544935243,-0.1894112176057341,0.0580565504419927,-0.3510791745362844
1.0338445449415254,-0.1912937139436528,0.0548253420415258,-0.350212390136819
1.034134066518079,-0.1931972649740439,0.0515770250534352,-0.3493337572076805
1.0344095909019244,-0.1951220394545473,0.0483116537268325,-0.3484422867592382
1.034670586781224,-0.1970682039288041,0.0450292840830152,-0.3475369656215787
1.0349165099034594,-0.1990359223045117,0.0417299745677376,-0.3466167558656152
1.0351468024272532,-0.2010253531701512,0.0384137904471766,-0.3456805952475394
1.0353608930390514,-0.2030366534428177,0.0350807975969468,-0.3447273946440593
1.0355581964645189,-0.2050699780111805,0.0317310630944575,-0.3437560372783669
1.0357381126937175,-0.2071254761115559,0.0283646611356006,-0.3427653794645836
1.03590002686976,-0.2092032944372846,0.0249816678232104,-0.3417542480881996
1.0360433088416223,-0.2113035783903426,0.021582159145312,-0.3407214388452723
1.0361673122508608,-0.2134264668261092,0.0181662194754785,-0.3396657176047084
1.0362713743991865,-0.2155720986612307,0.0147339308659008,-0.3385858158536567
1.0363548152781432,-0.2177406077186707,0.0112853813779828,-0.3374804318351926
1.0364169370630958,-0.2199321265740465,0.0078206589464588,-0.3363482270903591
1.036457023212682,-0.2221467826371461,0.0043398576394994,-0.3351878268146253
1.0364743377712746,-0.2243847045139062,0.0008430676984106,-0.3339978147476579
1.0364681243124805,-0.2266460146140456,-0.0026696127564684,-0.332776735092408
1.0364375933985168,-0.2289314567539302,-0.0061990441785183,-0.3315227433710193
1.0363818709319264,-0.2312429666517115,-0.0097478907784811,-0.3302332538499943
1.036300048407595,-0.2335807622338131,-0.0133161392073318,-0.3289065407459415
1.036191184898287,-0.2359450740806831,-0.0169037937284027,-0.3275408069658537
1.0360543052105569,-0.2383361342278352,-0.0205108585998348,-0.3261341862453808
1.0358883975629771,-0.2407541791766285,-0.0241373422872762,-0.3246847370130438
1.0356924115178123,-0.2431994454035708,-0.0277832503480643,-0.3231904402728947
1.0354652546843,-0.2456721785460145,-0.0314485987446884,-0.3216491887502252
1.035205789984752,-0.2481726294350485,-0.0351334073337393,-0.3200587832952472
1.0349128322868844,-0.250701055472855,-0.03883770134805,-0.3184169254935603
1.0345851440037974,-0.2532577267605022,-0.0425615196839704,-0.3167212063312526
1.0342214314943508,-0.2558429213723898,-0.0463049071822296,-0.3149691010201754
1.033820338559756,-0.2584569386183407,-0.0500679329428661,-0.313157950779341
1.033380441642036,-0.2611000939817833,-0.0538506817947883,-0.3112849555289385
1.0329002426831304,-0.2637727259387704,-0.057653262847249,-0.3093471571830713
1.0323781610633995,-0.2664752016820312,-0.0614758161229456,-0.3073414217534159
1.0318125235730795,-0.269207926571827,-0.0653185240961666,-0.3052644164134754
1.0312015554641614,-0.2719713417390569,-0.0691816062100582,-0.3031125929962461
1.0305433651213458,-0.2747659447899164,-0.0730653454773757,-0.30088215090593
1.0298359298916224,-0.2775922944799084,-0.0769700919280585,-0.2985690082468157
1.0290770769219424,-0.2804510269317671,-0.0808962815744542,-0.2961687593647092
1.028264460339007,-0.2833428734438432,-0.0848444566743136,-0.2936766250679164
1.027395535434538,-0.286268675711579,-0.088815281534007,-0.2910873980420076
1.026467522881193,-0.2892294194031462,-0.092809582142878,-0.2883953634025695
1.02547736865907,-0.2922262609559241,-0.0968283749657875,-0.2855942134630014
1.024421692565123,-0.2952605671492869,-0.1008729112205482,-0.2826769367281898
1.0232967225394216,-0.2983339673793696,-0.1049447357552145,-0.2796356760746438
1.022098217214505,-0.3014484041114578,-0.1090457406471644,-0.2764615648510342
1.020821363047044,-0.3046062095938202,-0.1131782501317177,-0.2731445063667309
1.0194606581867305,-0.3078101655467963,-0.1173450790559556,-0.269672931853203
1.018009770117852,-0.3110635705997132,-0.1215495974687567,-0.2660335037243879
1.016461402366114,-0.3143702285306665,-0.1257956892467576,-0.2622108528666174
1.0148072156551815,-0.3177342796795929,-0.1300875101731504,-0.258187451751487
1.013037995176184,-0.3211595528058476,-0.1344286465980211,-0.253944063290758
1.0111444913689678,-0.3246478251186691,-0.1388199350983375,-0.2494617178975582
1.0091199276728733,-0.3281946927275308,-0.1432543939067039,-0.2447274082801742
1.0069655229066303,-0.3317818047687283,-0.1477078753062003,-0.2397463458891022
1.00469810403313,-0.3353684478110307,-0.1521293391781297,-0.2345583095437071
1.0023509169407796,-0.3388961924920751,-0.1564475006259256,-0.2292379960075619
0.9999596398280828,-0.3423135087317983,-0.1606013756913561,-0.223862705778495
0.9975478172413196,-0.3455943924156587,-0.1645623141415215,-0.218480557544506
0.9951259129167698,-0.3487343011306903,-0.1683280201590919,-0.2131099164520521
0.9926969786729792,-0.3517387609358864,-0.1719081489752617,-0.2077529512770735
0.990261043740386,-0.3546161581659194,-0.1753154294906705,-0.2024056612838525
0.987817225216205,-0.357374769883181,-0.1785621020664211,-0.1970625422513167
0.9853645591500716,-0.3600218525156363,-0.1816588859248646,-0.1917183385400611
0.982902284385796,-0.3625635055581134,-0.1846148784599677,-0.1863685821600907
0.9804299115617569,-0.3650047856543629,-0.1874377432214021,-0.1810096733308468
0.9779472135385188,-0.3673498784198568,-0.1901339549037878,-0.1756388046727051
0.9754541932111712,-0.3696022614086465,-0.1927090239712211,-0.1702538492499776
0.972951044003078,-0.3717648453467632,-0.1951676877393133,-0.1648532429812393
0.9704381170741644,-0.3738400856526773,-0.1975140606578002,-0.1594358892971177
0.9679158885077198,-0.3758300753157412,-0.1997517580742074,-0.1540010695352558
0.965384935607132,-0.3777366154484763,-0.2018839905823903,-0.1485483773007211
0.962845916832631,-0.3795612718827216,-0.2039136394891579,-0.1430776638947747
0.960299550498404,-0.3813054235830165,-0.2058433205708707,-0.1375889835060754
0.9577466055034484,-0.3829702954039434,-0.207675428418351,-0.1320825661703004
0.9551878843251476,-0.3845569908200338,-0.2094121791952241,-0.1265587754534088
0.9526242167593324,-0.3860665129873626,-0.2110556392570977,-0.1210180903733845
0.9500564490416448,-0.3874997853788574,-0.2126077523155095,-0.1154610781817229
0.9474854391262598,-0.3888576658660588,-0.2140703586305608,-0.1098883810789288
0.9449120466024692,-0.3901409614344179,-0.2154452142144211,-0.1043006918013267
0.94233713292968,-0.3913504355362178,-0.2167340015516578,-0.098698751942491
0.9397615537985168,-0.3924868181281242,-0.2179383427745358,-0.0930833335036922
0.9371861550902189,-0.3935508123795586,-0.2190598088805941,-0.0874552284383634
0.9346117723425008,-0.3945430989272937,-0.22009992605549,-0.0818152460293615
0.9320392286437564,-0.3954643401884602,-0.221060181822605,-0.0761642070135547
0.929469328636858,-0.396315185229275,-0.2219420315394179,-0.0705029292379943
0.9269028590699538,-0.3970962714840184,-0.2227469014160169,-0.0648322277223262
0.9243405897684388,-0.3978082262211644,-0.2234761911507977,-0.0591529157919317
0.92178326876771,-0.3984516693506966,-0.2241312778173033,-0.0534657933477537
0.919231622607004,-0.3990272141920762,-0.2247135175366768,-0.0477716465368553
0.916686358538761,-0.3995354677784417,-0.2252242466066077,-0.0420712517915777
0.914148157518414,-0.3999770328483419,-0.2256647842513885,-0.0363653592650877
0.9116176827526172,-0.4003525065235477,-0.2260364319738877,-0.0306547111243908
0.9090955727011112,-0.400662481896412,-0.2263404757734919,-0.0249400250275039
0.9065824397656608,-0.4009075479576608,-0.2265781866382493,-0.0192219902089686
0.9040788798524088,-0.4010882885813878,-0.2267508200974935,-0.0135012883896899
0.9015854619536476,-0.4012052835524609,-0.2268596177273481,-0.0077785693045039
0.8991027325752582,-0.4012591077897998,-0.2269058068637854,-0.0020544599060922
0.8966312190213735,-0.4012503311369628,-0.2268906008577809,0.0036704288189889
0.8941707609495602,-0.4011794907391281,-0.2268151709339735,0.0093970620594942
0.8917178624216012,-0.4010468297448413,-0.2266803883399126,0.0151342295475476
0.8892731244943415,-0.4008525605219784,-0.2264871045857334,0.0208812304403834
0.886837146866601,-0.4005969031026928,-0.2262361781030029,0.0266373434963923
0.8844105180737283,-0.4002800852130566,-0.2259284742788636,0.0324018495782334
0.8819938218089122,-0.3999023435327094,-0.2255648666726901,0.0381740162283115
0.879587629134372,-0.3994639231882418,-0.2251462364793444,0.0439531156968803
0.8771925064337468,-0.3989650795296861,-0.224673474159407,0.0497384054309829
0.8748090044196374,-0.398406076474024,-0.224147477760031,0.0555291540342497
0.8724376665727321,-0.3977871884547914,-0.223569154644117,0.0613246205027217
0.8700790248333325,-0.3971086998854347,-0.2229394208248583,0.0671240641467576
0.8677335978928328,-0.3963709048013936,-0.2222592004670296,0.0729267484177146
0.8654018951983155,-0.3955741082637473,-0.2215294269897901,0.0787319306118195
0.8630844138131837,-0.394718625693618,-0.2207510422221435,0.0845388691379846
0.8607816358928975,-0.3938047819561249,-0.2199249953370691,0.0903468295141301
0.8584940320446939,-0.3928329126096466,-0.2190522437358644,0.096155075623256
0.856222058829901,-0.391803362987808,-0.2181337519404075,0.1019628756497751
0.8539661582339135,-0.3907164878383437,-0.2171704909891929,0.1077695031898377
0.8517267592032195,-0.389572651954539,-0.2161634386962797,0.1135742330479809
0.8495042745845623,-0.3883722285226527,-0.2151135778764177,0.1193763489173745
0.8472991040668407,-0.3871156004331146,-0.2140218971735387,0.1251751355713287
0.8451116302221762,-0.3858031578648272,-0.2128893886175011,0.1309698890800806
0.8429422206347565,-0.3844352990704314,-0.2117170479790582,0.1367599112012599
0.8407912284046726,-0.3830124304314314,-0.2105058744575235,0.1425445079289144
0.8386589901168576,-0.3815349647949854,-0.2092568688986145,0.1483229948976087
0.836545824161475,-0.3800033196632795,-0.2079710319273254,0.1540947021055119
0.8344520349427449,-0.3784179195754105,-0.2066493656076302,0.1598589626202638
0.832377911370719,-0.3767791946635122,-0.2052928718431436,0.165615116701201
0.8303237212551733,-0.3750875754378227,-0.2039025477209807,0.1713625276667355
0.8282897212976885,-0.3733435000252885,-0.2024793911465975,0.1771005544008685
0.8262761486825305,-0.371547406669973,-0.2010243943079354,0.1828285750771594
0.8242832239922664,-0.3696997351379331,-0.1995385445214977,0.1885459794983559
0.8223111514004918,-0.3678009259927106,-0.1980228233172978,0.1942521689917228
0.8203601193434865,-0.3658514203316362,-0.1964782058957121,0.1999465549313887
0.8184302993912156,-0.3638516576994813,-0.194905659148496,0.2056285625438719
0.8165218479303369,-0.361802076744774,-0.1933061418695031,0.211297626563249
0.8146349014392388,-0.3597031089227356,-0.1916805995608073,0.2169532059803965
0.8127695830385572,-0.3575551842040951,-0.1900299686384129,0.2225947653780693
0.8109260005395663,-0.3553587279224259,-0.1883551736867109,0.2282217813399569
0.8091042441550962,-0.3531141566403358,-0.1866571240704385,0.2338337502961877
0.8073043894783033,-0.3508218801518495,-0.1849367152662231,0.2394301803889063
0.8055264959441745,-0.3484822980607556,-0.1831948260841042,0.245010597153325
0.8037706068477671,-0.3460957979860876,-0.1814323171929767,0.2505745446007108
0.802036753648556,-0.3436627597317469,-0.1796500340456637,0.2561215726156344
0.8003249514637374,-0.34118354750525,-0.1778488009905896,0.2616512522450732
0.7986352007034975,-0.3386585100861818,-0.1760294213511933,0.2671631717852922
0.7969674859874565,-0.336087977012276,-0.174192674648536,0.2726569416607871
0.7953217823572573,-0.3334722660407385,-0.1723393218986996,0.2781321752231977
0.7936980469188022,-0.3308116680060083,-0.170470094810751,0.2835885176172573
0.7920962259925308,-0.3281064555849102,-0.1685857020912345,0.2890256235216005
0.7905162497889622,-0.3253568719680767,-0.1666868215965115,0.294443176528041
0.7889580403336586,-0.322563141756078,-0.1647741080187886,0.2998408636020822
0.7874215032848654,-0.3197254539574532,-0.1628481813075847,0.3052184046257316
0.785906533054998,-0.3168439677498972,-0.1609096309191248,0.3105755365153557
0.7844130118688524,-0.3139188075933809,-0.1589590127631426,0.3159120181149794
0.7829408109747923,-0.3109500621362724,-0.1569968487884685,0.321227627588223
0.7814897897376668,-0.3079377787688068,-0.1550236237352937,0.3265221674118743
0.7800597968896067,-0.3048819621867261,-0.1530397846340119,0.331795461685587
0.7786506682199574,-0.3017825650975876,-0.151045735280902,0.3370473666006941
0.7772622312505093,-0.298639493671991,-0.1490418403502391,0.3422777551183785
0.7758943014431529,-0.2954525943610162,-0.1470284175464472,0.3474865330456964
0.7745466842034451,-0.292221652825978,-0.1450057377033855,0.3526736337177663
0.7732191768447528,-0.2889463930422676,-0.142974024962372,0.3578390124539832
0.7719115668476451,-0.2856264671380229,-0.1409334512405545,0.3629826552729332
0.7706236309362062,-0.2822614460314354,-0.1388841314481548,0.3681045848903657
0.769355140993836,-0.2788508275826467,-0.1368261294482857,0.3732048394244969
0.7681058597711398,-0.2753940180797914,-0.1347594477731857,0.3782834913623918
0.7668755443375004,-0.2718903332682965,-0.1326840293655471,0.3833406357609307
0.7656639475493191,-0.2683389942545725,-0.1305997561627008,0.3883763858945087
0.7644708179139816,-0.2647391183007328,-0.1285064447169165,0.3933908753517233
0.7632959063182692,-0.2610897301419583,-0.1264038537260957,0.3983842309015541
0.7621389642949075,-0.2573897484264705,-0.124291676898027,0.403356580057817
0.7609997569276854,-0.2536380190375488,-0.1221695624588804,0.4083079951719542
0.7598780630362003,-0.2498333111162781,-0.1200371106256229,0.4132384899413021
0.7587736867944801,-0.2459743529961064,-0.1178938930855761,0.4181479646344602
0.757686475618073,-0.2420598977220819,-0.1157394874180747,0.4230361193112734
0.7566163358701081,-0.2380887921588145,-0.1135735113786,0.427902371248441
0.7555632588561543,-0.2340600980090857,-0.1113956830439745,0.4327457194380943
0.7545273589074013,-0.229973282490809,-0.1092059147118145,0.4375645437201246
0.7535089114769018,-0.2258284427101208,-0.107004419554078,0.4423563908340303
0.752508409805314,-0.2216266480685364,-0.1047918746548281,0.4471176581574687
0.7515266227673062,-0.2173703480908189,-0.1025696100826246,0.4518432519185356
0.7505646404991881,-0.2130637950957388,-0.1003397970254119,0.4565262847840703
0.7496239004324645,-0.2087134444701632,-0.0981056169614332,0.4611578542639499
0.7487061538981997,-0.2043281267131724,-0.0958713097843028,0.4657271098869931
0.7478133566542212,-0.1999188458456578,-0.0936420357113697,0.4702217182224837
0.7469474772326957,-0.1954980788546299,-0.0914234991964586,0.4746287886593233
0.7461102623490642,-0.1910786702177051,-0.0892213935206315,0.4789360902197133
0.7453030234578886,-0.1866725950992513,-0.0870408078073037,0.4831332403607263
0.7445265106813973,-0.1822899665296083,-0.0848857785655842,0.4872125048991878
0.7437808948247518,-0.17793849958592,-0.0827590790035946,0.4911690611834038
0.7430658434792295,-0.1736234814531067,-0.0806622565662425,0.4950007558784579
0.7423806399264921,-0.1693480549187374,-0.0785958146195309,0.4987075999683836
0.7417243113454735,-0.1651136678098847,-0.0765594623797369,0.502291169766835
0.7410957377844556,-0.1609205231017004,-0.0745523530377298,0.5057540703719307
0.7404937361965424,-0.1567679748559404,-0.072573286006992,0.50909950226875
0.7399171165056709,-0.1526548211034882,-0.0706208527446679,0.5123309586244618
0.7393647194765107,-0.1485795309241154,-0.0686935465260719,0.5154520086568258
0.7388354373284535,-0.1445403893098993,-0.0667898302640477,0.5184661686899292
0.7383282260719187,-0.1405356064544332,-0.0649081858549355,0.5213768153368391
0.7378421107496856,-0.136563389453188,-0.0630471448984161,0.5241871369255642
0.7373761843162902,-0.1326219714076941,-0.0612052990778519,0.5269001212634541
0.7369296068094354,-0.1287096455691845,-0.0593813128800288,0.5295185425440027
0.7365016018206929,-0.1248247780441363,-0.0575739263773608,0.5320449650612432
0.7360914526139348,-0.1209658158864519,-0.0557819560644314,0.5344817504726497
0.7356984978962571,-0.1171312896632834,-0.0540042933571354,0.5368310686303993
0.7353221273078828,-0.1133198100181125,-0.0522399005541214,0.5390949116132584
0.7349617783910135,-0.1095300758437757,-0.0504878124056126,0.5412751002843419
0.734616930816295,-0.1057608506781605,-0.0487471231984541,0.5433733087085105
0.7342871050646886,-0.1020109820064047,-0.0470169938828632,0.5453910628622958
0.733971857372615,-0.0982793776675589,-0.0452966395459733,0.547329763054596
0.733670778286732,-0.0945650190901772,-0.0435853340436937,0.549190685328974
0.7333834890478742,-0.0908669472692117,-0.0418824021859457,0.5509749969958245
0.7331096393946921,-0.08718426225355,-0.0401872182702557,0.5526837642555649
0.7328489047983738,-0.083516112365587,-0.0384991999836908,0.5543179640668554
0.7326009853722709,-0.0798617037420956,-0.0368178117387372,0.5558784861759593
0.7323656031015054,-0.0762202844878039,-0.0351425563917303,0.5573661462084136
0.7321425009102175,-0.0725911528712152,-0.0334729780802736,0.5587816877318887
0.7319314406951373,-0.0689736485907069,-0.0318086573153016,0.5601257912604276
0.7317322016292059,-0.0653671446198276,-0.0301492063741203,0.5613990820005298
0.7315445794575249,-0.0617710543830664,-0.0284942717720381,0.5626021316242332
0.7313683848957796,-0.0581848216224134,-0.0268435287886243,0.5637354660757552
0.731203443027729,-0.0546079273317498,-0.0251966838611196,0.56479956726549
0.7310495915508909,-0.0510398708855675,-0.0235534651051994,0.5657948824318016
0.7309066807668329,-0.0474801864523336,-0.0219136290824037,0.5667218224830206
0.7307745721296834,-0.0439284261674811,-0.0202769522615182,0.5675807698398195
0.7306531377108522,-0.0403841610994323,-0.0186432306671375,0.5683720805412561
0.730542259702308,-0.0368469830657133,-0.0170122799170571,0.569096086237917
0.7304418297099795,-0.0333164988016949,-0.0153839317284661,0.5697530976863988
0.7303517483717065,-0.0297923323083858,-0.013758034187746,0.5703434062467513
0.7302719245957732,-0.026274110141809,-0.0121344441431679,0.5708672879707599
0.7302022756481051,-0.0227614779074272,-0.0105130339879224,0.5713250022203263
0.7301427264195429,-0.0192540809391192,-0.0088936819123326,0.5717167957419599
0.7300932093936203,-0.0157515726114453,-0.0072762749034693,0.5720429022174212
0.7300536643661897,-0.0122536101418195,-0.0056607059700369,0.5723035435062306
0.7300240383079994,-0.0087598581568519,-0.0040468749525114,0.5724989300068282
0.7300042850994213,-0.0052699726275738,-0.0024346802673195,0.5726292619156196
0.7299943655969998,-0.0017836161521677,-0.0008240251349134,0.5726947283487841
0.7299930824221855,2.7636572934655598e-11,-3.5993011956308996e-12,0.5727031978590317
