2.9262758901238106
0.6745293935119269,1.148788350455452e-22,1.7508519076513375e-13,0.6953055165347114
0.6745300039418005,0.0025067938865529,0.0003386321425625,0.6952932429312751
0.6745332176197031,0.0062738123701675,0.0008476914716373,0.6952286426551739
0.6745391929560615,0.0100416130163322,0.0013573428864379,0.6951085977007868
0.6745479371199783,0.013810414216479,0.0018679092234987,0.6949330888908506
0.6745594601765014,0.0175804308470892,0.0023797144631431,0.6947020969109612
0.6745737751076104,0.0213518770464251,0.0028930846321971,0.694415602271767
0.6745908978761469,0.0251249739665217,0.0034083493868074,0.6940735845151205
0.6746108474519668,0.0288999435916483,0.0039258417006261,0.6936760222843722
0.6746336458497313,0.0326770076599415,0.0044458982348209,0.6932228932670405
0.6746593182491202,0.0364563978462851,0.0049688612585234,0.6927141726119805
0.6746878930850816,0.0402383554512666,0.0054950791444516,0.6921498320749588
0.6747194020805097,0.0440231237630995,0.0060249058357611,0.6915298404273513
0.6747538804118957,0.0478109573536593,0.00655870266381,0.6908541613714134
0.6747913667383195,0.0516021130847732,0.007096837609745,0.6901227542880458
0.6748319034684409,0.055396865681946,0.0076396880346809,0.6893355704790137
0.6748755368117969,0.0591954981445154,0.0081876398700134,0.6884925538068447
0.674922316982468,0.0629983070123435,0.008741088913746,0.687593638538071
0.6749722982196165,0.0668055914544972,0.0093004397810581,0.6866387508934397
0.675025539239229,0.0706176753927318,0.009866109687909,0.6856278025329149
0.6750821031620012,0.0744348871674382,0.0104385260377168,0.684560694297667
0.675142057822323,0.0782575685352331,0.0110181282940483,0.6834373128669857
0.6752054760454406,0.0820860783201479,0.0116053691197943,0.6822575283198254
0.6752724358364024,0.0859207892598575,0.0122007145028106,0.6810211936213628
0.6753430205581683,0.0897620843707093,0.0128046437814188,0.6797281445402339
0.6754173193392312,0.0936103651518314,0.0134176515326908,0.6783781956327671
0.6754954271975692,0.0974660430682369,0.0140402468578294,0.6769711417450345
0.6755774455287085,0.1013295492153048,0.0146729555672106,0.6755067532123269
0.6756634822830887,0.1052013269618452,0.0153163196664313,0.67398477704633
0.6757536524152714,0.109081837003276,0.0159708988639752,0.6724049335974775
0.6758480780839522,0.1129715502219092,0.0166372700699093,0.6707669180042316
0.6759468891883024,0.1168709543696651,0.0173160292250793,0.6690703961215948
0.6760502239219769,0.1207805588886097,0.0180077929298361,0.6673150007277037
0.6761582289746316,0.1247008850307631,0.0187131975214219,0.6655003342237342
0.676271060190086,0.1286324728233037,0.0194329011123469,0.6636259639946777
0.6763888830056657,0.132575878225747,0.0201675839460057,0.661691422052233
0.6765118729210113,0.1365316707486139,0.0209179488195852,0.6596962046569947
0.6766402164547853,0.1405004452932615,0.0216847242631973,0.6576397646459099
0.6767741115476369,0.1444828140128025,0.0224686640442826,0.6555215135179484
0.6769137683733972,0.1484794101151652,0.023270548960798,0.6533408175614468
0.6770594100869441,0.1524908878220328,0.0240911879750852,0.6510969958068533
0.6772112735865016,0.1565179213186216,0.0249314191880558,0.6487893185247335
0.6773696106205982,0.1605612111226594,0.0257921124381625,0.6464170013561783
0.677534688912764,0.1646214879836366,0.0266741715850643,0.6439792003630029
0.6777067932130812,0.1686995125533603,0.027578536027497,0.6414750093186861
0.6778862264600679,0.172796075781249,0.0285061824641966,0.6389034564916035
0.6780733111681536,0.1769120021931,0.0294581274301601,0.6362634994406056
0.6782683911437478,0.1810481572925249,0.0304354310120484,0.6335540167141608
0.6784718329244617,0.1852054456336795,0.0314391986264849,0.6307738051309847
0.678684027970151,0.1893848214278028,0.0324705859932175,0.6279215684486695
0.6789053947382222,0.1935872921734051,0.03353080281551,0.6249959099138019
0.6791363813155922,0.1978139286299242,0.03462111840586,0.6219953197905763
0.6793774674913576,0.2020658598289496,0.0357428638578306,0.6189181727930261
0.6796291690730667,0.2063443031051328,0.036897443810821,0.6157626996234361
0.6798920399976753,0.2106505484910607,0.0380863368240126,0.6125269903452587
0.6801666776913742,0.2149859923698309,0.0393111095287792,0.6092089606865139
0.6804537267104108,0.2193521336124092,0.0405734214451618,0.6058063446398539
0.6807538853014719,0.223750607028605,0.041875041208115,0.6023166570584915
0.6810679098541353,0.2281831743681973,0.0432178516199258,0.5987371874523557
0.681396624980617,0.2326517853185477,0.0446038768141077,0.5950649358700842
0.6817409294316021,0.2371585639610229,0.0460352887685405,0.5912966056144086
0.6821018072391176,0.2417058533610993,0.0475144331071018,0.5874285462750558
0.6824803393309743,0.2462962456368535,0.049043852939183,0.5834567043720555
0.6828777171768272,0.2509326163222722,0.0506263166815363,0.5793765660818949
0.683295258740762,0.2556181621559229,0.052264850046714,0.5751830920185703
0.683734425287225,0.2603564227188296,0.0539627655941947,0.570870661214883
0.6841968436397511,0.2651513332300478,0.0557237067515011,0.5664329813342005
0.684684325179896,0.2700072110548203,0.0575516714905221,0.5618630535460694
0.6851988841991539,0.2749287133412471,0.059451026333023,0.5571531624768066
0.6857427495173192,0.2799207157242119,0.0614264887702077,0.5522949429883843
0.686318349259514,0.2849879588334614,0.0634830093983045,0.5472796854146292
0.6869282524783826,0.2901343967238622,0.0656255080955117,0.5420989739688749
0.6875750083957706,0.2953618806104079,0.0678582802053129,0.5367460758192296
0.6882608209044635,0.3006679380777206,0.0701839082784201,0.5312184224400254
0.6889869722738663,0.3060423733845483,0.0726014696362211,0.5255216071844693
0.6897530486437008,0.3114635418429883,0.075104323170413,0.5196741500527633
0.6905563168698964,0.3168968879263625,0.0776786724697786,0.5137102348859623
0.6913919338954062,0.322299502042515,0.0803049483193066,0.5076758923048851
0.6922542497619841,0.3276304208014255,0.0829624243839167,0.5016180927339796
0.6931383980991481,0.3328600500260684,0.0856341787262156,0.4955736342313434
0.694041121815095,0.3379728478964472,0.0883092226975818,0.4895648803700334
0.6949607043079704,0.342964364532145,0.0909817816043238,0.483601968519272
0.695896506729396,0.3478367833005399,0.0936495189577476,0.4776871998841376
0.6968485265366643,0.3525954856782776,0.0963120025001397,0.4718186801569098
0.6978170909649918,0.3572469737033922,0.0989696981697191,0.4659926454989671
0.6988026778827544,0.361797807353759,0.1016234097985583,0.4602047262280163
0.6998058219567763,0.3662541387416,0.1042740010083622,0.4544505541773876
0.7008270637756729,0.370621527442856,0.106922256647661,0.4487260502309423
0.701866926433798,0.3749049101049952,0.1095688281424589,0.4430275246597672
0.7029259058697106,0.3791086353518703,0.112214218849097,0.437351690939993
0.7040044663274434,0.3832365161772959,0.1148587836846065,0.4316956505890487
0.7051030400454347,0.387291892095453,0.1175027392298577,0.4260568577910701
0.706222030536853,0.3912776959383401,0.1201461815425194,0.4204330699205293
0.7073618129313977,0.3951965013980393,0.1227890956814573,0.4148223178525258
0.7085227364476602,0.399050571614376,0.125431369375325,0.4092228691741551
0.7097051262378582,0.40284189930406,0.1280728041757305,0.4036331982479753
0.7109092891114577,0.4065722535296753,0.1307131341521378,0.3980519415857496
0.7121355068087428,0.4102431829831199,0.1333520162884057,0.3924779140760605
0.713384046314813,0.4138560691544697,0.1359890578526246,0.3869100478558682
0.7146551572001979,0.4174121353689151,0.1386238143935059,0.3813473939837561
0.7159490708623057,0.4209124605973836,0.1412557919795252,0.3757891156724062
0.7172660051912619,0.4243580059659485,0.1438844601277136,0.370234459425139
0.7186061647326412,0.4277496262095558,0.1465092547560646,0.3646827475985164
0.7199697365236567,0.431088069519964,0.1491295727197573,0.3591333891023428
0.7213568983273959,0.4343740072581022,0.1517447902668162,0.3535858397605307
0.7227678133182661,0.4376080283577742,0.1543542547607049,0.3480396194354968
0.7242026331263254,0.4407906536870747,0.1569572924553895,0.3424942953589792
0.7256614959510548,0.4439223379795513,0.1595532068323334,0.3369494856506185
0.7271445290979529,0.4470034810250868,0.1621412848774416,0.3314048460646587
0.7286518486290935,0.4500344315970926,0.1647207978594748,0.325860068515574
0.7301835581859556,0.4530154895116506,0.1672910007290807,0.3203148827033575
0.7317397496471435,0.4559469111365014,0.1698511346656228,0.3147690510919446
0.7333205056995225,0.4588289177161621,0.1724004324767554,0.3092223576821533
0.7349258960565547,0.4616616914540244,0.1749381134995332,0.3036746195883993
0.7365559802098789,0.4644453836149728,0.1774633891852034,0.2981256755167295
0.7382108057331271,0.4671801142023636,0.1799754614223993,0.292575390070059
0.7398904090122957,0.4698659757844491,0.1824735246960215,0.2870236497298823
0.7415948160423275,0.4725030369739522,0.1849567681549365,0.2814703589792578
0.743324042441519,0.4750913443325552,0.187424376385474,0.2759154392609799
0.7450780897177829,0.4776309187823536,0.1898755249591595,0.270358839829898
0.7468569518660557,0.480121767156302,0.1923093905786932,0.2648005156778803
0.7486606079456471,0.482563873079872,0.1947251414552553,0.2592404501781986
0.7504890295761116,0.4849572089723749,0.1971219482747748,0.2536786308784052
0.7523421756327473,0.4873017300012208,0.1994989776095758,0.2481150653778524
0.7542199924098892,0.4895973759067869,0.2018553929816953,0.2425497799052328
0.7561224162954506,0.4918440755794121,0.2041903589078735,0.2369828107234731
0.7580493731469061,0.4940417471900971,0.2065030405597449,0.2314142056676891
0.7600007744362686,0.4961902949136462,0.2087925997540203,0.2258440347559543
0.7619765235823778,0.4982896171006968,0.2110582030782058,0.2202723715006122
0.7639765116913211,0.5003396022692346,0.2132990172545682,0.2146993049074994
0.7660006179838396,0.5023401305535034,0.2155142102243944,0.2091249378207781
0.7680487099958501,0.5042910747813029,0.217702951900299,0.2035493860167099
0.7701206452460752,0.5061923027734265,0.2198644163766817,0.1979727734521532
0.7722162686444093,0.5080436755640964,0.2219977795854584,0.1923952391209683
0.7743354134244874,0.5098450490464029,0.2241022207805312,0.1868169342516084
0.7764779037423112,0.5115962767200678,0.2261769254556976,0.1812380153898643
0.7786435508899728,0.5132972069943175,0.2282210819166012,0.1756586542991731
0.7808321548164464,0.5149476851064978,0.2302338832105236,0.1700790337966959
0.7830435057273395,0.5165475547765591,0.232214528888917,0.1644993436650696
0.7852773807770093,0.518096656220309,0.2341622223089979,0.1589197890215255
0.7875335471035997,0.5195948288521579,0.2360761737010857,0.1533405825943861
0.7898117601210299,0.5210419104866836,0.2379555989384392,0.1477619490250175
0.7921117667289281,0.5224377397359842,0.2397997224243186,0.142184117063577
0.7944333006024498,0.5237821533791303,0.2416077734504077,0.1366073311541
0.7967760850570985,0.5250749885798335,0.2433789888376579,0.1310318444389361
0.7991398334778903,0.526316083373482,0.2451126134185721,0.1254579178775809
0.8015242495746525,0.5275052769974473,0.246807900336388,0.119885819825522
0.8039290243872438,0.5286424086853558,0.248464109105643,0.1143158331369391
0.8063538408757368,0.5297273202139131,0.2500805090403622,0.1087482445649527
0.8087983715992171,0.5307598549150051,0.2516563776921527,0.1031833503804176
0.8112622784781536,0.5317398578433269,0.2531910008697373,0.0976214570267619
0.8137452126389835,0.5326671760062448,0.2546836727366255,0.092062881565466
0.8162468184655534,0.5335416600342505,0.2561336983210812,0.0865079428023079
0.8187667283708174,0.5343631623631915,0.2575403904249848,0.0809569732018597
0.8213045663362725,0.5351315387121521,0.2589030718205226,0.0754103111541025
0.8238599490860933,0.535846648435321,0.2602210758013575,0.0698682987139462
0.8264324814307915,0.5365083532906568,0.2614937437669267,0.0643312919440626
0.8290217595837551,0.5371165186273801,0.2627204270911806,0.0587996538265217
0.8316273720026818,0.537671013631984,0.2639004874814324,0.0532737527198883
0.8342488996161666,0.5381717113625163,0.265033296977989,0.0477539621711599
0.8368859133799346,0.5386184883411755,0.2661182368604853,0.0422406662959564
0.8395379779839668,0.5390112253154596,0.2671546992027048,0.0367342522063806
0.8422046488573363,0.5393498067743113,0.2681420855616948,0.0312351165215164
0.8448854737233422,0.539634121288426,0.2690798075869301,0.025743662322504
0.8475799928748021,0.5398640615672955,0.2699672870351935,0.0202602988222824
0.8502877399785697,0.5400395245209603,0.2708039559159301,0.0147854399775546
0.8530082399381775,0.5401604111327909,0.2715892557252545,0.0093195090406614
0.855741014353791,0.5402266267094792,0.2723226389082616,0.0038629278143099
0.8584855728892944,0.5402380805640187,0.2730035663091983,-0.0015838658223714
0.8612414228111124,0.540194686277823,0.2736315096335702,-0.007020436765559
0.864012440182875,0.5400961627870913,0.2742068142308966,-0.0124549001110944
0.8667992933345934,0.5399420972703484,0.2747289128572113,-0.0178889456342557
0.8696014882529122,0.5397320889088163,0.2751969701583892,-0.0233219780381452
0.8724185121927743,0.5394657428941089,0.2756101554975873,-0.0287533799474665
0.875249839072519,0.5391426703985503,0.2759676442449433,-0.0341825224350993
0.8780949254808532,0.5387624892533454,0.2762686174998079,-0.0396087573413252
0.8809532096867315,0.5383248246015148,0.2765122625198613,-0.0450314155136447
0.8838241161125604,0.5378293086666954,0.2766977735630486,-0.050449815375941
0.8867070477689911,0.5372755824263508,0.2768243517646024,-0.055863248679323
0.8896013942398717,0.5366632947270835,0.2768912061482567,-0.0612709956558563
0.8925065290668872,0.535992103019149,0.2768975537236447,-0.0666723200546141
0.895421807128026,0.5352616743994257,0.2768426199057069,-0.0720664643082223
0.8983465689502871,0.5344716850233285,0.2767256389126629,-0.0774526575705721
0.90128013637588,0.5336218216034679,0.2765458542355187,-0.0828301077114082
0.9042218166619128,0.5327117807309214,0.2763025188723706,-0.0881980088809817
0.9071709006792872,0.5317412697182787,0.2759948957135713,-0.0935555381709661
0.9101266599057352,0.5307100080943689,0.275622258323806,-0.0989018501855917
0.9130883536551204,0.529617725589134,0.2751838904945572,-0.1042360901449851
0.9160552238782972,0.528464164218873,0.27467908709593,-0.109557384410937
0.9190264959644416,0.5272490784895754,0.2741071543964886,-0.114864841945443
0.9220013811380632,0.5259722348141787,0.2734674099198284,-0.1201575585649665
0.924979075705608,0.5246334120967046,0.2727591827628123,-0.1254346155228341
0.9279587600409496,0.5232324025434538,0.2719818140876814,-0.1306950776676672
0.9309396006666152,0.521769011059569,0.2711346568419407,-0.1359379970805548
0.9339207483757576,0.5202430564656574,0.2702170764537742,-0.1411624097093042
0.93690134100638,0.518654370433791,0.2692284501972142,-0.1463673401894302
0.9398805023621484,0.5170027982595863,0.2681681675772556,-0.1515517998748376
0.9428573439327996,0.5152881981390816,0.2670356297693759,-0.1567147897641943
0.9458309627011412,0.5135104426125213,0.2658302504351311,-0.1618552966235488
0.948800443653926,0.5116694173368963,0.2645514547769895,-0.1669722972863225
0.951764860208853,0.5097650208943163,0.2631986791831909,-0.1720647593075171
0.9547232729295752,0.5077971657025674,0.2617713716400039,-0.1771316386916306
0.9576747329982138,0.5057657757744349,0.2602689898466996,-0.1821718857872372
0.9606182802993972,0.5036707878885178,0.2586910017132066,-0.1871844419327861
0.9635529437796632,0.5015121513192722,0.25703688482401,-0.1921682400363976
0.9664777438795766,0.4992898259064434,0.2553061245562601,-0.1971222086706755
0.9693916924931776,0.4970037817193564,0.2534982133099112,-0.2020452719536099
0.9722937920933364,0.4946539993806202,0.2516126502368945,-0.2069363480535027
0.9751830399020228,0.4922404662075025,0.2496489375532232,-0.2117943562151363
0.9780584236836912,0.4897631789812543,0.2476065820856955,-0.216618209682776
0.9809189273164608,0.4872221384995167,0.2454850900850681,-0.2214068251028235
0.9837635281652009,0.4846173507689714,0.2432839673349013,-0.2261591181633102
0.9865911998071302,0.4819488233975009,0.2410027152004659,-0.2308740082471901
0.9894009120008954,0.4792165641205957,0.2386408283131353,-0.2355504184971559
0.9921916321840212,0.4764205776191205,0.2361977906642895,-0.2401872784730307
0.994962326349462,0.4735608625268218,0.233673071684147,-0.2447835258160005
0.9977119580273024,0.4706374100820591,0.2310661236252496,-0.2493381048327071
1.000439492799223,0.4676501965429478,0.2283763732212517,-0.2538499743167169
1.003143896689906,0.4645991813903584,0.2256032182262898,-0.2583181052900137
1.0058241382665598,0.4614843010482989,0.2227460197199261,-0.262741484984393
1.0084791888312414,0.4583054639830148,0.2198040953609152,-0.2671191177749243
1.0111080243278834,0.4550625429993294,0.2167767097479939,-0.2714500290715993
1.013709627140682,0.4517553665140253,0.2136630634090395,-0.2757332691758323
1.016282984375041,0.4483837131821363,0.2104622845300057,-0.2799679115268744
1.018827091699739,0.4449472982160762,0.2071734123929857,-0.284153060319551
1.0213409544337535,0.4414457613386747,0.2037953816894203,-0.2882878538351432
1.0238235845226489,0.4378786588157107,0.2003270101705408,-0.2923714613197213
1.0262740063193745,0.4342454410890293,0.1967669716506075,-0.2964030947084957
1.0286912536169024,0.4305454400134975,0.1931137773630749,-0.3003820063992604
1.03107436967435,0.4267778491972772,0.1893657496598071,-0.3043074924732088
1.0334224072115494,0.4229417008323586,0.1855209910466884,-0.3081788964950469
1.035734427523837,0.4190358396645319,0.1815773489639914,-0.3119956126291559
1.0380094935358488,0.4150589026421359,0.1775323847930284,-0.3157570796578502
1.0402466646491055,0.411009291198126,0.1733833338595946,-0.3194627790014802
1.042444986701779,0.4068851469128687,0.169127067042926,-0.3231122258886236
1.044603468272456,0.4026843487217075,0.1647600729467675,-0.3267049391959541
1.046721057556913,0.3984045080138862,0.1602784367150481,-0.3302404135407437
1.0487965876127856,0.3940430296197117,0.1556778871507232,-0.3337180397488725
1.0508286966914815,0.38959724251534,0.1509539195754582,-0.3371369836140044
1.0528156962346007,0.3850646846228898,0.1461020888354379,-0.3404959745007038
1.054755371614677,0.3804436261752047,0.1411185726980423,-0.3437929733201246
1.0566446609823283,0.3757340495097645,0.136001257700704,-0.3470246169394081
1.0584792224078532,0.370939216315822,0.13075152006463,-0.3501854372630706
1.0602529114740098,0.3660679734917457,0.1253769081930129,-0.3532668645287724
1.0619574214851188,0.3611373258826794,0.1198942515765418,-0.3562564179198953
1.0635825750651016,0.3561738239108207,0.1143315867937833,-0.3591379309816457
1.0651177729462995,0.3512115218631594,0.1087262856258404,-0.3618937804600574
1.0665543406004965,0.3462858325115399,0.1031183933968697,-0.3645088426062318
1.0678874583286189,0.3414263467907228,0.0975424417390517,-0.3669739936467308
1.0691165413056545,0.336652875418086,0.0920226059716679,-0.3692870812118236
1.0702442676897264,0.3319757649989282,0.0865726446890736,-0.3714515213914217
1.0712752157051495,0.3273984537749623,0.0811984965877031,-0.3734740984687693
1.0722147657587304,0.3229201960092298,0.075901216373551,-0.3753631211375794
1.0730684265071708,0.3185380536962775,0.0706791804105081,-0.3771272589808053
1.07384148630669,0.3142481374054599,0.0655294929822605,-0.3787749210383815
1.074538867024692,0.3100462889510029,0.0604487796788646,-0.3803139813008577
1.075165083122697,0.3059284352663398,0.0554336136327689,-0.3817516881824774
1.0757242533238518,0.3018907432601847,0.0504807142329697,-0.3830946695480728
1.0762201307545574,0.2979296933313529,0.0455870521942632,-0.3843489714698867
1.076656143523235,0.2940420745401612,0.0407498599399074,-0.3855201203250353
1.0770354312371322,0.2902249839392883,0.0359666464047448,-0.3866131772574959
1.0773608814919975,0.2864757904378738,0.0312351664800855,-0.3876327967354433
1.0776351605527803,0.2827921089678187,0.0265534013786147,-0.3885832749507125
1.0778607403387552,0.2791717711854179,0.0219195329549931,-0.3894685931581239
1.0780399215402816,0.2756127981473355,0.0173319188535133,-0.3902924550712633
1.078174853191147,0.2721133796266499,0.0127890747203207,-0.3910583180863333
1.0782675497405996,0.2686718484353664,0.0082896486652606,-0.3917694217270956
1.0783199052755397,0.2652866655058836,0.0038324084777408,-0.3924288103125662
1.0783337059095044,0.2619564023879764,-0.0005837754546911,-0.3930393534470755
1.0783106403387397,0.2586797266124937,-0.0049599443844491,-0.3936037634830611
1.07825225950055,0.2554532957411857,-0.009299889453493,-0.3941249376997656
1.0781599777705195,0.2522748578620053,-0.0136060337191453,-0.3946054101233543
1.078035148577641,0.2491435027959304,-0.0178790367810883,-0.3950473846259418
1.0778790682498385,0.2460583811008948,-0.0221194964546546,-0.3954529704066429
1.0776929808472366,0.2430186944167731,-0.0263279590661443,-0.3958241903675923
1.077478082258089,0.2400236873746387,-0.0305049281107111,-0.3961629882527029
1.0772355236518147,0.2370726403866344,-0.0346508721388438,-0.3964712348088126
1.076966414599952,0.2341648655076578,-0.0387662287075304,-0.3967507328997617
1.0766718260200665,0.2312997045070892,-0.0428514054145591,-0.3970032218861294
1.0763527923668208,0.2284765227747997,-0.04690678704877,-0.3972303819228985
1.0760103135282666,0.2256947048138887,-0.0509327408165926,-0.3974338375951544
1.07564535753015,0.2229536583571331,-0.0549296092361532,-0.397615160582412
1.075258861205512,0.2202528037597546,-0.0588977244696807,-0.3977758731004913
1.0748517324531142,0.2175915780350096,-0.0628374015996962,-0.3979174499966908
1.0744248512134469,0.2149694303001641,-0.0667489444983912,-0.3980413212077937
1.0739790704711218,0.2123858193025344,-0.0706326488697086,-0.3981488738174121
1.0735152180787009,0.209840216463164,-0.0744887970781639,-0.3982414537110194
1.0730340968565215,0.2073320995704994,-0.0783176670983469,-0.398320367469345
1.0725364861632032,0.2048609556426958,-0.0821195277563027,-0.3983868837390312
1.072023142108014,0.2024262769671354,-0.0858946443954726,-0.398442234722672
1.0714947988086612,0.2000275629959291,-0.089643275651615,-0.3984876173808936
1.0709521686829917,0.1976643178453056,-0.0933656770509048,-0.3985241946578016
1.0703959436218642,0.1953360521527025,-0.0970620978584562,-0.3985530965346073
1.0698267949434548,0.1930422798505122,-0.100732785964771,-0.3985754210919585
1.0692453742715369,0.1907825192797299,-0.1043779860004287,-0.398592235434718
1.0686523140476127,0.1885562928411624,-0.1079979397655439,-0.3986045765885371
1.068048227919992,0.1863631263800203,-0.1115928871367947,-0.3986134523452438
1.067433711363033,0.1842025495763389,-0.1151630653663455,-0.3986198420584898
1.066809341892464,0.1820740949932332,-0.1187087106064026,-0.3986246974064058
1.0661756798165978,0.1799772991148742,-0.1222300561674379,-0.3986289431137231
1.065533268288529,0.1779117010627837,-0.1257273346500782,-0.3986334776498897
1.064882633612538,0.1758768423678766,-0.1292007783846297,-0.3986391738989888
1.0642242862818196,0.1738722690310436,-0.1326506159473639,-0.3986468798010164
1.0635587207408417,0.1718975295857909,-0.1360770754786338,-0.3986574189810346
1.062886416022615,0.1699521759950464,-0.139480383196676,-0.3986715913524507
1.062207835772161,0.1680357627487719,-0.1428607650310137,-0.3986901737141465
1.0615234290712,0.1661478483096733,-0.1462184441504797,-0.3987139203153735
1.0608336303306,0.1642879939139487,-0.1495536431355584,-0.3987435634291619
1.0601388600779615,0.1624557648962342,-0.1528665816817699,-0.3987798138842184
1.059439524849415,0.16065072958785,-0.1561574786342693,-0.3988233616194505
1.0587360177278302,0.1588724599953446,-0.1594265508420369,-0.3988748762027337
1.0580287184072543,0.157120531259639,-0.1626740142263169,-0.3989350073688545
1.0573179939962547,0.155394522977284,-0.165900081409615,-0.3990043854897474
1.056604198964154,0.1536940183693176,-0.1691049632999271,-0.3990836220981986
1.0558876755948554,0.1520186047373606,-0.1722888682998463,-0.3991733103633815
1.0551687540119596,0.1503678729119238,-0.1754520034151309,-0.3992740256079549
1.0544477528897285,0.1487414183076488,-0.1785945723009549,-0.3993863257296418
1.0537249794399033,0.1471388402927556,-0.1817167765068971,-0.3995107517053702
1.0530007298657398,0.1455597426451156,-0.1848188146404965,-0.3996478280239046
1.0522752894760354,0.1440037332524576,-0.18790088299058,-0.3997980631662364
1.0515489329214098,0.1424704241080359,-0.1909631755876147,-0.3999619500670366
1.0508219248650017,0.1409594322122601,-0.1940058824325339,-0.4001399664628762
1.050094520171713,0.1394703794242391,-0.1970291897755446,-0.4003325753174561
1.0493669635382084,0.1380028912161385,-0.2000332826627876,-0.4005402254111788
1.048639490492987,0.1365565982464782,-0.2030183417646494,-0.4007633515676375
1.0479123274195905,0.1351311359064699,-0.2059845442776738,-0.4010023751091098
1.047185691707313,0.1337261441558225,-0.208932064259324,-0.4012577042863106
1.0464597922094183,0.1323412679606546,-0.2118610716973971,-0.4015297345942956
1.045734829049989,0.1309761564844708,-0.2147717341998578,-0.4018188493168795
1.0450109943902617,0.1296304641185226,-0.2176642147943619,-0.4021254197075783
1.0442884724194628,0.1283038500251049,-0.2205386728513634,-0.4024498054409112
1.0435674397622523,0.1269959784703409,-0.2233952633181592,-0.4027923548870791
1.0428480653950336,0.1257065182627649,-0.2262341378891563,-0.4031534056014902
1.0421305106178804,0.1244351423329505,-0.2290554459149949,-0.4035332848243622
1.0414149307490332,0.1231815303453986,-0.2318593285413964,-0.4039323090295122
1.040701473322529,0.1219453651165507,-0.2346459265833484,-0.4043507853103435
1.0399902796312626,0.1207263349719241,-0.2374153752255347,-0.4047890109950234
1.039281484828298,0.119524133523996,-0.2401678043951073,-0.4052472739698737
1.038575217058724,0.1183384578488589,-0.2429033428593576,-0.4057258536796878
1.0378715993874237,0.1171690113987829,-0.2456221114575872,-0.4062250202917758
1.037170748315723,0.1160155011595668,-0.24832422954959,-0.40674503610313
1.0364727751704952,0.1148776396349671,-0.2510098103227748,-0.4072861549889169
1.035777785751769,0.1137551439224254,-0.2536789628237398,-0.4078486230393686
1.0350858802814906,0.1126477353225198,-0.2563317927971789,-0.4084326790336128
1.0343971544771742,0.1115551407479798,-0.2589683992000783,-0.4090385539426469
1.0337116984061523,0.1104770905867038,-0.2615888792102582,-0.4096664723001488
1.0330295979953568,0.1094133207998802,-0.264193323046763,-0.4103166512697602
1.0323509339916137,0.1083635709909263,-0.2667818185324241,-0.4109893019761571
1.031675783083332,0.1073275858737434,-0.2693544473805331,-0.4116846288306614
1.031004217396548,0.1063051142083581,-0.2719112876755984,-0.4124028303921184
1.0303363056242048,0.1052959102466153,-0.2744524101157783,-0.4131440985261184
1.0296721113757437,0.1042997309623707,-0.2769778848218016,-0.413908620568677
1.0290116951891974,0.1033163388385656,-0.2794877741937354,-0.4146965774790041
1.0283551136013802,0.102345500202857,-0.2819821369494067,-0.4155081452081113
1.02770241950859,0.1013869855240662,-0.2844610272384199,-0.4163434946483887
1.027053662550556,0.1004405697323341,-0.2869244936569824,-0.4172027914822872
1.0264088888926184,0.0995060316598778,-0.2893725805350123,-0.4180861967881875
1.025768141131305,0.0985831536826964,-0.2918053287410442,-0.4189938675509541
1.0251314594705896,0.0976717231907432,-0.2942227716505855,-0.4199259553342284
1.0244988805467443,0.0967715306715406,-0.296624940029528,-0.4208826082501731
1.023870438428981,0.0958823709331812,-0.2990118586442312,-0.4218639698409354
1.023246164442016,0.0950040426346983,-0.301383547332139,-0.4228701796154007
1.0226260868167918,0.0941363475949313,-0.3037400227148564,-0.4239013739490759
1.022010231496849,0.0932790917297979,-0.3060812955092223,-0.4249576851032555
1.0213986223096918,0.0924320850853276,-0.3084073702367254,-0.4260392411526029
1.0207912801378187,0.0915951404977462,-0.3107182487272101,-0.4271461677243543
1.0201882240585871,0.0907680749885574,-0.313013926124656,-0.4282785862782136
1.0195894703095605,0.089950708160629,-0.3152943951547997,-0.4294366162951324
1.0189950339920693,0.0891428643533765,-0.3175596399579833,-0.4306203723057329
1.0184049272528772,0.0883443699881524,-0.3198096433237196,-0.4318299676701611
1.0178191611270342,0.0875550559072293,-0.3220443799676601,-0.4330655111840281
1.0172377442154628,0.0867747554175863,-0.3242638218617776,-0.4343271100084001
1.016660683173814,0.0860033048007609,-0.3264679366531366,-0.4356148690004426
1.016087983902813,0.0852405447449521,-0.3286566833858362,-0.4369288882545649
1.015519649486063,0.0844863174400025,-0.3308300206400182,-0.438269267979865
1.0149556825918609,0.083740469629874,-0.3329878976048435,-0.43963610322607
1.0143960833562096,0.0830028496583566,-0.3351302624165203,-0.4410294890866816
1.013840850783268,0.082273309189666,-0.3372570570384143,-0.4424495176481651
1.013289983274061,0.0815517037578863,-0.3393682154575375,-0.4438962767115286
1.012743476837562,0.0808378902873007,-0.3414636707565542,-0.4453698546321524
1.012201326795739,0.0801317292020248,-0.3435433487918446,-0.446870336137004
1.0116635273566097,0.0794330837366593,-0.3456071700297636,-0.4483978035630022
1.0111300711964404,0.0787418192725804,-0.3476550513451769,-0.4499523382638723
1.010600950457892,0.0780578045142964,-0.3496869023777051,-0.4515340179340284
1.0100761553478264,0.0773809095590595,-0.3517026310953025,-0.4531429209447097
1.009555676387614,0.0767110086902316,-0.3537021353249493,-0.4547791197179396
1.0090395020825909,0.0760479772598303,-0.3556853118696831,-0.4564426880012272
1.008527620321069,0.0753916933876636,-0.3576520512945524,-0.4581336967932411
1.0080200183905776,0.0747420378747002,-0.359602238016327,-0.4598522143497726
1.0075166824971704,0.0740988934856431,-0.3615357522967803,-0.4615983079336045
1.007017598502702,0.0734621457933376,-0.3634524675507942,-0.4633720414377054
1.0065227507455996,0.0728316815778575,-0.365352255009502,-0.4651734797020203
1.0060321236024392,0.0722073907257751,-0.3672349778511956,-0.4670026831196073
1.005545700722818,0.0715891651617459,-0.3691004942639208,-0.4688597104156728
1.0050634646632428,0.0709768982964834,-0.370948658965004,-0.4707446202645024
1.0045853980702204,0.0703704864438189,-0.3727793187769465,-0.4726574668528757
1.004111482442981,0.0697698271658759,-0.3745923174763152,-0.4745983048193951
1.0036416992961907,0.0691748206668826,-0.3763874914430675,-0.4765671847299542
1.003176028823359,0.0685853680204892,-0.3781646748668175,-0.4785641587342247
1.0027144522301268,0.0680013740469319,-0.3799236909311148,-0.4805892707343146
1.002256948695504,0.0674227433917934,-0.3816643634963484,-0.4826425695465686
1.001803498233665,0.0668493840746695,-0.3833865062730845,-0.484724096525417
1.0013540794861544,0.0662812046255541,-0.3850899313041515,-0.4868338955014159
1.000908671532559,0.0657181163056613,-0.3867744421599727,-0.4889720046039649
1.00046725273867,0.0651600315840233,-0.3884398383832818,-0.4911384616412459
1.0000298015740576,0.0646068651061362,-0.3900859124664442,-0.4933333002390975
0.999596295795402,0.0640585325981532,-0.3917124529966046,-0.4955565539213873
0.999166712900041,0.0635149513784908,-0.3933192429986539,-0.4978082540144396
0.9987410304379356,0.0629760406927714,-0.3949060588300512,-0.5000884280220004
0.9983192257614214,0.062441721339439,-0.3964726711814302,-0.5023971008971745
0.9979012758210888,0.0619119153545197,-0.3980188458840211,-0.5047342962316371
0.997487157444118,0.0613865463088834,-0.3995443429199387,-0.5071000348138905
0.9970768469882912,0.0608655388153893,-0.4010489177377459,-0.5094943366749765
0.9966703214423348,0.0603488198740814,-0.4025323172622532,-0.5119172146877856
0.9962675571296512,0.0598363171764,-0.4039942847003833,-0.5143686820792617
0.9958685304664998,0.0593279600187701,-0.4054345568004511,-0.516848748030174
0.9954732174129562,0.0588236785555233,-0.4068528658743302,-0.5193574210790155
0.9950815943413152,0.058323404859322,-0.4082489367060909,-0.5218947036865548
0.9946936373650118,0.0578270720212753,-0.4096224890112137,-0.5244605963945075
0.9943093224018952,0.0573346141864089,-0.4109732372249654,-0.5270550975204269
0.99392862567643,0.0568459671545789,-0.4123008887695634,-0.5296781997541019
0.9935515230281446,0.0563610674528477,-0.4136051465150038,-0.532329894812278
0.99317799036063,0.0558798528699961,-0.4148857072236606,-0.5350101704192215
0.9928080037594642,0.0554022625705743,-0.4161422611908624,-0.5377190093545557
0.9924415392243128,0.0549282367123923,-0.4173744931998333,-0.5404563913065569
0.992078572668448,0.0544577164077212,-0.4185820825358155,-0.5432222929073578
0.9917190802185344,0.0539906440757684,-0.419764702013398,-0.546016685417017
0.9913630377791866,0.0535269628427874,-0.4209220194459541,-0.5488395380189843
0.9910104214594272,0.0530666170615045,-0.4220536962606688,-0.5516908144878151
0.990661207413936,0.0526095520725812,-0.4231593880568852,-0.5545704743284526
0.9903153717851808,0.0521557140963854,-0.4242387448110879,-0.5574784732106985
0.9899728907514372,0.0517050502637663,-0.4252914107404985,-0.5604147625464324
0.9896337409796842,0.051257509183559,-0.4263170229634924,-0.5633792854488586
0.9892978986240988,0.0508130395936814,-0.4273152145856297,-0.5663719853140187
0.9889653400464368,0.0503715912786072,-0.4282856124900546,-0.5693927996407385
0.9886360419472596,0.0499331152186701,-0.4292278370243286,-0.5724416586187486
0.9883099810670676,0.0494975631681983,-0.4301415029304317,-0.5755184876691123
0.9879871338946702,0.0490648872364962,-0.4310262201509469,-0.5786232102310176
0.9876674775818532,0.0486350410861833,-0.4318815913295663,-0.5817557389408246
0.9873509888115264,0.0482079783909511,-0.4327072149410318,-0.5849159864267397
0.9870376448016844,0.0477836541594579,-0.4335026826138096,-0.5881038554371315
0.9867274226226022,0.0473620237919727,-0.4342675809715953,-0.5913192454792695
0.9864202997340558,0.0469430437848325,-0.4350014903082311,-0.5945620472393705
0.9861162534481632,0.0465266709777581,-0.4357039859492031,-0.5978321480374723
0.9858152614170008,0.0461128631963583,-0.4363746371155946,-0.6011294265889354
0.9855173010601642,0.0457015784446547,-0.4370130082549665,-0.6044537591168847
0.9852223503550948,0.0452927759715302,-0.4376186573356208,-0.6078050105397532
0.9849303872051584,0.0448864153810057,-0.438191137290844,-0.6111830412862618
0.9846413895859668,0.0444824568111532,-0.438729995702183,-0.614587705645512
0.9843553359242346,0.0440808614455526,-0.4392347741629128,-0.6180188471227023
0.9840722045464992,0.0436815907247735,-0.4397050093740058,-0.6214763047617554
0.98379197378622,0.0432846064722396,-0.4401402329102971,-0.6249599119279857
0.9835146222195482,0.0428898712077111,-0.4405399708682199,-0.6284694933146221
0.9832401287054686,0.0424973481900232,-0.4409037439205142,-0.6320048641757813
0.9829684721850268,0.0421070011150327,-0.4412310676829235,-0.635565832685284
0.9826996315682516,0.0417187939325076,-0.4415214528488844,-0.6391522013899988
0.9824335861771876,0.0413326914672679,-0.4417744047397643,-0.6427637612112517
0.982170315429404,0.0409486589493194,-0.4419894237742339,-0.646400295400483
0.981909798781863,0.0405666619130813,-0.4421660055312337,-0.6500615802525619
0.9816520159729072,0.0401866665346822,-0.4423036406236534,-0.653747381605168
0.9813969468070876,0.039808639301479,-0.4424018149256953,-0.657457457688859
0.9811445713184456,0.0394325472370256,-0.4424600095514541,-0.6611915566492214
0.9808948695088264,0.0390583574956081,-0.4424777009820724,-0.6649494202733023
0.9806478218724474,0.0386860381319702,-0.44245436107708,-0.6687307759819588
0.9804034083354912,0.0383155564888766,-0.4423894570583645,-0.6725353528883091
0.9801616091227182,0.0379468804753088,-0.4422824514071135,-0.6763628687656926
0.979922405027736,0.037579978973086,-0.4421328022342913,-0.6802130253364052
0.979685777204478,0.0372148215181545,-0.4419399635390806,-0.684085511015268
0.9794517067362316,0.036851377624679,-0.441703385010628,-0.6879800077093403
0.9792201750764232,0.0364896174507696,-0.4414225124664975,-0.6918961834601328
0.9789911639049828,0.0361295115682472,-0.4410967879371859,-0.6958336944856615
0.9787646549771992,0.0357710307123349,-0.4407256495707093,-0.6997921875906342
0.978540630186324,0.0354141458636988,-0.4403085317618171,-0.7037712990078404
0.97831907174151,0.0350588285198315,-0.4398448656156662,-0.7077706510372451
0.9780999621923498,0.0347050507295707,-0.4393340792916327,-0.7117898512103876
0.9778832839247572,0.0343527842673453,-0.4387755969732342,-0.7158285013377009
0.9776690198512522,0.0340020017355518,-0.4381688406165174,-0.719886184658388
0.977457153045926,0.0336526759681431,-0.4375132293562609,-0.7239624722154422
0.9772476668698784,0.0333047802266837,-0.4368081800740492,-0.728056920225634
0.9770405447369188,0.0329582878015626,-0.4360531068180028,-0.7321690744167162
0.976835770406738,0.0326131724882206,-0.4352474219805431,-0.736298464082302
0.976633327908232,0.032269408455023,-0.4343905363722901,-0.7404446032215819
0.9764332015443612,0.0319269702457741,-0.4334818595613919,-0.7446069901117732
0.9762353758926224,0.0315858327753568,-0.432520800216325,-0.7487851069629912
0.9760398356118224,0.0312459709877552,-0.4315067654301148,-0.7529784237563613
0.9758465658802892,0.0309073606088449,-0.4304391632617949,-0.757186388610589
0.975655551962858,0.0305699773913913,-0.4293174009248478,-0.7614084366852604
0.9754667795502906,0.0302337977045999,-0.4281408870419811,-0.765643982482736
0.9752802346646204,0.0298987983710285,-0.4269090317068064,-0.7698924214290757
0.97509590354552,0.0295649564613716,-0.4256212462354543,-0.7741531320845437
0.9749137727802162,0.0292322495259899,-0.4242769445238888,-0.7784254728327356
0.9747338292531144,0.0289006555054809,-0.4228755432982372,-0.7827087826260501
0.9745560602380744,0.0285701529034784,-0.4214164634753556,-0.7870023783658907
0.9743804533087088,0.0282407206265223,-0.4198991301835231,-0.7913055565807429
0.9742069964571816,0.027912338212296,-0.4183229745309556,-0.7956175900744215
0.9740356779557556,0.0275849855774192,-0.4166874332241292,-0.7999377308551958
0.9738664864626708,0.0272586432250833,-0.4149919503541313,-0.8042652070712218
0.9736994110866182,0.0269332923842488,-0.4132359790857298,-0.8085992208019073
0.9735344412750124,0.0266089148095499,-0.411418981616728,-0.812938950377648
0.9733715668361208,0.0262854928371625,-0.4095404304399249,-0.8172835493531484
0.9732107779772308,0.0259630094770109,-0.4075998099291639,-0.8216321450013497
0.9730520653704664,0.0256414485676162,-0.4055966184727471,-0.8259838359653482
0.9728954200614548,0.025320794617976,-0.4035303687917573,-0.8303376941660645
0.9727408335430822,0.0250010329835272,-0.4014005903531232,-0.834692762241459
0.9725882976408218,0.0246821496581065,-0.3992068293639387,-0.8390480562439361
0.9724378046574004,0.0243641316041229,-0.3969486524075014,-0.843402561057749
0.972289347347392,0.0240469667399609,-0.394625648004156,-0.8477552305163749
0.972142918841569,0.0237306438182529,-0.3922374273566756,-0.8521049890938531
0.9719985126604692,0.0234151524926817,-0.3897836264516293,-0.8564507310857806
0.9718561227863564,0.0231004835199586,-0.3872639093800857,-0.8607913179864953
0.9717157435334596,0.022786628523195,-0.3846779683034826,-0.8651255819857114
0.9715773697460915,0.0224735804853704,-0.3820255293888875,-0.86945231947619
0.971440996541427,0.0221613332306053,-0.3793063505300317,-0.873770298625813
0.9713066194287884,0.0218498817459984,-0.3765202259764305,-0.8780782554410119
0.9711742342124936,0.0215392220172537,-0.3736669869129604,-0.882374896645382
0.971043837117154,0.0212293513845176,-0.3707465067822397,-0.8866588954697946
0.9709154246569224,0.0209202683062867,-0.3677587013370303,-0.8909288957434733
0.9707889936406874,0.0206119724391599,-0.3647035315237296,-0.8951835117330407
0.9706645409990048,0.0203044642812462,-0.3615810019958435,-0.8994213341149024
0.9705420640988396,0.0199977460170145,-0.3583911717359264,-0.9036409195015296
0.9704215603189634,0.0196918205427935,-0.3551341463155615,-0.9078408051722148
0.9703030270481202,0.0193866915066797,-0.3518100798679797,-0.912019509881102
0.9701864623118736,0.0190823650052217,-0.3484191957520337,-0.9161755121757328
0.9700718636084318,0.0187788466505376,-0.3449617564000261,-0.9203072921915536
0.9699592289319532,0.0184761442999476,-0.3414380953609369,-0.9244132961093036
0.9698485560042246,0.0181742661082657,-0.3378485971753608,-0.9284919645935944
0.9697398424422295,0.0178732210130457,-0.3341937041143939,-0.932541728070318
0.9696330857196488,0.01757301868105,-0.3304739168346819,-0.9365610094494372
0.9695282832945668,0.0172736699280706,-0.3266898009223965,-0.9405482206289326
0.9694254324216172,0.016975186256144,-0.3228419824988196,-0.9445017709334208
0.9693245297520192,0.0166775787142615,-0.3189311340705125,-0.9484200843187964
0.969225572015226,0.0163808599145778,-0.3149580012307001,-0.9523015749161328
0.9691285552657634,0.016085041842097,-0.3109233743836869,-0.9561446781284554
0.9690334753210552,0.0157901371620064,-0.3068281061100584,-0.9599478356435732
0.968940327594492,0.0154961587395778,-0.3026731048937862,-0.9637095039919724
0.968849107006316,0.0152031193599307,-0.2984593309328692,-0.9674281603230448
0.9687598077889962,0.0149110310680543,-0.2941877858366825,-0.9711023127577592
0.9686724236328388,0.0146199055781925,-0.289859517292611,-0.9747304969924836
0.9685869479999092,0.0143297553062585,-0.2854756337301563,-0.9783112654857838
0.9685033734484264,0.0140405910651629,-0.281037268757237,-0.9818432179443616
0.9684216920831772,0.013752423497145,-0.2765456008924355,-0.9853249850801332
0.9683418952975066,0.0134652621043927,-0.2720018369849828,-0.9887552419343978
0.968263974048988,0.0131791161390897,-0.2674072242679078,-0.9921326985014334
0.968187918887964,0.0128939946695116,-0.2627630500767643,-0.9954561005685174
0.968113718965545,0.0126099027048223,-0.2580705760351122,-0.998724275589798
0.968041363776604,0.0123268476253974,-0.2533311406450181,-1.0019360586817292
0.967970842052422,0.0120448349539475,-0.2485460885023262,-1.005090342955742
0.9679021417005929,0.0117638678755056,-0.2437167586247081,-1.0081860846923882
0.9678352503528652,0.0114839492640878,-0.2388445160762435,-1.0112222808574414
0.9677701552118096,0.0112050809621559,-0.2339307375344459,-1.0141979776364245
0.9677068429830824,0.0109272633341687,-0.2289768008311745,-1.0171122752505597
0.9676452998913556,0.0106504951342468,-0.2239840796460258,-1.019964328936222
0.967585511890695,0.0103747742624675,-0.2189539543778022,-1.0227533407134377
0.9675274644253442,0.010100096486529,-0.2138877862427115,-1.0254785718688766
0.9674711431181902,0.0098264585245852,-0.2087869716172088,-1.0281393118260838
0.9674165329793932,0.0095538541541482,-0.2036528680044607,-1.0307349162926236
0.9673636190215832,0.009282276976417,-0.1984868427864537,-1.0332647792500038
0.9673123859142232,0.0090117185211327,-0.1932902352524681,-1.0357283501639087
0.9672628180342884,0.0087421681966787,-0.1880643525410925,-1.0381251324752332
0.9672149004436708,0.0084736185074999,-0.182810569163307,-1.0404546367517449
0.967168617431101,0.0082060569703871,-0.1775301683484929,-1.0427164516089502
0.9671239532176352,0.0079394695558115,-0.1722244055084204,-1.0449102102494736
0.9670808927869784,0.0076738456205223,-0.1668946054009971,-1.0470355496860535
0.9670394206035516,0.0074091701655804,-0.1615420067191307,-1.0490921737465242
0.966999521546553,0.0071454293166077,-0.1561678698588567,-1.0510798071758387
0.9669611802012428,0.0068826055750087,-0.1507733791233538,-1.0529982307933636
0.9669243816005496,0.0066206824803031,-0.1453597360168038,-1.0548472444982924
0.9668891111123266,0.0063596439610417,-0.1399281457605505,-1.0566266724837878
0.9668553542455484,0.0060994728829365,-0.1344797863796063,-1.05833637268974
0.9668230964481656,0.005840149145705,-0.1290157671454166,-1.059976246879434
0.9667923237840084,0.0055816548116899,-0.1235372351935278,-1.061546205968853
0.966763022420394,0.0053239700064931,-0.1180452887607753,-1.0630461955893007
0.9667351787301496,0.0050670733909811,-0.1125409857524034,-1.0644761905631868
0.9667087796320109,0.0048109451607605,-0.1070254073451342,-1.0658361769477929
0.96668381224889,0.0045555638798674,-0.1014995898201863,-1.067126169047339
0.966660264247756,0.0043009097820975,-0.0959645953752716,-1.0683461913634882
0.9666381234181188,0.0040469603072187,-0.0904214150306725,-1.0694962998556683
0.9666173780411472,0.0037936938276564,-0.0848710490013052,-1.0705765623120718
0.966598016571368,0.0035410856831092,-0.0793144195850043,-1.0715870743515263
0.9665800282569672,0.0032891160465771,-0.0737525438372946,-1.0725279265024246
0.9665634025274584,0.0030377622877836,-0.0681863659219937,-1.073399235548109
0.9665481290757588,0.0027869991256852,-0.0626167594463559,-1.0742011397717153
0.9665341983896606,0.002536807347329,-0.0570447211234355,-1.0749337704873252
0.9665216009049724,0.0022871594321618,-0.0514710512038702,-1.0755972959707494
0.966510327850454,0.0020380342986511,-0.0458966816930105,-1.076191876503905
0.9665003707626404,0.0017894088428405,-0.0403224881403854,-1.0767176893497723
0.9664917215405924,0.0015412580223736,-0.0347492911639094,-1.077174925380357
0.9664843725860922,0.0012935582023978,-0.0291779315878257,-1.0775637811676717
0.9664783167831495,0.0010462879187913,-0.0236092880696624,-1.0778844595636163
0.9664735473327752,0.0007994213983112,-0.0180441313701066,-1.0781371779798865
0.9664700579530764,0.0005529362879933,-0.0124832985594629,-1.078322157341961
0.9664678427574416,0.0003068085457805,-0.0069275781590374,-1.0784396281046704
0.9664668962979334,6.10128880961e-05,-0.0013777203790629,-1.078489827537784
0.9664672135681236,-0.0001844698811142,0.0041653971206877,-1.0784729991782862
0.966468791181915,-0.0004298013519988,0.0097041207251416,-1.0783893299404246
0.9664716328126192,-0.0006754117436219,0.0152468603055318,-1.0782386615197028
0.9664757430515714,-0.0009213232361076,0.0207928040110627,-1.0780208163979748
0.9664811268776488,-0.0011675575402102,0.026341121342208,-1.0777356262994195
0.9664877897093156,-0.0014141380481088,0.0318910114431913,-1.0773829297685946
0.9664957373707356,-0.0016610875966868,0.0374416524715658,-1.0769625743198508
0.9665049761825208,-0.0019084310857362,0.0429922602163311,-1.0764744120123104
0.9665155127966004,-0.002156190622966,0.0485419788540804,-1.075918308570646
0.9665273542477316,-0.0024043879747869,0.0540899361122684,-1.075294141047804
0.966540508095386,-0.0026530472752211,0.0596353036172337,-1.0746017907633427
0.9665549822839926,-0.0029021917029116,0.065177222322177,-1.0738411511145076
0.9665707850809352,-0.0031518429098414,0.0707147900091003,-1.073012131257647
0.9665879250970036,-0.0034020218625796,0.0762470803116245,-1.0721146554468135
0.9666064117188856,-0.0036527547381789,0.0817732727062824,-1.071148640878047
0.9666262543830112,-0.0039040623490766,0.0872924186522012,-1.070114036186129
0.966647463016314,-0.0041559668323063,0.0928035897738057,-1.0690107988163025
0.9666700478262532,-0.0044084889898272,0.0983058195402777,-1.0678389064376286
0.9666940195553622,-0.0046616512628029,0.103798168359645,-1.0665983441876306
0.96671938931966,-0.0049154757354446,0.1092796798955315,-1.0652891135792526
0.9667461684965264,-0.0051699831815632,0.1147493609141218,-1.0639112387337673
0.9667743688082352,-0.0054251941084534,0.1202062044166493,-1.0624647624827552
0.9668040023846628,-0.0056811293470223,0.1256492025379815,-1.0609497436044764
0.9668350815356864,-0.005937808144716,0.1310773064000085,-1.0593662688867618
0.9668676189871492,-0.0061952503218381,0.1364894725827643,-1.0577144414442734
0.9669016276911366,-0.0064534747495405,0.1418846314200534,-1.055994390772404
0.9669371211996568,-0.006712502209373,0.1472617471803733,-1.0542062542433268
0.9669741125746288,-0.0069723475302725,0.1526196555772972,-1.0523502323334568
0.9670126157601538,-0.0072330297762142,0.1579572763427172,-1.050426519700378
0.9670526448006156,-0.0074945665046684,0.1632734944263965,-1.0484353449072128
0.9670942137068568,-0.0077569731922343,0.168567150118015,-1.0463769770965463
0.9671373368959144,-0.0080202662187312,0.173837100783816,-1.044251704234695
0.9671820289452356,-0.0082844613036563,0.1790821899048682,-1.0420598454810033
0.9672283040809746,-0.0085495707276228,0.1843011938413228,-1.039801776121089
0.9672761772660072,-0.0088156098063237,0.1894929513040012,-1.0374778742258095
0.9673256628744497,-0.0090825894161832,0.1946562176489425,-1.0350885851568632
0.9673767755999508,-0.0093505213199274,0.1997897712186163,-1.032634376990354
0.9674295301484698,-0.0096194165125844,0.2048923822333553,-1.0301157552029372
0.9674839409376425,-0.0098892838636216,0.2099627890507419,-1.0275332765049745
0.9675400225708044,-0.0101601326640809,0.2149997482902741,-1.0248875256697256
0.96759778964006,-0.0104319716709182,0.2200020179518418,-1.022179124484996
0.9676572561243818,-0.0107048064582793,0.224968311008649,-1.0194087591237504
0.9677184360319387,-0.0109786426551951,0.2298973576208866,-1.016577148963226
0.9677813430217782,-0.0112534843196629,0.2347878774291692,-1.0136850632738648
0.967845990612424,-0.0115293350137747,0.2396386010954075,-1.0107333104421106
0.9679123922415628,-0.0118061981200538,0.2444482774148597,-1.0077227342557495
0.9679805603029802,-0.0120840729932401,0.2492156090155427,-1.0046542561272782
0.9680505071954564,-0.0123629595474616,0.2539393350627159,-1.0015288257846455
0.9681222453969004,-0.0126428584978868,0.2586182358087462,-0.9983474170419698
0.9681957860728624,-0.012923766032016,0.2632510455091824,-0.9951110879414824
0.968271140224968,-0.0132056785377689,0.2678365349817714,-0.9918209275169731
0.9683483186004064,-0.0134885922693621,0.2723735071505549,-0.9884780583137076
0.9684273310468148,-0.0137725010790607,0.2768607626446733,-0.985083662413998
0.9685081869161992,-0.0140573980711339,0.2812971291464623,-0.9816389615374967
0.9685908953215586,-0.0143432765643558,0.2856814778766218,-0.9781452041533366
0.9686754645273415,-0.014630128036629,0.2900126934443924,-0.9746036892374372
0.9687619022935244,-0.0149179434398598,0.2942896962522818,-0.9710157492540932
0.968850216020038,-0.0152067137267417,0.2985114515362219,-0.9673827420435968
0.9689404119488406,-0.0154964273214113,0.3026769339977939,-0.9637060812551056
0.9690324962059238,-0.015787073608246,0.3067851803824395,-0.9599871910017892
0.9691264742008756,-0.0160786410134956,0.3108352624429447,-0.9562275282627036
0.9692223507409616,-0.0163711174393196,0.3148262944361226,-0.9524285757431776
0.9693201306791308,-0.016664492243581,0.318757460422853,-0.9485918141498576
0.9694198177670046,-0.0169587527724269,0.3226279675739907,-0.9447187653743576
0.969521415342866,-0.017253886509234,0.32643707631122,-0.940810962803931
0.969624926742499,-0.0175498822363127,0.3301841148047789,-0.936869933749364
0.9697303544029128,-0.0178467274376467,0.3338684454658838,-0.9328972318666512
0.9698377008155262,-0.0181444110253818,0.3374894993089557,-0.928894398900504
0.9699469681159388,-0.0184429221270579,0.3410467597264086,-0.924862978745406
0.970058158314856,-0.0187422506918839,0.3445397689866356,-0.920804507302692
0.970171272782584,-0.019042386078373,0.3479681109495222,-0.9167205297296456
0.9702863132430573,-0.0193433196818279,0.3513314404537273,-0.9126125629028392
0.970403281218934,-0.0196450433757754,0.354629463517298,-0.9084821146807855
0.970522177941102,-0.0199475492544753,0.3578619335255086,-0.9043306857720714
0.9706430049794352,-0.0202508311942534,0.3610286665112543,-0.9001597466813739
0.9707657638271469,-0.0205548837168674,0.3641295269215968,-0.8959707517039093
0.970890455887333,-0.0208597019185426,0.3671644254901025,-0.8917651384940758
0.9710170828206556,-0.02116528227052,0.37013332553979,-0.8875443156833073
0.9711456466066508,-0.021471622681486,0.3730362412017079,-0.8833096607444313
0.9712761492673558,-0.0217787217662804,0.3758732282976114,-0.8790625289671032
0.971408593117648,-0.0220865793854389,0.3786443875470115,-0.8748042449912062
0.9715429807592296,-0.0223951965611959,0.3813498616118532,-0.8705361030621205
0.9716793150113858,-0.0227045752574655,0.3839898311208463,-0.8662593692798417
0.971817599181642,-0.0230147189336969,0.3865645173444579,-0.8619752732571997
0.97195783673196,-0.0233256317289325,0.3890741732191704,-0.8576850188162757
0.9721000315614812,-0.0236373190456627,0.3915190863342042,-0.8533897754337889
0.9722441879614302,-0.023949787388717,0.3938995755500593,-0.8490906800834214
0.9723903105039672,-0.024263044074723,0.3962159869220049,-0.8447888409296308
0.9725384043192612,-0.0245770977799177,0.3984686959606064,-0.8404853295820124
0.9726884747872911,-0.0248919578323861,0.4006581006059039,-0.8361811906763835
0.9728405278424138,-0.0252076348150474,0.4027846238538947,-0.8318774335447938
0.972994569765315,-0.0255241400842457,0.4048487086786561,-0.8275750388098567
0.9731506072112488,-0.0258414857966168,0.4068508167664839,-0.8232749580565348
0.9733086472645848,-0.0261596849877179,0.4087914275602305,-0.8189781128694907
0.9734686974298224,-0.0264787515206972,0.4106710364901719,-0.8146853956936002
0.9736307656329836,-0.0267987000590866,0.4124901534429651,-0.8103976704096011
0.9737948602012148,-0.027119545999489,0.4142493010875964,-0.8061157734835074
0.973960989837756,-0.0274413053998515,0.4159490132988313,-0.8018405151951743
0.9741291636519556,-0.0277639950175394,0.4175898342510717,-0.7975726794303123
0.9742993911323604,-0.0280876322382522,0.4191723169809041,-0.7933130249542176
0.9744716821407652,-0.0284122350487601,0.4206970222709981,-0.7890622861169291
0.974646046915712,-0.0287378220293068,0.4221645176873415,-0.7848211733190121
0.9748224960868316,-0.0290644123670101,0.4235753767485259,-0.7805903732272198
0.975001040607174,-0.0293920257193806,0.4249301775087737,-0.7763705509431937
0.975181691735335,-0.0297206821756182,0.4262295017017188,-0.7721623508812344
0.9753644611520884,-0.0300504024620444,0.4274739348547934,-0.7679663945446951
0.975549360827891,-0.0303812076940552,0.4286640646235454,-0.7637832841302028
0.9757364030487796,-0.0307131194207455,0.4298004803953597,-0.7596136023592545
0.9759256003629766,-0.03104615952889,0.430883772427567,-0.7554579140888447
0.976116965656822,-0.0313803503769622,0.4319145317989997,-0.7513167650386047
0.9763105121991849,-0.0317157148689976,0.4328933500812815,-0.7471906813306021
0.9765062534334716,-0.0320522760933325,0.4338208178019902,-0.7430801743699049
0.9767042029702084,-0.0323900573192629,0.4346975241828831,-0.7389857412093254
0.9769043750211144,-0.0327290827391976,0.435524058655558,-0.7349078559772405
0.97710678366038,-0.0330693762141351,0.4363010073018968,-0.7308469854589278
0.9773114435164256,-0.0334109624532003,0.4370289554773235,-0.7268035752656047
0.9775183693939676,-0.0337538663766498,0.4377084859128289,-0.7227780579193818
0.9777275762551958,-0.034098113095326,0.4383401784986104,-0.7187708534203789
0.9779390792012372,-0.0344437278918256,0.4389246101012812,-0.7147823697761887
0.9781528938851152,-0.0347907369007532,0.4394623554433422,-0.7108129955526361
0.9783690359657092,-0.0351391662213244,0.4399539853279648,-0.7068631105290695
0.9785875212933391,-0.0354890422336596,0.4404000670719428,-0.7029330823450013
0.978808365901286,-0.0358403915952544,0.4408011643451633,-0.6990232668775973
0.97903158619783,-0.0361932415540179,0.4411578373256513,-0.6951340051382274
0.9792571984838528,-0.0365476191939559,0.4414706417541945,-0.6912656319574538
0.979485219624884,-0.0369035525060368,0.4417401298445103,-0.6874184645501829
0.97971566638125,-0.0372610693445861,0.4419668491930901,-0.683592814276739
0.979948555768368,-0.037620198005962,0.4421513432073779,-0.6797889806257722
0.98018390517183,-0.0379809674121292,0.4422941509901262,-0.6760072496863349
0.9804217318164424,-0.0383434063067733,0.4423958068932999,-0.6722479029231417
0.9806620533236704,-0.0387075441241669,0.4424568408201498,-0.6685112083393508
0.980904887470323,-0.0390734106288007,0.4424777779465147,-0.6647974246172648
0.9811502522485688,-0.0394410360180277,0.4424591386483588,-0.6611068003897048
0.9813981657898156,-0.0398104508195928,0.4424014384174504,-0.657439575597028
0.9816486471145428,-0.0401816870139533,0.4423051874729034,-0.653795970815025
0.9819017144257328,-0.0405547755099492,0.4421708912045249,-0.6501762125086333
0.9821573862883048,-0.0409297479217857,0.441999049956207,-0.6465805155659575
0.9824156813238694,-0.0413066361304489,0.4417901590890346,-0.6430090878953041
0.9826766182584824,-0.0416854723702945,0.4415447089436976,-0.6394621298289918
0.9829402161012386,-0.042066289502141,0.4412631846143041,-0.6359398318628321
0.9832064938459772,-0.0424491205950816,0.4409460661879977,-0.632442378849212
0.9834754707057304,-0.0428339992814174,0.4405938284749158,-0.6289699469652023
0.983747165890094,-0.043220959452691,0.4402069412476566,-0.6255227067461518
0.9840215991855362,-0.0436100361005221,0.4397858683563784,-0.6221008158997432
0.9842987899598252,-0.0440012639162485,0.4393310691401545,-0.618704432013431
0.9845787579447186,-0.0443946784217981,0.4388429972771283,-0.6153337027550826
0.9848615230417266,-0.0447903157075731,0.4383221009954298,-0.6119887685325506
0.9851471052323026,-0.0451882123231208,0.4377688231995376,-0.6086697636995746
0.9854355245294562,-0.045588405228606,0.4371836015619952,-0.6053768171811293
0.985726801078679,-0.0459909319540299,0.4365668683158257,-0.6021100513822878
0.9860209553773914,-0.0463958309181393,0.4359190497265027,-0.5988695799261867
0.986318007789576,-0.0468031407762161,0.4352405670972989,-0.5956555132053096
0.986617978701091,-0.0472129006571151,0.4345318364721299,-0.5924679566161986
0.9869208891586536,-0.0476251510525849,0.4337932670610043,-0.5893070039790596
0.9872267594812256,-0.0480399319435799,0.4330252645514598,-0.5861727522653954
0.987535610565481,-0.0484572846014459,0.4322282279694663,-0.5830652879090047
0.9878474635103808,-0.0488772510922982,0.431402550496381,-0.579984691025276
0.988162339242558,-0.049299873793844,0.4305486204450244,-0.5769310392004505
0.9884802589011488,-0.0497251959368918,0.4296668202460394,-0.5739044037168076
0.9888012438091968,-0.050153261586688,0.4287575264729494,-0.5709048500175289
0.9891253152491016,-0.0505841153655314,0.427821110452487,-0.5679324399181995
0.9894524944819396,-0.0510178025041171,0.4268579382250644,-0.5649872314124125
0.989782802933706,-0.0514543691130231,0.4258683699900651,-0.5620692770408203
0.9901162621496884,-0.0518938621452825,0.424852760204527,-0.5591786244386372
0.9904528937466592,-0.0523363293577843,0.4238114577036306,-0.5563153168543457
0.9907927193758576,-0.0527818192884365,0.4227448058005393,-0.5534793935322708
0.9911357605220774,-0.0532303810206249,0.421653142919869,-0.5506708913896436
0.9914820390050588,-0.0536820648670132,0.4205368010000066,-0.5478898409225799
0.991831576587925,-0.0541369218838049,0.4193961067028934,-0.5451362695455502
0.9921843951050282,-0.0545950040666373,0.4182313809930711,-0.5424102005948779
0.9925405164871964,-0.0550563644120683,0.4170429390299254,-0.5397116532199442
0.9928999624467832,-0.0555210565400741,0.4158310912069309,-0.537040644799721
0.9932627548830596,-0.0559891352506734,0.4145961417876447,-0.5343971878901261
0.9936289154767476,-0.0564606560318013,0.413338390258234,-0.5317812932600094
0.993998466108038,-0.0569356756314162,0.4120581298875528,-0.5291929668740822
0.9943714288525508,-0.0574142520834599,0.4107556476918629,-0.5266322100972363
0.9947478252651336,-0.0578964438234635,0.4094312269177096,-0.5240990246360709
0.9951276771118426,-0.0583823106646304,0.4080851444822521,-0.5215934074485733
0.9955110060269386,-0.0588719133939531,0.4067176721473084,-0.5191153531248618
0.9958978338259136,-0.0593653142093753,0.4053290753787768,-0.5166648518840897
0.9962881821516392,-0.05986257630581,0.4039196145783201,-0.5142418919118567
0.9966820723901586,-0.0603637638085166,0.4024895453762535,-0.5118464598054433
0.9970795258669348,-0.0608689420642508,0.4010391179030613,-0.5094785393093855
0.997480563966288,-0.0613781778342601,0.3995685763175222,-0.5071381106452526
0.9978852077920192,-0.0618915389058174,0.3980781600148168,-0.5048251525244523
0.9982934783948288,-0.0624090944253438,0.3965681027641196,-0.5025396407815983
0.9987053969048616,-0.0629309151111369,0.3950386321747415,-0.5002815476879798
0.999120983948845,-0.0634570725614015,0.3934899718206223,-0.4980508451564795
0.9995402599553258,-0.0639876396895009,0.391922340081031,-0.4958475029365041
0.9999632454748192,-0.0645226911779231,0.3903359488969768,-0.4936714869475987
1.000389960462907,-0.0650623026216794,0.3887310064101568,-0.4915227629918323
1.000820424677623,-0.0656065510831948,0.3871077154359632,-0.4894012945726848
1.0012546583785251,-0.066155516029165,0.3854662707660115,-0.4873070395388638
1.0016926801947337,-0.066709276690074,0.3838068671704093,-0.4852399603788618
1.002134509750317,-0.0672679154356371,0.382129689421251,-0.4832000114818542
1.002580165354495,-0.0678315149123594,0.3804349209786454,-0.4811871500525526
1.0030296657068452,-0.0684001602589171,0.3787227374625113,-0.4792013281005862
1.0034830288789145,-0.0689739378796121,0.3769933104534603,-0.477242497083337
1.0039402725194384,-0.0695529357663907,0.3752468066484326,-0.4753106068463237
1.004401413759839,-0.0701372434433106,0.3734833881514586,-0.4734056059155607
1.0048664696473109,-0.0707269525815016,0.3717032107414756,-0.4715274396389774
1.0053354562427057,-0.0713221559235223,0.3699064272444813,-0.4696760537825916
1.005808389798423,-0.0719229488471564,0.3680931829405307,-0.4678513897127201
1.006285285621577,-0.0725294279949822,0.3662636198300542,-0.466053388840319
1.0067661586350405,-0.0731416920599069,0.3644178743934801,-0.464281990291037
1.0072510226696458,-0.0737598409591028,0.3625560802119594,-0.4625371333893076
1.0077398918288674,-0.0743839776505329,0.360678362627136,-0.460818752595761
1.0082327789920402,-0.0750142063056034,0.3587848443822294,-0.4591267828381055
1.008729696253025,-0.0756506329476787,0.3568756438286599,-0.4574611577021759
1.009230655555975,-0.0762933663511155,0.3549508723676959,-0.4558218072140728
1.0097356677137372,-0.0769425168711911,0.353010638101525,-0.4542086610330868
1.0102447422893366,-0.0775981963753345,0.3510550461626517,-0.4526216485363659
1.0107578890353843,-0.0782605201873702,0.3490841930530615,-0.4510606941865533
1.0112751161439586,-0.0789296049285237,0.3470981732311141,-0.4495257229024805
1.0117964316074033,-0.0796055703697902,0.3450970737433904,-0.4480166557678281
1.0123218416205453,-0.0802885374620645,0.3430809802113259,-0.4465334145911875
1.0128513514567972,-0.080978629566552,0.3410499733115384,-0.4450759190704697
1.013384965852141,-0.0816759730616305,0.3390041271440592,-0.4436440856483233
1.013922687911886,-0.0823806960234558,0.3369435132588341,-0.4422378303463267
1.014464520458586,-0.0830929300991537,0.334868195316497,-0.4408570650264385
1.0150104643786189,-0.0838128084524547,0.3327782352455175,-0.4395017015541942
1.015560519233087,-0.0845404666726922,0.3306736907119718,-0.4381716499210495
1.0161146841036404,-0.0852760440150082,0.3285546116922137,-0.4368668160763151
1.016672955995543,-0.0860196814091629,0.3264210463831631,-0.4355871056106022
1.0172353302667203,-0.086771522141264,0.3242730393490579,-0.4343324223981605
1.0178018014884054,-0.0875317131316529,0.3221106280199759,-0.4331026664932291
1.0183723626413013,-0.0883004039977218,0.3199338455432933,-0.4318977358121137
1.0189470050150389,-0.0890777470502998,0.3177427209366851,-0.430717526116167
1.0195257179141697,-0.0898638970282637,0.3155372799697364,-0.4295619313561565
1.0201084892378731,-0.0906590120223886,0.31331754270773,-0.428430842262534
1.0206953048205811,-0.0914632527234962,0.311083525770898,-0.4273241474473051
1.021286148878339,-0.0922767831780306,0.308835240371917,-0.4262417323075997
1.0218810039253112,-0.0930997708320256,0.3065726923652129,-0.4251834790170663
1.0224798497283938,-0.0939323852381319,0.3042958859432932,-0.4241492681390895
1.0230826647957911,-0.0947748002752355,0.3020048176869249,-0.4231389757513544
1.023689424827176,-0.0956271921592375,0.299699482161089,-0.4221524759042316
1.0243001033461552,-0.0964897404831465,0.2973798692029112,-0.4211896392420122
1.0249146719074531,-0.0973626286868814,0.295045962819907,-0.4202503324698424
1.025533099262963,-0.0982460430539783,0.2926977440321673,-0.4193344194113073
1.0261553520289324,-0.0991401738386132,0.2903351880031515,-0.4184417597276722
1.0267813934109895,-0.100045213618739,0.2879582685355036,-0.417572210493025
1.027411184821303,-0.1009613598100968,0.2855669515758005,-0.4167256236180638
1.028044684056298,-0.101888812226125,0.2831612017680427,-0.4159018481204643
1.028681846885518,-0.1028277755882708,0.2807409760442111,-0.4151007277179896
1.029322625416716,-0.1037784573398109,0.27830622944562,-0.414322102697326
1.0299669684874415,-0.104741068409957,0.2758569132398865,-0.4135658090500871
1.0306148225095657,-0.1057158246950326,0.2733929713008616,-0.4128316772243278
1.0312661293671732,-0.1067029441244819,0.2709143476812114,-0.4121195342589941
1.0319208284341808,-0.1077026499120922,0.2684209785085797,-0.4114292011750795
1.0325788554165678,-0.1087151690525073,0.2659127959427291,-0.4107604940234301
1.033240141640406,-0.1097407314446866,0.2633897304373521,-0.4101132242540947
1.033904615158855,-0.1107795718294874,0.2608517060544933,-0.4094871972690531
1.0345721996279449,-0.1118319282927673,0.2582986442738575,-0.4088822132194783
1.0352428152970845,-0.1128980440714315,0.2557304597141846,-0.408298065775068
1.035916377515332,-0.1139781654544084,0.2531470653406473,-0.4077345431555084
1.0365927973375886,-0.1150725429871289,0.2505483696337862,-0.4071914272230865
1.037271981645318,-0.1161814319465801,0.2479342755894557,-0.4066684930859516
1.0379538323794446,-0.117305091375851,0.2453046831203094,-0.4061655093833651
1.0386382464777344,-0.1184437842437514,0.242659488747549,-0.4056822379561545
1.0393251162930577,-0.1195977784273739,0.2399985834124471,-0.4052184332102791
1.0400143286377783,-0.1207673454132091,0.2373218555848988,-0.4047738424421565
1.0407057653630722,-0.1219527615662549,0.2346291884208924,-0.4043482050894509
1.041399302579226,-0.12315430711458,0.2319204621752565,-0.4039412528823835
1.042094810833675,-0.1243722667576988,0.2291955528851186,-0.4035527093590586
1.0427921551829242,-0.1256069301288036,0.226454331433248,-0.4031822894867269
1.043491194290794,-0.1268585905387155,0.2236966664239589,-0.4028296997912455
1.0441917805946377,-0.12812754558174,0.2209224228705699,-0.4024946378658851
1.044893760616186,-0.1294140980537783,0.2181314602646545,-0.4021767918646506
1.0455969738987652,-0.1307185543778605,0.2153236360772057,-0.4018758406319571
1.0463012531113465,-0.1320412251216392,0.2124988046454668,-0.4015914532375311
1.0470064245298545,-0.1333824262795653,0.2096568144935538,-0.4013232884096485
1.0477123067548453,-0.1347424772400179,0.2067975127185162,-0.4010709946639195
1.0484187113602736,-0.1361217023904865,0.20392074161114,-0.4008342096504219
1.0491254422785248,-0.1375204303406186,0.2010263403420983,-0.4006125599898708
1.0498322952557615,-0.138938993228172,0.1981141463978349,-0.4004056610286879
1.0505390589661765,-0.1403777293716234,0.1951839901567518,-0.4002131161118019
1.0512455128590634,-0.1418369793654829,0.1922357029162501,-0.400034516800375
1.051951428597123,-0.1433170894164012,0.1892691100832404,-0.3998694420500972
1.0526565687518084,-0.1448184091097356,0.1862840357142717,-0.3997174581377403
1.0533606873628176,-0.1463412930364663,0.1832802992554826,-0.3995781181088144
1.0540635290324951,-0.147886099340948,0.1802577184364666,-0.3994509615536812
1.054764828904402,-0.1494531901254358,0.1772161084359838,-0.3993355141694765
1.055464312671202,-0.1510429319729025,0.1741552808586669,-0.3992312873331224
1.0561616959911322,-0.1526556951567448,0.1710750452577501,-0.3991377777643051
1.0568566844880294,-0.1542918541636209,0.1679752081068669,-0.3990544670847687
1.0575489732064465,-0.1559517869689728,0.1648555741552373,-0.3989808214454644
1.0582382465846751,-0.1576358755216589,0.1617159454730037,-0.3989162910775973
1.0589241782498648,-0.1593445058535708,0.1585561212328991,-0.3988603098671172
1.0596064302292556,-0.1610780667216669,0.1553759001848654,-0.3988122949618394
1.0602846535485857,-0.1628369517342392,0.152175076698121,-0.3987716462606909
1.060958486985988,-0.1646215568327162,0.148953445344018,-0.3987377460312247
1.0616275574834009,-0.1664322819993713,0.1457107977254479,-0.3987099584009817
1.0622914796933065,-0.1682695308007621,0.1424469232881515,-0.3986876289020841
1.062949855430941,-0.1701337096242166,0.1391616106357539,-0.3986700839981102
1.0636022734273642,-0.1720252277157823,0.1358546473900781,-0.3986566305850395
1.064248309577086,-0.1739444987424816,0.1325258174281264,-0.3986465554778406
1.064887525757933,-0.1758919382257273,0.129174905330714,-0.3986391249120796
1.0655194701042714,-0.1778679652094933,0.125801693426425,-0.3986335840014774
1.066143676464521,-0.1798730015885602,0.1224059629270186,-0.3986291561972392
1.0667596642819237,-0.1819074727870003,0.1189874927564937,-0.3986250427254372
1.0673669377982449,-0.1839718062729622,0.1155460620352591,-0.3986204220110153
1.0679649860826783,-0.1860664327912242,0.1120814479786642,-0.3986144490768985
1.0685532825778794,-0.1881917861202205,0.1085934263138271,-0.3986062549242565
1.0691312846131815,-0.1903483027259618,0.1050817718542796,-0.3985949458895081
1.069698433211374,-0.1925364225725637,0.10154625719697,-0.39857960296891
1.07025415231704,-0.1947565878399871,0.0979866548331973,-0.3985592811256245
1.0707978487564394,-0.1970092445342303,0.0944027345909349,-0.3985330085446926
1.0713289116376976,-0.1992948421254017,0.0907942643089432,-0.3984997858592674
1.0718467115516528,-0.201613832303561,0.0871610118719512,-0.3984585853586552
1.0723506007640775,-0.2039666722699271,0.0835027401438531,-0.3984083500749167
1.0728399119886851,-0.2063538219945632,0.0798192114214087,-0.3983479929124772
1.073313958270032,-0.2087757466574548,0.076110183797753,-0.3982763956242897
1.0737720320826452,-0.2112329157111507,0.0723754128235755,-0.398192407790039
1.0742134046565417,-0.2137258031680077,0.0686146512744592,-0.3980948457039809
1.0746373255469563,-0.2162548897276164,0.0648276462050512,-0.3979824910987983
1.075043021822696,-0.2188206634864042,0.0610141382564395,-0.3978540897966876
1.0754296968519044,-0.2214236184607841,0.0571738642335228,-0.3977083503739091
1.075796529703841,-0.2240642574494416,0.0533065532649079,-0.3975439424995205
1.0761426740820783,-0.2267430929037695,0.0494119260439963,-0.3973594952045357
1.0764672570832554,-0.2294606472526385,0.0454896949187798,-0.3971535950394746
1.0767693780575125,-0.2322174550153578,0.0415395614579154,-0.3969247839330981
1.077048107232843,-0.2350140645113187,0.0375612147285485,-0.3966715568525865
1.0773024843206178,-0.2378510415049727,0.0335543269625287,-0.3963923590252617
1.0775315162470285,-0.2407289652744364,0.0295185600355454,-0.3960855836412998
1.077734175910669,-0.2436484384419692,0.0254535526227338,-0.3957495679125083
1.0779093996991755,-0.2466100869793911,0.0213589214798614,-0.3953825896650816
1.078056084918158,-0.2496145610769324,0.0172342615436802,-0.3949828635536035
1.0781730872718644,-0.2526625433224708,0.0130791361553343,-0.3945485358718452
1.0782592175289645,-0.2557547504049233,0.0088930764908972,-0.3940776795950475
1.0783132379275946,-0.2588919368616598,0.004675578349084,-0.3935682886140121
1.078333858148114,-0.262074904029042,0.0004260922282015,-0.3930182704092457
1.0783197305006484,-0.2653045068314399,-0.0038559832438591,-0.3924254381032214
1.0782694182293004,-0.26858291546811,-0.0081729542913596,-0.3917872501557115
1.0781813364158317,-0.2719130841770111,-0.0125280803629391,-0.3911008414385758
1.07805381217909,-0.2752962297600532,-0.016922276091768,-0.3903635306923118
1.0778850772420825,-0.2787336676338315,-0.0213565493560602,-0.3895724803207215
1.0776732577565769,-0.2822268146565105,-0.0258320001201262,-0.3887246813861978
1.0774163624595086,-0.2857772025697186,-0.0303498325445962,-0.3878169343645273
1.077112269280755,-0.2893864898836675,-0.0349113643694502,-0.3868458278553982
1.0767587088199964,-0.2930564875361705,-0.0395180528247136,-0.3858077106851969
1.0763532459523035,-0.2967891755468412,-0.0441715079192775,-0.3846986626436136
1.075893257965215,-0.3005867274637954,-0.0488735143465244,-0.3835144589551772
1.0753759094758517,-0.3044515340490478,-0.0536260510178629,-0.3822505300509636
1.0747981229222576,-0.3083862323270981,-0.0584313156677074,-0.380901913960945
1.0741565466554064,-0.3123937224757638,-0.0632917329616295,-0.3794632064294782
1.073447518773197,-0.3164771865382751,-0.0682099635022254,-0.3779285039318801
1.0726670313056172,-0.3206400816914363,-0.0731888810001788,-0.3762913494180708
1.0718107005306117,-0.3248860896397701,-0.0782314971383285,-0.3745446907003942
1.0708737532970505,-0.3292189957718492,-0.0833408055569229,-0.3726808680059607
1.0698510577167766,-0.3336424094021624,-0.0885194454995329,-0.3706916808174843
1.068737238633752,-0.3381592359644255,-0.0937690912542662,-0.3685686006230258
1.067526964132895,-0.3427706933028113,-0.0990893434572235,-0.3663032753556399
1.0662155157875512,-0.3474746822000863,-0.1044759337391916,-0.3638885067072215
1.0647997738223236,-0.352263370741108,-0.1099181243007526,-0.3613199041482654
1.063279588016017,-0.3571204431203845,-0.1153958585005465,-0.3585981281383109
1.061659076478877,-0.3620195589792449,-0.1208784072666734,-0.3557309079402834
1.05994683591506,-0.3669264781629658,-0.1263271491704628,-0.3527331254583362
1.0581543197065937,-0.3718055366224348,-0.1317030063905291,-0.3496238338402844
1.0562931128654849,-0.3766270935592866,-0.1369745919899051,-0.3464216101888664
1.054372832482721,-0.3813713845988424,-0.1421220907474599,-0.3431411871048291
1.0524004697293143,-0.3860279745573204,-0.1471362391765266,-0.3397926012269828
1.0503807571903234,-0.3905930389740968,-0.1520150406661646,-0.3363820219839609
1.0483168347935696,-0.3950666477738817,-0.1567606312139937,-0.332912994037901
1.0462108336202487,-0.3994508370315229,-0.1613771110140704,-0.3293874717323917
1.0440642800241828,-0.4037484589665087,-0.1658692809253082,-0.3258065114456267
1.041878355297777,-0.4079625496650308,-0.1702419680720704,-0.3221707024488331
1.0396540461079975,-0.4120960256866323,-0.1744997170739698,-0.3184804073233518
1.0373922426653444,-0.4161515326207267,-0.1786466485077015,-0.3147359129365445
1.035093783234214,-0.4201314140255336,-0.1826864445768594,-0.3109374924649647
1.0327594910348812,-0.4240376984710731,-0.1866223531484996,-0.3070854559860238
1.0303901907431678,-0.4278721215817057,-0.1904572262548857,-0.3031801687049381
1.027986716610951,-0.4316361572335044,-0.1941935658751641,-0.2992220567686845
1.025549916775971,-0.4353310492376188,-0.1978335681839136,-0.2952116080582242
1.023080658199203,-0.4389578370033652,-0.2013791600425805,-0.2911493750782844
1.0205798249881797,-0.4425173865722603,-0.2048320391653648,-0.2870359678586832
1.018048320778369,-0.4460104113430604,-0.2081937027248081,-0.282872054283805
1.0154870631713582,-0.449437500323943,-0.2114654819668526,-0.2786583479745707
1.0128969879368837,-0.4527991296343349,-0.2146485595768052,-0.274395612741097
1.0102790434834883,-0.4560956847107977,-0.2177439964120667,-0.2700846514491428
1.0076341913649831,-0.4593274720151556,-0.2207527473791657,-0.2657263051638225
1.0049634039932422,-0.4624947325306087,-0.2236756783413544,-0.2613214479848206
1.0022676644658342,-0.465597651050453,-0.2265135785065019,-0.2568709856080702
0.9995479630738998,-0.4686363679942003,-0.2292671746177464,-0.2523758486113247
0.996805299300872,-0.4716109837583661,-0.2319371378714001,-0.2478369949753979
0.994040676966832,-0.4745215698168332,-0.2345240965834014,-0.2432554014229739
0.9912551043858452,-0.4773681732339349,-0.2370286425125783,-0.2386320631529963
0.9884495932615264,-0.4801508219389925,-0.2394513376094041,-0.233967991594343
0.9856251583039056,-0.4828695286954792,-0.2417927193696049,-0.229264213447207
0.9827828139760094,-0.4855242972884461,-0.2440533078582227,-0.2245217650162948
0.9799235755349994,-0.4881151240378063,-0.2462336084782759,-0.2197416937490497
0.9770484562964884,-0.4906420025172067,-0.2483341173126853,-0.2149250535312551
0.9741584680173604,-0.4931049250147873,-0.2503553235335221,-0.2100729052297665
0.971254619953392,-0.4955038849734008,-0.2522977125201025,-0.205186315067273
0.968337916603406,-0.4978388801838049,-0.2541617694285861,-0.2002663508089657
0.9654093573966094,-0.5001099140459042,-0.2559479810457962,-0.1953140812296707
0.9624699369733992,-0.502316996263972,-0.2576568371260777,-0.1903305766204099
0.9595206426572834,-0.5044601455216446,-0.2592888331812826,-0.1853169045590978
0.9565624546202074,-0.5065393898777492,-0.2608444713800171,-0.1802741302433963
0.953596345573238,-0.5085547674653468,-0.2623242616363246,-0.1752033160454825
0.9506232788665422,-0.5105063281426192,-0.2637287233195974,-0.1701055183547997
0.9476442092091188,-0.5123941332311308,-0.2650583854829927,-0.1649817889004918
0.9446600817594972,-0.5142182563164,-0.2663137878328765,-0.1598331733047736
0.9416718300703112,-0.5159787845794741,-0.2674954819668061,-0.1546607076419035
0.938680377889597,-0.5176758177093697,-0.2686040309006189,-0.1494654216552893
0.935686635943758,-0.5193094697369377,-0.2696400105232424,-0.1442483332947796
0.9326915043085112,-0.52087986758702,-0.270604008837536,-0.1390104529435606
0.929695868636866,-0.5223871529674883,-0.2714966272948308,-0.1337527769459845
0.926700603925306,-0.5238314802337299,-0.2723184796069964,-0.1284762943080834
0.9237065690848842,-0.5252130188836341,-0.2730701932895675,-0.1231819772672728
0.9207146114739136,-0.5265319510998995,-0.2737524082906018,-0.1178707893708507
0.9177255630873108,-0.5277884732871193,-0.2743657778648767,-0.1125436788513205
0.914740241849652,-0.5289827951632573,-0.2749109680534163,-0.1072015810001606
0.911759449934832,-0.5301151401218464,-0.2753886577857735,-0.1018454152494666
0.9087839751085304,-0.5311857443467032,-0.2757995383774163,-0.0964760876491678
0.9058145896399166,-0.532194856902629,-0.2761443134649668,-0.0910944889948851
0.9028520489455458,-0.5331427397903943,-0.2764236988233161,-0.0857014924196138
0.8998970939537378,-0.5340296667723459,-0.2766384217804659,-0.0802979577385056
0.8969504492471084,-0.5348559236315885,-0.276789221112608,-0.0748847281383285
0.8940128220186165,-0.5356218080164491,-0.2768768466857906,-0.0694626282787454
0.8910849046952972,-0.5363276283229508,-0.2769020589747297,-0.0640324691541109
0.8881673700483601,-0.5369737044845023,-0.2768656287432284,-0.0585950390563178
0.885260875827491,-0.5375603663639561,-0.2767683365265689,-0.0531511121474502
0.8823660629883745,-0.5380879538013519,-0.2766109722826881,-0.047701445193836
0.879483555952366,-0.5385568161469168,-0.2763943349928002,-0.0422467780507635
0.8766139619034584,-0.5389673119561829,-0.2761192321899555,-0.0367878323201534
0.8737578712746066,-0.5393198084693512,-0.2757864795482375,-0.0313253122390985
0.8709158559980098,-0.5396146813587747,-0.2753969001989215,-0.0258599012776714
0.868088472365479,-0.5398523139270801,-0.2749513246003744,-0.0203922675540931
0.8652762583748866,-0.540033096941788,-0.2744505897159989,-0.0149230586700512
0.8624797351915368,-0.5401574280098347,-0.2738955387184577,-0.0094529044309059
0.8596994090425106,-0.5402257111147944,-0.2732870209647784,-0.0039824205046188
0.8569357658469954,-0.5402383563364439,-0.2726258903823387,0.00148780221863
0.8541892772528237,-0.5401957792094834,-0.2719130062664765,0.0069571858819475
0.8514561428710312,-0.5400982053491353,-0.2711479979973269,0.0124337238578631
0.8487355815124676,-0.5399457190050803,-0.2703310949088929,0.0179195042054066
0.8460280745777524,-0.5397384155943058,-0.2694628529987391,0.023414100438498
0.8433340984744248,-0.5394763949883219,-0.268543839113945,0.0289170877507632
0.8406541217260622,-0.5391597613679255,-0.2675746302191926,0.0344280485928519
0.837988604503803,-0.5387886230909115,-0.2665558132668822,0.0399465734369053
0.8353380004426956,-0.5383630929004424,-0.2654879859594216,0.0454722567900126
0.8327027573499843,-0.5378832881638317,-0.2643717572624814,0.0510046953698229
0.8300833134381063,-0.5373493302581468,-0.2632077459792656,0.0565434956916899
0.8274800981764424,-0.5367613445685914,-0.2619965810582218,0.0620882721096909
0.8248935348132997,-0.5361194610398292,-0.2607389028421099,0.0676386411729703
0.822324036689698,-0.5354238133280173,-0.2594353614267607,0.0731942291965665
0.8197720101578322,-0.5346745394791824,-0.258086618120066,0.0787546657328235
0.8172378499777871,-0.5338717805495349,-0.2566933430621815,0.084319593317764
0.8147219435316582,-0.5330156816954315,-0.2552562173921231,0.0898886580885588
0.8122246701967049,-0.5321063920450997,-0.2537759330382608,0.0954615107931775
0.8097463984079187,-0.5311440635704927,-0.2522531909893855,0.1010378130685271
0.8072874886554089,-0.5301288520617766,-0.2506887030272411,0.1066172305142674
0.8048482905698988,-0.5290609158894529,-0.24908318989833,0.1121994390017586
0.8024291441301861,-0.5279404162975659,-0.247437381953669,0.1177841217584215
0.8000303793399655,-0.5267675171150151,-0.2457520188567578,0.1233709698835772
0.7976523169683037,-0.5255423849831684,-0.2440278500323136,0.1289596803861869
0.7952952660476809,-0.5242651879054306,-0.2422656327547979,0.1345499618453528
0.792959527296111,-0.5229360968461654,-0.2404661345271026,0.1401415261473019
0.7906453883602935,-0.5215552828972855,-0.2386301293433222,0.1457340996192546
0.788353128985092,-0.5201229199924233,-0.236758401512129,0.1513274104795052
0.7860830154329954,-0.5186391813144251,-0.2348517410411647,0.1569212021770078
0.7838353040071898,-0.5171042410827702,-0.232910946201418,0.1625152247715229
0.7816102397486486,-0.5155182734353984,-0.2309368222425133,0.1681092379966712
0.7794080590340765,-0.5138814540284482,-0.2289301835172401,0.1737030045648801
0.7772289832441959,-0.5121939550557227,-0.2268918475142799,0.1792963061031199
0.7750732253644155,-0.5104559496924607,-0.2248226405296468,0.1848889263973374
0.7729409852352735,-0.5086676080769229,-0.2227233929802927,0.1904806634884391
0.7708324524171205,-0.5068290991131692,-0.2205949417843918,0.1960713222854356
0.7687478048629364,-0.5049405889513154,-0.2184381287663289,0.2016607180013128
0.7666872092937757,-0.5030022408060528,-0.2162538006745958,0.2072486751981974
0.7646508192922233,-0.5010142125554625,-0.2140428067341546,0.2128350330818276
0.7626387794532898,-0.4989766601344701,-0.2118060026974501,0.2184196342799782
0.7606512202150664,-0.4968897318463962,-0.2095442447976825,0.2240023391692825
0.7586882623448978,-0.4947535721625442,-0.2072583942384531,0.2295830136537624
0.756750014657488,-0.4925683187408101,-0.2049493142219839,0.235161535657683
0.7548365741605932,-0.4903341017476955,-0.2026178695803067,0.2407377950114543
0.7529480253037043,-0.4880510420512213,-0.2002649252741901,0.2463116960172933
0.7510844429209387,-0.4857192538562492,-0.1978913494957817,0.2518831491236144
0.7492458907071308,-0.4833388421494493,-0.1954980113592858,0.2574520755824185
0.7474324181085374,-0.4809098975293056,-0.1930857761786645,0.2630184174039893
0.7456440655223125,-0.4784325017981434,-0.1906555115881804,0.2685821221266831
0.7438808605620482,-0.475906721890703,-0.1882080819971572,0.2741431547187123
0.7421428202398097,-0.4733326115578571,-0.1857443508332206,0.2797014914544449
0.7404299516770955,-0.4707102112876924,-0.1832651809832409,0.2852571180962487
0.7387422494958079,-0.4680395430070902,-0.180771430373491,0.2908100389446224
0.7370796959766155,-0.4653206084476856,-0.178263951252185,0.2963602774058279
0.7354422633863581,-0.4625533911219221,-0.1757435928247464,0.3019078692304777
0.7338299136015389,-0.45973785411517,-0.1732111999893893,0.3074528645274847
0.7322425961862095,-0.4568739347717364,-0.1706676094590094,0.3129953354239506
0.7306802516983641,-0.4539615484229137,-0.16811365409658,0.3185353657792142
0.7291428079664094,-0.4510005793618187,-0.1655501560059527,0.3240730654576311
0.7276301817378384,-0.4479908810738209,-0.1629779280623158,0.3296085661813792
0.726142279703908,-0.4449322755280857,-0.1603977746157436,0.3351420193270326
0.7246789987750896,-0.4418245510034272,-0.1578104910069104,0.3406735963680686
0.7232402227729631,-0.4386674517720934,-0.1552168565606068,0.3462035032593266
0.7218258251867786,-0.4354606800010757,-0.1526176380733279,0.3517319723943411
0.7204356692131322,-0.4322038920050889,-0.150013588667437,0.3572592646139677
0.7190696063351206,-0.4288966905383201,-0.1474054437682036,0.3627856773806381
0.7177274770239406,-0.4255386213534863,-0.1447939208614072,0.36831154499912
0.7164091099364682,-0.4221291656240698,-0.1421797163068125,0.3738372451970861
0.7151143224445736,-0.4186677349858616,-0.139563504594539,0.3793632006644172
0.7138429193649853,-0.415153661131898,-0.1369459338806849,0.38488988861481
0.712594693887139,-0.4115861903277696,-0.1343276257729157,0.3904178415532555
0.7113694268968319,-0.4079644727587293,-0.1317091717523189,0.3959476553671296
0.7101668853998695,-0.4042875476975355,-0.1290911273290543,0.4014800024601327
0.7089868211678958,-0.4005543272387931,-0.1264740061668055,0.4070156452877346
0.7078289725668155,-0.3967635883363982,-0.1238582809577227,0.4125554360077926
0.706693064137116,-0.3929139567102969,-0.1212443793460583,0.4181003270027875
0.7055788016833682,-0.38900387264867,-0.1186326689279037,0.4236514051283706
0.7044858737437423,-0.3850315745922429,-0.1160234561171062,0.4292098972784365
0.7034139486727862,-0.3809950643124759,-0.1134169743476482,0.4347771993949586
0.7023626751638494,-0.3768920802477627,-0.1108133797748109,0.4403548904850498
0.7013316786303719,-0.3727200504129321,-0.1082127362061151,0.4459447707944925
0.7003205590412402,-0.368476043792316,-0.1056150023697321,0.4515488965237313
0.6993288896195139,-0.3641567179255591,-0.1030200203288814,0.4571696138050996
0.6983562156780543,-0.3597582590314941,-0.1004275032731473,0.4628095959787468
0.6974020524378315,-0.3552763078537533,-0.0978370194581986,0.4684718915464911
0.696465883629134,-0.3507058770763381,-0.0952479768197939,0.4741599734353335
0.6955471716768994,-0.3460413149429073,-0.0926596390751344,0.4798777216319481
0.694645366889214,-0.3412762616991319,-0.0900711409967434,0.4856294086478748
0.693759936231218,-0.3364037125855804,-0.0874815633053403,0.4914195520899687
0.6928904244900049,-0.3314162946585857,-0.0848901134830434,0.4972525230786893
0.6920365686293498,-0.3263069484198058,-0.0822964901113911,0.503131720115836
0.691198511303477,-0.3210704290943172,-0.0797015985740365,0.5090578967580885
0.6903771753394669,-0.3157062895449622,-0.0771088618734881,0.5150260247663604
0.6895747986557006,-0.3102237931524779,-0.0745262038678851,0.5210204125802754
0.6887954538280093,-0.3046480304680574,-0.0719682071918283,0.5270091224549132
0.6880449254637261,-0.2990226486673864,-0.0694563307354994,0.5329426464060896
0.6873292975834766,-0.2934025097048545,-0.0670146513449749,0.5387632068201105
0.6866528144341371,-0.287837391260749,-0.0646624832578429,0.5444221640322975
0.6860167552082111,-0.282359492844571,-0.0624097505817864,0.5498917620300563
0.685419928292621,-0.2769826411634614,-0.0602578043432605,0.5551641661680017
0.6848598073586551,-0.2717083199235149,-0.0582028215319948,0.5602440106758989
0.6843334307366056,-0.2665317879834012,-0.0562387645943226,0.5651415939549355
0.6838378822289357,-0.26144593262585,-0.0543590879342571,0.5698688388813442
0.6833704843414372,-0.2564431867890044,-0.0525575078034166,0.5744374076574558
0.6829288511139384,-0.2515163763064422,-0.050828287953645,0.5788579554176081
0.6825108777181755,-0.2466589983109021,-0.049166289094875,0.5831399556381701
0.6821147114958777,-0.2418652840981479,-0.0475669371650284,0.5872917292756983
0.6817387191463135,-0.2371301707388766,-0.0460261637877579,0.5913205499135612
0.6813814528070216,-0.2324491988973356,-0.0445403292663406,0.5952328018218487
0.6810416237012245,-0.2278184460906381,-0.0431061648666885,0.5990340955205223
0.6807180786876083,-0.2232344486834149,-0.0417207177448956,0.6027293829100763
0.6804097812259903,-0.2186941402251763,-0.0403813065296477,0.6063230499644758
0.6801157935449733,-0.2141947677888017,-0.0390854752799245,0.6098190188166818
0.6798352648086757,-0.2097338638668638,-0.0378309679544554,0.6132207989348194
0.6795674203018695,-0.2053092108831421,-0.0366157032986492,0.6165315400275961
0.679311550802294,-0.2009187850277441,-0.0354377467348769,0.6197540958657668
0.6790670059251789,-0.1965607457103302,-0.03429529708747,0.6228910499442148
0.6788331873971103,-0.1922334101221537,-0.033186670656378,0.6259447499658017
0.6786095428020874,-0.1879352211592771,-0.0321102851877408,0.6289173441494826
0.6783955613215145,-0.1836647398071511,-0.031064651389286,0.6318107979679373
0.6781907697175833,-0.1794206335425819,-0.0300483641940004,0.6346269124795106
0.6779947279333157,-0.1752016469531486,-0.0290600906660041,0.6373673527936486
0.6778070271804436,-0.171006616224495,-0.0280985690812411,0.640033646232739
0.6776272862582499,-0.1668344401269687,-0.0271625982001921,0.6426272082230715
0.6774551495614994,-0.1626840807592651,-0.0262510340984498,0.6451493476932696
0.677290285001275,-0.1585545581277316,-0.0253627858676697,0.6476012759931492
0.6771323820035927,-0.1544449416166973,-0.0244968110028288,0.6499841170043829
0.6769811496816549,-0.1503543406521919,-0.023652111010077,0.6522989168728147
0.676836315875613,-0.1462819147925107,-0.0228277312783168,0.6545466422735159
0.6766976252792145,-0.142226856126624,-0.0220227553924043,0.6567281941396925
0.676564838482872,-0.1381883929031673,-0.0212363040676413,0.6588444088677387
0.6764377309112423,-0.1341657881727926,-0.020467533154043,0.6608960622715893
0.6763160915352854,-0.1301583280836196,-0.0197156298394264,0.6628838784292006
0.6761997223052009,-0.1261653301937477,-0.018979812826452,0.6648085279902449
0.6760884372543682,-0.122186139890054,-0.018259330277594,0.666670632624893
0.6759820616819227,-0.1182201268084816,-0.0175534578983388,0.6684707691362812
0.6758804313503354,-0.114266678983991,-0.0168614967508832,0.6702094742236271
0.6757833921982254,-0.1103252150317793,-0.0161827742976633,0.6718872411758904
0.6756907994110194,-0.1063951701382515,-0.0155166408859035,0.6735045281691213
0.675602517072858,-0.1024760027523573,-0.014862469932038,0.6750617572776088
0.6755184175646068,-0.0985671896002543,-0.014219656133894,0.6765593184286057
0.6754383811277224,-0.0946682259379227,-0.0135876146347107,0.6779975710232148
0.6753622955666347,-0.0907786316802671,-0.0129657811462947,0.6793768435244222
0.6752900556422455,-0.0868979409761773,-0.0123536094294716,0.6806974390756821
0.6752215627769795,-0.0830257050295119,-0.011750570982857,0.6819596359926032
0.6751567247578215,-0.0791614944248006,-0.0111561546414347,0.6831636886384362
0.6750954554788323,-0.0753049034702228,-0.0105698664755256,0.6843098279074012
0.6750376742897499,-0.0714555277095279,-0.0099912256573369,0.6853982694703776
0.6749833061966956,-0.0676129937092233,-0.0094197682979625,0.6864292064158852
0.6749322813126785,-0.0637769412243516,-0.0088550440403427,0.6874028162096827
0.674884534590168,-0.0599470198687522,-0.0082966149377014,0.6883192627318391
0.6748400058065579,-0.05612290558949,-0.0077440572144205,0.6891786937060652
0.6747986390514444,-0.0523042757999096,-0.0071969570144241,0.689981247945486
0.6747603827329014,-0.0484908245471105,-0.0066549120053982,0.6907270528749444
0.6747251893752346,-0.0446822610717865,-0.0061175305477962,0.691416226251638
0.674693015448276,-0.0408783100038245,-0.0055844311111816,0.6920488774866704
0.6746638211319363,-0.0370787013384533,-0.00505524027935,0.6926251104445309
0.6746375702258471,-0.0332831740310127,-0.0045295926903822,0.6931450235785735
0.6746142300502247,-0.0294914794060818,-0.0040071309339152,0.6936087103858635
0.6745937713184789,-0.0257033802881996,-0.0034875048530572,0.6940162605726535
0.6745761679807903,-0.0219186404473514,-0.0029703695348582,0.694367761951724
0.6745613971961123,-0.0181370347944025,-0.0024553861553919,0.6946632999174377
0.6745494391975825,-0.0143583350965724,-0.001942219478761,0.6949029591712614
0.6745402772913199,-0.0105823262294793,-0.0014305395207766,0.6950868228998947
0.6745338977402247,-0.0068087847044376,-0.000920018087253,0.6952149743693364
0.6745302897766956,-0.0030375038436042,-0.0004103316408999,0.6952874960435657
0.6745293935078026,3.302137339608602e-11,-9.167673835786676e-12,0.6953055165424576
