2.9377275923285
0.6942958327194396,4.203400158159236e-23,4.4862219322620804e-13,0.6509790549310409
0.6942968650194351,0.0023542052969871,0.0005708968460251,0.6509672752817511
0.694302604872757,0.0060295594466399,0.0014622846500013,0.6509017876061287
0.6943133832997925,0.0097058128814731,0.0023541835095054,0.6507788600664944
0.6943292103984444,0.0133832425496926,0.0032468405618269,0.6505984629869431
0.6943500998604276,0.0170620786038056,0.0041404934312671,0.6503605658960653
0.6943760690976427,0.0207425585735673,0.0050353840002592,0.6500651363260721
0.6944071392511582,0.0244249188208756,0.0059317569623028,0.6497121400098719
0.6944433353336779,0.0281094046567521,0.0068298629081074,0.6493015396225613
0.6944846862112293,0.0317962591913857,0.007729956231071,0.6488332954149093
0.6945312248427757,0.0354857379212423,0.0086322993000379,0.6483073629906191
0.6945829883511978,0.0391781029380841,0.0095371616654695,0.6477236930757457
0.6946400180865543,0.0428736190923064,0.0104448197245012,0.6470822314482468
0.6947023598538062,0.0465725608352807,0.0113555589968245,0.6463829170975833
0.6947700642444061,0.0502752209249832,0.0122696768782435,0.6456256793299946
0.6948431865948834,0.0539818966647259,0.0131874798562362,0.6448104391618042
0.6949217873814219,0.0576929009480493,0.0141092868319484,0.6439371059380407
0.6950059323094738,0.0614085556121668,0.0150354280725253,0.6430055774834726
0.6950956928833361,0.0651292059149777,0.0159662494202932,0.6420157350678805
0.6951911461310284,0.068855197531453,0.0169021071516401,0.6409674478571
0.6952923757170669,0.0725869102002831,0.0178433770147245,0.6398605622245584
0.6953994715946905,0.0763247307630371,0.0187904480982799,0.6386949073308738
0.6955125303487713,0.0800690558798055,0.0197437240967364,0.6374702932255002
0.6956316561457542,0.0838203120977264,0.0207036290449307,0.6361865026141843
0.6957569605405107,0.0875789362752758,0.0216706029961972,0.6348432952566047
0.6958885632764884,0.0913453883600236,0.0226451059459786,0.633440401834649
0.6960265926268865,0.0951201479546988,0.0236276176492785,0.6319775230534995
0.6961711855527241,0.0989037063601364,0.0246186362379577,0.6304543308942606
0.6963224890200314,0.1026965883482008,0.0256186846394846,0.6288704579282327
0.6964806595379662,0.106499326099522,0.0266283045081182,0.6272255057035518
0.6966458649296283,0.1103124889475933,0.0276480648729291,0.6255190300606706
0.6968182836866434,0.1141366530130634,0.0286785549079813,0.6237505520017915
0.6969981068912534,0.1179724304811854,0.0297203926278678,0.6219195423358737
0.6971855377772688,0.1218204440624251,0.0307742189267484,0.6200254310629829
0.6973807939881872,0.1256813583561915,0.0318407070996491,0.6180675897226491
0.6975841073320553,0.1295558567776545,0.032920557625679,0.6160453397185166
0.6977957249005959,0.1334446468069153,0.0340145006726774,0.6139579472352685
0.6980159107493977,0.1373484728986585,0.0351233009233202,0.6118046133459049
0.6982449465013884,0.1412681074896399,0.0362477563718365,0.60958447547058
0.6984831332829307,0.1452043641644956,0.0373887035027312,0.6072965965131522
0.6987307923623859,0.1491580864922403,0.0385470156308818,0.6049399674176349
0.6989882675252064,0.153130163916724,0.0397236091870886,0.6025134938850987
0.6992559267888755,0.1571215333182565,0.040919446106817,0.600015990626936
0.6995341641959947,0.1611331796029769,0.042135536087358,0.597446175967204
0.6998234020963594,0.1651661409783524,0.0433729404469711,0.5948026631218026
0.7001240939405531,0.1692215179454903,0.0446327774211666,0.5920839482965994
0.700436727378184,0.1733004822025531,0.0459162278227867,0.5892883978192534
0.7007618278078037,0.1774042868980782,0.0472245415654553,0.5864142332538492
0.7010999614162986,0.1815342659205393,0.04855904112886,0.5834595232083917
0.7014517409313761,0.1856918616666529,0.0499211346782529,0.5804221538238274
0.7018178300706769,0.1898786293169821,0.0513123224065559,0.5772998140057215
0.7021989501879602,0.1940962600425241,0.0527342098188813,0.5740899651930874
0.7025958866490165,0.1983465922730104,0.0541885180384783,0.5707898177333371
0.7030094991624731,0.2026316557038599,0.055677106451492,0.5673962792819195
0.7034407297444701,0.206953677308973,0.0572019838878701,0.5639059291555002
0.703890617343204,0.2113151422503502,0.0587653406115853,0.5603149453536032
0.7043603106433725,0.215718817681031,0.0603695697014226,0.5566190558341431
0.7048510885227847,0.2201678296982286,0.0620173102792967,0.5528134398477869
0.7053643795170064,0.2246657043631255,0.0637114813430388,0.548892651191723
0.7059017917258433,0.2292164723906904,0.0654553435410944,0.5448504775024966
0.7064651452351561,0.2338247549559448,0.0672525598760904,0.5406798026970078
0.7070565134550508,0.2384958785514293,0.0691072743953031,0.5363724288883411
0.7076782745447895,0.2432360137351628,0.0710242090950846,0.5319188575432164
0.7083331701403921,0.2480523025486824,0.0730087668250737,0.5273080587207871
0.7090243684404149,0.2529529450439206,0.0750671285079434,0.522527255964767
0.7097555165668519,0.2579471404119658,0.0772062987315856,0.5175618334501102
0.710530739118585,0.263044628090715,0.0794339799718611,0.5123956415519669
0.7113544581814618,0.2682541522804094,0.0817579452156775,0.5070124599583254
0.7122307909820705,0.2735797040570326,0.0841843051028897,0.501399997647028
0.7131620312331297,0.2790124197695504,0.0867134987652927,0.4955590920111555
0.7141459376911242,0.2845180838479484,0.0893336253664073,0.4895189073279351
0.7151733694219967,0.2900300235786757,0.0920155352276609,0.483347880101382
0.7162303643511364,0.2954669003582993,0.0947198774213024,0.4771370921968985
0.7173046111577377,0.300767976708954,0.0974142977615103,0.470960642100902
0.7183893673683737,0.3059080943933575,0.1000823955210041,0.4648553782615845
0.7194825411851161,0.310887173922839,0.1027200567801585,0.4588296786091266
0.720584429527114,0.3157159347253346,0.1053290245963033,0.4528784017497261
0.7216962162876371,0.3204076978444795,0.107912916012037,0.4469920891675275
0.7228192885005496,0.3249751312709954,0.1104755120808618,0.4411608979185718
0.7239549740288554,0.3294292810111963,0.11302016180921,0.4353759627662241
0.7251044637391495,0.3337794904515291,0.1155496490238348,0.4296296947293794
0.7262687995694511,0.3380335833401637,0.1180662134679194,0.4239157272148639
0.7274488905900306,0.3421981194419386,0.1205716285849305,0.4182287341805538
0.7286455293739925,0.3462786120798873,0.1230672722764439,0.4125642656278176
0.7298594091823413,0.3502797156060165,0.1255541925808959,0.406918595889537
0.7310911400005652,0.35420538131817,0.1280331649330909,0.4012885920764341
0.7323412654777579,0.3580589931587791,0.1305047459297904,0.3956715912290879
0.7336102661379399,0.3618434430360593,0.132969295704772,0.3900653493516908
0.7348985766507783,0.3655612365808395,0.1354270251345567,0.3844679344387944
0.736206587176716,0.369214539310964,0.1378780090665142,0.3788776970139741
0.7375346494415486,0.3728052300119981,0.1403222072330186,0.3732932234554307
0.7388830840226903,0.3763349501781735,0.1427594855647725,0.3677132884937517
0.7402521806684038,0.3798051293106429,0.1451896233672248,0.3621368400833024
0.7416422040518288,0.3832170206956284,0.1476123294489489,0.3565629638655279
0.7430533942483678,0.3865717200279833,0.1500272478848968,0.3509908713962256
0.7444859708004888,0.3898701902425267,0.15243396939653,0.345419875467423
0.7459401329767312,0.3931132747591253,0.1548320355275617,0.339849381995767
0.7474160595177678,0.3963017083372773,0.1572209417558137,0.3342788844689693
0.7489139154226723,0.3994361414767131,0.1596001515522225,0.3287079328166604
0.7504338464272807,0.4025171366848423,0.1619690900679558,0.3231361496951999
0.7519759824268253,0.4055451834509647,0.1643271522222129,0.3175632132687762
0.7535404376531492,0.4085207051591976,0.166673705238689,0.3119888528837178
0.7551273163036356,0.4114440752494697,0.169008098984311,0.3064128260578248
0.7567367014950253,0.4143156016575818,0.171329651429806,0.3008349547342193
0.7583686696738846,0.4171355578956388,0.1736376715497694,0.2952550721629903
0.7600232787587656,0.4199041656673237,0.1759314436534243,0.2896730620287404
0.761700575560349,0.4226216117675752,0.1782102395568259,0.2840888307571037
0.7634005935992235,0.4252880474800778,0.180473316798093,0.2785023133211535
0.7651233541413185,0.4279035932068077,0.1827199213032947,0.2729134682440212
0.7668688646679087,0.4304683388438562,0.1849492865828676,0.2673222811572507
0.768637122430617,0.4329823514954084,0.1871606394098024,0.2617287521245107
0.77042810904231,0.4354456698728899,0.189353194025047,0.2561329117482921
0.7722417966524017,0.437858315162301,0.1915261608757638,0.2505348005889373
0.774078142688762,0.4402202856107923,0.1936787410862081,0.2449344847334031
0.7759370940102598,0.4425315638596452,0.1958101323717194,0.2393320420922782
0.7778185852182316,0.4447921161828798,0.1979195277984949,0.2337275669679764
0.7797225386231664,0.4470018939327237,0.2000061165586346,0.2281211694837188
0.7816488644041113,0.449160835098934,0.2020690849182455,0.2225129745143253
0.7835974597248305,0.4512688646252425,0.2041076160293427,0.2169031236962547
0.7855682112136732,0.4533258982864859,0.206120893235149,0.2112917678020703
0.7875609910914639,0.4553318396505142,0.2081080967243202,0.2056790774233987
0.7895756635022332,0.4572865875399318,0.2100684105263533,0.2000652247138707
0.7916120774979021,0.4591900298237825,0.212001016059405,0.1944504029054302
0.7936700722603411,0.461042049447407,0.2139050978402453,0.1888348114136569
0.7957494729242707,0.4628425213373496,0.2157798400611708,0.183218667130638
0.7978500951623313,0.464591317258025,0.2176244313286925,0.1776021917462337
0.7999717395822398,0.4662883017283463,0.2194380601471423,0.1719856266770418
0.8021141998729024,0.467933339328378,0.2212199224412202,0.1663692112734287
0.8042772537873865,0.4695262880467441,0.222969214250181,0.1607532066449291
0.8064606715709703,0.471067006335687,0.2246851391598486,0.1551378734960008
0.8086642075740992,0.4725553474803175,0.226366901923353,0.1495234938597537
0.8108876078075571,0.4739911655182873,0.2280137148370858,0.1439103515880198
0.8131306069837464,0.4753743134618723,0.229624795648199,0.1382987400985841
0.8153929282804456,0.4767046435916161,0.231199367716103,0.1326889629982618
0.817674282710986,0.477982007558539,0.2327366599344162,0.1270813356491675
0.8199743714343998,0.4792062580987748,0.2342359086105819,0.1214761795332147
0.8222928861631316,0.4803772494206733,0.2356963578552885,0.1158738214907603
0.824629505415481,0.4814948355929955,0.2371172574320663,0.1102746029200825
0.8269838983546174,0.4825588728525519,0.2384978654568568,0.1046788705769271
0.829355724704438,0.483569219677487,0.2398374484188722,0.0990869770405577
0.8317446335500029,0.4845257364446697,0.2411352806160316,0.0934992837607261
0.8341502641059343,0.4854282859845461,0.2423906447483835,0.0879161594178703
0.8365722450633186,0.4862767335391291,0.2436028317140554,0.082337981625669
0.8390101962311546,0.4870709475371531,0.2447711415622802,0.0767651333360298
0.841463727734349,0.4878107994239953,0.2458948831429993,0.0711980049309285
0.8439324389758066,0.4884961635505699,0.2469733737580073,0.0656369967542542
0.8464159231007105,0.4891269185452753,0.2480059411731841,0.0600825092761486
0.8489137638525998,0.4897029463969342,0.2489919221441966,0.0545349505096666
0.8514255335058513,0.4902241321997334,0.2499306617320766,0.0489947407514317
0.8539507984154877,0.4906903655051351,0.250821515487343,0.0434623005003819
0.8564891162598821,0.4911015396692675,0.2516638482684125,0.0379380568774277
0.8590400362481244,0.4914575519669005,0.2524570342998207,0.0324224433988004
0.8616030991379019,0.4917583036647465,0.2532004571536432,0.0269159001619451
0.8641778394840586,0.4920037002880195,0.2538935103081925,0.0214188692741788
0.8667637820446189,0.4921936512348549,0.2545355960377547,0.015931802804828
0.8693604451834828,0.4923280701558987,0.2551261262731017,0.0104551557313465
0.8719673418347208,0.4924068748514647,0.2556645225597747,0.0049893842308317
0.8745839775486797,0.4924299870612449,0.2561502153860148,-0.0004650499125571
0.8772098478346219,0.4923973325302932,0.2565826436487829,-0.005907673605766
0.8798475788660914,0.4923087026830913,0.2569616731548006,-0.0113444581151294
0.8824988931363081,0.4921636875210467,0.2572868134872161,-0.0167793968628552
0.8851632913179512,0.4919618852090564,0.2575571903305467,-0.0222118819194671
0.8878402579513307,0.4917028983885685,0.2577719321041472,-0.0276412887806434
0.8905292597056224,0.4913863347242763,0.2579301701649232,-0.0330669729888143
0.8932297452187711,0.491011807421148,0.25803103925852,-0.0384882700112546
0.8959411476330033,0.49057893529079,0.2580736779895615,-0.0439045004837411
0.8986628801164642,0.4900873438280939,0.2580572290644868,-0.0493149613845526
0.9013943401233848,0.4895366649880454,0.2579808397653576,-0.054718934703062
0.9041349047279926,0.4889265384977728,0.2578436623939379,-0.0601156783192942
0.906883936104034,0.4882566111703774,0.2576448544752459,-0.0655044369717198
0.9096407768975951,0.4875265383017175,0.2573835792854174,-0.0708844332435152
0.912404751069332,0.4867359840252873,0.25705900628508,-0.0762548693880256
0.915175165936707,0.4858846211745306,0.2566703112468856,-0.0816149314168696
0.9179513116558742,0.4849721317486163,0.2562166765371825,-0.0869637881590854
0.9207324612835038,0.4839982072305721,0.2556972913390236,-0.0923005914539316
0.9235178692097872,0.4829625495165932,0.2551113522134839,-0.097624473232
0.9263067733442872,0.481864870528831,0.254458062947242,-0.1029345497957042
0.929098395310514,0.480704892389191,0.25373663461126,-0.108229922232685
0.9318919382643313,0.479482348629011,0.2529462862736839,-0.1135096723418494
0.9346865913626006,0.4781969825534864,0.2520862438895522,-0.1187728711531016
0.9374815265336948,0.4768485488021852,0.2511557411614148,-0.1240185728517711
0.9402758995356214,0.4754368131239265,0.250154019271178,-0.1292458168437009
0.9430688511466854,0.473961551930143,0.2490803263743227,-0.1344536300345393
0.9458595082636252,0.4724225517254071,0.24793391691667,-0.1396410289062729
0.9486469830131126,0.470819609533603,0.2467140516322095,-0.1448070178960695
0.9514303737170852,0.4691525322979961,0.2454199967516154,-0.1499505912435406
0.9542087656634496,0.4674211362432668,0.2440510230999418,-0.1550707344688869
0.956981231644982,0.4656252462470426,0.2426064051263065,-0.1601664254263581
0.9597468328881332,0.4637646948246397,0.2410854195457043,-0.1652366360842743
0.9625046197085436,0.4618393211177485,0.2394873438900685,-0.1702803338130761
0.9652536324739612,0.4598489694924701,0.2378114546404554,-0.1752964832546269
0.9679929020958812,0.4577934882677456,0.2360570253608984,-0.1802840473543859
0.9707214514722136,0.4556727275162591,0.2342233239288836,-0.1852419901585022
0.9734382964764468,0.4534865368822773,0.2323096096278629,-0.1901692788153803
0.9761424470151158,0.4512347630279761,0.2303151297640862,-0.1950648857479549
0.9788329079355124,0.4489172468488417,0.2282391159126745,-0.1999277906129292
0.9815086813077654,0.4465338190650408,0.2260807785129419,-0.204756984811713
0.9841687665071888,0.4440842971922032,0.223839302470947,-0.209551472107515
0.9868121619839232,0.4415684805314586,0.2215138407439635,-0.2143102723974726
0.9894378682884748,0.4389861431736629,0.2191035057751339,-0.2190324278586329
0.9920448885221372,0.4363370285833237,0.2166073620340313,-0.2237170046020834
0.9946322300301478,0.4336208421585181,0.2140244163210944,-0.2283630967486752
0.997198907804896,0.4308372408294951,0.211353604807015,-0.232969833787908
0.999743944802394,0.4279858245523922,0.2085937813505187,-0.2375363826538096
1.0022663766096025,0.4250661215129527,0.2057436991770523,-0.2420619579277537
1.004765250152838,0.4220775781670788,0.2028019965426341,-0.2465458217323225
1.007239633399336,0.4190195341180472,0.199767166715652,-0.2509873038209697
1.0096886095717954,0.4158912126790338,0.1966375423838922,-0.2553857944540768
1.0121112867527935,0.4126916896774835,0.1934112574308305,-0.2597407655987535
1.014506801584958,0.4094198647977846,0.1900862096119159,-0.2640517824261456
1.0168743176835635,0.4060744354833936,0.1866600242382357,-0.268318506376497
1.0192130345392134,0.4026538507147534,0.1831299954269488,-0.2725407184460964
1.0215221860964083,0.3991562717453296,0.1794930319672241,-0.2767183255693448
1.0238010473689088,0.3955795124863764,0.1757455793145524,-0.2808513836007769
1.0260489302302964,0.3919209855086151,0.1718835439019697,-0.2849401033406832
1.0282651771012774,0.3881776402795434,0.167902205521017,-0.2889848558467901
1.0304491460381753,0.3843459029750994,0.1637961270292471,-0.2929861658230341
1.0326001735993824,0.3804216433715947,0.1595590886591355,-0.2969446684990491
1.0347174978062286,0.3764002104325099,0.1551840933697539,-0.3008609968738855
1.0368001078815945,0.3722766237226568,0.150663542544883,-0.3047355349458688
1.0388464591313826,0.3680460984063676,0.1459897880298023,-0.3085679142879259
1.0408539350708212,0.3637052723687767,0.1411564930438425,-0.3123560130846597
1.0428179206201813,0.3592546911948087,0.1361614741332824,-0.3160941549926324
1.0447304155452506,0.3547031753500595,0.1310118202225864,-0.3197702851289539
1.046578670644477,0.350073529002912,0.1257308057285741,-0.3233629223268065
1.048345507497748,0.3454055504800941,0.1203620384603691,-0.3268410551192749
1.0500132193986904,0.3407496102645606,0.1149628249377291,-0.330170995615356
1.0515694395812596,0.336151506718054,0.1095869306062058,-0.333327699444869
1.053010018601472,0.3316409931152959,0.1042707959847085,-0.3363010231530219
1.0543374507251548,0.327231330219671,0.0990322392692617,-0.3390934526512374
1.0555577545376442,0.3229248747621199,0.0938763989364371,-0.3417144900530332
1.0566781297745458,0.3187184764879902,0.0888017712754442,-0.3441762377513661
1.0577057297044812,0.3146068323355984,0.0838040616616812,-0.3464910024241991
1.058647171276421,0.3105841445876399,0.0788781366292189,-0.3486702931232259
1.0595083970009305,0.3066448648798803,0.0740189330488269,-0.3507244998266417
1.0602946919336893,0.3027839598675942,0.0692218089691212,-0.3526628840079641
1.061010752990303,0.2989969691906307,0.0644826459630782,-0.3544936810689871
1.061660767944258,0.2952799847751753,0.0597978535317432,-0.3562242288042108
1.0622484931097251,0.2916295802836947,0.0551643077236483,-0.3578611016691732
1.0627773174949526,0.2880427535048808,0.0505793017107176,-0.3594102209868686
1.063250318155978,0.2845168645047891,0.0460404871761509,-0.3608769520882976
1.0636703066078224,0.2810495764237231,0.0415458153710654,-0.3622661872039502
1.0640398660370722,0.277638812219941,0.0370934955435406,-0.3635824110276635
1.0643613830227237,0.2742827093444948,0.0326819480651809,-0.3648297584814723
1.0646370723501075,0.270979595044288,0.0283097823206913,-0.3660120575421606
1.064868999319884,0.2677279482888468,0.0239757552374168,-0.3671328714116885
1.0650590966714295,0.2645263869572797,0.0196787616476425,-0.3681955268605801
1.0652091800273569,0.2613736433720454,0.0154178080759964,-0.3692031430929641
1.065320960554403,0.2582685458295067,0.0111919933039286,-0.3701586551856829
1.0653960554224786,0.2552100102841893,0.007000501821611,-0.3710648317590724
1.0654359971467826,0.2521970228613466,0.0028425840834241,-0.3719242933581682
1.0654422412792024,0.2492286383214975,-0.0012824420134611,-0.3727395242908033
1.065416173324046,0.2463039630026641,-0.0053752115480566,-0.3735128874474484
1.0653590526652028,0.2434196999826726,-0.0094397814563155,-0.3742472462778915
1.0652720471218315,0.2405746168372272,-0.0134773874719701,-0.3749447845458484
1.065156281389395,0.2377681232308955,-0.0174883825513832,-0.3756074417703003
1.0650128385090707,0.2349996604574226,-0.0214730863805374,-0.3762370828898848
1.0648427630743382,0.2322686987904405,-0.0254317874317431,-0.3768355035961102
1.0646470635096903,0.2295747271911999,-0.029364756373784,-0.3774044367420015
1.064426714521597,0.2269172538670999,-0.033272244109333,-0.377945555775869
1.064182659256344,0.2242958047755391,-0.0371544828338519,-0.3784604783214774
1.0639158108816966,0.2217099187109236,-0.0410116923053899,-0.3789507700747539
1.0636270543867536,0.2191591476145458,-0.0448440785582023,-0.3794179473374843
1.0633172477560162,0.2166430525680672,-0.0486518391574843,-0.3798634801155671
1.0629872236385205,0.2141612057030045,-0.0524351596725723,-0.3802887938982231
1.0626377900124533,0.2117131850521044,-0.0561942209079845,-0.3806952724936794
1.062269731694264,0.209298577118064,-0.0599291945069669,-0.3810842593344484
1.061883810837927,0.2069169728662287,-0.0636402486749059,-0.3814570597441198
1.0614807681472809,0.2045679693910143,-0.0673275452478771,-0.3818149421265436
1.0610613233897068,0.2022511675865305,-0.0709912429989137,-0.3821591396788461
1.0606261762340563,0.1999661724003544,-0.0746314969873929,-0.3824908515865108
1.0601760068249362,0.1977125919403165,-0.0782484597501162,-0.3828112443013156
1.0597114765064464,0.1954900377027221,-0.0818422807478856,-0.3831214525720742
1.0592332281513344,0.1932981231398044,-0.0854131085231739,-0.3834225806358118
1.0587418868903962,0.1911364644408206,-0.0889610893276414,-0.3837157030312366
1.0582380603927457,0.1890046794027793,-0.0924863688757661,-0.3840018656205491
1.0577223393845594,0.1869023876183491,-0.0959890919918794,-0.3842820863778876
1.0571952982285215,0.1848292109637473,-0.0994694017504434,-0.3845573560960675
1.0566574951840366,0.1827847728912989,-0.1029274406206944,-0.3848286392119165
1.056109472613987,0.1807686977500564,-0.1063633516289477,-0.385096874590821
1.0555517575969606,0.1787806117304834,-0.1097772767862842,-0.3853629760656142
1.0549848621387696,0.1768201423446783,-0.1131693579980612,-0.3856278331422903
1.0544092836377743,0.1748869188989189,-0.116539736288647,-0.385892311547849
1.0538255051751964,0.1729805723813672,-0.1198885520307383,-0.3861572538325962
1.0532339955233625,0.1711007345352826,-0.1232159466408066,-0.3864234800696278
1.0526352097743528,0.1692470390170873,-0.1265220606269591,-0.3866917882496719
1.052029589611409,0.1674191213582921,-0.1298070337105443,-0.3869629548202318
1.0514175636487944,0.1656166191714934,-0.133071004515741,-0.3872377351731867
1.05079954740498,0.1638391713210506,-0.1363141121464054,-0.3875168642792153
1.050175943760022,0.162086418583667,-0.1395364950901031,-0.3878010570914177
1.0495471433387142,0.1603580040485568,-0.142738290558959,-0.388091008966661
1.048913524593412,0.1586535726941635,-0.1459196353461931,-0.388387396210834
1.0482754540400077,0.1569727714410987,-0.1490806658254988,-0.3886908765460614
1.0476332868805451,0.1553152502082913,-0.1522215160435866,-0.3890020893804389
1.046987366637569,0.1536806603895451,-0.1553423206706727,-0.3893216565400215
1.046338026092522,0.152068656728657,-0.1584432115243736,-0.3896501823628351
1.0456855869964663,0.150478896039722,-0.1615243200725659,-0.3899882543806486
1.0450303603765945,0.1489110374941328,-0.164585776979898,-0.3903364437102406
1.0443726472713533,0.1473647438895564,-0.1676277096933612,-0.3906953051965711
1.0437127384544471,0.1458396804860456,-0.1706502447580743,-0.3910653780782188
1.043050914760849,0.1443355153272098,-0.173653507260886,-0.391447186338458
1.0423874474846238,0.1428519196998171,-0.1766376199674491,-0.3918412389977444
1.041722598483956,0.1413885679206994,-0.1796027037871373,-0.3922480305627989
1.0410566203953215,0.1399451373873255,-0.1825488777168412,-0.3926680414109805
1.0403897568363951,0.1385213086081971,-0.1854762588215795,-0.3931017381760746
1.0397222431162974,0.1371167662979215,-0.1883849599987952,-0.39354957378357
1.039054305457356,0.1357311973211581,-0.1912750942396354,-0.3940119884614823
1.0383861623060997,0.1343642930581716,-0.1941467697508244,-0.3944894093565173
1.037718023539694,0.1330157473656932,-0.1970000942147253,-0.3949822515719851
1.037050091424881,0.1316852581724099,-0.1998351714582291,-0.3954909179816245
1.0363825605794328,0.1303725270073774,-0.2026521024265362,-0.396015799724759
1.0357156181670897,0.1290772590199574,-0.2054509851305051,-0.3965572765351075
1.0350494441554696,0.1277991631229618,-0.2082319143198604,-0.3971157170082931
1.034384211225425,0.126537951473035,-0.2109949825968878,-0.397691479157236
1.0337200855779165,0.1252933406631491,-0.2137402777835475,-0.3982849101919277
1.033057226351224,0.1240650502776457,-0.2164678860542711,-0.3988963474872801
1.032395786347754,0.1228528039334048,-0.2191778896173048,-0.3995261184097223
1.0317359121141274,0.1216563290903397,-0.2218703670771804,-0.4001745406843701
1.0310777441887682,0.1204753571764157,-0.2245453930947258,-0.4008419225978131
1.0304214169047985,0.1193096229224956,-0.2272030398385844,-0.4015285636497938
1.0297670589982295,0.1181588651487622,-0.2298433751491049,-0.4022347543858814
1.029114793506573,0.1170228262779967,-0.2324664635770984,-0.4029607769359059
1.0284647381986922,0.1159012527916499,-0.2350723652626299,-0.403706904978028
1.0278170052868283,0.1147938944417791,-0.2376611376866469,-0.404473404499268
1.027171702352674,0.1137005055557486,-0.2402328325478125,-0.4052605331398445
1.0265289314930202,0.1126208432975148,-0.2427874997457181,-0.4060685416290507
1.025888790544207,0.1115546694679872,-0.2453251830574767,-0.4068976727054178
1.025251371961586,0.1105017483602692,-0.2478459251301973,-0.4077481629546068
1.024616764769218,0.1094618497320225,-0.2503497602900102,-0.4086202406555625
1.0239850527224943,0.1084347455067284,-0.2528367223292622,-0.4095141286161921
1.0233563156809933,0.1074202117897096,-0.2553068395810415,-0.4104300427401567
1.0227306295313543,0.1064180284812073,-0.2577601357239557,-0.4113681924814696
1.022108065919432,0.1054279786070749,-0.2601966313101323,-0.4123287816383247
1.0214886931557072,0.1044498495261576,-0.2626163406854463,-0.4133120073532778
1.0208725751066727,0.1034834309420347,-0.265019276778531,-0.4143180622276848
1.0202597729376144,0.1025285174247706,-0.2674054447367632,-0.415347131909814
1.0196503439281157,0.1015849063190956,-0.2697748469836977,-0.4163993973422564
1.019044342059478,0.1006523984525927,-0.2721274813443847,-0.4174750341789104
1.018441817735425,0.0997307974977401,-0.2744633425344796,-0.4185742136592012
1.0178428191632918,0.0988199118761034,-0.2767824172020054,-0.4196971004351549
1.0172473906008783,0.0979195518738911,-0.2790846911085645,-0.4208438561155816
1.0166555738762353,0.0970295317646018,-0.2813701436131774,-0.4220146368135376
1.0160674082236447,0.0961496693523284,-0.2836387486779343,-0.4232095937060114
1.015482929798582,0.0952797850560706,-0.2858904770913709,-0.4244288743412901
1.0149021723858629,0.0944197027864162,-0.2881252940773439,-0.4256726215393304
1.0143251672253009,0.0935692495009744,-0.2903431603006241,-0.4269409740425544
1.0137519429509014,0.0927282549410818,-0.2925440324200839,-0.428234066985889
1.0131825261722478,0.0918965523135364,-0.2947278611669772,-0.4295520309047342
1.012616941068336,0.0910739775236064,-0.2968945932076489,-0.4308949929310914
1.0120552100275797,0.0902603699420885,-0.2990441689833659,-0.4322630755749955
1.0114973527071691,0.0894555708803051,-0.3011765265939466,-0.4336563992862509
1.010943387522882,0.0886594255891274,-0.3032915963717963,-0.4350750790881715
1.0103933306496895,0.0878717816574482,-0.3053893049717428,-0.4365192272773429
1.009847196195428,0.0870924891191537,-0.3074695749582964,-0.4379889533308302
1.0093049968032537,0.0863214011681523,-0.3095323227567162,-0.4394843625706534
1.0087667431643372,0.0855583733192257,-0.3115774607490252,-0.4410055577199995
1.008232444572925,0.084803264058076,-0.3136048953932044,-0.4425526376218733
1.0077021085690323,0.0840559341980519,-0.3156145288043179,-0.4441256984819913
1.007175741623565,0.0833162477132033,-0.3176062563732561,-0.4457248320754094
1.0066533482239162,0.0825840703213507,-0.3195799704378261,-0.447350128706319
1.0061349318463282,0.0818592707259323,-0.321535556801203,-0.4490016745066572
1.0056204949042784,0.0811417204150416,-0.3234728951292162,-0.4506795516948571
1.005110037624647,0.0804312919757012,-0.3253918633653576,-0.4523838424893106
1.0046035597047456,0.0797278612898182,-0.3272923316653434,-0.4541146239529025
1.0041010595151916,0.0790313063065389,-0.3291741655741791,-0.4558719707526814
1.003602534306152,0.0783415072186952,-0.3310372254146268,-0.4576559546808729
1.003107980479785,0.0776583467307353,-0.3328813654299987,-0.4594666438458777
1.0026173930584232,0.0769817092180556,-0.3347064359214377,-0.4613041047858482
1.0021307664832084,0.0763114817271455,-0.3365122804173788,-0.4631683997126189
1.001648093777907,0.0756475527222892,-0.3382987389225418,-0.4650595898342666
1.0011693681432206,0.0749898141812662,-0.3400656421512736,-0.4669777292833745
1.0006945804354923,0.0743381580337455,-0.341812820977771,-0.46892287524928
1.0002237215740923,0.0736924793783811,-0.343540097658228,-0.470895078624392
0.9997567819527564,0.0730526755806075,-0.3452472881468816,-0.4728943863100696
0.9992937508349604,0.0724186453561421,-0.3469342044244163,-0.4749208439227381
0.9988346168034742,0.071790289302219,-0.3486006529520179,-0.4769744940920493
0.9983793679670484,0.0711675100966035,-0.3502464340297446,-0.4790553756360413
0.9979279915997252,0.0705502119225869,-0.3518713432051804,-0.4811635253013632
0.997480474590602,0.069938301005021,-0.3534751697438321,-0.4832989758221249
0.9970368031674351,0.0693316851550282,-0.3550576977204926,-0.4854617572922987
0.9965969629272392,0.0687302737367145,-0.3566187059894928,-0.4876518971733543
0.9961609393151588,0.0681339782487289,-0.3581579665722438,-0.4898694179909288
0.9957287169729938,0.0675427113622135,-0.359675247051422,-0.492114340663523
0.9953002802626734,0.0669563875672174,-0.3611703087931834,-0.4943866819674126
0.9948756130968038,0.066374922873447,-0.3626429076233567,-0.4966864554576671
0.9944546989225592,0.065798234722264,-0.364092793949798,-0.4990136716532468
0.9940375211044102,0.0652262424471645,-0.3655197115166135,-0.5013683359682972
0.993624062242521,0.0646588662772603,-0.3669233998103643,-0.5037504525777072
0.9932143048871132,0.0640960282556569,-0.3683035916714234,-0.5061600204802339
0.9928082312632868,0.06353765180348,-0.3696600143054755,-0.5085970350579592
0.9924058232939428,0.0629836616937426,-0.3709923892629205,-0.5110614879956012
0.9920070625903274,0.0624339839820781,-0.3723004325225337,-0.5135533673947086
0.9916119304912938,0.0618885460058868,-0.3735838544102192,-0.5160726575888683
0.9912204082669724,0.0613472766125841,-0.3748423589940733,-0.5186193378563487
0.9908324768133492,0.0608101056862472,-0.3760756451270683,-0.5211933843907085
0.9904481171391548,0.060276964771249,-0.3772834049450601,-0.523794767102356
0.990067309665258,0.0597477860525023,-0.3784653261331483,-0.52642345431243
0.989690034909828,0.0592225032571998,-0.3796210898059685,-0.5290794081712755
0.9893162729809988,0.0587010509031511,-0.3807503721264377,-0.5317625881641768
0.9889460042523311,0.0581833651949028,-0.3818528422957255,-0.5344729463045875
0.9885792087566836,0.0576693831352954,-0.3829281644480945,-0.5372104314136638
0.9882158663791945,0.0571590427503543,-0.3839759970910742,-0.5399749877857111
0.9878559569761868,0.056652283214191,-0.3849959928020644,-0.5427665542734977
0.987499460297958,0.0561490447000753,-0.3859877984979906,-0.5455850648371667
0.987146356235443,0.055649268689718,-0.3869510548033069,-0.548430446531606
0.9867966242020968,0.05515289706007,-0.3878853977840443,-0.5513026244382556
0.9864502438912386,0.0546598731166361,-0.3887904569114001,-0.5542015155584312
0.9861071948911604,0.0541701410129683,-0.3896658561691326,-0.5571270318303853
0.9857674566844244,0.0536836457123308,-0.3905112140767418,-0.5600790801440709
0.9854310087673608,0.0532003331228053,-0.3913261434198644,-0.563057561288389
0.9850978307807008,0.0527201502523505,-0.3921102509992033,-0.5660623686834383
0.98476790225988,0.0522430448174994,-0.3928631382890153,-0.5690933905084007
0.9844412024264744,0.0517689649051562,-0.3935844018969329,-0.5721505116960552
0.9841177110644064,0.0512978602107454,-0.3942736316503817,-0.5752336057186236
0.9837974074273834,0.0508296804216306,-0.3949304130512535,-0.5783425447429533
0.9834802712222888,0.0503643766173388,-0.3955543252024669,-0.5814771902372734
0.98316628200242,0.0499019003562309,-0.3961449421458157,-0.5846373986783839
0.9828554193379534,0.0494422038937169,-0.3967018325294424,-0.5878230198796162
0.9825476630259964,0.0489852404655981,-0.3972245592954171,-0.5910338947206943
0.9822429928087202,0.0485309638446869,-0.3977126802514967,-0.5942698579139032
0.9819413884638586,0.0480793284461395,-0.39816574793826,-0.5975307370284877
0.9816428297812996,0.0476302892648014,-0.3985833096992001,-0.6008163526805758
0.9813472967139536,0.0471838020757761,-0.3989649075170051,-0.6041265167847397
0.9810547692374328,0.0467398231985795,-0.3993100782745626,-0.6074610339775327
0.9807652274494536,0.046298309622199,-0.3996183536800931,-0.6108197004047722
0.9804786515744924,0.0458592189892026,-0.3998892603437829,-0.6142023035188843
0.9801950218107937,0.0454225093371198,-0.4001223199786964,-0.6176086237806384
0.9799143185461489,0.0449881394051257,-0.4003170492519624,-0.6210384320094687
0.9796365221451384,0.0445560682827426,-0.4004729600127689,-0.6244914918374298
0.9793616133783362,0.0441262560548924,-0.4005895591204263,-0.6279675542498824
0.9790895729366836,0.0436986630266741,-0.4006663488258057,-0.6314663634371487
0.9788203815424538,0.0432732498694944,-0.4007028267030303,-0.6349876554096902
0.9785540202093193,0.0428499780102725,-0.4006984856831151,-0.6385311544735807
0.9782904698767436,0.042428809031964,-0.4006528141706469,-0.6420965778934804
0.9780297107291308,0.0420097035462308,-0.4005652956794327,-0.6456836454260035
0.977771724174306,0.0415926243386311,-0.4004354093216479,-0.6492920523053908
0.9775164917070208,0.0411775345454957,-0.4002626299284957,-0.6529214841438927
0.977263994992934,0.0407643977695669,-0.4000464281779063,-0.6565716156191975
0.9770142159632232,0.0403531782182472,-0.3997862708246519,-0.6602421088873035
0.9767671366337533,0.0399438403901876,-0.3994816206770162,-0.6639326160059045
0.976522739279252,0.0395363493445519,-0.3991319369109546,-0.6676427761881608
0.9762810063094616,0.0391306704797689,-0.3987366750770315,-0.6713722174365803
0.9760419203282128,0.0387267696144087,-0.3982952873167787,-0.6751205554702766
0.9758054641278774,0.0383246129617848,-0.3978072225156744,-0.6788873936029673
0.9755716208493256,0.0379241673887031,-0.3972719268510944,-0.6826723199301393
0.9753403736485516,0.0375253998322027,-0.3966888432682478,-0.6864749124449742
0.9751117062082466,0.0371282781649122,-0.3960574129276678,-0.6902947304480335
0.9748856021035848,0.0367327700871135,-0.3953770738160719,-0.6941313247469574
0.9746620453671828,0.0363388440917449,-0.3946472624851733,-0.697984228034767
0.9744410202698528,0.0359464690757816,-0.3938674137939686,-0.7018529581989948
0.9742225113982907,0.035555614468094,-0.3930369614948658,-0.7057370166630896
0.974006503456842,0.0351662498647289,-0.392155337797833,-0.7096358916189607
0.9737929816098064,0.0347783456336414,-0.3912219750489566,-0.7135490516072716
0.9735819312923722,0.0343918725721666,-0.3902363054646295,-0.7174759484890844
0.9733733382013594,0.0340068018820861,-0.3891977614769752,-0.7214160173110497
0.973167188359631,0.0336231052819085,-0.3881057764809422,-0.725368674764963
0.972963468204554,0.0332407551708937,-0.3869597858660504,-0.7293333170667592
0.9727621644356294,0.0328597243445564,-0.3857592267797216,-0.7333093224733327
0.9725632642000792,0.0324799863443156,-0.3845035398027928,-0.7372960472421207
0.9723667549245614,0.0321015151418702,-0.3831921686249286,-0.7412928285150057
0.9721726244372426,0.0317242853743235,-0.381824561491475,-0.7452989814665216
0.9719808610047456,0.0313482724252585,-0.3804001723108969,-0.749313798031741
0.9717914532756392,0.0309734523254828,-0.3789184611488748,-0.7533365475674986
0.9716043902351672,0.0305998016717068,-0.377378894734013,-0.7573664773747136
0.971419661444579,0.0302272981181054,-0.3757809494198787,-0.7614028070459743
0.9712372567931904,0.0298559199005455,-0.374124110287184,-0.7654447332477935
0.9710571666141992,0.0294856460853841,-0.3724078732146531,-0.769491426736825
0.970879381752814,0.0291164567345978,-0.3706317468339343,-0.7735420302609952
0.970703893495136,0.0287483327885004,-0.3687952532647606,-0.7775956595768315
0.970530693519006,0.0283812559890921,-0.3668979289777686,-0.7816514040912796
0.9703597740665826,0.0280152092769744,-0.3649393281870491,-0.7857083223094077
0.9701911277810962,0.0276501764840364,-0.3629190227531077,-0.7897654450949374
0.9700247478347188,0.0272861426477196,-0.3608366053981992,-0.7938217721133216
0.969860627844947,0.0269230938768084,-0.3586916906174341,-0.7978762733006742
0.969698761896211,0.0265610174460949,-0.3564839168926266,-0.8019278878605514
0.969539144635408,0.0261999020668849,-0.3542129501703682,-0.8059755213505048
0.969381770987085,0.025839737302078,-0.3518784820589105,-0.8100180524333791
0.9692266364554394,0.0254805143078191,-0.3494802363609682,-0.8140543248502129
0.9690737369078444,0.0251222254074469,-0.347017968360177,-0.8180831525677864
0.9689230687305116,0.0247648645235498,-0.3444914697832625,-0.8221033153929498
0.9687746286066902,0.0244084267313954,-0.3419005678219973,-0.8261135645671087
0.968628413764032,0.0240529089276761,-0.3392451320800007,-0.8301126159275194
0.9684844214916036,0.0236983087418082,-0.3365250686782949,-0.8340991629506329
0.9683426496812992,0.0233446259351813,-0.3337403328876676,-0.8380718619283503
0.9682030963520792,0.0229918613247499,-0.3308909232147774,-0.842029345110478
0.9680657597411568,0.0226400170826163,-0.3279768857037605,-0.8459702184862501
0.967930638398207,0.0222890970690269,-0.3249983188761849,-0.849893059339162
0.9677977309649304,0.0219391063598864,-0.3219553719759399,-0.8537964229524933
0.9676670361141664,0.0215900511637449,-0.3188482461073813,-0.8576788450429768
0.9675385529121202,0.0212419398868013,-0.3156772058086049,-0.8615388315845077
0.9674122800522272,0.0208947811679619,-0.3124425633628998,-0.8653748824206439
0.9672882161432856,0.0205485847008229,-0.3091446874406482,-0.8691854839143947
0.9671663600230884,0.0202033622040183,-0.3057840141659192,-0.8729691002707953
0.9670467100309502,0.0198591254641254,-0.3023610299157231,-0.876724197129341
0.9669292645434764,0.0195158879131125,-0.2988762878447466,-0.8804492263847874
0.966814021274931,0.0191736626605148,-0.2953303891995362,-0.8841426497825458
0.966700977502914,0.0188324631463146,-0.2917239900545964,-0.8878029338333757
0.9665901308085172,0.0184923054511131,-0.2880578268088892,-0.8914285274028713
0.9664814775442148,0.0181532036912642,-0.2843326677797585,-0.8950179133213705
0.9663750139145388,0.0178151732990467,-0.280549348034054,-0.8985695754366071
0.9662707356632092,0.0174782301094125,-0.2767087599604463,-0.9020820107443762
0.9661686373734046,0.0171423880625941,-0.2728118264001175,-0.9055537553662134
0.966068713615972,0.0168076628980202,-0.2688595422149719,-0.908983348154913
0.9659709580308072,0.0164740691461766,-0.2648529390981033,-0.9123693640336692
0.9658753631188668,0.0161416192671401,-0.2607930730530857,-0.9157104241265486
0.9657819211970216,0.0158103268497371,-0.256681061572259,-0.9190051650709208
0.9656906236176862,0.0154802038576525,-0.2525180489016877,-0.9222522685246458
0.9656014611908786,0.0151512620178698,-0.248305221403538,-0.9254504487729526
0.9655144240754848,0.014823512362952,-0.2440438003028851,-0.92859845881363
0.9654295010991868,0.0144969624936145,-0.239735003526807,-0.9316951175219388
0.965346680804318,0.0141716203361957,-0.2353800919183002,-0.9347392742676838
0.9652659512468904,0.0138474933410827,-0.2309803573978713,-0.9377298180153628
0.9651872994583444,0.0135245861705767,-0.2265370892270257,-0.9406656993683644
0.9651107119522347,0.0132029025031068,-0.2220515954626177,-0.9435459140162454
0.9650361747386768,0.0128824449546592,-0.2175251996384125,-0.9463695039757848
0.9649636732147456,0.0125632144360013,-0.2129592292276255,-0.9491355634945764
0.9648931920193736,0.012245209251583,-0.2083549996661363,-0.9518432464287336
0.9648247158658214,0.0119284286409491,-0.2037138629473222,-0.9544917358288212
0.964758228294713,0.0116128668806184,-0.1990371191772887,-0.957080293388866
0.9646937132134382,0.0112985201915795,-0.1943261151910079,-0.9596082011880568
0.964631153741456,0.010985381124209,-0.1895821593506101,-0.962074807607748
0.964570532921856,0.0106734417253233,-0.1848065660444701,-0.9644795006204572
0.964511833712163,0.0103626933913504,-0.1800006517879869,-0.966821708820922
0.9644550384745112,0.0100531239262839,-0.1751656873411341,-0.9691009225593714
0.9644001300998766,0.0097447233749913,-0.1703029862635939,-0.9713166495690214
0.9643470905491294,0.0094374757721439,-0.165413773560972,-0.9734684741214328
0.9642959026434088,0.0091313690151001,-0.1604993395220916,-0.9755559851462196
0.964246548464706,0.0088263854477849,-0.1555608883165064,-0.9775788413198884
0.9641990104918238,0.0085225082555495,-0.1505996380959675,-0.979536725132211
0.9641532713727218,0.0082197200653085,-0.1456167975788105,-0.9814293520890424
0.964109313788085,0.0079180018686853,-0.1406135469355914,-0.9832564763471564
0.964067120647326,0.0076173341104533,-0.1355910542512673,-0.985017882547488
0.96402667501818,0.0073176960300855,-0.1305504633768835,-0.98671338858618
0.96398796040435,0.0070190675801495,-0.1254929251807482,-0.9883428337449134
0.9639509601127816,0.0067214243674773,-0.1204195108330654,-0.9899061050543772
0.9639156581531652,0.0064247443787297,-0.1153313246532949,-0.9914030991325912
0.963882038767811,0.0061290043052639,-0.1102294413101562,-0.9928337415497862
0.96385008637477,0.0058341786697156,-0.1051148895485645,-0.9941979889298797
0.9638197860923944,0.0055402444686197,-0.0999887320012277,-0.9954958061270208
0.9637911231235216,0.0052471753809124,-0.0948519642251085,-0.996727192038038
0.9637640833843616,0.0049549477834458,-0.0897056191891635,-0.9978921521759442
0.9637386527490674,0.0046635326597086,-0.0845506246957038,-0.9989907306598306
0.9637148179174692,0.004372904740992,-0.0793879638775977,-1.00002297232717
0.9636925659172016,0.0040830371174044,-0.0742185801792192,-1.0009889436308044
0.9636718842868096,0.0037939032695773,-0.069043413125096,-1.001888724192547
0.9636527609454604,0.0035054751840293,-0.0638633644884525,-1.0027224119291085
0.96363518436428,0.0032177256186707,-0.0586793387258781,-1.003490115063302
0.9636191434830936,0.0029306269221156,-0.0534922218605898,-1.0041919552075629
0.9636046276519094,0.0026441496008637,-0.0483028554454195,-1.0048280694113076
0.963591626897012,0.0023582674185119,-0.0431121289598539,-1.0053985979828337
0.963580131664708,0.0020729528517803,-0.0379208978196698,-1.0059036951975413
0.9635701328175944,0.0017881759627988,-0.0327299626600359,-1.006343528993609
0.9635616218222414,0.0015039089973305,-0.0275401531572635,-1.006718272243469
0.9635545905940536,0.0012201219653861,-0.0223522476910178,-1.0070281091085218
0.9635490316594992,0.0009367888138584,-0.0171670863416534,-1.0072732274459792
0.9635449379619004,0.0006538796810937,-0.0119854295265227,-1.007453826937502
0.9635423029927108,0.0003713659177358,-0.0068080500033272,-1.0075701128941053
0.9635411207601025,8.92203939003e-05,-0.0016357388384987,-1.0076222972485274
0.9635413857557114,-0.0001925843389329,0.0035307280256435,-1.0076105996518687
0.9635430938981988,-0.0004741845573356,0.008692578242837,-1.007535205478665
0.9635462488235093,-0.0007560802128037,0.0138577056512274,-1.0073959880355108
0.9635508554524018,-0.0010383005572213,0.019025367352054,-1.0071927927292743
0.9635569191346796,-0.0013208709199086,0.0241947412845218,-1.006925475131282
0.963564445811016,-0.0016038216939076,0.0293650904987913,-1.0065938941499426
0.9635734418504106,-0.0018871797916083,0.0345356065640036,-1.0061979195251107
0.963583914033208,-0.0021709704725058,0.039705443086254,-1.005737432905234
0.9635958698757016,-0.0024552255621081,0.0448738651553346,-1.005212313935177
0.9636093171147524,-0.0027399696937269,0.0500399986015117,-1.0046224632895726
0.9636242641460576,-0.0030252316526212,0.0552030363700034,-1.0039677837992085
0.963640719840228,-0.0033110395293488,0.0603621501127359,-1.0032481889442506
0.9636586934178266,-0.0035974190781626,0.0655164607123739,-1.0024636087172287
0.963678194789094,-0.0038843993889044,0.0706651404475151,-1.0016139752063875
0.9636992341000092,-0.0041720057486275,0.0758072845332206,-1.000699242837359
0.9637218222000836,-0.0044602666400026,0.0809420367173757,-0.9997193684332206
0.963745970242148,-0.0047492081312838,0.0860684888525043,-0.9986743290773974
0.9637716898485964,-0.0050388563841715,0.0911857259812906,-0.9975641153144496
0.9637989931033522,-0.0053292375471043,0.0962928244976921,-0.9963887319520154
0.9638278925261956,-0.005620377508874,0.1013888479401044,-0.995148199617904
0.9638584009031808,-0.0059123003821342,0.1064728208798659,-0.993842562448796
0.9638905317625216,-0.0062050331566344,0.1115438102947175,-0.9924718681460306
0.9639242986945328,-0.0064985992806766,0.116600814144622,-0.9910361974932294
0.9639597158822708,-0.0067930237413681,0.1216428500816946,-0.9895356420764608
0.963996797885843,-0.0070883310721386,0.126668921140896,-0.9879703139153784
0.9640355591521368,-0.0073845417765639,0.1316779559987115,-0.986340366414832
0.9640760150083328,-0.0076816802625622,0.1366689444331107,-0.9846459527831528
0.964118180526522,-0.0079797662546881,0.1416407927779706,-0.982887274054369
0.9641620718235964,-0.0082788243347947,0.1465924845697753,-0.9810645249838555
0.9642077044666356,-0.0085788728130137,0.1515228958728106,-0.9791779607407428
0.9642550946128176,-0.0088799319023493,0.1564309325402077,-0.9772278495174233
0.9643042584239556,-0.0091820198849446,0.1613154678749576,-0.9752144969001334
0.9643552127375494,-0.0094851573563265,0.1661754123403715,-0.9731382184441356
0.9644079735919222,-0.0097893585128564,0.1710095747890096,-0.9709993998186526
0.964462557749932,-0.010094640506051,0.1758168143971968,-0.9687984344437858
0.9645189815684369,-0.0104010169832539,0.1805959390621629,-0.9665357691989004
0.9645772621469888,-0.0107085045684298,0.185345808487184,-0.964211857963048
0.9646374158217356,-0.0110171148516093,0.1900652108943644,-0.9618272216220836
0.9646994593473264,-0.0113268608951889,0.1947529658150384,-0.9593824003180684
0.9647634086246448,-0.0116377509558284,0.1994078303899839,-0.9568780031397738
0.9648292801703302,-0.0119497959824084,0.2040286147063992,-0.9543146495345932
0.964897089807947,-0.0122630033318877,0.208614089131161,-0.9516930199228104
0.9649668532488458,-0.0125773798062828,0.2131630320721402,-0.9490138319437632
0.9650385859685324,-0.0128929311996129,0.2176742251051764,-0.9462778443094262
0.9651123029288656,-0.0132096612532331,0.2221464402862301,-0.9434858662279464
0.9651880186898736,-0.0135275723704489,0.226578452977405,-0.94063875171856
0.965265747524722,-0.0138466662502002,0.2309690528335625,-0.937737393925864
0.9653455031345054,-0.0141669428495304,0.2353170315669218,-0.9347827343387504
0.9654272984837652,-0.0144883999472737,0.239621179857207,-0.9317757670504544
0.9655111462636214,-0.0148110351522237,0.2438803168100333,-0.9287175198702894
0.965597058310706,-0.0151348437714046,0.2480932636606651,-0.9256090738146062
0.9656850459919052,-0.0154598204641954,0.2522588680625168,-0.9224515470101716
0.9657751198351746,-0.0157859579997614,0.2563759901584558,-0.9192461059481732
0.9658672897121928,-0.0161132480975215,0.2604435157536979,-0.9159939566420384
0.9659615651850588,-0.0164416827388746,0.2644603741811895,-0.9126963303616707
0.9660579545226324,-0.0167712508269055,0.2684254990386134,-0.909354515898187
0.9661564657912654,-0.0171019421079914,0.272337878056104,-0.905969819020978
0.96625710592817,-0.0174337440836247,0.2761965173725351,-0.9025435923152216
0.9663598811501756,-0.0177666435317829,0.2800004616805803,-0.8990772184275658
0.966464797479781,-0.0181006282416627,0.2837488148278045,-0.8955720901717391
0.9665718596627686,-0.0184356835816926,0.2874407018029687,-0.8920296446083661
0.9666810721503064,-0.0187717957074513,0.2910753059703497,-0.8884513277294002
0.9667924383964448,-0.0191089493982083,0.2946518458441663,-0.8848386154286504
0.9669059618924252,-0.0194471312319678,0.2981696094227039,-0.881192977625699
0.96702164526254,-0.019786326822743,0.3016279245771069,-0.8775159057384854
0.9671394904199404,-0.020126521348341,0.3050261652984422,-0.8738089052376585
0.9672594991931164,-0.0204677013573715,0.3083637695862146,-0.8700734739625118
0.9673816729340844,-0.0208098535842433,0.3116402266682175,-0.8663111129063724
0.9675060125114244,-0.0211529649218863,0.3148550763342445,-0.8625233246049965
0.9676325187553289,-0.0214970236168439,0.3180079193003444,-0.8587115980084524
0.9677611921242062,-0.0218420182906024,0.3210984067750595,-0.8548774173540179
0.9678920328857944,-0.0221879383931625,0.3241262435560497,-0.8510222553467913
0.9680250414663262,-0.0225347750545978,0.3270911938687598,-0.8471475618836152
0.9681602180731396,-0.0228825200118124,0.3299930702450658,-0.8432547743279142
0.9682975629794306,-0.023231166290327,0.3328317377800114,-0.8393453083420745
0.9684370763248416,-0.0235807076280308,0.3356071076577017,-0.8354205628787035
0.9685787588845568,-0.0239311403236516,0.338319149863882,-0.8314818980596119
0.9687226111865572,-0.0242824609379092,0.3409678728018573,-0.8275306597329939
0.9688686342649092,-0.0246346680875805,0.3435533352870438,-0.823568158193151
0.9690168289737292,-0.0249877607008025,0.3460756314652859,-0.8195956867855801
0.9691671969209252,-0.0253417401886153,0.3485349046142642,-0.8156144965753194
0.9693197399000654,-0.0256966089907819,0.3509313342686412,-0.8116258119235285
0.9694744600891944,-0.0260523709771777,0.3532651370522771,-0.8076308253009509
0.9696313599651598,-0.0264090311796203,0.3555365628592363,-0.8036306997325782
0.9697904424276576,-0.0267665960114738,0.3577458943292125,-0.7996265658612921
0.9699517108282152,-0.0271250732635933,0.3598934447776049,-0.7956195216282004
0.970115168974021,-0.0274844720466684,0.3619795558539989,-0.7916106326467748
0.9702808211640224,-0.0278448028082362,0.3640045957108753,-0.7876009318305138
0.9704486720682745,-0.0282060770141733,0.3659689553957632,-0.7835914228287135
0.970618726878867,-0.0285683074265393,0.3678730487078271,-0.7795830768918792
0.9707909912220302,-0.028931507864554,0.3697173092124606,-0.7755768355559146
0.970965471227374,-0.0292956933074194,0.3715021891970481,-0.7715736095928989
0.9711421734222144,-0.0296608796324287,0.3732281568660363,-0.7675742820347886
0.9713211048743526,-0.0300270838754068,0.3748956961830501,-0.7635797055022192
0.9715022731270924,-0.0303943240581405,0.376505304623721,-0.7595907043479153
0.9716856860892256,-0.0307626189366559,0.3780574908212581,-0.7556080776570191
0.9718713521943422,-0.0311319882977697,0.379552774677924,-0.7516325963269705
0.9720592802064189,-0.0315024525462626,0.3809916845233878,-0.7476650078549189
0.9722494794508824,-0.0318740331427463,0.3823747578145434,-0.7437060319863434
0.972441959576257,-0.0322467521142895,0.3837025382204277,-0.7397563663404437
0.9726367306729728,-0.0326206322741808,0.3849755755721267,-0.7358166844425741
0.972833803277934,-0.0329956972147466,0.3861944249197276,-0.7318876362278023
0.9730331882759644,-0.0333719711076877,0.3873596450520618,-0.727969850562464
0.9732348968851352,-0.0337494786715551,0.3884717977129884,-0.724063935982948
0.9734389407382736,-0.0341282453194094,0.3895314473677239,-0.7201704795882503
0.9736453317797128,-0.0345082969613197,0.390539159979518,-0.7162900495171991
0.9738540823358436,-0.0348896601333151,0.3914955027846264,-0.7124231940554276
0.9740652050468924,-0.0352723618705191,0.3924010433978662,-0.7085704433713995
0.9742787128395136,-0.0356564296600433,0.39325634922601,-0.7047323104097741
0.9744946190552766,-0.0360418916740189,0.3940619875118563,-0.7009092889995591
0.9747129371025424,-0.0364287761515454,0.3948185236076451,-0.6971018604152055
0.974933680921368,-0.036817112233487,0.3955265223197645,-0.6933104855241887
0.9751568646893868,-0.0372069294409963,0.3961865464079627,-0.6895356104074208
0.975382502588683,-0.0375982572824671,0.3967991557108939,-0.6857776705049259
0.975610609368172,-0.0379911262427421,0.3973649084885086,-0.682037081460361
0.9758411999259192,-0.0383855670616645,0.3978843598963461,-0.6783142465250511
0.9760742892133532,-0.0387816105877612,0.3983580616696529,-0.6746095582459458
0.9763098926876956,-0.0391792885605172,0.3987865628695883,-0.6709233915040829
0.9765480258734188,-0.0395786328735333,0.3991704087229691,-0.667256110834283
0.9767887043817384,-0.0399796756275993,0.3995101406191239,-0.6636080702091767
0.9770319442844736,-0.0403824497671914,0.3998062964758741,-0.6599796076118686
0.9772777616627528,-0.0407869883403565,0.4000594099130256,-0.6563710521578453
0.9775261728865232,-0.0411933249781794,0.4002700104947825,-0.6527827201018019
0.9777771942707988,-0.0416014933472341,0.4004386233058632,-0.6492149200245856
0.9780308425285464,-0.0420115279059995,0.4005657692200516,-0.6456679464952959
0.9782871344822796,-0.0424234634477155,0.4006519645232826,-0.6421420844691327
0.978546087073321,-0.0428373351340642,0.4006977208598159,-0.6386376092947866
0.9788077174056952,-0.0432531785832577,0.4007035451668148,-0.635154786278533
0.9790720426130638,-0.0436710296769578,0.4006699396053133,-0.6316938726044815
0.9793390811861874,-0.0440909266645851,0.4005974011079632,-0.628255100430988
0.9796088506566324,-0.0445129065180029,0.4004864215735264,-0.624838707440121
0.9798813686037184,-0.0449370065584719,0.4003374879575453,-0.6214449233899786
0.9801566527702098,-0.0453632646573682,0.4001510821731549,-0.618073968781215
0.9804347207871306,-0.0457917188308622,0.3999276812396152,-0.6147260583348376
0.9807155907249204,-0.04622240811115,0.3996677568184421,-0.6114013944372255
0.9809992806898304,-0.0466553719399408,0.3993717754039737,-0.6081001722679642
0.9812858086291846,-0.047090649896521,0.3990401985519714,-0.6048225820707833
0.9815751927427724,-0.047528282348399,0.3986734824297655,-0.6015688044443448
0.9818674511853096,-0.0479683100202168,0.3982720781045369,-0.5983390138826598
0.9821626023406176,-0.0484107744300755,0.3978364311478227,-0.5951333758172122
0.9824606645054056,-0.048855717436053,0.3973669820310488,-0.5919520502180441
0.9827616563128904,-0.0493031818925681,0.3968641654360023,-0.5887951871493818
0.9830655959863108,-0.0497532105625923,0.3963284114414873,-0.5856629347460967
0.9833725022192064,-0.0502058474511248,0.3957601440307328,-0.5825554300531568
0.9836823935659254,-0.0506611369238303,0.3951597820791626,-0.5794728055044882
0.9839952885350234,-0.05111912387377,0.394527739209091,-0.5764151879432714
0.9843112057473492,-0.0515798539793061,0.3938644234524743,-0.5733826971311875
0.9846301639395588,-0.0520433737331519,0.3931702371793403,-0.5703754458672404
0.9849521817647708,-0.0525097301786473,0.3924455774904367,-0.567393541970466
0.9852772778105244,-0.0529789709655249,0.3916908361834587,-0.5644370881057518
0.98560547077173,-0.0534511446280394,0.3909063993305143,-0.5615061802609213
0.985936779359242,-0.0539263004802013,0.3900926474415069,-0.5586009086918886
0.9862712222027892,-0.0544044885060599,0.3892499556780781,-0.5557213588277686
0.9866088179358032,-0.05488575951191,0.3883786936262287,-0.5528676105632581
0.9869495851221392,-0.0553701650524134,0.3874792254568705,-0.55003973893372
0.9872935422240868,-0.0558577574174956,0.3865519099968531,-0.5472378143920454
0.9876407077986552,-0.0563485899427733,0.3855971001726889,-0.5444619012524234
0.9879911002893068,-0.0568427167464954,0.3846151435336692,-0.5417120594571266
0.9883447381625384,-0.0573401929562151,0.3836063818461354,-0.5389883435293605
0.9887016397118152,-0.0578410744670394,0.382571151617404,-0.5362908041383335
0.989061823219928,-0.0583454182057462,0.3815097836084847,-0.5336194868659602
0.9894253065946846,-0.0588532816574402,0.3804226038855433,-0.530974434910899
0.9897921081059984,-0.0593647239334498,0.3793099315976272,-0.5283556837066798
0.99016224522184,-0.0598798041845148,0.378172082449854,-0.525763269334574
0.990535736129596,-0.0603985837600966,0.3770093640412756,-0.5231972177277192
0.9909125982381471,-0.0609211241625241,0.3758220804159948,-0.5206575552411478
0.9912928489203856,-0.0614474881227726,0.374610529768434,-0.518144303380548
0.9916765058760943,-0.0619777401421868,0.3733750032102378,-0.5156574765544913
0.9920635857259802,-0.0625119445917239,0.3721157892492331,-0.5131970912321209
0.9924541056551954,-0.0630501680285721,0.3708331684715132,-0.5107631552355938
0.9928480823976616,-0.0635924778373565,0.3695274167649169,-0.5083556743440621
0.9932455321412668,-0.0641389421486847,0.3681988056332713,-0.5059746526932297
0.9936464712235716,-0.0646896308442835,0.3668475998426663,-0.5036200885234766
0.9940509156141792,-0.0652446148933,0.3654740590877959,-0.5012919773378878
0.994458880919668,-0.0658039664101612,0.3640784379428699,-0.4989903117832251
0.9948703825681524,-0.0663677589594412,0.3626609851850205,-0.4967150805591829
0.9952854356363922,-0.066936067371664,0.3612219443310086,-0.4944662693743878
0.9957040546430111,-0.0675089675149805,0.3597615543118724,-0.492243861970619
0.996126253961062,-0.068086536915859,0.3582800479879455,-0.490047837832931
0.996552047648029,-0.0686688545832897,0.3567776526702134,-0.4878781731093322
0.9969814490761252,-0.0692560005620689,0.3552545913687109,-0.4857348424125464
0.9974144715547584,-0.0698480568443716,0.3537110805300371,-0.4836178156007487
0.9978511275518288,-0.070445106366813,0.3521473327347485,-0.4815270615847273
0.9982914293747562,-0.0710472340051143,0.3505635542047162,-0.4794625449003127
0.9987353886579108,-0.0716545259383843,0.3489599465608848,-0.4774242281156273
0.999183016636466,-0.0722670700904751,0.347336705765086,-0.4754120704474026
0.9996343237653114,-0.0728849556770884,0.3456940234212107,-0.4734260293945553
1.0000893201010206,-0.0735082737987024,0.344032085309054,-0.4714660589138166
1.0005480150877353,-0.0741371172198919,0.342351072071404,-0.4695321103027067
1.0010104171285543,-0.0747715798551214,0.3406511607015169,-0.4676241338474685
1.0014765346858798,-0.0754117583540635,0.3389325204066794,-0.4657420741470995
1.0019463747971311,-0.0760577501428183,0.3371953179658185,-0.4638858761246152
1.0024199442778468,-0.07670965515553,0.3354397131965756,-0.4620554800019773
1.002897248930919,-0.0773675748301026,0.3336658617648342,-0.4602508243578639
1.003378293620233,-0.0780316122919713,0.3318739148087527,-0.4584718456330614
1.0038630821372636,-0.0787018722543522,0.3300640193251431,-0.4567184784265828
1.0043516181295769,-0.0793784623908546,0.3282363145780839,-0.4549906520269689
1.0048439039971335,-0.0800614919025737,0.3263909360848618,-0.453288294341221
1.0053399405439871,-0.0807510711227232,0.324528016805494,-0.4516113327864002
1.0058397285598035,-0.0814473138084493,0.3226476810705981,-0.4499596887355945
1.0063432667836376,-0.0821503344074042,0.3207500520857879,-0.4483332842415598
1.0068505535737358,-0.0828602504818464,0.3188352455060406,-0.446732036298794
1.0073615855764078,-0.0835771809535374,0.3169033742955338,-0.4451558610015948
1.0078763589149802,-0.0843012478736202,0.3149545440787769,-0.4436046696326922
1.008394867950208,-0.0850325747925676,0.3129888576587734,-0.4420783723321654
1.008917105884566,-0.0857712877169688,0.3110064125625904,-0.4405768760219287
1.0094430642721806,-0.0865175145294421,0.3090073027227389,-0.4391000856300087
1.009972733742321,-0.0872713861295762,0.3069916155436964,-0.437647901844403
1.0105061033183085,-0.0880330355898923,0.3049594342953033,-0.4362202228788752
1.0110431599916818,-0.0888025976635923,0.3029108395425895,-0.4348169453258974
1.011583889517977,-0.0895802100429484,0.3008459059103475,-0.4334379617888689
1.0121282760277104,-0.0903660129334427,0.2987647033507107,-0.4320831617400381
1.0126763018763638,-0.0911601489676495,0.2966672974970878,-0.4307524316731212
1.01322794795808,-0.0919627637949863,0.2945537482355021,-0.4294456541315425
1.0137831928091012,-0.0927740049162235,0.2924241129036321,-0.4281627096220396
1.014342013242402,-0.0935940227417109,0.2902784436205908,-0.4269034748254244
1.0149043839018947,-0.0944229700828172,0.2881167887468003,-0.4256678233858051
1.0154702777881102,-0.0952610030734093,0.2859391906052387,-0.424455624510824
1.0160396650788546,-0.0961082795763674,0.2837456897514859,-0.4232667452731849
1.0166125144323808,-0.0969649612667308,0.2815363196846172,-0.4221010475621424
1.0171887916695306,-0.0978312118298121,0.2793111116397582,-0.4209583905936774
1.0177684605968935,-0.0987071983491292,0.2770700911239169,-0.4198386289437287
1.018351482558525,-0.0995930908036018,0.2748132793426018,-0.4187416132111465
1.018937815786549,-0.100489061242209,0.2725406954081234,-0.4176671909239301
1.0195274165122348,-0.1013952856450661,0.2702523517197882,-0.41661520417628
1.0201202380009118,-0.1023119426326154,0.2679482573720429,-0.4155854911596028
1.0207162306505482,-0.1032392137901738,0.2656284174387393,-0.414577885661331
1.0213153417485286,-0.1041772834692718,0.2632928335756361,-0.413592217164806
1.0219175156808875,-0.1051263392982603,0.2609415028514041,-0.412628310187784
1.0225226937976697,-0.1060865721676498,0.2585744179038658,-0.4116859842225122
1.0231308142648234,-0.1070581761955315,0.2561915671404864,-0.4107650536770658
1.0237418117782489,-0.1080413484710804,0.2537929354725378,-0.4098653279959439
1.024355617389723,-0.1090362889707096,0.2513785046073864,-0.4089866115698194
1.0249721589174376,-0.1100432014302563,0.2489482510283011,-0.4081287028209536
1.025591360249891,-0.1110622924310012,0.2465021483146161,-0.4072913948792009
1.0262131415132625,-0.1120937718828293,0.2440401660593726,-0.4064744749945521
1.026837419033648,-0.1131378531879521,0.2415622695772364,-0.4056777242657534
1.027464105162392,-0.1141947531832422,0.2390684201425217,-0.4049009175451181
1.0280931077384967,-0.1152646914620114,0.2365585766697431,-0.4041438237527834
1.0287243307130542,-0.1163478916647347,0.2340326927554884,-0.4034062047581794
1.029357673283143,-0.1174445802488559,0.2314907196493043,-0.4026878160758796
1.0299930301319011,-0.1185549871352276,0.2289326048066615,-0.4019884062028863
1.0306302914156735,-0.1196793459446277,0.2263582914276111,-0.4013077162901057
1.031269342341872,-0.1208178935180719,0.223767719635954,-0.4006454802461661
1.0319100630227438,-0.121970869910051,0.2211608265471875,-0.4000014245059033
1.032552328662076,-0.1231385189919053,0.2185375449650541,-0.3993752674717605
1.0331960089299352,-0.12432108759638,0.2158978053719292,-0.3987667197623695
1.033840968170674,-0.1255188261655863,0.2132415345177092,-0.3981754836173977
1.0344870650939466,-0.1267319884683175,0.2105686561045653,-0.3976012528092483
1.0351341526642373,-0.1279608316805298,0.2078790906510133,-0.397043712352421
1.0357820781594698,-0.1292056168013558,0.2051727546321619,-0.3965025380738806
1.0364306825551208,-0.130466607783551,0.2024495624196511,-0.3959773967464197
1.0370798005825403,-0.1317440719389372,0.199709425416503,-0.395467945624458
1.037729260306672,-0.1330382794139213,0.1969522531984497,-0.3949738323667458
1.0383788838054493,-0.1343495048662903,0.1941779499648042,-0.3944946941167966
1.039028485894893,-0.1356780252564702,0.1913864192692828,-0.3940301580676364
1.0396778745875694,-0.1370241210821463,0.1885775613948722,-0.3935798406879739
1.0403268508800756,-0.1383880762999204,0.1857512735452607,-0.3931433474695225
1.0409752085250932,-0.1397701782133013,0.182907450096212,-0.3927202726714699
1.0416227333577204,-0.1411707163861124,0.1800459848193319,-0.3923101993293817
1.0422692038086296,-0.1425899840889402,0.1771667678895211,-0.3919126984841822
1.0429143903957765,-0.1440282775911514,0.1742696873406274,-0.3915273290828168
1.0435580557116175,-0.1454858965250181,0.1713546283223402,-0.3911536375534084
1.0441999536732245,-0.1469631425836383,0.1684214756841248,-0.3907911578009188
1.044839829895072,-0.148460320745596,0.1654701114842603,-0.390439410536111
1.045477421484271,-0.1499777392483471,0.1625004150438419,-0.3900979029547308
1.0461124561761863,-0.1515157079586389,0.1595122661017287,-0.3897661287470717
1.0467446531106717,-0.1530745406584475,0.1565055403074794,-0.3894435672233124
1.0473737220773378,-0.1546545537180172,0.1534801118012568,-0.3891296832573286
1.0479993628822162,-0.1562560649448728,0.1504358553499876,-0.3888239271243275
1.0486212658991232,-0.157879395432799,0.147372642749762,-0.388525733745622
1.049239111132161,-0.1595248676465382,0.1442903464099997,-0.3882345226631833
1.049852568893019,-0.1611928077197302,0.1411888349766534,-0.3879496972273003
1.0504612987225614,-0.1628835431411533,0.1380679776286663,-0.3876706446104659
1.051064949551809,-0.1645974037114366,0.1349276422185443,-0.3873967352212646
1.0516631593455523,-0.1663347211339574,0.1317676959703972,-0.3871273223525299
1.052255554922776,-0.1680958291045189,0.1285880052525561,-0.3868617417366713
1.0528417516648745,-0.1698810630956828,0.125388435907958,-0.3865993111400693
1.0534213533181422,-0.1716907604364111,0.1221688530497534,-0.386339329902104
1.053993951602877,-0.1735252598095203,0.1189291218938136,-0.3860810785471666
1.0545591262547154,-0.1753849021446244,0.1156691061214745,-0.3858238181866868
1.055116444296203,-0.1772700290618104,0.1123886705650969,-0.3855667902523125
1.055665460182443,-0.1791809841725898,0.1090876788639817,-0.3853092158152368
1.0562057153296287,-0.1811181124192894,0.1057659945793436,-0.3850502951640992
1.05673673781995,-0.1830817600056039,0.1024234812648513,-0.3847892072820056
1.057258042000396,-0.1850722739599211,0.0990600031593501,-0.3845251093537559
1.0577691285416373,-0.1870900035202473,0.0956754228125104,-0.3842571360112113
1.0582694837799282,-0.1891352989059392,0.0922696031578419,-0.3839843989017029
1.0587585792791785,-0.1912085108452854,0.0888424082605649,-0.3837059861315202
1.059235871834315,-0.1933099920596876,0.0853937008433606,-0.3834209614200949
1.0597008028583208,-0.195440096331076,0.081923343852827,-0.3831283635444434
1.0601527980020478,-0.197599178574856,0.0784312003499167,-0.3828272056163069
1.0605912668966753,-0.199787595681766,0.0749171321872124,-0.3825164742112287
1.0610156027072395,-0.2020057067318151,0.0713809997539579,-0.3821951285334579
1.06142518134181,-0.2042538714956277,0.0678226644478689,-0.3818620997840438
1.0618193613232796,-0.2065324525600739,0.0642419853818891,-0.381516289952041
1.0621974829433998,-0.2088418138833323,0.0606388217985993,-0.3811565710660384
1.0625588680511493,-0.2111823232825564,0.0570130293295476,-0.3807817837800548
1.0629028191191796,-0.213554351040668,0.0533644623801397,-0.3803907364723949
1.0632286187453632,-0.2159582715535237,0.0496929718075221,-0.3799822037819039
1.0635355287187795,-0.2183944625233412,0.0459984064259158,-0.3795549254460785
1.0638227893223,-0.2208633062895174,0.0422806112648395,-0.3791076046796421
1.0640896186150512,-0.223365192228815,0.0385394243312627,-0.3786389062018126
1.0643352111300746,-0.2259005149506578,0.0347746797558011,-0.3781474548853147
1.0645587368947107,-0.2284696758978023,0.0309862058332049,-0.3776318336542191
1.0647593404396585,-0.231073087045795,0.0271738201113951,-0.3770905807357823
1.064936139189404,-0.2337111694256199,0.0233373322188505,-0.3765221877271408
1.065088222007868,-0.2363843545433728,0.0194765424424253,-0.3759250968955426
1.0652146477708675,-0.239093090715831,0.0155912333745908,-0.3752976970637829
1.0653144431105954,-0.2418378386810764,0.0116811771701422,-0.3746383215808946
1.0653866005520138,-0.2446190785131602,0.0077461266149514,-0.3739452434112573
1.0654300760287174,-0.2474373105600726,0.0037858149765653,-0.3732166711554611
1.0654437861927846,-0.2502930604497633,-0.0002000497423181,-0.372450743599657
1.0654266052790984,-0.2531868807927205,-0.0042117856935454,-0.3716455245607261
1.065377326036379,-0.2561209545240117,-0.0082519359786863,-0.3707985263559574
1.065294626956325,-0.2590973108948444,-0.0123227613972935,-0.3699071602101097
1.0651771234845946,-0.2621167660226935,-0.0164248138619557,-0.3689690693987144
1.0650233610971322,-0.2651801939279151,-0.0205587014488162,-0.3679817728317391
1.0648318083531794,-0.2682885312192963,-0.0247250916578771,-0.366942653417346
1.06460084910158,-0.271442782798604,-0.0289247157426289,-0.3658489448112374
1.06432877373713,-0.2746440280391306,-0.0331583733182656,-0.364697716524029
1.0640137678095012,-0.2778934427366162,-0.0374269572378635,-0.3634858513703158
1.0636539000874534,-0.2811923060071747,-0.0417314576661566,-0.3622100256591574
1.0632471070804177,-0.2845420244697326,-0.0460729880398845,-0.3608666800722812
1.0627911756208936,-0.2879441503513308,-0.0504528018639435,-0.3594519890302761
1.0622837224554282,-0.2914004023236293,-0.0548723119180898,-0.3579618248340145
1.0617221675856687,-0.2949127055459201,-0.0593331325270681,-0.356391708257955
1.0611037037655269,-0.2984832256602902,-0.0638371119400163,-0.3547367546213114
1.0604252606546112,-0.3021144048531556,-0.0683863652538491,-0.3529916110966302
1.0596834579562575,-0.3058090235404078,-0.072983336875476,-0.3511503719367477
1.0588745550796934,-0.3095702389210908,-0.0776308308218752,-0.3492064925516237
1.0579943828042797,-0.3134016672846628,-0.0823320918617219,-0.3471526670519393
1.057038274384298,-0.3173074180985205,-0.0870908229592571,-0.3449807130060439
1.056000983956901,-0.3212921383083885,-0.0919112120550012,-0.342681432894532
1.0548766210823624,-0.3253609554598052,-0.0967978338704551,-0.3402445154485666
1.0536586244223154,-0.3295192754991538,-0.1017553800498807,-0.3376585172920042
1.0523398730005122,-0.333772177803765,-0.1067879227757572,-0.3349111168595098
1.0509131124130409,-0.3381230346134433,-0.1118973010460812,-0.3319899699872873
1.049372056478802,-0.3425706512919732,-0.1170798637485633,-0.3288848307428238
1.0477136396970363,-0.3471042646708805,-0.1223209059982139,-0.3255917706789209
1.0459414319083398,-0.3516972710658707,-0.1275879413445045,-0.3221193781382149
1.0440682282691935,-0.3563050802969223,-0.1328290104203689,-0.3184930470557383
1.0421139202733165,-0.3608746787246064,-0.1379842617247254,-0.3147502108117907
1.0400985584485842,-0.3653621119107711,-0.1430057972764687,-0.3109270104596477
1.0380367913531765,-0.3697423007693616,-0.147868062507042,-0.3070483229839282
1.0359371787058131,-0.3740064792551497,-0.152564152288769,-0.3031271961926912
1.0338040834991564,-0.3781552716096137,-0.157097550987603,-0.2991688764024263
1.0316395783266703,-0.3821933637864186,-0.1614759847455866,-0.2951745711029285
1.029444637775838,-0.386126640448498,-0.165708200204708,-0.2911437139094646
1.0272197701388068,-0.3899608976196273,-0.169802564191643,-0.2870751192482257
1.0249653230859197,-0.3937013585834613,-0.1737665723943053,-0.2829675125515766
1.022681624501849,-0.3973525476418082,-0.177606753248901,-0.2788197542422864
1.0203690453021743,-0.4009183073798537,-0.1813287241551788,-0.2746309242061906
1.0180280207446843,-0.4044018738961302,-0.1849373043033378,-0.2704003355225243
1.0156590589424934,-0.407805956708751,-0.1884366269075454,-0.2661275296491474
1.0132627346518348,-0.4111328250463523,-0.1918302528012958,-0.2618122489986482
1.0108396863115343,-0.4143843751948295,-0.1951212598659574,-0.2574544186768008
1.0083906075193865,-0.4175621940568707,-0.1983123247655676,-0.2530541207993067
1.0059162416650047,-0.420667608656516,-0.2014057871971716,-0.2486115765614065
1.003417372927507,-0.4237017324142492,-0.2044037082263911,-0.2441271234093815
1.0008948219108094,-0.426665498982633,-0.2073079139903997,-0.2396012018341907
0.9983494421631118,-0.429559690205061,-0.2101200318858828,-0.235034344769539
0.9957821127003964,-0.4323849645016993,-0.2128415256692867,-0.2304271606414316
0.9931937359466284,-0.4351418754657816,-0.215473719754897,-0.2257803267941327
0.9905852321348804,-0.4378308916216716,-0.2180178236183214,-0.2210945770937471
0.9879575380964982,-0.4404524091214336,-0.2204749485690454,-0.2163706978377015
0.9853116034564544,-0.4430067653560705,-0.2228461246956997,-0.2116095193599479
0.9826483870584052,-0.4454942505504695,-0.2251323152442911,-0.2068119083272016
0.9799688567679368,-0.4479151148230537,-0.2273344262694166,-0.2019787663517535
0.9772739850566644,-0.4502695781195688,-0.2294533184840212,-0.1971110212002456
0.9745647482551542,-0.4525578357302764,-0.2314898146508654,-0.1922096247675943
0.9718421243307904,-0.4547800643859286,-0.2334447071790278,-0.18727554852467
0.9691070912886126,-0.4569364271006197,-0.2353187642926393,-0.1823097801970195
0.9663606249659288,-0.4590270778811264,-0.2371127358069131,-0.1773133194279746
0.9636036988510372,-0.4610521643564991,-0.238827356871704,-0.1722871771913575
0.9608372809203658,-0.4630118322365255,-0.2404633530783174,-0.1672323698370545
0.9580623348535297,-0.4649062261682235,-0.2420214423315563,-0.1621499211645184
0.9552798158089336,-0.4667354941434175,-0.2435023395331375,-0.1570408545977813
0.9524906724752544,-0.4684997872609502,-0.2449067572734803,-0.1519061968721302
0.9496958435020326,-0.4701992630513856,-0.2462354093183607,-0.146746971442719
0.9468962573018876,-0.4718340862751002,-0.2474890119044621,-0.1415641980819111
0.9440928318407243,-0.4734044296431433,-0.2486682849085874,-0.1363588924861118
0.9412864738320934,-0.4749104747746115,-0.2497739531235594,-0.131132064799512
0.938478076260438,-0.4763524138420599,-0.2508067479251409,-0.1258847150143373
0.9356685207058004,-0.4777304485471198,-0.2517674069146816,-0.1206178373228459
0.9328586727970244,-0.4790447925312537,-0.2526566759596825,-0.1153324116316488
0.9300493856467734,-0.4802956696891918,-0.253475308277334,-0.1100294100123267
0.9272414958682952,-0.4814833159907197,-0.2542240658887275,-0.1047097892254616
0.9244358260102188,-0.482607978260861,-0.2549037189785544,-0.0993744953210066
0.921633181402852,-0.4836699153349369,-0.255515046740612,-0.0940244576643896
0.9188343535541093,-0.4846693965284156,-0.256058836553958,-0.088660595408715
0.916040113841746,-0.4856067036982512,-0.2565358851681501,-0.0832838054189628
0.9132512193414924,-0.4864821288066223,-0.2569469973382721,-0.0778949734008293
0.9104684088235296,-0.4872959750082082,-0.2572929863721474,-0.0724949661924325
0.9076924032905742,-0.4880485560385904,-0.2575746737009285,-0.067084632730351
0.9049239076444138,-0.4887401954021806,-0.2577928884387841,-0.061664807253075
0.9021636072884348,-0.4893712268753004,-0.2579484673854054,-0.0562363026087925
0.8994121706835166,-0.4899419934034332,-0.2580422544247939,-0.050799915164781
0.8966702473562745,-0.4904528471201373,-0.2580751002604028,-0.0453564208007903
0.8939384695562226,-0.4909041485456687,-0.2580478619522959,-0.0399065780784674
0.891217451059888,-0.491296266372061,-0.2579614025400126,-0.0344511257637303
0.8885077867469645,-0.4916295770042837,-0.2578165905471252,-0.0289907818273108
0.8858100535637714,-0.4919044639140907,-0.257614299539065,-0.0235262452226818
0.8831248121784541,-0.4921213170591199,-0.2573554078675427,-0.0180581991230503
0.880452604540255,-0.4922805327035884,-0.2570407980870514,-0.0125873058466992
0.8777939527653007,-0.4923825128815577,-0.2566713562433765,-0.0071142043455784
0.8751493611667772,-0.4924276646850338,-0.2562479715444362,-0.0016395141242414
0.8725193185409449,-0.4924163998009984,-0.2557715363234185,0.0038361601868222
0.8699032243178668,-0.4923490950618211,-0.2552427174636067,0.0093144842539126
0.8672972884910298,-0.492225854108444,-0.254661353360868,0.0148038986263951
0.8647020040865684,-0.4920467571996385,-0.2540280236891441,0.0203039424132996
0.8621178604956037,-0.4918118889771504,-0.2533433183544043,0.0258141520563815
0.8595453398893297,-0.4915213384513228,-0.2526078369599265,0.0313340685503353
0.8569849192983595,-0.4911751993550998,-0.2518221896211668,0.0368632326564256
0.8544370663033383,-0.4907735697110695,-0.2509869958838489,0.0424011938529865
0.8519022410871173,-0.4903165520479344,-0.2501028853887668,0.0479475056691405
0.8493808974714544,-0.4898042536875516,-0.2491704984118156,0.053501723071562
0.8468734796408159,-0.489236786163064,-0.2481904848072854,0.0590634093366655
0.8443804228324276,-0.4886142652295939,-0.2471635042161065,0.0646321343169808
0.8419021567670859,-0.4879368117609186,-0.2460902275797538,0.0702074664453191
0.8394390998879602,-0.4872045503065595,-0.2449713348199393,0.0757889852923366
0.8369916626653265,-0.4864176098559551,-0.2438075161954569,0.0813762739050312
0.8345602463892834,-0.4855761234738122,-0.2425994717921907,0.0869689212191245
0.8321452437174786,-0.4846802284414522,-0.2413479117889523,0.0925665204981835
0.8297470372377954,-0.4837300656786689,-0.240053555702449,0.0981686723557908
0.8273659992261371,-0.4827257794748711,-0.2387171321312204,0.1037749850986734
0.8250024928065491,-0.4816675178327631,-0.2373393793000662,0.1093850717491763
0.8226568722105837,-0.4805554325603594,-0.2359210452001137,0.1149985490898988
0.8203294790389395,-0.4793896773578283,-0.2344628852140876,0.1206150463515665
0.8180206451461643,-0.478170408889299,-0.2329656636155153,0.1262341981636426
0.8157306947053568,-0.4768977878562468,-0.2314301548848214,0.1318556391707827
0.8134599378719156,-0.475571975402371,-0.2298571393847936,0.1374790192662843
0.8112086738148367,-0.4741931343144436,-0.2282474049890401,0.1431039961409795
0.8089771918789188,-0.472761429502835,-0.2266017477079401,0.1487302321749551
0.8067657718532539,-0.4712770280706989,-0.224920971775571,0.1543573934521536
0.8045746789561509,-0.4697400956471712,-0.2232058855713856,0.1599851623638531
0.8024041687800478,-0.468150799237943,-0.2214573049843426,0.1656132249988194
0.8002544866193182,-0.4665093065951164,-0.2196760527243874,0.1712412725948545
0.7981258638063865,-0.4648157830284148,-0.217862954949157,0.1768690110373136
0.7960185202778992,-0.4630703927480053,-0.2160188428908932,0.182496154225944
0.7939326656448015,-0.4612732993658771,-0.2141445534637904,0.1881224211136507
0.7918684949667265,-0.4594246617609671,-0.2122409250615651,0.1937475470852591
0.7898261955240864,-0.4575246394660664,-0.2103088032712995,0.1993712656291323
0.7878059389330543,-0.4555733850283437,-0.2083490331448692,0.2049933298651715
0.7858078862539192,-0.4535710479056181,-0.2063624633893389,0.2106134987418046
0.7838321863551071,-0.4515177722898137,-0.2043499443224469,0.2162315416332328
0.7818789751364615,-0.4494136954667088,-0.202312326473539,0.2218472407809235
0.7799483781280695,-0.4472589497725325,-0.2002504626901773,0.2274603840549136
0.778040507757327,-0.4450536588369835,-0.1981652047117837,0.2330707730101356
0.7761554635604083,-0.4427979366952288,-0.1960574026350506,0.2386782227188033
0.7742933335454237,-0.4404918883192882,-0.1939279057101298,0.2442825581305283
0.772454192018951,-0.438135605805729,-0.1917775591319725,0.2498836210320133
0.7706381045542015,-0.4357291735306373,-0.189607209088819,0.2554812553931365
0.768845122454599,-0.4332726599095122,-0.1874176955845371,0.2610753246323714
0.7670752842763972,-0.4307661177231475,-0.1852098532562494,0.2666657077628159
0.7653286179093901,-0.4282095855613554,-0.1829845131065564,0.2722522934759316
0.7636051368684265,-0.4256030808471757,-0.1807424969181541,0.2778349926676842
0.7619048439700402,-0.4229466033522528,-0.178484620931835,0.2834137275775825
0.7602277284364273,-0.4202401288860437,-0.1762116910759885,0.2889884420844564
0.7585737701029982,-0.4174836139496823,-0.1739245075920286,0.2945590887643836
0.7569429335915635,-0.4146769840193924,-0.1716238560112255,0.3001256494016518
0.7553351744474408,-0.4118201413118403,-0.1693105144825627,0.3056881155304193
0.7537504312629848,-0.4089129482857649,-0.1669852413174967,0.3112465168658378
0.7521886328071314,-0.4059552370089371,-0.1646487837877398,0.3168008984073659
0.7506496961806275,-0.40294680295732,-0.1623018742652582,0.3223513281934793
0.7491335239889798,-0.3998873958599105,-0.1599452244342735,0.3278979093580725
0.7476400040047868,-0.3967767143800612,-0.1575795229051262,0.3334407839423429
0.7461690151689615,-0.3936144140690271,-0.1552054430017361,0.338980112995376
0.7447204181698068,-0.3904000825904053,-0.1528236259525937,0.3445161142597857
0.7432940622845672,-0.3871332483456341,-0.1504346897535493,0.3500490397150477
0.7418897832307056,-0.3838133698670573,-0.1480392237010933,0.3555791867028548
0.7405073987255694,-0.3804398179920617,-0.1456377783974106,0.3611069192994517
0.739146712377706,-0.3770118765418929,-0.1432308696511366,0.3666326575625697
0.7378075102905671,-0.3735287247284315,-0.1408189697263369,0.3721568959935792
0.7364895608704829,-0.3699894256594332,-0.1384025036987788,0.3776802101815645
0.7351926121723085,-0.3663929066418429,-0.1359818409466722,0.3832032745794647
0.7339163950399196,-0.3627379535632619,-0.1335572970017283,0.3887268566435649
0.7326606147859124,-0.359023171001993,-0.1311291134316702,0.394251861097151
0.7314249520433279,-0.3552469641868752,-0.1286974539472689,0.3997793371532359
0.7302090589807014,-0.3514075042236396,-0.1262623909643402,0.4053105075447286
0.7290125581169737,-0.3475026968362386,-0.1238238963055698,0.4108467882004823
0.7278350354815164,-0.3435301276092274,-0.121381819329036,0.4163898365596113
0.7266760365314798,-0.3394870083179691,-0.1189358688473982,0.4219415913751023
0.725535059963746,-0.3353701075165182,-0.1164855888406616,0.4275043267651336
0.7244115506924597,-0.3311756670312248,-0.1140303300171578,0.4330807158846357
0.7233048875529209,-0.3268992842938693,-0.111569206773778,0.4386739280099184
0.7222143747906434,-0.3225357898747095,-0.1091010584290562,0.4442877162461372
0.7211392307599026,-0.3180790927016351,-0.1066243999938629,0.4499265293105242
0.720078573304183,-0.3135219836627431,-0.1041373598188956,0.4555956534298697
0.7190314078383673,-0.3088559156181255,-0.1016376167854748,0.4613013553394927
0.7179966380089192,-0.3040708490837933,-0.0991223854493728,0.4670509150516261
0.7169730981146585,-0.299155179299209,-0.0965884528335445,0.4728525375990158
0.7159596774331994,-0.2940961249364108,-0.0940324514785759,0.4787147166161332
0.7149556617510543,-0.2888813740093495,-0.0914517248713547,0.4846442210323489
0.7139615168967453,-0.2835035928726402,-0.0888464613683516,0.4906411253795782
0.712980497276183,-0.277970850174088,-0.086224311014729,0.496688039563914
0.7120208166315707,-0.272323127140315,-0.0836071209756197,0.5027343164819851
0.7110958107677587,-0.2666403635075384,-0.081032852634532,0.5086912944863707
0.7102185838210744,-0.2610155750770594,-0.0785418263442503,0.5144639747649234
0.709395466748612,-0.2555112671138094,-0.0761576392529526,0.5199954967349188
0.7086256965247221,-0.2501484520695131,-0.0738843129732155,0.5252742250535878
0.7079049986319017,-0.2449232466579901,-0.0717151647112062,0.530313467214069
0.7072283310111955,-0.2398227779620708,-0.0696403068666327,0.5351341479141225
0.7065910148952836,-0.2348328486107214,-0.0676499939101043,0.5397570242154626
0.7059890189924999,-0.2299405694072425,-0.0657356319310904,0.5442003074534134
0.705418937987762,-0.225134907494812,-0.0638898831130657,0.5484793909919797
0.7048778988645534,-0.2204065969569534,-0.0621065217837632,0.5526071626068677
0.7043634624358651,-0.2157478746084477,-0.060380242437974,0.5565944348401174
0.7038735382957434,-0.2111521959074186,-0.0587064810110149,0.5604503491112941
0.703406318060419,-0.206613999941827,-0.0570812719518602,0.5641826998224283
0.7029602239245323,-0.2021285267119432,-0.0555011378446387,0.5677981851201445
0.7025338669786103,-0.1976916570050307,-0.0539629975367667,0.571302616021224
0.7021260158440173,-0.1932997985545739,-0.0524640986400267,0.5747010700916748
0.7017355710463647,-0.1889497873708986,-0.0510019613312309,0.5779980194748033
0.7013615459888758,-0.184638824915917,-0.0495743390003899,0.5811974206733715
0.7010030492693679,-0.180364401556072,-0.0481791779247261,0.584302806308159
0.7006592727891074,-0.1761242626802436,-0.04681459403529,0.5873173381814942
0.7003294810489668,-0.1719163717450834,-0.045478850673649,0.5902438581070655
0.7000130011497356,-0.1677388652698944,-0.0441703356747588,0.5930849397723877
0.699709216115407,-0.1635900362682103,-0.0428875490127066,0.5958429170023538
0.6994175588663705,-0.1594683166237653,-0.0416290910995994,0.5985199105639973
0.6991375064861202,-0.1553722540112943,-0.0403936503510693,0.6011178562692491
0.6988685756347068,-0.15130049622542,-0.0391799938727238,0.6036385260243247
0.6986103190936147,-0.1472517855877688,-0.0379869617772304,0.6060835410988943
0.698362322107675,-0.1432249447241636,-0.0368134594153514,0.6084543896156404
0.6981241994362095,-0.1392188676822819,-0.0356584516759957,0.6107524394846133
0.6978955922142923,-0.1352325024540018,-0.0345209552328384,0.6129789550659844
0.6976761669658303,-0.1312648662887339,-0.0334000405007243,0.6151350945066886
0.6974656129740046,-0.1273150305489972,-0.0322948250222312,0.617221924181389
0.6972636401517238,-0.1233821094247431,-0.0312044683221962,0.6192404296867331
0.6970699773900605,-0.1194652536233754,-0.030128168421907,0.6211915232671259
0.6968843722487712,-0.1155636693478823,-0.0290651654088123,0.623076038554838
0.6967065884924897,-0.1116765920320368,-0.0280147326730199,0.6248947477810703
0.6965364057083947,-0.1078032999584712,-0.0269761792364874,0.6266483587826481
0.696373617478898,-0.1039430948138156,-0.0259488432224252,0.6283375274065462
0.696218031476215,-0.100095324102371,-0.0249320966450586,0.6299628507328573
0.6960694673029135,-0.0962593487320972,-0.0239253356708144,0.6315248842073335
0.6959277568211873,-0.0924345688306605,-0.0229279864127639,0.6330241333984504
0.6957927429088828,-0.0886204102927361,-0.0219395003634847,0.6344610625749096
0.6956642788697069,-0.0848163258445218,-0.0209593537340303,0.6358360968894345
0.6955422277297655,-0.081021791632579,-0.0199870456761028,0.6371496261505519
0.6954264617666408,-0.0772363093808563,-0.0190220979802981,0.6384020064595447
0.69531686192683,-0.0734594042162231,-0.0180640536890609,0.6395935633590244
0.6952133173742151,-0.069690625559731,-0.0171124765230442,0.6407245938664451
0.6951157248288478,-0.0659295389683289,-0.0161669480526045,0.6417953710792705
0.6950239884822962,-0.062175738170539,-0.0152270699834173,0.6428061427263643
0.6949380192772904,-0.0584288323564909,-0.0142924602238906,0.6437571369067507
0.6948577346262526,-0.0546884481505555,-0.0133627526800127,0.644648563246961
0.6947830581278874,-0.050954231442224,-0.0124375970110808,0.6454806142532107
0.6947139192575476,-0.0472258476671344,-0.011516658001473,0.6462534671244516
0.6946502529978367,-0.0435029775811052,-0.0105996138295861,0.6469672864015352
0.6945919994544505,-0.0397853085939606,-0.0096861532685461,0.6476222269488353
0.6945391038704987,-0.0360725490663973,-0.008775978540206,0.648218432594134
0.6944915162316643,-0.0323644178547279,-0.0078688020736501,0.6487560394772618
0.6944491910471728,-0.0286606408275525,-0.0069643449985134,0.6492351775477649
0.6944120872567496,-0.0249609565643642,-0.0060623378819804,0.6496559707363873
0.6943801680096642,-0.0212651106334751,-0.0051625186733957,0.6500185386639652
0.6943534005411903,-0.0175728559019109,-0.0042646321265791,0.6503229973343013
0.6943317560252468,-0.013883946919849,-0.0033684277821272,0.6505694601754806
0.6943152095127633,-0.0101981422652623,-0.0024736598878816,0.6507580381780798
0.6943037398616583,-0.0065152078870438,-0.0015800875583081,0.6508888401944702
0.6942973296330233,-0.0028349065362638,-0.0006874715604877,0.6509619736878888
0.6942958327155059,2.8415609708981604e-11,-5.424100730198889e-12,0.6509790549379936
