2.90966943601909
0.6447892149384851,3.917518955183514e-24,3.3518676135746173e-13,0.7644263661452254
0.6447891381749923,0.0027251913526794,-4.30516293412e-05,0.7644129900894974
0.6447887644795655,0.0066062516595475,-0.000104058559525,0.7643477657098383
0.6447880825600967,0.0104879032997354,-0.0001643140558327,0.7642282788358808
0.6447870970762684,0.0143703397913965,-0.0002233732206655,0.7640545211880604
0.6447858148427255,0.0182537691483155,-0.0002807901091861,0.7638264847265018
0.6447842448522131,0.0221383868136546,-0.0003361169136512,0.763544162751487
0.6447823982923919,0.0260243937445891,-0.0003889038390512,0.7632075490290465
0.6447802885727886,0.0299119917888039,-0.0004386986334586,0.7628166378296904
0.6447779313494729,0.033801393397478,-0.0004850463043021,0.7623714225986237
0.644775344569042,0.0376928058803079,-0.0005274885131819,0.761871897247129
0.6447725485017516,0.0415864445319562,-0.0005655633359483,0.7613180544363982
0.6447695657887168,0.0454825293292939,-0.0005988048075166,0.7607098854343687
0.6447664214919621,0.0493812862420811,-0.0006267425188326,0.7600473794206233
0.6447631431498102,0.0532829487783996,-0.000648901203444,0.759330522627796
0.6447597608424422,0.0571877546629626,-0.0006648002916108,0.758559298341178
0.6447563072582942,0.0610959492039263,-0.0006739535059702,0.7577336857057007
0.6447528177724692,0.0650077822014365,-0.0006758684242642,0.756853659745193
0.6447493305211353,0.0689235171839966,-0.0006700460455021,0.7559191886032152
0.6447458864927976,0.0728434302031853,-0.0006559802876082,0.7549302327276031
0.6447425296354125,0.0767677998536018,-0.0006331575479447,0.7538867465453187
0.6447393069621495,0.0806969071019272,-0.0006010563036796,0.7527886781405606
0.6447362686503321,0.0846310542968386,-0.0005591464918821,0.7516359631916856
0.64473346818339,0.0885705434908658,-0.0005068891852765,0.7504285301108232
0.6447309624766615,0.0925156843662718,-0.000443736086428,0.7491662972669054
0.6447288120151385,0.0964668036701816,-0.0003691288624001,0.7478491690527425
0.6447270810185468,0.1004242266035278,-0.0002824989578163,0.7464770411069663
0.6447258375960867,0.1043882936894514,-0.0001832667964299,0.7450497940167882
0.6447251539274997,0.1083593553979191,-7.08413239024e-05,0.7435672941238843
0.6447251064526461,0.1123377650687911,5.53803023483e-05,0.7420293954299154
0.6447257760706092,0.1163238876801617,0.000196013469341,0.7404359356236017
0.6447272484312883,0.1203182544732651,0.0003516930214332,0.7387866702331272
0.6447296141511819,0.1243212835848605,0.0005230643825848,0.7370813823617518
0.6447329690329493,0.1283333771260294,0.0007107866203763,0.7353198466436569
0.6447374143536536,0.1323549618765267,0.0009155347158448,0.7335018114052916
0.6447430571310712,0.1363864620590807,0.0011379989569937,0.7316270096706361
0.6447500104609153,0.1404283251990977,0.0013788869317873,0.7296951465654248
0.6447583937976468,0.1444809910636559,0.0016389224461279,0.7277059130180046
0.6447683333519088,0.1485449218382819,0.0019188479630721,0.7256589706147791
0.6447799624199451,0.1526205801380604,0.002219423939777,0.7235539613988743
0.6447934218259077,0.1567084474023643,0.0025414308250909,0.721390497717706
0.6448088603065807,0.1608090090391093,0.0028856687570923,0.7191681688829724
0.6448264349938841,0.1649227641898678,0.0032529590860995,0.7168865351389757
0.6448463118625626,0.1690502169181431,0.0036441444202421,0.7145451315268522
0.6448686663097885,0.1731918900806394,0.0040600907440058,0.7121434591011061
0.6448936836410673,0.1773483110465321,0.0045016869655449,0.7096809919317283
0.6449215597233989,0.1815200235329786,0.004969847002107,0.7071571691946869
0.6449525015887445,0.1857075817171712,0.0054655101673325,0.7045713973982761
0.6449867281591084,0.1899115563398126,0.005989642909484,0.7019230453904824
0.6450244709211617,0.1941325272847699,0.0065432390014022,0.6992114476453171
0.6450659748100109,0.198371095138742,0.0071273221565157,0.6964358955151531
0.6451114990007645,0.2026278740526655,0.0077429463832727,0.6935956401673079
0.6451613178275135,0.2069034931649666,0.00839119742439,0.6906898901281333
0.6452157218566134,0.2111986041518793,0.0090731952956801,0.6877178043843513
0.6452750189039604,0.2155138764028397,0.0097900951072422,0.6846784936507928
0.645339535345267,0.219850007913416,0.0105430905231092,0.681571010560512
0.6454096170292137,0.2242077024327267,0.011333411536705,0.6783943637727448
0.6454856310142864,0.2285876964999454,0.0121623308834866,0.6751474963865566
0.6455679669474009,0.2329907519211947,0.0130311648466894,0.6718292885068061
0.6456570386190985,0.2374176538117559,0.0139412749602388,0.6684385559501312
0.6457532857110231,0.2418692122972212,0.0148940704989278,0.6649740460911836
0.6458571757193097,0.246346265132583,0.0158910113525018,0.6614344327006652
0.6459692058301882,0.2508496715226078,0.0169336090582028,0.6578183175390502
0.6460899050658766,0.255380312049839,0.0180234290978433,0.6541242272012596
0.6462198366872728,0.2599390913871836,0.0191620939910721,0.6503506074329857
0.6463596002744658,0.2645269236454519,0.0203512820552894,0.6464958317066001
0.6465098342520945,0.2691447301475093,0.0215927288194445,0.6425581999575555
0.6466712180956677,0.2737934233019066,0.0228882244301319,0.6385359493176
0.6468444746884788,0.2784738945184717,0.0242396113284149,0.6344272621807399
0.6470303716388778,0.2831869757304084,0.0256487731654864,0.6302302985269091
0.6472297227017217,0.2879334124528503,0.0271176248904723,0.6259432203462731
0.6474433886689347,0.2927138318293252,0.0286480993225858,0.6215642224259201
0.6476722745979211,0.2975286453671929,0.0302421094022818,0.617091626383758
0.6479173270430831,0.3023779856694297,0.0319015153767146,0.6125239497755929
0.6481795274240021,0.3072615995305624,0.0336280713026837,0.6078600220116035
0.6484598806889853,0.3121787053377398,0.0354233499526475,0.6030991435747104
0.6487593989400441,0.3171278312894696,0.0372886489905951,0.5982412758975804
0.6490790784308544,0.322106628095993,0.0392248736743988,0.5932872705383454
0.6494198704866367,0.3271116856791204,0.0412324052708921,0.5882391107054207
0.6497826458160156,0.3321383584325265,0.0433109568184125,0.5831001607452965
0.6501681570815481,0.3371806706090729,0.0454594475166967,0.5778753487889192
0.6505770012610053,0.3422313013902305,0.0476759026080778,0.5725712757535142
0.6510095956909772,0.3472817839853181,0.0499574479813477,0.5671960991382543
0.65146616740607,0.3523228356999001,0.052300380871503,0.5617592603321692
0.6519467664036964,0.35734486916612,0.0547003545494534,0.5562709863809815
0.6524512971096618,0.3623385478443051,0.0571526271282166,0.5507416995331472
0.6529795663674975,0.3672953324743921,0.0596523524947671,0.5451813891893456
0.6535313328947139,0.3722078689751921,0.0621948345382513,0.5395991172678993
0.6541063525359605,0.3770702065653252,0.0647757235478847,0.5340026856079083
0.6547044113800257,0.3818778292645656,0.0673911288950973,0.5283985023081669
0.655325345806515,0.3866275500659629,0.0700376575560562,0.5227916075769131
0.6559690515011151,0.3913173269601931,0.0727123991775582,0.5171858021152907
0.6566354836153744,0.3959460439608682,0.0754128755024106,0.5115838336516367
0.6573246526129441,0.4005133025107342,0.0781369781484696,0.5059875894128317
0.6580366162359658,0.4050192281127032,0.0808828987098454,0.5003982875067544
0.6587714724338067,0.4094643210429121,0.0836490708554688,0.4948166293007103
0.659529351266013,0.4138493309469648,0.086434115632816,0.489242934099439
0.6603104085192935,0.4181751663148433,0.0892367994961642,0.4836772395082523
0.6611148191444839,0.4224428214579295,0.0920559967445005,0.478119386649272
0.6619427732467509,0.4266533314276254,0.0948906651462515,0.4725690746476985
0.6627944716524368,0.4308077342152386,0.0977398230196592,0.4670259091787354
0.6636701221732831,0.4349070442349153,0.1006025312987201,0.4614894389571459
0.6645699376782414,0.4389522396249843,0.1034778834449225,0.4559591755273123
0.6654941341839316,0.4429442525616623,0.1063649965627575,0.4504346098988488
0.6664429271870521,0.4468839547972557,0.1092629982253232,0.4449152367228966
0.6674165336699652,0.4507721690063003,0.1121710316778772,0.4394005430221235
0.6684151673866995,0.4546096527428646,0.1150882408860331,0.433890035236625
0.6694390409120162,0.4583971108640653,0.1180137765658086,0.4283832262947782
0.6704883618741619,0.4621351854539547,0.120946785338541,0.4228796546728727
0.6715633350408475,0.4658244680775832,0.1238864160824018,0.4173788710871621
0.6726641597781899,0.4694654949190006,0.1268318132341658,0.4118804498624531
0.6737910308046634,0.4730587536803805,0.1297821194693303,0.406383982807975
0.6749441376065713,0.4766046854513539,0.1327364746667824,0.4008890801999452
0.6761236630155311,0.4801036841378167,0.1356940129338784,0.3953953754686649
0.6773297840499646,0.4835561027588084,0.1386538655213455,0.3899025190498937
0.6785626709120299,0.4869622538289854,0.1416151590166414,0.3844101811403307
0.6798224870154875,0.4903224126914888,0.1445770161819377,0.3789180496460221
0.6811093895173411,0.4936368217755987,0.1475385578624562,0.3734258262509319
0.6824235275374732,0.4969056886319907,0.1504988995263264,0.3679332325297407
0.6837650422408355,0.5001291890184131,0.1534571523219236,0.3624400077761053
0.6851340669858672,0.5033074698039309,0.1564124241823352,0.3569459068267904
0.6865307279356213,0.5064406525690723,0.159363821792676,0.351450696342674
0.6879551427447883,0.5095288326127582,0.1623104484004727,0.3459541588795314
0.6894074206668659,0.5125720812739596,0.1652514047671324,0.3404560911887767
0.6908876615284194,0.5155704457489693,0.1681857878120293,0.3349563068905913
0.6923959575567242,0.5185239546321944,0.1711126949376121,0.3294546285593596
0.6939323917405182,0.5214326161084697,0.1740312213329859,0.3239508929801224
0.6954970378181672,0.5242964195682381,0.1769404606282514,0.318444950196984
0.6970899596467208,0.5271153359969827,0.1798395043861779,0.3129366648027372
0.698711212444662,0.5298893215984048,0.1827274449937727,0.3074259108045412
0.7003608414746474,0.5326183166970776,0.1856033738081832,0.3019125755087711
0.7020388835320148,0.5353022493880708,0.1884663842961102,0.2963965539006037
0.7037453639348563,0.5379410317636707,0.1913155673757494,0.2908777580196761
0.7054802988553945,0.5405345648368841,0.1941500160061622,0.2853561086066077
0.7072436932460131,0.5430827363881183,0.1969688222695319,0.2798315412465306
0.7090355426161505,0.545585424625595,0.1997710808092177,0.2743040001860075
0.7108558333589299,0.5480424993254297,0.2025558896696422,0.2687734371042587
0.7127045385984178,0.550453817083934,0.2053223444162663,0.2632398233250916
0.7145816230645248,0.5528192287908429,0.2080695461128616,0.2577031345562628
0.7164870399326213,0.5551385761356139,0.2107965969357628,0.2521633601538356
0.7184207318290944,0.5574116936863821,0.2135026021397388,0.2466204997719176
0.7203826315151534,0.5596384102979146,0.2161866713671931,0.2410745612162806
0.7223726593308236,0.56181854682567,0.2188479155244073,0.2355255674668055
0.7243907238796353,0.5639519177535467,0.2214854482886665,0.2299735543052956
0.7264367246232599,0.566038334515896,0.2240983898708886,0.2244185630017561
0.7285105497763971,0.5680776036719344,0.2266858645015404,0.2188606460996538
0.7306120756777728,0.5700695268860864,0.2292470000497488,0.2132998688994547
0.7327411685484009,0.5720139031405267,0.2317809305365379,0.2077363046527074
0.7348976819690634,0.5739105268614552,0.2342867934159457,0.2021700411092191
0.7370814586149779,0.5757591900576061,0.2367637320330463,0.1966011758200343
0.7392923311701929,0.5775596834302807,0.2392108968783715,0.1910298138468479
0.7415301200029312,0.579311794807703,0.2416274432282554,0.1854560736668455
0.7437946352277652,0.5810153112290932,0.2440125337104252,0.1798800819490216
0.746085674608368,0.5826700176887728,0.2463653363112681,0.1743019787678212
0.7484030255579067,0.5842756990188694,0.2486850267508339,0.1687219126742692
0.75074646481935,0.5858321398974561,0.250970788303345,0.163140041597605
0.7531157567990474,0.5873391240673267,0.253221810398765,0.1575565368576582
0.7555106568787257,0.5887964367825372,0.2554372920112969,0.1519715753892628
0.7579309076451993,0.5902038626803808,0.2576164382578216,0.1463853487192091
0.760376243167553,0.5915611886168315,0.2597584645008066,0.1407980531147757
0.7628463848759446,0.5928682014863238,0.2618625927696974,0.1352098992328702
0.7653410433826339,0.5941246895966801,0.2639280536251656,0.1296211079657255
0.7678599202464775,0.5953304437312253,0.2659540877123281,0.1240319066602599
0.7704027053748187,0.5964852560230642,0.2679399437096326,0.1184425351007519
0.7729690803106534,0.5975889216727507,0.269884881034215,0.1128532384071615
0.7755587149721516,0.5986412376122913,0.2717881673563676,0.1072642743919956
0.778171268054119,0.5996420029957569,0.2736490791304591,0.1016759127296874
0.7808063915491201,0.6005910210672241,0.275466904865492,0.0960884254793267
0.7834637249617968,0.6014880970553176,0.2772409410273597,0.0905020996718014
0.7861428986073962,0.6023330396201863,0.2789704944812879,0.084917230404004
0.788843535254178,0.6031256613948274,0.2806548834850711,0.0793341176909319
0.791565248159084,0.6038657783821937,0.2822934363433825,0.0737530708358843
0.7943076385526426,0.6045532094850168,0.2838854900111781,0.0681744137054503
0.7970703005057588,0.6051877779758057,0.285430393072918,0.0625984749184435
0.7998528205715133,0.6057693113245325,0.2869275053493612,0.0570255889144184
0.8026547753237674,0.6062976407111669,0.2883761964953555,0.0514561011335974
0.8054757335269932,0.6067726015821681,0.289775847164817,0.0458903638600894
0.808315256063553,0.6071940336428902,0.2911258488686227,0.0403287366225318
0.8111728942099662,0.6075617806744845,0.2924256031169177,0.0347715897729219
0.8140481929023805,0.6078756910594296,0.293674522897996,0.02921929831144
0.816940688548737,0.6081356174986744,0.294872031563042,0.0236722463864258
0.819849911594817,0.6083414172849574,0.2960175638114797,0.0181308225812543
0.8227753837536188,0.6084929520680524,0.2971105644343881,0.0125954254493122
0.8257166183125733,0.6085900880183749,0.2981504884593121,0.0070664630594084
0.828673124198129,0.6086326959831059,0.2991368024817717,0.0015443455608669
0.8316444022700133,0.6086206513045322,0.3000689831599002,-0.0039705075989458
0.8346312256901537,0.6085537936163558,0.3009468809059494,-0.0094800221225378
0.8376376194109858,0.608431712438499,0.3017711168328714,-0.0149920164190679
0.8406630878511155,0.6082539804971522,0.302540860951386,-0.0205059054641152
0.8437071229967767,0.6080201769787292,0.3032552912838572,-0.0260210940999453
0.8467692016890117,0.6077298878576762,0.3039135933728128,-0.0315369719806703
0.8498487842583147,0.6073827063546701,0.3045149603556014,-0.0370529110928934
0.8529453132298899,0.6069782335322036,0.3050585932080579,-0.0425682634780061
0.8560582166769819,0.6065160782980683,0.3055437018167229,-0.048082367232036
0.8591869066572724,0.6059958579134901,0.3059695050311649,-0.053594543663832
0.8623307782713873,0.6054171985520007,0.3063352309662214,-0.0591040956268135
0.8654892098639078,0.6047797357221687,0.3066401175146484,-0.0646103078834705
0.8686615636426743,0.6040831145785334,0.3068834128647946,-0.07011244817571
0.8718471881116138,0.6033269897264328,0.307064376031378,-0.0756097713789715
0.8750454144961007,0.6025110263609121,0.3071822769360395,-0.0811015132392579
0.8782555592082781,0.6016349000931484,0.3072363969604295,-0.0865868945872554
0.8814769229714533,0.6006982975240651,0.3072260292519923,-0.0920651197589813
0.8847087901970209,0.5997009168415892,0.3071504791316999,-0.0975353754857632
0.8879504351404699,0.5986424662220136,0.3070090642194296,-0.102996841207631
0.891201112650928,0.5975226670255347,0.3068011149570707,-0.1084486733247811
0.8944600634670137,0.5963412525977542,0.30652597489218,-0.1138900141071103
0.8977265137895396,0.5950979687431687,0.3061830009817889,-0.1193199908715819
0.9009996748127552,0.5937925742760527,0.3057715639629993,-0.1247377151135149
0.9042787427325047,0.5924248414348026,0.3052910487172016,-0.1301422824451079
0.907562901377314,0.5909945551458344,0.3047408541780528,-0.135532776832401
0.9108513184779624,0.5895015149598891,0.3041203941853551,-0.1409082643524088
0.914143150354404,0.5879455333640562,0.3034290969679676,-0.1462678007810534
0.9174375388865604,0.5863264374513933,0.3026664059077977,-0.1516104265144734
0.9207336137522204,0.5846440682116321,0.3018317793155947,-0.1569351701060401
0.9240304903229128,0.5828982819269585,0.3009246911702588,-0.1622410447515307
0.9273272717143104,0.5810889495094173,0.2999446308684804,-0.1675270515068408
0.9306230488240892,0.5792159567851848,0.2988911033827143,-0.172792179229836
0.9339169010744024,0.577279204372689,0.2977636291778585,-0.178035405649228
0.9372078957052304,0.5752786083874942,0.2965617445851683,-0.1832556961228788
0.9404950874228938,0.5732141010253834,0.2952850021448227,-0.1884520029895134
0.9437775221061708,0.5710856285383682,0.2939329692948237,-0.1936232713220596
0.947054232863262,0.5688931539712959,0.2925052299703116,-0.1987684325831491
0.9503242425579396,0.5666366558758474,0.2910013837259366,-0.2038864085232844
0.9535865647769992,0.5643161278542982,0.2894210452805298,-0.2089761125840014
0.9568402028921468,0.561931579412948,0.287763844920438,-0.2140364483260073
0.9600841507278222,0.5594830357241253,0.2860294281717188,-0.2190663103836365
0.9633173941542474,0.5569705365883268,0.284217454848042,-0.2240645868411154
0.9665389082465832,0.5543941387912207,0.2823276005120372,-0.2290301547547823
0.9697476620982588,0.5517539124771289,0.2803595535925377,-0.2339618875129163
0.9729426156444592,0.5490499437195955,0.278313016951992,-0.2388586498551451
0.9761227231691412,0.5462823316484011,0.2761877054044195,-0.2437193031915814
0.9792869310511472,0.5434511902968636,0.2739833467283049,-0.2485427020808681
0.9824341791068236,0.5405566474236452,0.271699680380759,-0.2533276962422051
0.98556340253923,0.5375988425475732,0.2693364554888727,-0.2580731334717012
0.9886735311093056,0.5345779273977075,0.266893430676525,-0.2627778583367836
0.9917634892876868,0.5314940654728683,0.2643703731734431,-0.2674407123890071
0.9948321975970432,0.5283474303078004,0.2617670568094456,-0.2720605361853585
0.997878573740051,0.5251382037009478,0.2590832598683969,-0.2766361709828112
1.000901532551688,0.5218665749736178,0.2563187637131235,-0.2811664586757415
1.0038999858494395,0.518532740267965,0.2534733513944548,-0.2856502416097432
1.006872845365911,0.5151368982055926,0.2505468030601023,-0.2900863670221639
1.0098190203873818,0.5116792511721386,0.2475388960535992,-0.2944736835844278
1.0127374203702555,0.5081600008069926,0.2444493999524701,-0.2988110454131591
1.015626954685053,0.504579346404557,0.241278073965995,-0.3030973118158568
1.018486534324425,0.5009374805957074,0.2380246618023628,-0.3073313499881812
1.021315070487666,0.4972345885316883,0.2346888894881527,-0.3115120331172764
1.0241114765588877,0.4934708424019535,0.2312704588735256,-0.3156382435609535
1.0268746682562424,0.4896463976740358,0.2277690424503669,-0.3197088733612014
1.0296035644037396,0.4857613879020734,0.2241842766495094,-0.3237228257342503
1.0322970863030203,0.4818159208322379,0.2205157560874392,-0.3276790145669729
1.0349541573951382,0.4778100735113769,0.2167630266638817,-0.3315763644266506
1.0375737057088052,0.4737438822630582,0.2129255735346937,-0.3354138147441656
1.0401546586737895,0.469617343367246,0.2090028188111306,-0.3391903129102222
1.042695946144815,0.465430400292025,0.2049941062800596,-0.3429048195361966
1.0451964982769912,0.4611829375214905,0.2008986918794125,-0.346556306306931
1.047655245897655,0.4568747689016072,0.1967157284553551,-0.3501437576502189
1.050071110094957,0.452505643648353,0.192444267221033,-0.3536661568713495
1.05244300801238,0.448075222894424,0.188083230169615,-0.3571224961638167
1.0547698413601112,0.4435830853870285,0.1836314103041321,-0.3605117616632825
1.0570504907007032,0.439028722679611,0.1790874613055636,-0.3638329272284855
1.0592838049018458,0.4344115433599858,0.1744498957883147,-0.3670849415063534
1.0614685899446856,0.4297308794245124,0.1697170855196596,-0.3702667144095965
1.063603586686625,0.4249860187780768,0.1648872881345099,-0.3733770878629268
1.0656874480227057,0.4201762462988639,0.1599586834773299,-0.3764148059794258
1.067718697122839,0.4153009405107167,0.1549294686423527,-0.3793784578275473
1.0696956867083691,0.4103596910838188,0.1497979781799336,-0.3822664215779647
1.0716165288167687,0.4053525246082335,0.1445629223462181,-0.3850767648987502
1.0734790140248542,0.4002802202465363,0.1392237296097275,-0.3878071281990335
1.07528050309294,0.3951447948372267,0.1337810831506048,-0.3904545640521062
1.0770178148132423,0.3899501438381347,0.1282376464464665,-0.3930153648869056
1.0786871196971974,0.3847028639660044,0.1225990155485438,-0.3954848894268314
1.0802839057535472,0.3794131007115531,0.1168747395742599,-0.3978574814168794
1.0818030854728349,0.37409517666237,0.111079146433498,-0.4001265807237687
1.0832393402050842,0.3687675267953458,0.1052314420292498,-0.4022851732376715
1.084587712430375,0.3634515641594701,0.0993546273388027,-0.4043266090898091
1.0858443236284483,0.358169477401366,0.0934731731792556,-0.4062456289359677
1.0870069542721006,0.3529416523617373,0.0876101675721773,-0.4080392231101422
1.0880752689477562,0.3477846529584666,0.0817849705488526,-0.4097070002559084
1.0890506518388363,0.342710351541367,0.0760120798208373,-0.4112509965786207
1.089935794511606,0.3377261507792858,0.0703012059419144,-0.4126751163500795
1.0907342264151567,0.332835821508588,0.064658069199145,-0.4139844749193598
1.0914499120985293,0.3280405004173248,0.0590854221862694,-0.4151848261167769
1.0920869593582598,0.3233395780188882,0.053583991092828,-0.4162821425499539
1.0926494341595272,0.3187313651852831,0.0481531975666098,-0.4172823472252726
1.093141253485252,0.3142135656432662,0.0427916812894691,-0.4181911563602076
1.0935661314482057,0.3097835901768588,0.0374976551723047,-0.4190139989563751
1.0939275594787623,0.3054387466999203,0.0322691254893003,-0.4197559863667787
1.094228805023086,0.3011763570240454,0.0271040317383493,-0.4204219089282318
1.0944729201389205,0.2969938306143826,0.0220003392068757,-0.4210162468891086
1.094662756281622,0.2928886885699056,0.0169560735200456,-0.4215431916047246
1.0948009795997855,0.2888585874395902,0.0119693559230999,-0.4220066666672334
1.0948900871457956,0.2849013209731652,0.0070384119922292,-0.4224103510860499
1.094932422175386,0.2810148178065297,0.0021615751715943,-0.4227577011201948
1.0949301882897395,0.2771971297430398,-0.0026627218365982,-0.42305197096307
1.0948854587161667,0.2734462358051907,-0.0074361916607352,-0.4232962420298722
1.094800089005318,0.2697569647784624,-0.0121646539440184,-0.4234935751006077
1.0946758217502026,0.2661278815960277,-0.0168492597259941,-0.4236465914097432
1.0945143154410697,0.2625576746117865,-0.0214910350860409,-0.4237577865198997
1.0943171521510289,0.2590451191056244,-0.0260909233672506,-0.4238295434200122
1.0940858441449757,0.2555890643039311,-0.0306497982632005,-0.4238641423753668
1.093821839817306,0.2521884263272853,-0.0351684696994382,-0.4238637693572575
1.0935265289423108,0.2488421816215349,-0.0396476894340131,-0.4238305234920081
1.0932012461569245,0.2455493497829004,-0.0440881713598947,-0.423766423368405
1.0928472762740205,0.2423090036836126,-0.0484905755771708,-0.4236734128553743
1.0924658570745198,0.2391202558244475,-0.05285552448417,-0.4235533660921305
1.0920581820865318,0.2359822521378533,-0.0571836093591402,-0.4234080917699769
1.091625403843648,0.2328941727313596,-0.0614753876262415,-0.4232393372040447
1.0911686355352233,0.2298552228398524,-0.0657313938189235,-0.4230487915162395
1.090688953263679,0.2268646314893358,-0.0699521401838433,-0.4228380887146508
1.0901873978901055,0.2239216488685026,-0.0741381192086361,-0.4226088103966936
1.0896649767880515,0.2210255445683326,-0.0782898050671017,-0.4223624882215629
1.0891226651911474,0.2181756047205008,-0.0824076567746536,-0.4221006060300289
1.0885614075017258,0.2153711301542171,-0.0864921200472914,-0.4218246017963755
1.0879821184618887,0.2126114347477353,-0.0905436290020437,-0.4215358693922557
1.0873856841705436,0.2098958438113266,-0.0945626079295886,-0.4212357601699888
1.0867729631749308,0.2072236934421635,-0.0985494717316362,-0.4209255844947766
1.0861447873189003,0.2045943292563591,-0.1025046273524236,-0.4206066130790238
1.0855019625220288,0.2020071053329856,-0.1064284749883795,-0.4202800782146597
1.0848452696888955,0.1994613840576815,-0.1103214080048047,-0.4199471750147585
1.0841754650501574,0.1969565340664811,-0.1141838158161485,-0.4196090623182275
1.083493281284155,0.1944919315136504,-0.1180160817461035,-0.419266863948423
1.0827994278464668,0.1920669584942645,-0.1218185852815793,-0.4189216695338943
1.0820945916395937,0.1896810030064122,-0.1255917020182532,-0.4185745354706721
1.0813794377052524,0.187333459093015,-0.1293358033348767,-0.4182264858661478
1.0806546093179727,0.185023725169403,-0.1330512589995912,-0.417878513168412
1.0799207292638353,0.1827512063311621,-0.1367384334423436,-0.4175315793496612
1.0791783996544482,0.180515312008832,-0.1403976894952064,-0.417186616362133
1.078428202945963,0.1783154575463988,-0.1440293858375562,-0.4168445271548849
1.077670701655878,0.1761510619259724,-0.1476338807641701,-0.4165061860727775
1.076906439728481,0.1740215504204459,-0.151211527848798,-0.4161724399983243
1.0761359426483068,0.1719263535514519,-0.1547626776750969,-0.4158441089010609
1.075359717503628,0.1698649061081721,-0.1582876795651157,-0.4155219863757203
1.0745782539005104,0.1678366485223786,-0.1617868793247223,-0.4152068405355728
1.0737920244707495,0.165841027080323,-0.1652606189065032,-0.4148994147073341
1.073001484674608,0.1638774924099228,-0.1687092391028324,-0.4146004278481212
1.0722070738802587,0.1619455012601062,-0.1721330765291835,-0.4143105754602392
1.0714092155104051,0.1600445158925647,-0.1755324647340362,-0.4140305301243311
1.0706083173496304,0.1581740039437848,-0.1789077345201226,-0.4137609420989773
1.0698047722989883,0.1563334393412396,-0.1822592123564413,-0.4135024400621878
1.068998958329788,0.1545223013558077,-0.1855872221438491,-0.4132556315738782
1.0681912390396573,0.1527400750947081,-0.188892084395234,-0.413021103741701
1.0673819644003415,0.1509862523714605,-0.1921741146602644,-0.4127994239149788
1.0665714705364333,0.1492603304568155,-0.1954336258820846,-0.4125911400929517
1.065760080722631,0.1475618135012368,-0.1986709257685642,-0.4123967816674034
1.0649481051146417,0.1458902112448588,-0.2018863192561439,-0.4122168598221067
1.064135841837224,0.1442450405919822,-0.2050801055224034,-0.4120518682557775
1.0633235765866649,0.1426258241104877,-0.2082525808810052,-0.4119022835558044
1.062511583445924,0.1410320910427646,-0.2114040368466374,-0.4117685658369194
1.0617001253034144,0.1394633774744649,-0.2145347597754747,-0.4116511592636566
1.0608894537842737,0.1379192255763065,-0.217645032357857,-0.4115504924978817
1.0600798102436966,0.1363991848993563,-0.2207351309967528,-0.4114669792854993
1.0592714251406494,0.1349028105922561,-0.2238053293794509,-0.4114010188341625
1.0584645190829227,0.1334296648028894,-0.2268558956206371,-0.4113529963858942
1.0576593031969408,0.1319793167652389,-0.2298870919998244,-0.4113232836668437
1.0568559791518444,0.1305513422758689,-0.2328991759738348,-0.4113122393163084
1.0560547392148305,0.1291453232713825,-0.2358924010259729,-0.4113202093429404
1.0552557665666649,0.1277608478906231,-0.2388670165108692,-0.4113475275942164
1.054459235027522,0.1263975095333569,-0.2418232696703234,-0.4113945162560554
1.0536653116803176,0.1250549108607014,-0.2447613968899873,-0.4114614861480142
1.0528741550034733,0.1237326600579688,-0.2476816316313008,-0.4115487371999762
1.0520859163962089,0.1224303729338309,-0.2505841997363388,-0.4116565587387822
1.051300739759774,0.1211476717237651,-0.253469321913176,-0.4117852299072342
1.0505187616785991,0.1198841849411553,-0.2563372139677127,-0.4119350200563942
1.0497401118239795,0.118639547595182,-0.2591880861994086,-0.4121061890867422
1.0489649130218237,0.1174134008697159,-0.2620221440104471,-0.4122989878395282
1.0481932815875228,0.11620539224127,-0.2648395875152989,-0.4125136584283879
1.0474253279366492,0.1150151760181766,-0.2676406101284504,-0.412750434452543
1.0466611562697132,0.1138424124373639,-0.2704254005122646,-0.413009541455305
1.04590086493911,0.1126867678485029,-0.2731941420110354,-0.4132911972056807
1.0451445467298426,0.1115479147611203,-0.2759470123826832,-0.4135956119763308
1.0443922890936015,0.1104255318226802,-0.2786841836816048,-0.4139229888166673
1.0436441741055993,0.1093193033926259,-0.2814058231307409,-0.4142735239418314
1.0429002790939224,0.1082289201229632,-0.284112091527846,-0.4146474068088736
1.042160676356262,0.1071540781910384,-0.2868031449534038,-0.4150448205969341
1.0414254338137636,0.1060944799186491,-0.2894791330503338,-0.4154659422197183
1.0406946145682985,0.105049832802213,-0.2921402012757541,-0.4159109429121899
1.039968277365015,0.1040198498707347,-0.2947864898421813,-0.416379988338749
1.0392464769590826,0.1030042498946848,-0.2974181329880549,-0.4168732386937938
1.0385292645321624,0.1020027576571452,-0.3000352580455652,-0.4173908487071237
1.037816686645635,0.101015102195353,-0.3026379898318529,-0.4179329687171208
1.0371087868563684,0.100041018771814,-0.305226445309502,-0.4184997438318732
1.0364056048496315,0.0990802473830077,-0.3078007372903344,-0.4190913148667495
1.0357071770385349,0.098132533316365,-0.3103609727694625,-0.419707818190943
1.0350135363991424,0.097197626660031,-0.3129072540383326,-0.420349386172241
1.034324712642669,0.0962752822843678,-0.3154396785514205,-0.4210161473534652
1.033640732801756,0.0953652603754497,-0.3179583372508369,-0.4217082261805665
1.0329616209150712,0.094467325762578,-0.3204633161875779,-0.4224257435698013
1.032287398274278,0.0935812480100985,-0.3229546960639982,-0.4231688169476247
1.0316180833284392,0.0927068010620066,-0.3254325530262515,-0.4239375606462872
1.0309536922277855,0.0918437637293632,-0.3278969570776788,-0.42473208556846
1.0302942383360127,0.0909919188349417,-0.3303479742969066,-0.425552500025518
1.0296397332991136,0.0901510543828248,-0.3327856632658917,-0.4263989086869573
1.028990185904496,0.089320961876595,-0.3352100796955999,-0.4272714142556156
1.028345602584085,0.0885014367773674,-0.3376212749419446,-0.4281701171721356
1.0277059883594242,0.0876922795071619,-0.3400192928311343,-0.4290951145390732
1.0270713461501633,0.0868932943700829,-0.3424041725855729,-0.4300465012622106
1.0264416769672942,0.0861042896134413,-0.3447759484410171,-0.4310243700291217
1.0258169798846135,0.0853250772133681,-0.3471346500847498,-0.432028811607075
1.0251972520388537,0.0845554727039237,-0.3494803029797869,-0.4330599151209509
1.0245824892860071,0.0837952958223612,-0.3518129261896279,-0.4341177672032743
1.0239726860497322,0.083044370147719,-0.3541325332361413,-0.4352024523958226
1.02336783501298,0.0823025225592611,-0.3564391335576752,-0.4363140539099177
1.022767927208154,0.0815695831959587,-0.358732732453106,-0.437452653745249
1.022172952665533,0.0808453860969995,-0.361013328872068,-0.4386183316848456
1.0215828999651608,0.0801297685030758,-0.363280917380048,-0.4398111663166818
1.0209977567448942,0.0794225713287573,-0.3655354864551731,-0.4410312342130325
1.0204175091268382,0.0787236383268735,-0.3677770209323968,-0.4422786112898363
1.0198421421511414,0.0780328164792898,-0.3700055005697967,-0.4435533721392832
1.0192716399802624,0.0773499561078704,-0.3722208994755589,-0.444855589739095
1.018705985969251,0.0766749108262362,-0.3744231860393342,-0.446185335411019
1.0181451616289718,0.0760075361794465,-0.3766123271808635,-0.4475426814789862
1.017589148445608,0.0753476916933194,-0.3787882814634443,-0.4489276971638656
1.0170379267966276,0.0746952394604826,-0.3809510034990609,-0.4503404512634658
1.0164914760532575,0.074050044150283,-0.3831004437405855,-0.451781012137679
1.0159497757107523,0.0734119742295411,-0.3852365442046016,-0.4532494448401609
1.0154128029323324,0.0727808989588242,-0.3873592483175186,-0.4547458178790914
1.0148805355535142,0.0721566918271323,-0.3894684892353174,-0.4562701952686212
1.0143529502960238,0.0715392283440526,-0.3915641970363369,-0.4578226414824334
1.013830023224535,0.0709283864787474,-0.3936462970711596,-0.4594032203857883
1.0133117303888468,0.0703240473116156,-0.3957147075407763,-0.4610119933803911
1.0127980465699666,0.0697260934762222,-0.3977693446280237,-0.4626490233614826
1.0122889466245952,0.0691344106362186,-0.3998101172642305,-0.4643143707025879
1.011784404289894,0.0685488860051212,-0.401836932033857,-0.4660080972048543
1.0112843940222678,0.0679694103947453,-0.4038496859097122,-0.467730260090948
1.010788888465172,0.0673958751934141,-0.4058482765413543,-0.4694809206748503
1.0102978606532205,0.0668281748410182,-0.4078325935011529,-0.4712601370206708
1.0098112834666308,0.0662662061146546,-0.4098025205657337,-0.4730679657614257
1.009329129183068,0.0657098675337318,-0.4117579376240316,-0.4749044638417659
1.008851370192291,0.0651590601102223,-0.4136987178722882,-0.4767696859268471
1.0083779776566917,0.0646136857315966,-0.4156247333405924,-0.4786636897267405
1.0079089233448333,0.0640736492041123,-0.4175358475263003,-0.4805865289511806
1.007444178603652,0.0635388569985895,-0.4194319196409745,-0.4825382573464677
1.0069837149983083,0.0630092179201834,-0.4213128020723087,-0.4845189260922675
1.006527503144096,0.0624846416999089,-0.4231783452213458,-0.4865285888684834
1.0060755142849296,0.0619650407473616,-0.425028391117751,-0.4885672951277015
1.005627718596216,0.0614503281380449,-0.4268627804191319,-0.4906350976746758
1.0051840869229338,0.0609404195520622,-0.4286813453527371,-0.4927320449231503
1.0047445899978698,0.0604352323176031,-0.4304839129627589,-0.494858184349925
1.004309198252924,0.0599346851381437,-0.4322703059333951,-0.4970135634961219
1.0038778820489205,0.059438698302141,-0.4340403416913588,-0.4991982289608763
1.0034506116830455,0.058947193638658,-0.4357938324155337,-0.5014122264096571
1.0030273572642006,0.0584600943224265,-0.4375305855851005,-0.5036556012902671
1.002608089467891,0.0579773256928691,-0.4392504009158072,-0.5059283948231756
1.0021927782447149,0.0574988137191237,-0.4409530756897942,-0.5082306509121655
1.0017813942537448,0.0570244866035621,-0.4426383989045603,-0.5105624083978811
1.0013739079596746,0.0565542736968889,-0.4443061550034488,-0.5129237059265842
1.0009702898497976,0.0560881057036908,-0.4459561230091762,-0.5153145807974016
1.0005705100878497,0.0556259142390224,-0.4475880779567042,-0.5177350710945052
1.000174539079166,0.0551676324387696,-0.4492017885975271,-0.5201852124009374
0.999782347826338,0.0547131953324353,-0.450797015975115,-0.522665035403696
0.9993939067014832,0.0542625383823304,-0.4523735184393823,-0.5251745735390511
0.9990091867068702,0.0538155989056089,-0.4539310465287694,-0.5277138550601694
0.9986281585520944,0.0533723149671143,-0.4554693467290735,-0.5302829089261709
0.998250793345176,0.052932626145961,-0.456988158682473,-0.5328817602472945
0.997877062112842,0.0524964729429461,-0.4584872171343317,-0.5355104334536995
0.9975069360546192,0.0520637970421092,-0.4599662509120029,-0.5381689505615577
0.997140386707932,0.0516345414718378,-0.4614249822772429,-0.5408573298737313
0.9967773852886956,0.051208649800871,-0.4628631295550238,-0.5435755907639448
0.9964179037326092,0.0507860673274937,-0.4642804029982756,-0.5463237459415041
0.9960619138780928,0.0503667400928092,-0.4656765080431701,-0.549101807383965
0.9957093873378624,0.0499506146970261,-0.4670511457857732,-0.5519097875045313
0.9953602965797388,0.0495376395462514,-0.4684040087614838,-0.554747690525334
0.9950146136902775,0.0491277633666029,-0.4697347857750943,-0.5576155221946973
0.9946723111855292,0.0487209361349441,-0.4710431587425332,-0.5605132832371661
0.994333361783222,0.0483171087849661,-0.4723288035873939,-0.5634409710422803
0.9939977381734206,0.0479162329083679,-0.4735913911058348,-0.5663985815962147
0.9936654133552532,0.0475182611312002,-0.4748305856839471,-0.5693861065175435
0.9933363606407296,0.0471231470968714,-0.4760460453050988,-0.5724035328163757
0.9930105534080562,0.0467308451480253,-0.4772374224729628,-0.5754508450086648
0.9926879649906828,0.0463413101682248,-0.4784043645906754,-0.5785280261931695
0.992368569319754,0.0459544983354481,-0.4795465116298579,-0.5816350518575237
0.9920523404975846,0.0455703665895744,-0.4806634977164321,-0.5847718936555295
0.9917392524477652,0.045188872184862,-0.4817549523445862,-0.587938522883891
0.9914292795437148,0.044809973432649,-0.4828204981472538,-0.5911349041884284
0.991122396564991,0.0444336296334397,-0.4838597511092812,-0.5943609956576938
0.990818578019575,0.044059800227394,-0.4848723228720488,-0.5976167558162545
0.9905177990021564,0.0436884458280518,-0.4858578178248985,-0.6009021345147408
0.990220034677343,0.043319527571593,-0.4868158348719181,-0.6042170782048732
0.9899252605949752,0.0429530074898297,-0.4877459664205897,-0.6075615263286165
0.9896334521252392,0.0425888477916701,-0.4886478001825076,-0.6109354175720063
0.9893445850920402,0.0422270116331425,-0.4895209171686848,-0.6143386826063466
0.9890586354515736,0.0418674627027032,-0.4903648927278101,-0.617771247561851
0.9887755794943074,0.0415101654598448,-0.4911792959657958,-0.6212330314640028
0.9884953936717324,0.041155084903656,-0.4919636902952778,-0.624723948109301
0.9882180545155652,0.0408021864544948,-0.4927176336603315,-0.6282439069907765
0.9879435389248692,0.04045143630447,-0.493440677766326,-0.6317928095375595
0.9876718239933168,0.0401028011861537,-0.4941323686102952,-0.6353705510531628
0.987402886923312,0.0397562482483629,-0.4947922467165668,-0.6389770217202722
0.9871367050488942,0.0394117450704413,-0.495419847073096,-0.6426121062316369
0.9868732560922614,0.0390692599819002,-0.4960146985634289,-0.6462756801099742
0.9866125179098316,0.038728761723281,-0.4965763246324472,-0.6499676129292716
0.9863544685338604,0.0383902194870751,-0.4971042432104398,-0.6536877676180214
0.9860990861774136,0.0380536029119636,-0.4975979667333496,-0.6574360002401649
0.9858463493040678,0.0377188821634252,-0.4980570020544043,-0.6612121587907546
0.9855962367673048,0.0373860281102935,-0.4984808502957161,-0.6650160808075258
0.98534872721512,0.0370550115221049,-0.4988690079192076,-0.6688476022237004
0.9851037998210048,0.0367258040301973,-0.4992209655208664,-0.672706546114732
0.984861433677186,0.0363983773066953,-0.4995362088536975,-0.6765927318717626
0.98462160838537,0.0360727038491287,-0.4998142180537608,-0.6805059656789304
0.9843843035531296,0.0357487562923889,-0.5000544684033104,-0.6844460483102085
0.9841494988205972,0.0354265074290999,-0.5002564302401924,-0.6884127747518762
0.9839171742294088,0.0351059307045458,-0.5004195686686358,-0.6924059278523891
0.9836873101343572,0.0347870000922028,-0.5005433438365445,-0.6964252793801723
0.9834598868386584,0.0344696895790875,-0.5006272112214563,-0.7004705961863155
0.9832348849420132,0.0341539736371079,-0.5006706214670805,-0.7045416340242833
0.9830122852368494,0.0338398270715895,-0.5006730205509865,-0.7086381391162917
0.9827920687099628,0.0335272250151003,-0.5006338498760657,-0.7127598479184003
0.9825742157961294,0.0332161418501866,-0.5005525460144901,-0.7169065012383208
0.9823587075847152,0.0329065529074781,-0.5004285408615138,-0.7210778216810355
0.9821455257154368,0.0325984343257109,-0.5002612620861081,-0.7252735147804257
0.981934651720641,0.0322917621000181,-0.5000501328813635,-0.7294932814762861
0.9817260677078414,0.0319865130624857,-0.4997945726563435,-0.7337368043998184
0.9815197556917395,0.0316826639052181,-0.4994939965354676,-0.7380037609460717
0.9813156980162504,0.0313801917870437,-0.4991478159147927,-0.7422938145949729
0.9811138771165177,0.031079073976376,-0.498755438260065,-0.7466066195867259
0.980914275614455,0.0307792879829028,-0.4983162673330457,-0.7509418187868807
0.9807168764323764,0.0304808117223806,-0.49782970361167,-0.7552990409496289
0.9805216626091078,0.0301836232341292,-0.4972951440480366,-0.7596779044621388
0.9803286173013808,0.0298877006722256,-0.4967119821164788,-0.7640780172258361
0.9801377240067932,0.0295930226398717,-0.496079608626609,-0.7684989713659363
0.9799489664360848,0.0292995679912796,-0.4953974116196509,-0.7729403457636659
0.9797623284152752,0.0290073156723832,-0.4946647761721655,-0.7774017081476475
0.97957779396705,0.0287162448386774,-0.4938810848084012,-0.7818826130201149
0.9793953474252708,0.0284263350314422,-0.4930457182290521,-0.7863825985763454
0.9792149732508416,0.0281375658823905,-0.4921580547641014,-0.7909011908964051
0.979036656280096,0.0278499175056032,-0.4912174718148647,-0.7954378974741061
0.9788603812790804,0.0275633697752851,-0.4902233438003073,-0.7999922182305533
0.9786861335701204,0.0272779033335765,-0.4891750457774255,-0.8045636292415338
0.9785138984482588,0.0269934986404207,-0.488071950514455,-0.809151597441183
0.9783436615627464,0.0267101365909099,-0.4869134309787561,-0.8137555704385435
0.9781754088885624,0.026427798472284,-0.4856988607063144,-0.8183749767448224
0.9780091264569556,0.0261464655098607,-0.4844276122418856,-0.8230092328303892
0.9778448007324464,0.0258661194980267,-0.4830990602648891,-0.8276577324321834
0.9776824183265006,0.025586742317553,-0.4817125799207858,-0.8323198540974719
0.9775219660730003,0.0253083160589582,-0.4802675477421203,-0.8369949588327957
0.9773634311718786,0.0250308232724422,-0.4787633434555751,-0.8416823855329818
0.9772068011330348,0.0247542468772241,-0.4771993501963423,-0.8463814520720906
0.9770520637003204,0.0244785700307927,-0.4755749543844103,-0.8510914571477886
0.9768992068303924,0.0242037760904986,-0.4738895460167477,-0.8558116806196496
0.9767482189147676,0.0239298490166106,-0.4721425217949826,-0.8605413762345027
0.9765990884965904,0.0236567728687592,-0.4703332827566543,-0.8652797799255495
0.9764518045471284,0.0233845323137366,-0.468461238266447,-0.8700261007115299
0.9763063562931306,0.0231131123207065,-0.4665258049044128,-0.8747795256282073
0.9761627333013896,0.0228424983260847,-0.4645264084520117,-0.8795392165497521
0.9760209254671958,0.0225726762247783,-0.4624624848123327,-0.8843043100325731
0.9758809230125433,0.0223036323801811,-0.4603334811005773,-0.8890739168594447
0.975742716461461,0.0220353535905702,-0.4581388564205568,-0.8938471223885424
0.9756062967127492,0.0217678272458551,-0.455878084253232,-0.8986229835449027
0.9754716550142332,0.0215010412984203,-0.4535506534863622,-0.9034005291298852
0.9753387829313946,0.0212349842212733,-0.451156069315797,-0.9081787604142828
0.9752076724036436,0.0209696451422712,-0.448693855768772,-0.9129566486157028
0.9750783156687922,0.0207050137164803,-0.4461635559451194,-0.9177331371224056
0.9749507053407136,0.0204410803091236,-0.4435647351768401,-0.9225071381804032
0.9748248344616424,0.0201778361379633,-0.4408969841156769,-0.9272775303349988
0.9747006962852908,0.0199152728533414,-0.4381599161587336,-0.932043166132461
0.9745782844742203,0.0196533829810043,-0.4353531735429179,-0.9368028642688364
0.9744575930580536,0.0193921598758093,-0.4324764287857512,-0.941555410651907
0.9743386163103536,0.0191315974934993,-0.4295293839893238,-0.946299562870253
0.9742213489114866,0.0188716907840806,-0.4265117770684501,-0.9510340434363151
0.9741057858015958,0.0186124354151174,-0.4234233806250434,-0.9557575453116508
0.973991922308099,0.0183538281022587,-0.4202640078502121,-0.9604687264736884
0.9738797539110506,0.0180958661271886,-0.4170335087448603,-0.9651662193857764
0.9737692764581511,0.0178385478729307,-0.413731778672769,-0.9698486220378796
0.97366048607682,0.0175818726820053,-0.4103587589046073,-0.9745145014411374
0.9735533789286596,0.0173258403245439,-0.4069144315932422,-0.9791624043051051
0.9734479515715118,0.0170704519055517,-0.403398833780131,-0.9837908416726124
0.973344200651138,0.0168157091896047,-0.3998120505628205,-0.9883983024362436
0.9732421229670948,0.0165616148076098,-0.3961542198089878,-0.992983250933547
0.9731417156123012,0.0163081726686207,-0.3924255402842563,-0.9975441210204872
0.973042975694679,0.0160553873297482,-0.3886262647082179,-1.002079329068522
0.9729458999936272,0.0158032631407393,-0.3847566880769311,-1.006587290898474
0.9728504858506168,0.0155518065890237,-0.3808171849503659,-1.011066381557163
0.9727567303386472,0.0153010242182419,-0.3768081797047907,-1.0155149745407592
0.9726646305506716,0.0150509234176161,-0.3727301600086418,-1.0199314296425268
0.9725741834951128,0.0148015121930501,-0.368583674650511,-1.0243140991107462
0.9724853859664312,0.0145527988459763,-0.3643693292758926,-1.0286613353941718
0.972398234529336,0.0143047919469938,-0.3600877865645707,-1.032971493668147
0.9723127257085312,0.0140575009059517,-0.355739776855406,-1.037242924126212
0.9722288556600034,0.0138109350619479,-0.3513260830404677,-1.0414739900263223
0.9721466207024476,0.0135651052734834,-0.3468475695739799,-1.045663042715861
0.9720660163434884,0.0133200210569075,-0.3423051311906886,-1.0498084729022563
0.97198703777026,0.0130756919925359,-0.3376997172167306,-1.0539086884186455
0.9719096797349952,0.0128321273595219,-0.3330323242310797,-1.0579621224109734
0.9718339373598872,0.0125893387039649,-0.3283040455286555,-1.061967193033848
0.9717598046062088,0.0123473349971335,-0.3235159775104765,-1.0659223860311748
0.9716872751330948,0.0121061252658377,-0.3186692682711808,-1.0698262124857254
0.971616342262245,0.0118657184675072,-0.313765114356654,-1.073677212864395
0.9715469988490276,0.0116261230235932,-0.3088047500741021,-1.077473966297217
0.9714792374789862,0.0113873474546938,-0.3037894591786005,-1.0812150821503097
0.971413050111108,0.0111493990840467,-0.2987205461873809,-1.084899221954805
0.9713484281965328,0.0109122843412661,-0.2935993401122503,-1.0885250954799996
0.9712853631110048,0.010676010292805,-0.2884272257242659,-1.0920914386243858
0.97122384492279,0.0104405799324572,-0.2832055381284774,-1.0955970853434434
0.971163864263258,0.0102059991139917,-0.2779357124001427,-1.099040863904305
0.9711054108468644,0.0099722708776815,-0.2726191565114559,-1.102421682780702
0.9710484744614382,0.009739399208601,-0.2672573330982725,-1.1057384758291722
0.970993043954871,0.0095073848437429,-0.2618516611344527,-1.10899026287757
0.970939107906339,0.0092762277770862,-0.2564035695136525,-1.1121761128794063
0.9708866551370692,0.0090459294251274,-0.2509145466132629,-1.1152951149252837
0.9708356735479232,0.0088164874965063,-0.2453860164910437,-1.1183464484699182
0.970786151032064,0.0085878997648058,-0.2398194250615824,-1.121329330795122
0.9707380756139642,0.0083601647322021,-0.2342162552654271,-1.1242430093298168
0.9706914347226534,0.0081332781328675,-0.2285779392907368,-1.127086806562649
0.9706462155679096,0.0079072344398081,-0.2229058918439591,-1.1298600986239598
0.9706024053883564,0.0076820279658898,-0.2172015354071243,-1.1325623008865688
0.97055999131851,0.0074576521156329,-0.2114662796179729,-1.135192876680518
0.9705189606455378,0.0072341006567821,-0.2057015519639733,-1.1377513218540765
0.9704793002433246,0.0070113645388593,-0.1999087139154877,-1.1402372004691934
0.9704409970536152,0.0067894342621595,-0.1940891191133008,-1.142650115394105
0.9704040382712986,0.0065683009218453,-0.1882441395800015,-1.1449896966834638
0.970368410980024,0.0063479540095883,-0.1823751065492579,-1.1472556246227934
0.970334102329932,0.0061283822794307,-0.1764833312063314,-1.1494476186587037
0.9703010995556076,0.0059095737272629,-0.1705701025283371,-1.1515654362374002
0.9702693900592304,0.0056915160238402,-0.1646366975681246,-1.1536088673557912
0.9702389613450834,0.0054741959688501,-0.158684365386219,-1.155577738575532
0.9702098010597988,0.0052575996136679,-0.152714328964156,-1.1574719102199102
0.9701818972749466,0.005041714331789,-0.1467278415101925,-1.159291257641657
0.9701552379070874,0.0048265243238959,-0.1407260611903382,-1.161035708605911
0.9701298112646954,0.0046120146027502,-0.1347101601347916,-1.16270520733075
0.970105605820893,0.004398169133137,-0.1286812720281791,-1.1642997288433836
0.9700826105839128,0.0041849740879878,-0.1226405834191403,-1.1658192540561263
0.9700608144779233,0.0039724122381856,-0.1165891747358022,-1.1672638100742343
0.9700402067508314,0.0037604663098689,-0.1105281139042473,-1.1686334428568437
0.9700207770869308,0.0035491202367607,-0.1044584921377666,-1.1699282090913248
0.9700025154371557,0.0033383575238217,-0.0983813771452518,-1.1711481868459388
0.9699854120455262,0.003128161443373,-0.0922978183449375,-1.1722934732425727
0.9699694572491356,0.0029185122345423,-0.0862087650808907,-1.1733641973146651
0.9699546419056168,0.0027093922081496,-0.0801152140625466,-1.174360490785081
0.9699409573357104,0.0025007857087648,-0.0740182092090728,-1.1752824911999322
0.969928394982157,0.0022926741388208,-0.067918696375194,-1.176130364298202
0.9699169466342752,0.0020850387791058,-0.0618176051218426,-1.17690428834993
0.9699066045069834,0.0018778624064139,-0.0557158964374574,-1.1776044482079977
0.969897361065225,0.0016711260651978,-0.049614467897454,-1.1782310466019144
0.9698892091314372,0.0014648107756824,-0.0435142037842166,-1.178784296314891
0.969882141948326,0.0012588995160064,-0.0374160339791105,-1.1792644153575187
0.9698761530135892,0.0010533729344646,-0.0313208072653784,-1.179671637650732
0.9698712362256529,0.0008482133766084,-0.0252294106539954,-1.1800062026099796
0.9698673858038772,0.0006434027143938,-0.0191427052815085,-1.1802683600616073
0.9698645962840649,0.000438920895411,-0.013061483344173,-1.1804583700668314
0.969862862587642,0.0002347493806583,-0.0069865704766079,-1.1805764977400948
0.96986217998266,3.08720567704e-05,-0.0009188532567524,-1.180623015452196
0.9698625440495918,-0.0001727313667767,0.0051409170942492,-1.1805982047306427
0.9698639523311308,-0.0003762481004501,0.0111969663666044,-1.180502243439273
0.969866408406386,-0.0005800182461107,0.0172580668986297,-1.1803349280642772
0.9698699164314476,-0.0007840596412732,0.0233233903432997,-1.180096046080545
0.969874480891846,-0.0009883901805347,0.0293921008093994,-1.1797853931835802
0.9698801065843254,-0.0011930271425402,0.0354633347301159,-1.179402774906867
0.9698867985872298,-0.0013979867851158,0.0415361888479505,-1.1789480090224285
0.9698945624402412,-0.0016032894347763,0.0476098708014011,-1.1784209137356154
0.9699034038824832,-0.0018089514205409,0.0536834599930807,-1.1778213259065085
0.9699133290999388,-0.0020149919750193,0.0597561117314294,-1.1771490846901629
0.9699243446513296,-0.0022214305550274,0.0658269775346936,-1.176404037050759
0.9699364571774944,-0.0024282819836675,0.0718950625493118,-1.1755860578659014
0.9699496738296596,-0.0026355647119984,0.077959468646742,-1.174695021418801
0.969964002049146,-0.0028432964157205,0.0840192647160548,-1.1737308167986011
0.9699794497210008,-0.0030514962518424,0.0900735524796834,-1.172693338067396
0.9699960247472632,-0.003260179178932,0.0961213014323012,-1.171582513419272
0.9700137357288964,-0.0034693650238011,0.1021616123523982,-1.1703982599170777
0.9700325912429336,-0.0036790692863925,0.1081934507747056,-1.169140532461289
0.9700526003884576,-0.0038893098797964,0.1142158422028611,-1.1678092877472654
0.9700737722510644,-0.0041001013155468,0.1202277053324559,-1.166404520445055
0.9700961167348182,-0.0043114632067545,0.1262280952557111,-1.164926208443211
0.9701196436137988,-0.0045234107345185,0.1322159315443794,-1.1633743763228706
0.9701443630050652,-0.00473595960733,0.1381901405762084,-1.1617490643771795
0.9701702851435902,-0.0049491241367339,0.1441496018209877,-1.1600503438660397
0.9701974208933026,-0.0051629214674016,0.1500932665451359,-1.1582782839733163
0.9702257810780212,-0.0053773660590176,0.156020003854416,-1.15643299611743
0.9702553766447258,-0.0055924713607739,0.161928649143496,-1.1545146234449752
0.9702862190872872,-0.0058082529084619,0.1678180897255856,-1.152523313742177
0.9703183200675192,-0.0060247254461157,0.1736871856974929,-1.150459244501438
0.9703516911247004,-0.0062419012053121,0.1795347249809356,-1.1483226417263883
0.9703863439860848,-0.0064597922452361,0.185359488632695,-1.1461137599853053
0.9704222905363884,-0.0066784103017527,0.1911602477193996,-1.1438328845351642
0.9704595430739904,-0.0068977683271563,0.1969358047499912,-1.141480315299947
0.9704981138351382,-0.007117877635767,0.2026849188820425,-1.1390563971840226
0.970538015247041,-0.0073387495305487,0.2084063503653589,-1.1365615040106478
0.9705792590592316,-0.0075603907091021,0.21409874388499,-1.1339960924880326
0.9706218579550916,-0.007782812210848,0.2197608613843231,-1.131360601362624
0.970665824055704,-0.0080060213399336,0.2253913752487334,-1.128655544445912
0.970711169812136,-0.0082300265176554,0.2309889942870094,-1.1258814548334075
0.970757907426898,-0.0084548343984317,0.2365523923836117,-1.1230389201283637
0.9708060491031076,-0.008680451254186,0.2420802454195256,-1.12012856648657
0.970855606817546,-0.0089068820058716,0.2475712094522985,-1.1171510716611035
0.9709065925429412,-0.0091341313742227,0.2530239509881107,-1.114107150742549
0.9709590180359132,-0.0093622030008215,0.2584371276145893,-1.110997568026074
0.9710128945123876,-0.0095910982190904,0.2638093618650504,-1.107823154934501
0.9710682336195868,-0.0098208203145107,0.2691393437406525,-1.10458475147453
0.9711250460506544,-0.0100513687584605,0.2744256978096728,-1.101283286501095
0.9711833429259342,-0.0102827450548647,0.2796671212354519,-1.0979196954628287
0.9712431344239172,-0.0105149472739036,0.2848622605868544,-1.0944949984804022
0.9713044311535466,-0.0107479755827524,0.2900098392057693,-1.091010219642115
0.9713672423140604,-0.0109818252603582,0.2951085040536524,-1.0874664903136524
0.971431577335284,-0.0112164931209483,0.30015697113336,-1.0838649535188305
0.9714974454411328,-0.0114519758280674,0.3051539888418147,-1.0802067874480137
0.9715648550532344,-0.0116882678486984,0.310098296722028,-1.0764932365567732
0.9716338143812048,-0.0119253636814931,0.3149886753551127,-1.0727255764377397
0.9717043311216936,-0.0121632568575639,0.3198239271177831,-1.0689051283337916
0.9717764124131498,-0.0124019398897962,0.3246028775367215,-1.065033259113742
0.9718500651752354,-0.0126414054669048,0.3293244010429286,-1.0611113606923288
0.9719252960002897,-0.0128816461030115,0.3339874147283798,-1.0571408539164788
0.9720021110254086,-0.0131226537631602,0.3385908722105639,-1.0531231931435905
0.972080515244618,-0.0133644178151014,0.3431337269274227,-1.049059899325968
0.9721605142239192,-0.0136069304099148,0.3476150353127483,-1.0449524682991005
0.972242112442102,-0.0138501813542186,0.3520338605620906,-1.0408024548283357
0.9723253141391912,-0.0140941607745736,0.3563893238184953,-1.036611426134978
0.9724101235390956,-0.0143388597353672,0.3606806146947778,-1.0323809489673192
0.9724965444904696,-0.0145842691591602,0.3649069715650273,-1.0281126059429777
0.9725845798819192,-0.0148303782207545,0.3690676549947319,-1.0238080218336962
0.9726742331932876,-0.0150771787227609,0.3731620224197656,-1.0194687852731563
0.9727655070623544,-0.0153246610465399,0.3771894586740614,-1.0150965173449726
0.9728584042225148,-0.0155728167473469,0.3811494190891169,-1.010692824124796
0.972952927225166,-0.0158216377477394,0.3850414149226087,-1.0062593087635476
0.9730490783363293,-0.0160711160487556,0.3888650080960485,-1.0017975747391947
0.97314685984168,-0.0163212445026088,0.3926198221766174,-0.9973092101954348
0.973246274034211,-0.0165720167261944,0.3963055393435437,-0.9927957875719168
0.9733473230512616,-0.0168234266494665,0.3999218922678575,-0.9882588699693468
0.9734500091948636,-0.0170754692784754,0.4034686736921485,-0.9836999957338184
0.9735543346216275,-0.0173281398811675,0.4069457230792828,-0.9791206915685952
0.9736603017266214,-0.0175814348848825,0.4103529375012412,-0.9745224548180896
0.9737679129846746,-0.0178353514329772,0.4136902634139785,-0.9699067600888054
0.973877170971254,-0.0180898873909763,0.416957694932697,-0.965275057870104
0.9739880786025388,-0.0183450418536379,0.4201552782783424,-0.9606287641325052
0.9741006386406637,-0.0186008139555286,0.4232830948013063,-0.9559692809210814
0.974214854387898,-0.0188572044207961,0.4263412784161061,-0.9512979671806736
0.974330729419174,-0.0191142148823955,0.4293300046349963,-0.9466161503024474
0.9744482673143094,-0.0193718472490821,0.4322494813739597,-0.9419251369196164
0.974567472219002,-0.0196301049017511,0.4350999608104368,-0.937226190479662
0.974688348319326,-0.0198889914946664,0.4378817237602076,-0.932520552530744
0.9748109002064408,-0.0201485117124726,0.4405950863395786,-0.9278094284875704
0.974935132844568,-0.020408671151076,0.4432403965480394,-0.9230939894528688
0.9750610514583355,-0.0206694760407561,0.4458180295515077,-0.918375376967986
0.9751886615888608,-0.0209309333314742,0.4483283868928437,-0.9136547012558516
0.975317969142861,-0.0211930507591048,0.4507718954108938,-0.9089330398978398
0.9754489803942524,-0.0214558368131788,0.4531490052048673,-0.904211438367854
0.9755817019568264,-0.0217193006499858,0.4554601872167324,-0.8994909116056814
0.9757161407408188,-0.0219834519799715,0.4577059307769288,-0.894772446085768
0.9758523040146414,-0.0222483011658572,0.4598867430731211,-0.8900569981577682
0.975990199397232,-0.022513859182412,0.4620031474122824,-0.8853454949233303
0.9761298348615493,-0.0227801376001808,0.4640556817654293,-0.8806388347251617
0.97627121872521,-0.0230471485464311,0.466044897208331,-0.8759378880754789
0.9764143595388466,-0.0233149044783498,0.467971355132437,-0.8712435018939368
0.976559266277412,-0.0235834185281119,0.4698356287323263,-0.8665564937167172
0.9767059482689392,-0.023852704349429,0.4716383007322642,-0.861877654740648
0.9768544150425142,-0.0241227758266809,0.4733799605113465,-0.8572077551981422
0.9770046765025872,-0.0243936473857589,0.4750612053473459,-0.8525475392815218
0.9771567428362306,-0.0246653338136707,0.4766826383669235,-0.8478977286362506
0.9773106246292248,-0.0249378504562494,0.4782448689100966,-0.8432590193600906
0.977466332607806,-0.0252112127516393,0.4797485090728638,-0.8386320903440216
0.977623877832795,-0.0254854365721032,0.4811941750937651,-0.8340175977949579
0.9777832716504912,-0.0257605381307897,0.4825824861497425,-0.8294161772251872
0.9779445257612124,-0.0260365340940634,0.4839140642763259,-0.8248284419917172
0.978107652033881,-0.026313441259362,0.4851895322143433,-0.8202549890702222
0.978272662584524,-0.0265912766916166,0.4864095136662331,-0.8156963971305075
0.9784395698867508,-0.0268700579066067,0.4875746335872262,-0.8111532239414718
0.9786083865937856,-0.0271498025698954,0.4886855163975591,-0.806626011717474
0.9787791256385826,-0.0274305286656369,0.4897427863147601,-0.8021152847407643
0.9789518001939942,-0.0277122544304435,0.4907470666846781,-0.7976215508356346
0.9791264235768092,-0.0279949982000627,0.4916989791287403,-0.7931453041726939
0.979303009286278,-0.0282787784785447,0.4925991435725486,-0.7886870244790707
0.9794815713339317,-0.0285636144675514,0.4934481795351144,-0.784247169151435
0.979662123582024,-0.0288495250087311,0.4942467025560433,-0.7798261902029808
0.9798446803613426,-0.0291365295762416,0.4949953269842613,-0.7754245191015561
0.98002925614212,-0.029424647754321,0.4956946641427956,-0.7710425752996244
0.980215865703412,-0.0297138995072193,0.4963453227945736,-0.766680762465713
0.9804045238068602,-0.0300043046779551,0.4969479078038268,-0.7623394763997348
0.9805952454648146,-0.0302958834134763,0.4975030210150091,-0.7580190988831921
0.9807880460251084,-0.030588656295367,0.4980112612177997,-0.7537199961634424
0.9809829410160894,-0.030882644105311,0.4984732234574709,-0.7494425228298698
0.981179945811166,-0.0311778673305981,0.4988894982473925,-0.7451870292264776
0.9813790763981431,-0.0314743473286107,0.4992606732047521,-0.7409538448787746
0.9815803488055268,-0.0317721054664658,0.4995873315354902,-0.7367432913634814
0.9817837792150446,-0.0320711632993267,0.4998700522408693,-0.7325556799932975
0.981989383886518,-0.0323715424690075,0.500109409965147,-0.7283913134998872
0.9821971795505988,-0.0326732652838717,0.5003059753346215,-0.7242504783223848
0.9824071827425296,-0.0329763537543236,0.5004603141324817,-0.7201334582473916
0.9826194104269632,-0.0332808305099219,0.5005729878676071,-0.7160405220675686
0.9828338796475122,-0.0335867182974733,0.5006445533509623,-0.711971930782955
0.983050607720944,-0.0338940402671409,0.5006755627227785,-0.7079279340563552
0.9832696120761538,-0.034202819749682,0.5006665633097738,-0.7039087734929824
0.9834909103423536,-0.0345130803900497,0.5006180975880247,-0.6999146811603427
0.98371452095075,-0.0348248469908644,0.5005307028105209,-0.695945869229447
0.9839404620092758,-0.0351381439407206,0.5004049111531234,-0.6920025505609891
0.9841687511397836,-0.0354529950177572,0.5002412502143703,-0.6880849409166789
0.9843994070161902,-0.0357694255266527,0.5000402420131737,-0.6841932324603186
0.9846324479934916,-0.0360874604090617,0.4998024037648653,-0.6803276177492933
0.9848678925368164,-0.0364071248509206,0.4995282476702325,-0.6764882822763771
0.985105759717063,-0.0367284449610759,0.4992182802271199,-0.6726753966873271
0.9853460683433872,-0.0370514466024487,0.498873003197552,-0.6688891311008518
0.9855888375243316,-0.0373761561644223,0.4984929129410153,-0.665129646073767
0.9858340867082886,-0.0377026006216402,0.498078500220479,-0.6613970923337622
0.986081835126018,-0.038030806801463,0.4976302511081665,-0.657691619431845
0.986332102432492,-0.0383608022501804,0.4971486459073952,-0.654013366048949
0.986584908748689,-0.0386926152898105,0.4966341588866416,-0.6503624598887687
0.986840273995967,-0.0390262741518894,0.4960872595576517,-0.6467390275672366
0.9870982183210532,-0.0393618075505068,0.4955084118728576,-0.6431431884280452
0.9873587621715154,-0.0396992447888687,0.4948980739917144,-0.6395750537406752
0.9876219259300008,-0.0400386152959198,0.4942566991058918,-0.6360347318851359
0.9878877304553588,-0.0403799493373828,0.4935847341362836,-0.6325223211309942
0.9881561964397576,-0.0407232771985238,0.4928826212880751,-0.6290379184138762
0.988427345224836,-0.0410686302421054,0.4921507959427126,-0.6255816087750773
0.9887011979914464,-0.0414160398822815,0.4913896887326875,-0.6221534761033701
0.9889777761370576,-0.0417655380813004,0.4905997245713334,-0.6187535982956411
0.989257101192935,-0.0421171572568573,0.4897813228691564,-0.6153820484356347
0.9895391950460596,-0.0424709305736236,0.4889348968631923,-0.6120388922815598
0.989824079846412,-0.0428268918365435,0.4880608538336143,-0.6087241896660094
0.9901117776214576,-0.0431850750233552,0.4871595962911583,-0.6054379990810885
0.9904023106623208,-0.0435455147833174,0.4862315208207196,-0.6021803732029037
0.9906957015135214,-0.0439082464367271,0.4852770180811415,-0.5989513592254854
0.9909919729111224,-0.0442733059117458,0.4842964729852871,-0.5957509997279474
0.9912911478067544,-0.0446407297885156,0.4832902646125215,-0.5925793325600167
0.991593249046168,-0.0450105549208864,0.4822587673035401,-0.5894363943132672
0.9918983000663564,-0.0453828193070002,0.4812023482976136,-0.586322213115149
0.9922063242360212,-0.0457575612964249,0.4801213699630891,-0.5832368156905325
0.9925173453216964,-0.0461348201759258,0.4790161881888556,-0.5801802227031215
0.9928313869337012,-0.0465146355135162,0.4778871543424898,-0.5771524543640645
0.9931484728969016,-0.0468970476283166,0.4767346139851062,-0.5741535267609285
0.9934686274431376,-0.0472820978389219,0.4755589061530741,-0.5711834502358953
0.9937918747331332,-0.0476698279054568,0.4743603650992171,-0.5682422340062293
0.9941182393004752,-0.0480602805830297,0.4731393186699686,-0.5653298821258482
0.994447745740824,-0.0484534992678572,0.4718960894530911,-0.5624463964517988
0.9947804186874588,-0.0488495279900435,0.4706309948920042,-0.559591776853274
0.9951162831384398,-0.0492484118242807,0.4693443460494447,-0.5567660184695368
0.9954553642798356,-0.0496501966992605,0.4680364482678052,-0.5539691134080008
0.9957976869601122,-0.0500549287987132,0.4667076032178398,-0.5512010550550315
0.9961432768442654,-0.050462655950584,0.4653581044401147,-0.5484618287027564
0.9964921594848816,-0.0508734265496078,0.4639882409311752,-0.5457514192955034
0.9968443602866284,-0.0512872895429915,0.4625982973172895,-0.5430698115597556
0.9971999053195691,-0.0517042954114866,0.4611885506523611,-0.5404169838411517
0.9975588201579256,-0.0521244948309675,0.4597592750075772,-0.5377929169678981
0.9979211310064108,-0.0525479400205395,0.4583107370136744,-0.5351975858536456
0.9982868638477622,-0.0529746837707632,0.4568431992495274,-0.532630965842032
0.998656044948679,-0.0534047800637836,0.4553569182267747,-0.5300930290645435
0.9990287007702104,-0.0538382839963637,0.4538521447402113,-0.5275837452032429
0.9994048574828748,-0.0542752512459562,0.4523291258278298,-0.5251030847535156
0.9997845418854804,-0.0547157391694876,0.4507881010541891,-0.5226510129194909
1.0001677803997266,-0.055159805666518,0.4492293065750517,-0.5202274962983209
1.0005545998354777,-0.0556075101000205,0.4476529720301951,-0.5178324979089762
1.0009450269534406,-0.0560589128222725,0.4460593223113906,-0.5154659800415227
1.0013390884266504,-0.0565140751653929,0.4444485777157596,-0.5131279044233676
1.001736811068176,-0.0569730597399958,0.4428209530064954,-0.5108182308320969
1.002138221799019,-0.057435930433945,0.44117665752959,-0.508536917342941
1.0025433471801326,-0.057902751910327,0.4395158971175798,-0.5062839229495838
1.0029522148196142,-0.0583735912672358,0.4378388683043481,-0.504059199758546
1.0033648510844522,-0.0588485154410099,0.4361457676885204,-0.5018627056415625
1.0037812836604385,-0.0593275941949631,0.4344367814144097,-0.4996943903128482
1.0042015386413743,-0.0598108968113084,0.4327120970920017,-0.4975542107368244
1.0046256430552238,-0.0602984950411062,0.4309718934047377,-0.4954421177789972
1.005053624057957,-0.0607904622203836,0.4292163433899132,-0.4933580606106801
1.005485508227396,-0.0612868725042121,0.427445617305095,-0.4913019900977879
1.0059213221175731,-0.0617878015510307,0.4256598803182767,-0.4892738559393458
1.0063610921626427,-0.0622933264602852,0.4238592928640986,-0.4872736070952811
1.0068048453385456,-0.0628035265827233,0.4220440078972579,-0.4853011888280505
1.0072526080058368,-0.0633184822414514,0.4202141755891838,-0.4833565479577391
1.007704406192771,-0.0638382751095367,0.4183699421171717,-0.4814396313758958
1.008160266007618,-0.064362988738155,0.416511447929526,-0.4795503842128588
1.0086202133257491,-0.0648927082522692,0.414638828971241,-0.4776887511527609
1.009084273868046,-0.0654275204979623,0.4127522163069479,-0.4758546760421034
1.009552473333763,-0.0659675142546585,0.4108517355226183,-0.4740481013409118
1.010024836786032,-0.0665127795869208,0.4089375091558502,-0.4722689704319844
1.0105013892611423,-0.0670634086088467,0.4070096541511345,-0.4705172251564072
1.0109821558513683,-0.067619495645079,0.4050682814611961,-0.4687928055519453
1.0114671605493295,-0.0681811359598496,0.4031135006366832,-0.4670956539155229
1.0119564276685649,-0.0687484274671343,0.4011454140055659,-0.4654257095891514
1.012449981208856,-0.0693214700675184,0.3991641191586567,-0.4637829112400362
1.0129478443659992,-0.0699003651497835,0.3971697108235664,-0.4621671983563424
1.0134500398898547,-0.0704852160779746,0.3951622793223838,-0.4605785098612848
1.0139565904118046,-0.0710761286486233,0.3931419091655304,-0.4590167830076286
1.0144675185083771,-0.0716732112459186,0.3911086787085279,-0.4574819532165506
1.01498284526988,-0.0722765732487644,0.3890626657380912,-0.4559739582645196
1.0155025922699037,-0.0728863274145157,0.3870039395198467,-0.4544927322556493
1.0160267797107367,-0.0735025877927876,0.3849325680455189,-0.4530382109706468
1.0165554275500732,-0.0741254711310571,0.3828486134331704,-0.4516103284465091
1.0170885554510805,-0.0747550969092489,0.3807521320090598,-0.4502090171170352
1.017626181383919,-0.0753915857786232,0.3786431796664632,-0.4488342113354062
1.0181683242006123,-0.0760350627007215,0.3765218016104809,-0.447485840572114
1.0187150008659962,-0.076685653768988,0.3743880430816952,-0.4461638364367229
1.0192662274978024,-0.0773434875332144,0.3722419451013681,-0.4448681297398474
1.019822020161885,-0.0780086960535223,0.370083541223176,-0.443598648547801
1.0203823933895566,-0.0786814132366271,0.3679128631401141,-0.4423553215379259
1.0209473609786033,-0.0793617758979443,0.3657299373870079,-0.4411380759368885
1.021516935669201,-0.0800499234837012,0.3635347864163948,-0.4399468380993384
1.022091129809818,-0.0807459989916092,0.3613274258498493,-0.4387815319959582
1.022669954336762,-0.0814501478576564,0.3591078682216284,-0.4376420812242664
1.0232534187279674,-0.0821625180129327,0.3568761229364336,-0.4365284088269001
1.023841531756268,-0.0828832609244771,0.3546321931733709,-0.4354404356551137
1.024434300803556,-0.0836125308878227,0.352376078298368,-0.434378081546271
1.0250317319328213,-0.0843504852430319,0.3501077733586466,-0.4333412649808582
1.0256338299160423,-0.0850972845427411,0.3478272687431788,-0.4323299028511977
1.026240598011977,-0.0858530924140839,0.3455345507832075,-0.4313439106520211
1.0268520384465198,-0.0866180762997646,0.3432295996899994,-0.4303832015268484
1.0274681513114372,-0.0873924062288113,0.3409123934537132,-0.4294476878402203
1.0280889355692011,-0.0881762562207047,0.3385829037852699,-0.4285372793827308
1.0287143887067969,-0.0889698040128357,0.3362410971564283,-0.4276518837809832
1.029344505816561,-0.0897732300501798,0.3338869379539467,-0.4267914075802381
1.0299792807037649,-0.0905867190499689,0.3315203840355137,-0.4259557544511426
1.0306187048459796,-0.0914104588417782,0.3291413903158453,-0.4251448264104702
1.0312627684861948,-0.0922446419438045,0.3267499043833649,-0.4243585222013176
1.0319114591222769,-0.0930894637925911,0.324345871797524,-0.4235967389938752
1.032564762387511,-0.0939451240558829,0.3219292324778409,-0.4228593710369814
1.033222661537881,-0.0948118261513706,0.3194999222624624,-0.4221463100476741
1.0338851377875402,-0.095689777877894,0.3170578713146865,-0.4214574446152314
1.0345521698924691,-0.0965791910660933,0.314603005298398,-0.4207926604423133
1.0352237336746066,-0.0974802811380735,0.3121352467485342,-0.4201518405495281
1.035899802867715,-0.09839326844232,0.3096545115716773,-0.4195348642001343
1.0365803484658025,-0.0993183776006817,0.3071607110475821,-0.4189416073269049
1.0372653379968682,-0.1002558367290531,0.3046537540742228,-0.4183719428752486
1.0379547369893716,-0.1012058796593786,0.3021335413739927,-0.4178257392992558
1.0386485072381986,-0.1021687438000241,0.2995999714070281,-0.4173028617700058
1.0393466075411657,-0.1031446713722292,0.2970529372250457,-0.4168031712786978
1.040048993552644,-0.1041339094545976,0.2944923265475743,-0.4163265245107828
1.040755617629353,-0.1051367100208255,0.2919180218517248,-0.4158727737096503
1.0414664280814248,-0.1061533291275636,0.2893299026117835,-0.4154417668746158
1.0421813700204905,-0.1071840283768184,0.2867278417075762,-0.4150333469355895
1.042900384621979,-0.1082290741372239,0.2841117075962683,-0.4146473519496713
1.0436234090827288,-0.1092887377523915,0.2814813639355302,-0.4142836148259771
1.0443503762022712,-0.1103632952031449,0.2788366705618008,-0.4139419632335284
1.0450812149010016,-0.111453028156989,0.27617748104573,-0.4136222190534159
1.0458158498683694,-0.1125582237611707,0.2735036433962755,-0.4133241982909629
1.0465542007788442,-0.1136791737681871,0.2708150023227723,-0.4130477110945265
1.0472961829445446,-0.11481617582631,0.2681113962526628,-0.4127925611782668
1.0480417065162595,-0.1159695325895292,0.2653926596173542,-0.4125585458200763
1.048790676528603,-0.1171395521032772,0.26265862205011,-0.4123454555096618
1.0495429930247664,-0.118326548341506,0.2599091072728475,-0.412153073608518
1.0502985505497655,-0.1195308407677196,0.2571439342697937,-0.4119811761873235
1.051057237672694,-0.1207527539185477,0.2543629183468427,-0.411829531793991
1.051818937636389,-0.1219926188080092,0.2515658680424563,-0.4116979009873523
1.052583527370959,-0.1232507717194817,0.2487525880127017,-0.4115860362158732
1.0533508775363951,-0.1245275546423303,0.2459228781338444,-0.4114936814515992
1.054120852519493,-0.1258233156637703,0.2430765327458923,-0.4114205718588974
1.0548933100562476,-0.1271384087503139,0.2402133412560853,-0.4113664335071025
1.05566810110232,-0.1284731939474463,0.2373330878093259,-0.4113309830414351
1.056445069182112,-0.129828036683119,0.2344355528810201,-0.41131392736357
1.0572240506961408,-0.1312033087254767,0.2315205112912399,-0.4113149632565553
1.0580048746603297,-0.1325993881956575,0.2285877322963567,-0.4113337770565811
1.0587873633720943,-0.134016661276601,0.2256369761581281,-0.4113700443647306
1.059571329678598,-0.1354555177873578,0.2226680034955913,-0.4114234295984557
1.060356578053966,-0.1369163535354741,0.2196805703386907,-0.411493585593831
1.0611429046353529,-0.1383995708918041,0.216674427023909,-0.4115801532484988
1.061930096347345,-0.1399055776644125,0.213649320547019,-0.4116827610644304
1.062717931021732,-0.1414347878266992,0.2106049931131495,-0.4118010247684089
1.0635061770750711,-0.142987621439813,0.2075411823425351,-0.4119345468926874
1.0642945933447991,-0.1445645048954217,0.2044576208389888,-0.4120829163736856
1.0650829285062426,-0.1461658703319922,0.201354037373437,-0.4122457080654348
1.065870920806935,-0.1477921556642147,0.1982301568299009,-0.4124224822872614
1.0666582981613573,-0.1494438053870988,0.1950856986831523,-0.4126127844581082
1.0674447773836384,-0.1511212696182179,0.1919203788645274,-0.4128161445335732
1.0682300641593236,-0.1528250046701818,0.1887339086787826,-0.4130320765978945
1.0690138521726829,-0.1545554718155647,0.1855259971121259,-0.4132600782242058
1.0697958236541747,-0.1563131391519659,0.1822963473463691,-0.4134996302217318
1.0705756481669126,-0.1580984796211813,0.1790446604281387,-0.4137501958769634
1.0713529830660875,-0.159911972758354,0.1757706320419972,-0.4140112206823215
1.0721274724010756,-0.1617541029242673,0.1724739557173781,-0.4142821315707846
1.072898747334876,-0.1636253610622764,0.1691543196442266,-0.4145623366414248
1.0736664249837258,-0.1655262427424244,0.1658114101551608,-0.4148512243344411
1.0744301084857797,-0.167457249120282,0.1624449099702263,-0.4151481630216342
1.0751893866284017,-0.1694188868935709,0.1590544982579406,-0.4154525004428707
1.07594383345691,-0.1714116682315994,0.1556398507423375,-0.4157635631261366
1.076693007538544,-0.1734361097832017,0.1522006413667194,-0.4160806556501352
1.077436452126697,-0.1754927340955359,0.1487365398330603,-0.4164030602713686
1.0781736942349838,-0.1775820681514025,0.1452472140622685,-0.4167300360878969
1.0789042445362511,-0.1797046441510454,0.1417323288349399,-0.417060818540145
1.0796275972626928,-0.1818610004637958,0.1381915442284934,-0.4173946189198246
1.080343228641129,-0.1840516782391476,0.134624521177971,-0.4177306231889333
1.0810505978402911,-0.1862772255139854,0.1310309147144715,-0.418067991941881
1.081749145356467,-0.1885381936812689,0.1274103797276765,-0.4184058591686289
1.0824382935575545,-0.1908351406886913,0.1237625658110235,-0.4187433320207298
1.0831174453158574,-0.1931686282373706,0.1200871217817061,-0.4190794896469557
1.0837859839752018,-0.1955392233229794,0.1163836932364828,-0.4194133826536765
1.084443273011837,-0.1979474990327535,0.1126519213869465,-0.419744032405757
1.0850886548625636,-0.2003940323954427,0.1088914464769292,-0.4200704298859595
1.0857214511174376,-0.2028794073233413,0.1051019033186632,-0.4203915352157049
1.0863409613315436,-0.2054042126116173,0.1012829245044771,-0.4207062764541876
1.086946462943387,-0.2079690443730174,0.0974341368552428,-0.4210135489261229
1.0875372099949043,-0.2105745038372398,0.0935551649290482,-0.4213122139071879
1.0881124330569685,-0.2132212004054741,0.0896456266543568,-0.4216010978819592
1.0886713379860362,-0.2159097499885959,0.0857051360738137,-0.4218789911653456
1.0892131056454124,-0.2186407780538319,0.0817332991639405,-0.4221446469571394
1.089736890750897,-0.2214149191027334,0.0777297150023744,-0.4223967798953119
1.0902418208098177,-0.2242328167936181,0.0736939759897092,-0.4226340645953387
1.0907269953827998,-0.2270951263842248,0.0696256648047753,-0.4228551342651395
1.0911914847600122,-0.2300025146800214,0.0655243550330182,-0.4230585789501641
1.0916343292404758,-0.2329556645485352,0.0613896054305833,-0.4232429439357749
1.092054537054009,-0.2359552718681186,0.0572209649531738,-0.4234067274321677
1.0924510834266898,-0.2390020507627128,0.0530179662126246,-0.4235483786163331
1.0928229090353156,-0.2420967369519557,0.0487801218313331,-0.4236662952024901
1.0931689175176111,-0.2452400849062977,0.0445069293897622,-0.423758820509913
1.0934879741302093,-0.2484328763378809,0.040197860963055,-0.4238242406721841
1.093778903120354,-0.2516759209180389,0.0358523635352856,-0.4238607811249947
1.094040485105934,-0.254970059389177,0.0314698562767495,-0.4238666028038662
1.0942714543658578,-0.2583161704582646,0.027049723018296,-0.423839797849117
1.094470495673125,-0.2617151801230554,0.022591301927745,-0.4237783845448144
1.0946362395440774,-0.2651680519062852,0.0180939004712172,-0.4236803019780948
1.0947672589124464,-0.2686758084105493,0.0135567694611775,-0.4235434035402798
1.0948620636430155,-0.2722395267298381,0.0089791117311006,-0.4233654500670757
1.094919095305858,-0.2758603555763159,0.0043600629472112,-0.4231441013349625
1.094936720546128,-0.2795395186787845,-0.0003013093488626,-0.4228769069170359
1.0949132237510386,-0.2832783295503114,-0.0050060207870446,-0.4225612951270334
1.0948467539254412,-0.2870801280475683,-0.0097575782410572,-0.4221943628961524
1.0947352841907962,-0.2909479996743613,-0.0145590727627393,-0.4217730046119379
1.0945766688114718,-0.2948837047911683,-0.0194118754329024,-0.4212940520245438
1.094368630185939,-0.2988891200680617,-0.0243174520684809,-0.4207541444529301
1.0941087462187054,-0.302966236880288,-0.0292773558559409,-0.4201497109908194
1.0937944359995395,-0.3071171713935668,-0.0342932340230985,-0.4194769493913012
1.0934229461308842,-0.3113441497181664,-0.0393668040376277,-0.4187318070210932
1.092991335188683,-0.3156495106496158,-0.0444998512171313,-0.4179099577627955
1.092496461817615,-0.3200356661085698,-0.0496941760176667,-0.4170067856853384
1.0919349741337143,-0.3245050645775615,-0.054951546399102,-0.4160173694659145
1.091303310159698,-0.329060088859092,-0.060273575041266,-0.4149364841712491
1.090597710247697,-0.3337029211770946,-0.0656615631426279,-0.4137586194676284
1.0898142577159162,-0.3384353020997712,-0.0711162280423769,-0.4124780394957933
1.0889489608228682,-0.3432581724665779,-0.076637308080954,-0.411088902038808
1.0879979003622848,-0.3481711432316361,-0.0822229886539387,-0.4095854719793538
1.0869574683217456,-0.353171768472005,-0.0878691310510307,-0.4079624644219988
1.0858247173708446,-0.35825464203078,-0.0935683377833742,-0.4062155439492276
1.0845978084724857,-0.3634104677963016,-0.0993090304693038,-0.4043419583563858
1.083276481561769,-0.3686254249618409,-0.1050748954382265,-0.4023411955224604
1.0818623827710478,-0.3738813285076325,-0.1108452273335116,-0.400215422332816
1.0803590570723471,-0.3791569345189767,-0.1165965059820431,-0.3979694366861674
1.0787715079238382,-0.3844302710988774,-0.1223050154089586,-0.3956100038983398
1.0771054560025264,-0.3896811998984527,-0.1279496000926817,-0.3931447822455187
1.0753665902114808,-0.394893247971075,-0.1335135290112377,-0.3905812641848301
1.0735600390544102,-0.4000542971191715,-0.1389850747283239,-0.3879260521993215
1.0716901484034005,-0.4051562545772876,-0.1443569999396925,-0.3851845795828935
1.0697604763605215,-0.4101942399817471,-0.1496255614141016,-0.3823611364479478
1.0677739020680204,-0.415165683733257,-0.1547894629852873,-0.3794590490132687
1.0657327728518298,-0.4200695419377478,-0.1598489705763444,-0.3764809043830597
1.0636390362530328,-0.4249057198931887,-0.1648052753113326,-0.3734287463301597
1.0614943542525963,-0.4296746578979295,-0.1696600461546923,-0.3703042411226402
1.0593001811197256,-0.4343770792640772,-0.1744151632037746,-0.3671087883092497
1.0570578317823662,-0.4390138077380643,-0.1790725304894634,-0.3638436168778774
1.0547685140470753,-0.4435856911835062,-0.1836340014026649,-0.3605098285964019
1.0524333729363082,-0.4480935162228401,-0.1881012977794152,-0.3571084591684345
1.050053504878583,-0.4525379939430993,-0.1924760016539453,-0.3536404958084708
1.0476299756362444,-0.4569197412694225,-0.1967595429316659,-0.3501069006249142
1.0451638318103695,-0.4612392766360299,-0.2009532012696699,-0.3465086250131906
1.0426561103307703,-0.4654970197687938,-0.2050581117660153,-0.3428466214569781
1.04010784111538,-0.4696933026590031,-0.2090752810729722,-0.339121845666095
1.0375200498702852,-0.4738283785463564,-0.2130056009651309,-0.3353352591675136
1.0348937679211614,-0.4779024187758564,-0.2168498499655089,-0.3314878424229083
1.032230025346167,-0.4819155351932057,-0.2206087187986498,-0.3275805837143564
1.0295298581508252,-0.4858677787741814,-0.2242828127913059,-0.3236144887434243
1.0267943058795204,-0.4897591521014654,-0.2278726669707375,-0.3195905763693801
1.024024414014748,-0.4935896135072143,-0.2313787529674993,-0.3155098814918325
1.0212212311622637,-0.49735908767496,-0.2348014915309812,-0.3113734503672798
1.0183858135281922,-0.5010674653409567,-0.2381412547649636,-0.3071823467614425
1.015519217449244,-0.5047146182335249,-0.2413983819012073,-0.3029376405433775
1.012622507070812,-0.5083003933341487,-0.2445731761453151,-0.2986404187230073
1.0096967494099691,-0.5118246231937498,-0.247665915800225,-0.2942917779100208
1.0067430137918127,-0.515287129754722,-0.2506768592780403,-0.2898928232668632
1.003762371216507,-0.518687727792633,-0.2536062495949296,-0.2854446673984097
1.0007558950379485,-0.5220262265111296,-0.256454317124637,-0.2809484312392454
0.9977246590828018,-0.5253024337389038,-0.2592212844574448,-0.2764052411559894
0.994669738743902,-0.5285161564991354,-0.2619073680277766,-0.2718162305247428
0.9915922079863504,-0.5316672057208564,-0.2645127831197841,-0.2671825352061601
0.9884931380338086,-0.5347553986561895,-0.2670377467539411,-0.262505291529876
0.9853736016227856,-0.5377805556568962,-0.2694824759034203,-0.2577856427137448
0.982234668072212,-0.5407425060797677,-0.2718471931416565,-0.2530247314596324
0.9790774023522604,-0.5436410897192013,-0.274132128442569,-0.2482236985542099
0.975902867016913,-0.5464761555293011,-0.2763375187930803,-0.2433836858433462
0.972712120246674,-0.5492475639233538,-0.278463610608449,-0.2385058333223843
0.9695062144278644,-0.5519551883040458,-0.2805106614202061,-0.2335912770249972
0.9662861971687632,-0.5545989143991212,-0.2824789398328717,-0.2286411506479037
0.963053110234386,-0.5571786413637277,-0.2843687268036866,-0.2236565840085891
0.9598079894810952,-0.5596942819617606,-0.286180316179841,-0.2186387030427567
0.9565518627651296,-0.562145764237541,-0.2879140162592222,-0.2135886266718422
0.95328575005443,-0.5645330313260288,-0.2895701499298313,-0.2085074670619519
0.9500106650409912,-0.5668560402399301,-0.291149054120182,-0.2033963322470774
0.9467276121051208,-0.5691147640208499,-0.2926510815552107,-0.1982563215281284
0.9434375856147986,-0.5713091919813017,-0.2940766010821817,-0.1930885244702039
0.9401415719214418,-0.5734393281631546,-0.2954259968337562,-0.1878940241477771
0.9368405476719224,-0.5755051923276698,-0.2966996690616549,-0.1826738946318983
0.9335354795106378,-0.5775068199264265,-0.2978980342508293,-0.177429200647036
0.9302273231453468,-0.5794442624214504,-0.2990215254119447,-0.1721609962160275
0.9269170231532295,-0.5813175871025232,-0.300070592032278,-0.1668703244705426
0.9236055136942818,-0.583126876416166,-0.301045699757815,-0.1615582189240701
0.920293717321891,-0.5848722283825215,-0.3019473306811027,-0.1562257017123583
0.9169825448976376,-0.586553756344071,-0.3027759832196711,-0.1508737835902976
0.913672894177531,-0.5881715893623162,-0.3035321722868184,-0.1455034617759494
0.9103656510314584,-0.5897258712624492,-0.3042164287772428,-0.1401157220479726
0.9070616891622616,-0.5912167604998414,-0.304829299487623,-0.1347115384401525
0.9037618683977668,-0.5926444306183392,-0.305371347233258,-0.1292918705859987
0.9004670356821998,-0.5940090694453277,-0.305843150403668,-0.1238576654632301
0.8971780241788874,-0.5953108791467155,-0.3062453028687893,-0.1184098560514496
0.8938956521996412,-0.5965500762657857,-0.3065784138014615,-0.1129493596698857
0.8906207264487238,-0.5977268901527183,-0.3068431070761624,-0.1074770834990642
0.8873540374623637,-0.5988415643572912,-0.3070400214707148,-0.1019939171247711
0.8840963611875334,-0.5998943556142797,-0.3071698101354316,-0.0965007352564764
0.8808484597418226,-0.6008855332596168,-0.307233140275685,-0.0909983991307421
0.8776110792517058,-0.601815379556754,-0.3072306929048443,-0.0854877529706834
0.8743849512705796,-0.6026841888730551,-0.307163162455061,-0.0799696264811107
0.8711707887286193,-0.6034922683485228,-0.3070312562890597,-0.0744448279934607
0.8679692913169574,-0.6042399360241903,-0.3068356944032083,-0.0689141537415257
0.8647811461702959,-0.6049275205319673,-0.3065772093566827,-0.0633783892324091
0.8616070217062021,-0.6055553621609138,-0.3062565455266109,-0.0578382986862366
0.8584475708778984,-0.6061238116636523,-0.3058744588631552,-0.052294630701066
0.8553034306643211,-0.6066332299968544,-0.3054317164705452,-0.0467481174381502
0.8521752233069559,-0.607083987779129,-0.3049290964281614,-0.0411994768835908
0.8490635517176015,-0.6074764655722853,-0.3043673866507154,-0.0356494047552935
0.8459690055683489,-0.6078110526142804,-0.3037473854491039,-0.0300985853451826
0.842892155546924,-0.6080881471743992,-0.303069900092869,-0.0245476813153567
0.8398335568845645,-0.6083081557065011,-0.3023357470056066,-0.0189973400070626
0.8367937481646881,-0.608471492598799,-0.3015457511050237,-0.013448191324573
0.833773251330425,-0.6085785797638166,-0.3007007453453503,-0.0079008477435901
0.8307725716026071,-0.6086298462300543,-0.2998015702288042,-0.0023559041450014
0.8277921971190754,-0.6086257277205701,-0.2988490732102288,0.0031860628870508
0.8248321640755026,-0.6085666534609008,-0.2978439561623229,0.008725311520978
0.8218875845209137,-0.6084527899478374,-0.2967850781260839,0.0142714124269124
0.8189589454765339,-0.6082842655046178,-0.295672974706392,0.0198239674901802
0.8160467341677682,-0.6080612130839129,-0.2945081946351503,0.0253825721942878
0.8131514305486387,-0.607783770164053,-0.2932912974145396,0.0309468293583343
0.8102735085943436,-0.607452078897875,-0.292022854016721,0.0365163464056047
0.807413432397415,-0.6070662856741618,-0.2907034453025715,0.0420907426737085
0.804571660995807,-0.6066265416668619,-0.2893336642666175,0.0476696398324163
0.8017486450944648,-0.606133002474418,-0.2879141147315021,0.0532526679656605
0.7989448252290051,-0.6055858276748792,-0.2864454104145508,0.0588394690356883
0.7961606356356031,-0.6049851814539131,-0.2849281769398414,0.0644296890036466
0.7933965033806667,-0.6043312325524276,-0.2833630516160434,0.0700229792091366
0.7906528446140275,-0.6036241533510392,-0.2817506813942924,0.0756190036990385
0.7879300701038221,-0.6028641211783567,-0.2800917261066316,0.081217427747638
0.7852285777312336,-0.6020513162805339,-0.2783868540612796,0.0868179329535527
0.7825487603099857,-0.6011859239374959,-0.2766367468391431,0.0924202009219426
0.7798909977639812,-0.6002681320503422,-0.2748420943950813,0.0980239292328932
0.7772556637515177,-0.5992981331679104,-0.2730035993646146,0.1036288173816111
0.7746431201645445,-0.5982761225447051,-0.2711219733976109,0.1092345781061044
0.7720537199395597,-0.5972022989897153,-0.2691979390232881,0.1148409312502436
0.7694878074725803,-0.596076865037741,-0.2672322300407142,0.1204476025520014
0.7669457151093758,-0.5949000253292024,-0.2652255888310277,0.1260543310608597
0.7644277653482567,-0.5936719873374565,-0.2631787678922452,0.1316608642030842
0.7619342719924316,-0.592392961872894,-0.2610925307943786,0.1372669549395009
0.7594655371995,-0.5910631615101671,-0.2589676497242448,0.1428723681196645
0.7570218522221751,-0.5896828006971302,-0.2568049059177346,0.1484768787170526
0.7546034992191957,-0.5882520966250363,-0.2546050911845316,0.1540802674723451
0.7522107474234708,-0.5867712668263487,-0.2523690043588493,0.1596823295507914
0.7498438576267674,-0.5852405316353356,-0.2500974552606067,0.1652828639780041
0.7475030778478258,-0.5836601113216726,-0.2477912605349755,0.1708816836014726
0.7451886466506078,-0.5820302279803748,-0.2454512466591202,0.176478607118993
0.7429007890860965,-0.5803511024726283,-0.2430782457112294,0.182073468722567
0.740639720485376,-0.5786229567501782,-0.2406730989490765,0.1876661088871547
0.7384056453638893,-0.5768460128958346,-0.2382366555862885,0.1932563768350923
0.7361987552806153,-0.575020491075992,-0.2357697702054084,0.1988441358504849
0.7340192330363878,-0.5731466126172355,-0.2332733071562598,0.204429252653591
0.731867247965098,-0.5712245957921037,-0.2307481350660378,0.2100116092545487
0.729742958610191,-0.5692546576180788,-0.2281951295262876,0.2155910961964203
0.7276465115146088,-0.5672370123697418,-0.2256151713798083,0.2211676157060376
0.7255780440161926,-0.5651718738833658,-0.2230091498878722,0.2267410742473681
0.7235376792001184,-0.563059450186397,-0.2203779561465521,0.2323113960566075
0.7215255303019821,-0.5608999472920995,-0.2177224881963319,0.2378785114700785
0.7195416988909572,-0.5586935669193183,-0.2150436484117636,0.2434423618798515
0.7175862758165484,-0.556440506998369,-0.2123423444002787,0.2490028972133575
0.7156593399090799,-0.5541409596409819,-0.20961948684674,0.2545600797464579
0.7137609595073963,-0.5517951122969168,-0.206875991217472,0.2601138799422318
0.7118911911220142,-0.5494031455257872,-0.2041127754533627,0.2656642805139697
0.7100500802370345,-0.5469652332463848,-0.201330760640303,0.2712112743888089
0.7082376621540188,-0.5444815431997375,-0.1985308718739638,0.2767548623832416
0.7064539602976128,-0.5419522339348767,-0.1957140352166918,0.2822950586342426
0.7046989884846526,-0.5393774571532358,-0.1928811807383713,0.2878318839718088
0.7029727485687624,-0.5367573535200048,-0.1900332382897683,0.2933653736225516
0.7012752332463117,-0.5340920559177127,-0.1871711415314488,0.2988955687490874
0.6996064232062574,-0.5313816841649859,-0.184295822688121,0.304422526059464
0.6979662899220532,-0.5286263483523905,-0.1814082166697392,0.3099463092647083
0.6963547940917966,-0.5258261453296703,-0.1785092578695719,0.3154669947154869
0.6947718876557465,-0.5229811610916261,-0.1755998832080298,0.3209846650856254
0.6932175116834237,-0.5200914659842523,-0.1726810277717618,0.3264994171902432
0.6916915970930607,-0.5171571145472262,-0.1697536253931206,0.3320113603674258
0.6901940661506122,-0.5141781470625835,-0.166818610894072,0.3375206118132597
0.6887248305394632,-0.5111545843991745,-0.1638769157183616,0.3430273043892502
0.687283795403512,-0.5080864348390619,-0.1609294753667045,0.3485315723260004
0.6858708522587241,-0.5049736775760545,-0.1579772143335628,0.3540335790389985
0.6844858878911201,-0.5018162799069442,-0.155021063578798,0.3595334841929843
0.6831287789903949,-0.4986141841296508,-0.1520619489194078,0.3650314651340166
0.6817993931159666,-0.4953673074487723,-0.1491007921490151,0.3705277145675599
0.6804975897492447,-0.4920755423299059,-0.1461385125528314,0.376022437591246
0.6792232214844357,-0.4887387575346414,-0.1431760289862222,0.381515847757143
0.6779761317505806,-0.4853567900227539,-0.1402142539254803,0.3870081780771586
0.6767561566124709,-0.4819294469593725,-0.1372540967625768,0.3924996749532813
0.6755631243342146,-0.4784565018421609,-0.134296461973969,0.3979906016976866
0.6743968564601034,-0.4749376947076841,-0.1313422509625305,0.4034812353218497
0.673257167165888,-0.4713727271939705,-0.1283923596526406,0.4089718713004768
0.6721438642347204,-0.4677612621735845,-0.1254476801367645,0.4144628209112004
0.6710567486383118,-0.4641029188968212,-0.1225090987646634,0.4199544153024201
0.6699956154080855,-0.4603972719881422,-0.1195774976071958,0.4254470033957057
0.6689602537683992,-0.4566438479221744,-0.1166537540426549,0.4309409534071959
0.6679504471450105,-0.4528421206436647,-0.113738739947421,0.4364366552653222
0.6669659736535837,-0.448991508561205,-0.1108333222348816,0.4419345206580585
0.6660066072196038,-0.4450913739939639,-0.1079383654213848,0.4474349793688781
0.6650721170984266,-0.4411410161769147,-0.10505472957091,0.4529384845027608
0.6641622702012226,-0.4371396757397579,-0.1021832769205779,0.4584455013165246
0.6632768287194047,-0.4330865190300684,-0.0993248640841682,0.4639565237350744
0.6624155543667368,-0.4289806513287284,-0.0964803552596498,0.4694720507180224
0.6615782073448824,-0.4248211075430454,-0.0936506192661003,0.4749925935895726
0.6607645469284569,-0.4206068497113284,-0.0908365317765805,0.4805186735111301
0.6599743358763178,-0.4163367857901563,-0.0880389915392309,0.4860507912142426
0.6592073391576786,-0.4120097615228187,-0.0852589180285507,0.4915894325997787
0.6584633279264229,-0.4076245822445498,-0.0824972683411506,0.4971350357552669
0.6577420825772549,-0.4031800355894451,-0.0797550529216111,0.5026879586255839
0.657043395267945,-0.3986749173140125,-0.0770333513190992,0.5082484446305597
0.6563670755288337,-0.3941080856742274,-0.0743333425203992,0.5138165556644827
0.6557129545820889,-0.3894785216213535,-0.0716563342072323,0.5193921026084463
0.6550808928868013,-0.3847854296149139,-0.0690038097533062,0.5249745327472276
0.6544707879482555,-0.3800283679939293,-0.0663774830954257,0.5305627911532123
0.6538825820000725,-0.3752074131738443,-0.0637793608824763,0.5361551541256341
0.6533162715805477,-0.3703233838059983,-0.0612118221917526,0.5417490084225944
0.6527719142611391,-0.3653780976292634,-0.0586776963289601,0.5473406131223978
0.652249632598843,-0.3603746659950389,-0.0561803380766276,0.5529248420226973
0.6517496097654506,-0.3553177729013146,-0.0537236715597699,0.5584949686959122
0.6512720741599356,-0.350213889730703,-0.0513121819269676,0.5640425453435313
0.6508172673788223,-0.3450713203115462,-0.0489508140953828,0.5695574810291326
0.6503853969876506,-0.3399000116348166,-0.0466447673055057,0.5750283696814984
0.6499765777832017,-0.3347110758842303,-0.0443991855220268,0.580443100034427
0.6495907732095897,-0.3295160726274052,-0.0422187914106384,0.5857896682335039
0.6492277511885768,-0.3243261886091486,-0.0401075405104304,0.591057030880694
0.6488870661308137,-0.3191515057419211,-0.0380683767947149,0.5962358000492657
0.6485680693652943,-0.3140004954593675,-0.0361031303700613,0.6013186553514732
0.6482699418254811,-0.3088797878367884,-0.0342125514597851,0.6063004502713648
0.6479917407936496,-0.3037942221305422,-0.0323964564355113,0.6111780343779208
0.6477324470408978,-0.2987470447978322,-0.030653915116257,0.6159499446393518
0.6474910062483322,-0.2937401786682178,-0.0289834419313064,0.6206160501649726
0.6472663633526736,-0.2887745385521775,-0.0273831780892597,0.6251771788615913
0.6470574855387395,-0.2838502782124478,-0.0258510271865099,0.629634832818714
0.6468633778751033,-0.2789670048734541,-0.0243847616542216,0.6339909531329871
0.6466830931535201,-0.2741239613794097,-0.0229821037343641,0.6382477304140896
0.6465157365893417,-0.2693201566139352,-0.0216407791142161,0.6424074741660595
0.6463604666347874,-0.264554439745501,-0.0203585466268834,0.6464725397462722
0.6462164951410884,-0.2598255874248477,-0.0191332261160162,0.6504452499990591
0.6460830848844462,-0.2551323308262758,-0.0179627060846308,0.6543278726385333
0.6459595474977933,-0.2504734029833275,-0.0168449544217045,0.6581225829180152
0.6458452404952643,-0.245847559924145,-0.0157780205212404,0.6618314503777172
0.6457395638065994,-0.2412535771458298,-0.0147600309825365,0.6654564461369348
0.6456419571773134,-0.2366902732403484,-0.0137891912864,0.6689994286710055
0.6455518972402626,-0.2321565145708839,-0.0128637825905745,0.6724621454309232
0.645468894477804,-0.2276512017944886,-0.0119821549971909,0.675846248063149
0.6453924909671777,-0.2231732833062505,-0.011142726604519,0.6791532866541041
0.6453222580845213,-0.2187217594901699,-0.0103439804482742,0.6823847113942951
0.6452577940734888,-0.2142956654330167,-0.0095844578092743,0.685541889602239
0.6451987222342745,-0.2098940786781606,-0.0088627564972158,0.6886261038888433
0.6451446890043282,-0.2055161092104239,-0.0081775262034514,0.6916385628789291
0.6450953625021746,-0.2011609133242627,-0.0075274679084591,0.6945803950668826
0.6450504308088203,-0.1968276762732639,-0.0069113284904224,0.6974526641085678
0.6450096005426172,-0.1925156034419295,-0.0063278973122113,0.7002563772150239
0.6449725958598592,-0.188223945696289,-0.0057760075367023,0.7029924712165484
0.6449391570197062,-0.183951970294616,-0.0052545300608558,0.7056618341518732
0.6449090394433205,-0.1796989719101636,-0.0047623731929822,0.7082653002797596
0.6448820127195747,-0.1754642705520795,-0.0042984805857812,0.7108036536434591
0.6448578596614544,-0.1712472039818494,-0.0038618287701418,0.7132776346217607
0.644836375507427,-0.1670471309627076,-0.0034514260509822,0.7156879397082784
0.6448173671644549,-0.1628634335759878,-0.0030663112628794,0.7180352220192631
0.6448006524657511,-0.1586955109342658,-0.0027055517873617,0.7203200966088754
0.6447860594863223,-0.1545427692918358,-0.0023682415472767,0.7225431471770416
0.6447734260203761,-0.1504046442473883,-0.0020535017078063,0.7247049154275678
0.6447625989351871,-0.1462805794425407,-0.0017604777568083,0.7268059140086279
0.6447534336779507,-0.1421700344984295,-0.0014883391328787,0.7288466234546044
0.6447457937790313,-0.1380724818248818,-0.0012362779946484,0.7308274950364183
0.6447395503956629,-0.1339874041644235,-0.0010035081530947,0.732748953008191
0.6447345819103699,-0.129914311315097,-0.0007892650638729,0.7346113880052091
0.6447307734905221,-0.1258527087336869,-0.0005928031969105,0.7364151728051112
0.6447280167589452,-0.1218021260375808,-0.0004133967528654,0.7381606501865431
0.6447262094299394,-0.1177621016450402,-0.0002503380211709,0.7398481410668236
0.6447252549925685,-0.1137321824687044,-0.0001029366526502,0.7414779454296332
0.6447250624140556,-0.1097119311269515,2.94808121795e-05,0.7430503403322944
0.6447255458579343,-0.1057009190424244,0.0001475719410504,0.7445655837236486
0.6447266244602169,-0.1016986234846007,0.0002519815931482,0.7460239520638065
0.6447282220617802,-0.0977046197614524,0.0003433368570517,0.7474256680358027
0.644730266948803,-0.0937185266139632,0.0004222501746748,0.7487709253718485
0.6447326916402077,-0.0897399827435199,0.0004893208476241,0.7500598994233305
0.6447354326944245,-0.0857686414904496,0.0005451358468929,0.7512927503272624
0.6447384305392567,-0.0818041579877683,0.0005902705838082,0.7524696279254472
0.6447416292960416,-0.077846203353502,0.0006252892643802,0.7535906681598593
0.6447449766306647,-0.0738944561162386,0.0006507455690725,0.7546559966079341
0.6447484236003544,-0.0699486133913809,0.0006671831365408,0.7556657263952045
0.6447519245388178,-0.0660083695705815,0.0006751362146315,0.7566199646695712
0.6447554369139443,-0.0620734382836564,0.0006751300775596,0.7575188077297667
0.6447589212300617,-0.0581435338264792,0.000667681585981,0.7583623463828747
0.6447623409117549,-0.0542183833716413,0.0006532996693969,0.7591506637916572
0.6447656622078455,-0.0502977261830096,0.0006324858539465,0.7598838366677361
0.6447688541061678,-0.0463813097231851,0.0006057347456206,0.760561936910916
0.6447718882545325,-0.0424688867726799,0.0005735344783873,0.7611850327636709
0.6447747388793224,-0.0385602248759723,0.0005363672599628,0.7617531880105824
0.6447773827310044,-0.0346550893137119,0.0004947096820984,0.7622664652522698
0.6447797990119276,-0.0307532577874326,0.0004490332988212,0.7627249242408812
0.6447819693295597,-0.026854508020821,0.0003998049386409,0.7631286240472828
0.6447838776384297,-0.0229586329286185,0.0003474873263409,0.7634776219008883
0.6447855102080029,-0.0190654193401395,0.0002925392422617,0.7637719757884466
0.6447868555756966,-0.015174663286799,0.0002354161408313,0.7640117432571967
0.6447879045173647,-0.0112861614923345,0.000176570455539,0.7641969824528393
0.6447886500180487,-0.007399709771206,0.0001164519848207,0.7643277522442928
0.6447890872463168,-0.0035151099226267,5.55084114868e-05,0.764404112090926
0.644789214935652,3.018149185435304e-11,-1.1449288660702292e-11,0.7644263661509612
