3.18813352159399
0.8350680464488798,1.2266774083447674e-28,-5.774963295111938e-16,0.0156800661778329
0.8350682116443066,8.70746785632e-05,5.94928977227e-05,0.0156787610295011
0.8350696649423728,0.0002725037445848,0.0001861791814486,0.0156672788075627
0.8350726162504059,0.0004577322206283,0.0003127090649695,0.0156439597316326
0.8350770611371883,0.0006425482093425,0.0004389247075367,0.0156088360182595
0.8350829904678172,0.0008267106118335,0.0005646485320237,0.0155619756580693
0.8350903907100641,0.0010099839378767,0.0006897071215943,0.0155034800408793
0.8350992442474805,0.0011921413239581,0.0008139333846534,0.0154334815447517
0.8351095297940087,0.0013729670722407,0.0009371683787624,0.0153521403371364
0.8351212228672023,0.0015522584312451,0.0010592626009651,0.0152596407233734
0.8351342962768117,0.0017298265719527,0.0011800767127964,0.0151561873806891
0.835148720633574,0.0019054973116795,0.0012994820767447,0.0150420014357216
0.8351644648610275,0.0020791115164792,0.0014173610573267,0.0149173165178436
0.8351814965953194,0.0022505242163639,0.0015336064333476,0.0147823756964417
0.8351997825860107,0.0024196041033527,0.001648121059496,0.0146374284060147
0.8352192890522173,0.0025862328245031,0.0017608173788342,0.0144827277187961
0.8352399819323215,0.0027503036775612,0.0018716165238087,0.0143185284541781
0.8352618271337223,0.0029117207334249,0.0019804477015676,0.0141450852808672
0.8352847906774687,0.0030703974956398,0.0020872472636374,0.0139626516460935
0.8353088388482606,0.0032262559844489,0.0021919580610546,0.0137714786558392
0.8353339382717537,0.0033792256210179,0.0022945286646911,0.0135718145264121
0.8353600560252171,0.0035292425868408,0.0023949129052468,0.0133639037651098
0.8353871596459838,0.0036762487735911,0.0024930691394881,0.0131479871586112
0.8354152171483695,0.0038201910312851,0.002588959719078,0.0129243016904189
0.835444197085752,0.0039610207963817,0.0026825507142649,0.0126930800941845
0.835474068509039,0.0040986933072703,0.0027738113642323,0.0124545512293142
0.8355048009807978,0.0042331672322878,0.0028627138045378,0.0122089400102231
0.8355363645714539,0.0043644042858484,0.0029492327879581,0.0119564674756943
0.835568729811981,0.0044923687428633,0.0030333453404434,0.0116973512041757
0.8356018676822019,0.0046170271826666,0.0031150305708939,0.0114318054430893
0.8356357496442547,0.004738348430934,0.0031942696114873,0.0111600408738588
0.8356703475508939,0.0048563030716265,0.0032710452777336,0.0108822653785173
0.8357056337078385,0.0049708635540369,0.0033453421189996,0.0105986835698197
0.8357415807490177,0.0050820036840134,0.0034171460691649,0.0103094978223007
0.8357781617177089,0.005189698825266,0.0034864445598237,0.0100149076486532
0.8358153500081226,0.0052939256486512,0.0035532263403958,0.0097151101958811
0.8358531193230312,0.0053946619740839,0.0036174813603378,0.0094103006131648
0.8358914436914587,0.0054918867925112,0.0036792007674294,0.0091006719348792
0.8359302974316347,0.0055855801424185,0.0037383768133412,0.0087864154041357
0.8359696551835061,0.0056757231660484,0.00379500287353,0.0084677202333569
0.836009491820027,0.0057622978828515,0.003849073289193,0.0081447743449429
0.8360497825162141,0.0058452873371704,0.0039005834452092,0.0078177638344323
0.8360905026561303,0.0059246753881519,0.0039495296242421,0.0074868737462209
0.8361316278761947,0.0060004468010481,0.0039959090494291,0.007152287743719
0.8361731340517962,0.0060725872109144,0.004039719847056,0.0068141882379354
0.8362149972589117,0.0061410830519533,0.0040809609891236,0.0064727567197075
0.8362571937855304,0.0062059215807348,0.0041196322934928,0.0061281736862141
0.8362997001343629,0.0062670908769723,0.0041557344097308,0.0057806186370457
0.8363424929927004,0.0063245797972869,0.0041892687771771,0.0054302703381735
0.8363855492269687,0.0063783779730321,0.0042202376097632,0.005077306884234
0.8364288458957889,0.0064284758287693,0.0042486438923427,0.0047219056081717
0.8364723602282665,0.0064748645554759,0.0042744913506654,0.004364243275024
0.8365160695999221,0.0065175360910132,0.0042977844265101,0.0040044962955694
0.8365599515774245,0.0065564831690372,0.0043185282902153,0.0036428403731852
0.8366039838479432,0.0065916992547729,0.0043367287912465,0.0032794510996021
0.8366481442694117,0.0066231785967839,0.0043523924716677,0.0029145035545395
0.8366924108280871,0.0066509161963883,0.0043655265355774,0.0025481726686573
0.8367367616753452,0.0066749078366472,0.0043761388485966,0.0021806329313498
0.836781175077183,0.0066951500546174,0.0043842379099256,0.0018120588199104
0.8368256294284593,0.0067116401589627,0.0043898328466546,0.0014426246928398
0.8368701032468165,0.006724376233643,0.0043929334010626,0.0010725048503607
0.8369145751778407,0.0067333571448838,0.0043935499185683,0.0007018735006098
0.8369590239774723,0.0067385825422739,0.0043916933343448,0.0003309049144107
0.8370034285141663,0.006740052867087,0.0043873751621681,-4.02265849471e-05
0.8370477677591429,0.006737769359151,0.0043806074835377,-0.0004113465334217
0.8370920247622476,0.0067317333539795,0.0043714019994929,-0.0007823136703409
0.8371361812235041,0.0067219460261245,0.004359770496524,-0.0011529745745452
0.8371802163296989,0.0067084094062269,0.0043457256347856,-0.0015231537861873
0.8372241093418266,0.0066911263674283,0.0043292806140816,-0.0018926754433188
0.8372678395695259,0.0066701006476383,0.0043104491738487,-0.0022613630626661
0.8373113863769229,0.0066453368647564,0.0042892455845521,-0.0026290395851445
0.8373547291833433,0.0066168405313207,0.0042656846390838,-0.0029955273796604
0.8373978474435139,0.0065846180838804,0.0042397816558564,-0.0033606480744922
0.8374407206541464,0.0065486768987089,0.0042115524696563,-0.0037242226124617
0.8374833283494248,0.0065090253137897,0.0041810134276294,-0.0040860712136973
0.8375256500905044,0.0064656726587138,0.0041481813908016,-0.0044460132885671
0.8375676654627314,0.0064186292805835,0.0041130737318424,-0.004803867417148
0.8376093540759261,0.0063679065668434,0.0040757083302595,-0.0051594513561961
0.8376506955493116,0.0063135169881079,0.0040361035819595,-0.0055125819165157
0.8376916695221828,0.0062554741115661,0.0039942783867108,-0.0058630750612216
0.8377322556336164,0.0061937926559451,0.0039502521655794,-0.0062107457411235
0.8377724335211609,0.006128488526769,0.0039040448632626,-0.0065554078933409
0.8378121828247069,0.0060595788430874,0.0038556769442169,-0.0068968744862066
0.8378514831856793,0.0059870819704415,0.0038051693931731,-0.0072349575260778
0.8378903142122462,0.0059110176227347,0.0037525437630266,-0.0075694677731022
0.8379286555101925,0.0058314068485358,0.0036978221416413,-0.0079002150233481
0.8379664866577663,0.0057482721229381,0.0036410271919168,-0.0082270079109519
0.8380037872113943,0.0056616373851582,0.0035821821537694,-0.0085496539778042
0.8380405367023599,0.0055715280963015,0.0035213108598462,-0.0088679596675492
0.8380767146286962,0.0054779713144317,0.0034584377625817,-0.0091817302800962
0.8381123004312637,0.005380995823263,0.0033935879965401,-0.0094907697904794
0.8381472735479453,0.0052806320557104,0.0033267873032036,-0.0097948813482331
0.8381816133584239,0.005176912313061,0.0032580621537755,-0.010093866829603
0.8382152992075173,0.0050698707838652,0.0031874397374248,-0.0103875270738505
0.8382483103797513,0.0049595437155682,0.0031149480507132,-0.0106756616978096
0.8382806261544304,0.0048459693313113,0.0030406158192218,-0.0109580696153246
0.8383122257314369,0.0047291881889133,0.0029644727096508,-0.0112345484311201
0.8383430882890057,0.0046092431096383,0.0028865492592331,-0.0115048949894786
0.838373192978368,0.0044861793229153,0.002806876947454,-0.011768905375266
0.8384025189431428,0.0043600445270549,0.002725488213443,-0.0120263751347515
0.8384310452731188,0.0042308892516209,0.0026424166681363,-0.0122770989233102
0.8384587510653521,0.0040987667895861,0.0025576970286284,-0.012520871097959
0.8384856154303268,0.0039637333608643,0.0024713652032713,-0.0127574858319625
0.8385116174848076,0.0038258483788186,0.0023834584427703,-0.0129867371149793
0.8385367364008565,0.0036851744583704,0.0022940153268682,-0.0132084192513594
0.8385609513872403,0.0035417778089548,0.0022030759973748,-0.0134223267659284
0.8385842417524944,0.0033957282150842,0.0021106821297033,-0.0136282550335339
0.8386065869659557,0.0032470989905894,0.0020168768911153,-0.0138260008958945
0.8386279665899836,0.0030959678270153,0.0019217054649336,-0.0140153621417606
0.8386483604174831,0.0029424163611588,0.0018252147671893,-0.0141961388064437
0.8386677484979705,0.002786530450119,0.0017274536137922,-0.0143681334895781
0.8386861111336551,0.0026284008120441,0.0016284731181301,-0.0145311514086423
0.8387034290158136,0.0024681225908282,0.0015283264167213,-0.0146850016998404
0.8387196832594874,0.0023057957325187,0.0014270689081541,-0.0148294978200332
0.838734855463626,0.0021415252580666,0.0013247584297135,-0.0149644581758441
0.8387489278262356,0.0019754209966491,0.0012214551021253,-0.0150897072434608
0.8387618831679416,0.0018075983942122,0.0011172218480997,-0.0152050758744228
0.8387737051084074,0.0016381775616773,0.0010121238209306,-0.0153104029618563
0.8387843781037387,0.001467283987635,0.0009062288735347,-0.0154055358685916
0.8387938875575548,0.001295048473241,0.0007996075486707,-0.0154903315089028
0.8388022199695555,0.0011216062231542,0.0006923325533154,-0.0155646577620405
0.8388093629855661,0.0009470976401791,0.000584479293726,-0.0156283940030586
0.838815305523818,0.0007716678941998,0.000476125656764,-0.0156814323077618
0.8388200378998172,0.0005954660240317,0.0003673515093945,-0.0157236786386344
0.8388235519089094,0.0004186447560342,0.0002582386468361,-0.015755053645161
0.8388258409067176,0.0002413606198518,0.00014887092847,-0.0157754934356014
0.8388268999072502,6.37725347533e-05,3.93334745429e-05,-0.0157849504960174
0.8388267256382047,-0.0001139581989656,-7.02872663134e-05,-0.0157833942154905
0.8388253165809898,-0.0002916701459117,-0.0001799048270165,-0.015770811262391
0.8388226728338104,-0.0004692091063211,-0.0002894371935901,-0.015747204367766
0.838818796293036,-0.0006464111832513,-0.0003987962850786,-0.015712593938221
0.8388136906692509,-0.0008231132230515,-0.0005078943153658,-0.0156670181790634
0.8388073614771447,-0.0009991531078508,-0.0006166438971058,-0.0156105329705217
0.8387998159965314,-0.0011743706457942,-0.0007249585169716,-0.0155432114733631
0.8387910632122328,-0.0013486083527807,-0.0008327529477803,-0.0154651435338698
0.8387811137317107,-0.0015217122160709,-0.0009399436544064,-0.0153764348794048
0.8387699797143642,-0.0016935319391535,-0.001046448884119,-0.015277206408296
0.8387576747448291,-0.0018639218941933,-0.0011521892012761,-0.0151675929722062
0.838744213775368,-0.0020327408258959,-0.0012570872544868,-0.0150477427673412
0.8387296129433367,-0.0021998531412543,-0.0013610685347866,-0.0149178156076036
0.8387138895047502,-0.0023651284772425,-0.001464061072084,-0.0147779822282766
0.8386970617117357,-0.0025284420125821,-0.0015659955997875,-0.0146284230873752
0.8386791486499058,-0.0026896750204295,-0.0016668058778038,-0.0144693268104456
0.8386601701784048,-0.0028487143768473,-0.0017664283705292,-0.014300889548539
0.8386401467903973,-0.0030054528522514,-0.0018648024193213,-0.0141233136305358
0.8386190995425441,-0.0031597887965508,-0.0019618700412393,-0.0139368068304433
0.8385970499051926,-0.0033116264450429,-0.0020575761227327,-0.0137415809351135
0.8385740197651494,-0.0034608751355589,-0.0021518679328899,-0.0135378516677549
0.8385500312758165,-0.0036074496594551,-0.002244695354052,-0.013325837263427
0.8385251068120081,-0.0037512698839186,-0.0023360106574633,-0.0131057579767711
0.8384992688922277,-0.003892260627893,-0.0024257684418823,-0.0128778353067907
0.8384725402035504,-0.0040303510226264,-0.002513925246099,-0.0126422921315052
0.8384449434309345,-0.00416547496135,-0.0026004398571328,-0.0123993511228247
0.838416501358272,-0.0042975701503174,-0.0026852727279937,-0.0121492355618797
0.8383872366993711,-0.0044265785575013,-0.0027683862899486,-0.0118921677804511
0.8383571721713826,-0.0045524457080311,-0.0028497445271738,-0.0116283697413404
0.838326330440663,-0.0046751206360031,-0.0029293129722152,-0.0113580625002125
0.838294734094094,-0.0047945557238416,-0.003007058630456,-0.0110814658965968
0.8382624056378694,-0.0049107064562714,-0.0030829498493482,-0.0107987984899394
0.8382293674770813,-0.0050235312740073,-0.0031569562522793,-0.0105102773314429
0.8381956419539404,-0.0051329912512488,-0.0032290485564355,-0.0102161182515423
0.8381612512748652,-0.005239050169357,-0.0032991986503277,-0.0099165351806164
0.8381262175422243,-0.0053416742426298,-0.0033673794431282,-0.0096117403875541
0.8380905627526767,-0.0054408319827865,-0.0034335648041059,-0.009301944429307
0.8380543088083561,-0.0055364940431457,-0.0034977294878191,-0.0089873562149419
0.8380174775155967,-0.0056286331138568,-0.0035598490925562,-0.0086681829639718
0.8379800905485711,-0.0057172239058912,-0.0036199000786319,-0.008344629864162
0.8379421695174921,-0.0058022428871905,-0.0036778596186825,-0.0080169006377538
0.8379037359173773,-0.0058836683227515,-0.0037337056524783,-0.007685197075441
0.8378648111654753,-0.0059614801096741,-0.0037874168023054,-0.0073497193401953
0.8378254166038736,-0.0060356597068205,-0.0038389723515199,-0.0070106659714618
0.8377855734974521,-0.0061061900769079,-0.0038883522312594,-0.0066682338515908
0.8377453030231701,-0.006173055643366,-0.0039355370173126,-0.0063226181004074
0.8377046263239784,-0.0062362421453163,-0.0039805078543431,-0.0059740125262703
0.8376635644816544,-0.0062957366412569,-0.0040232464835366,-0.0056226093819564
0.83762213852247,-0.0063515274535252,-0.004063735228594,-0.0052685994049858
0.8375803694314301,-0.0064036041065441,-0.0041019569763371,-0.0049121719325924
0.8375382781561376,-0.006451957285146,-0.0041378951709317,-0.0045535149292247
0.8374958856143359,-0.006496578791293,-0.0041715338062846,-0.0041928150468542
0.8374532127029359,-0.006537461503436,-0.0042028574195637,-0.0038302576990851
0.8374102802959922,-0.0065745993494745,-0.0042318510943904,-0.003466027042597
0.8373671092608623,-0.006607987264733,-0.0042585004518838,-0.003100306114287
0.8373237204580584,-0.0066376211684635,-0.0042827916551733,-0.0027332768309143
0.837280134747988,-0.0066634979356141,-0.0043047114097011,-0.002365120048409
0.8372363729974645,-0.0066856153714234,-0.0043242469650136,-0.0019960156201653
0.8371924560822956,-0.0067039721899684,-0.0043413861192271,-0.0016261424232409
0.8371484048932347,-0.006718567992113,-0.0043561172223607,-0.0012556784139397
0.8371042403474012,-0.0067294032444234,-0.0043684291792947,-0.0008848007301396
0.8370599833845814,-0.006736479264665,-0.0043783114584752,-0.0005136856673123
0.8370156549798196,-0.0067397982037828,-0.0043857540960661,-0.0001425087923053
0.8369712761409134,-0.0067393630324065,-0.0043907477045232,0.0002285550687748
0.8369268671583694,-0.0067351774229683,-0.0043932835012231,0.0005993380783555
0.8368824433315613,-0.006727244473571,-0.004393352993204,0.000969714938774
0.8368380258356539,-0.0067155678865086,-0.0043909474695807,0.0013395121754621
0.8367936359182981,-0.0067001521476798,-0.004386058825353,0.0017085566844801
0.8367492949197323,-0.0066810025257269,-0.0043786795743239,0.0020766755542833
0.8367050242687891,-0.0066581250666374,-0.0043688028616724,0.0024436960875289
0.8366608454934651,-0.006631526594426,-0.0043564224785893,0.0028094457011728
0.836616780209569,-0.0066012146999244,-0.0043415328714201,0.0031737520074542
0.8365728501431253,-0.0065671977499698,-0.0043241291600948,0.0035364426146961
0.8365290771260177,-0.006529484882641,-0.0043042071502963,0.0038973451492103
0.8364854831084544,-0.0064880860155721,-0.0042817633521274,0.0042562871375998
0.8364420901372169,-0.0064430118224031,-0.0042567949813853,0.0046130961701818
0.8363989203840961,-0.006394273754924,-0.004229299985131,0.0049675996502581
0.8363559961694387,-0.0063418840727965,-0.0041992770728665,0.0053196245844718
0.8363133399064233,-0.0062858557770789,-0.0041667256924754,0.0056689980226411
0.8362709741540287,-0.0062262026689252,-0.0041316460768819,0.0060155466046834
0.8362289216281165,-0.0061629393713395,-0.0040940392709523,0.0063590964520193
0.836187205171466,-0.006096081288039,-0.0040539071207601,0.0066994733934876
0.8361458477683751,-0.00602564462073,-0.0040112522966047,0.0070365028256354
0.8361048725735337,-0.0059516464192362,-0.0039660783364817,0.0073700094569377
0.8360643028873336,-0.0058741045421806,-0.0039183896353982,0.0076998174880524
0.8360241621818331,-0.0057930377046394,-0.0038681914872843,0.0080257503786718
0.8359844741120707,-0.0057084655079724,-0.0038154901166124,0.008347630733745
0.8359452624965057,-0.0056204084037903,-0.0037602926688572,0.0086652804393563
0.8359065513366635,-0.0055288877363749,-0.0037026072493693,0.008978520479529
0.8358683648499479,-0.0054339258291739,-0.0036424429907708,0.0092871706467862
0.8358307274528953,-0.0053355459602864,-0.0035798100507027,0.0095910496533729
0.8357936637574318,-0.0052337723590126,-0.0035147196221277,0.0098899751357181
0.835757198614099,-0.0051286303341472,-0.003447184027968,0.0101837632794318
0.8357213571220216,-0.0050201463320355,-0.0033772167719722,0.0104722287129167
0.8356861645622494,-0.0049083477525289,-0.0033048324328342,0.0107551850160229
0.8356516465296462,-0.0047932633773302,-0.0032300469538064,0.0110324436303041
0.8356178288537519,-0.0046749231658455,-0.0031528775246379,0.0113038144667972
0.835584737661286,-0.0045533585048784,-0.0030733427574619,0.0115691053737466
0.8355523993351709,-0.0044286021148911,-0.0029914626394808,0.0118281224341753
0.8355208405798117,-0.0043006883522302,-0.0029072587448276,0.0120806694102244
0.8354900884171572,-0.0041696532896308,-0.0028207543025995,0.0123265477419003
0.8354601701849557,-0.0040355348113939,-0.0027319742745477,0.0125655565264015
0.8354311135849753,-0.0038983729598275,-0.0026409455997432,0.0127974920969213
0.8354029466258941,-0.0037582098346513,-0.0025476971438095,0.0130221484411909
0.8353756976927228,-0.0036150901117346,-0.0024522600593894,0.0132393166078308
0.8353493955448396,-0.0034690613089562,-0.0023546679807905,0.013448784681475
0.8353240692738682,-0.0033201738682412,-0.0022549570959543,0.0136503380750222
0.8352997483594826,-0.0031684818580748,-0.0021531666339925,0.0138437590396624
0.8352764626431731,-0.003014043348363,-0.0020493391355581,0.0140288268261004
0.8352542422624976,-0.0028569205976419,-0.0019435205968169,0.0142053181561874
0.8352331176758808,-0.0026971809745213,-0.0018357611075137,0.0143730069715711
0.8352131196064042,-0.0025348975593957,-0.0017261152755128,0.014531664823039
0.83519427894757,-0.0023701496225749,-0.001614642567234,0.0146810615572589
0.8351766267073081,-0.0022030236549385,-0.0015014080207893,0.0148209656957828
0.8351601939085309,-0.0020336144309423,-0.0013864829812155,0.014951145154689
0.8351450113770555,-0.0018620252983381,-0.0012699453090531,0.0150713688518011
0.8351311096074546,-0.0016883696062527,-0.0011518803573786,0.0151814076915176
0.8351185185537099,-0.0015127720096114,-0.001032381862473,0.0152810361412966
0.835107267293129,-0.0013353686630271,-0.0009115520730924,0.0153700348069191
0.8350973837438377,-0.0011563086046574,-0.0007895026812162,0.015448192580202
0.8350888942711439,-0.0009757541376954,-0.0006663550614762,0.0155153096639083
0.835081823269792,-0.0007938811216996,-0.0005422404373403,0.0155712007867636
0.8350761927373551,-0.0006108796610234,-0.0004173003058074,0.0156156984904792
0.8350720217659194,-0.0004269526503108,-0.0002916853854995,0.0156486570671536
0.8350693261059301,-0.0002423155652236,-0.0001655553996912,0.0156699559339837
0.8350681177213966,-5.71946740507e-05,-3.90777669806e-05,0.0156795030873475
0.8350680464499521,-4.525799968623477e-13,3.0280148844590887e-12,0.0156800661761912
