2.90872300613326
0.6430880520152145,-1.725830472610659e-23,-1.351660223245945e-13,0.768480131290001
0.6430879340824573,0.002737267204475,-6.62047567639e-05,0.7684666783755962
0.6430873620454223,0.0066239472160676,-0.0001598983342922,0.768401354850191
0.6430863175590243,0.0105112318424297,-0.0002528304629396,0.7682817802814794
0.6430848051724835,0.014399323965891,-0.0003445496551086,0.768107945412825
0.6430828315584516,0.0182884252924414,-0.0004346031221514,0.7678798417477752
0.6430804055320608,0.0221787337892895,-0.0005225363203341,0.767597461794181
0.6430775380661038,0.0260704541157229,-0.0006078927935398,0.7672607982929563
0.6430742423216121,0.0299637885266129,-0.000690213569398,0.7668698446580315
0.6430705336756721,0.0338589413358938,-0.0007690368691636,0.7664245945171941
0.6430664297502356,0.037756124344985,-0.0008438978168181,0.7659250407366898
0.643061950457311,0.0416555502593359,-0.0009143279024131,0.7653711757712156
0.6430571180311618,0.045557443320058,-0.0009798547694335,0.7647629897470617
0.643051957096026,0.0494620239063226,-0.0010400015344403,0.7641004722492084
0.6430464947070602,0.0533695209767005,-0.0010942866043354,0.7633836100742394
0.6430407603945018,0.0572801824324516,-0.0011422233598211,0.762612384369019
0.6430347862780711,0.0611942422370117,-0.0011833193054115,0.7617867763280431
0.6430286070871901,0.0651119572827761,-0.001217076110458,0.7609067594441794
0.6430222602706092,0.0690335870656312,-0.0012429889105525,0.7599723027437637
0.6430157860747117,0.0729593998479137,-0.0012605459334432,0.7589833688314508
0.643009227644983,0.0768896687315146,-0.0012692280342716,0.7579399141740676
0.6430026311147887,0.0808246801698591,-0.0012685082649976,0.7568418861457459
0.6429960457269167,0.0847647278062986,-0.0012578513720196,0.7556892237716886
0.6429895239497907,0.0887101149864306,-0.001236713320555,0.7544818562580371
0.6429831216009121,0.0926611587884968,-0.0012045407578748,0.7532197008229415
0.6429768980189549,0.0966181699305755,-0.001160770698468,0.7519026683949617
0.6429709161648858,0.1005814829002011,-0.0011048297800435,0.750530653200696
0.6429652428221867,0.10455143120894,-0.0010361339930008,0.7491035400329559
0.6429599487479559,0.1085283607752771,-0.0009540880229563,0.7476211990303109
0.6429551088671964,0.1125126227960777,-0.0008580848512456,0.7460834874430338
0.6429508024643227,0.116504576959001,-0.0007475051897798,0.7444902477688939
0.6429471133892783,0.1205045959240069,-0.0006217167970754,0.7428413051027398
0.6429441302937956,0.1245130530016614,-0.0004800743047022,0.7411364713907346
0.6429419468557064,0.1285303392301124,-0.0003219181084666,0.739375537570671
0.6429406620479023,0.1325568438109943,-0.0001465745032981,0.7375582811514241
0.6429403803989702,0.1365929687447886,4.66454110269e-05,0.7356844592142441
0.6429412122837754,0.1406391171712321,0.0002584457771754,0.7337538129892623
0.642943274366037,0.144695911188768,0.0004895593373147,0.731765959411386
0.6429466899523569,0.1487638602656582,0.0007407318657526,0.7297205457153602
0.6429515892663225,0.1528434260002604,0.0010127245668113,0.7276172226378035
0.642958109830433,0.1569350750872118,0.0013063173409657,0.7254556189021234
0.6429663968855756,0.161039287061754,0.0016223100248335,0.723235336383286
0.6429766038279616,0.1651565511195703,0.0019615229657026,0.7209559507873861
0.6429888926775789,0.1692873661813312,0.0023247978124205,0.7186170107003325
0.6430034345727912,0.1734322395825442,0.0027129981984089,0.7162180374180671
0.6430204103360737,0.1775916954639154,0.0031270113960002,0.7137585190578208
0.6430400109987173,0.1817662616783243,0.0035677479660583,0.7112379171223583
0.6430624384657739,0.1859564831957066,0.0040361440020178,0.708655657523649
0.6430879061375966,0.1901629139308961,0.0045331612850386,0.7060111342731722
0.6431166396720185,0.1943861265883811,0.0050597894665457,0.7033037020856369
0.6431488776403582,0.1986266974014301,0.0056170452935693,0.700532684772829
0.6431848725143665,0.2028852306264945,0.0062059768852195,0.6976973580112125
0.6432248913923855,0.2071623375329015,0.006827662295835,0.6947969613849557
0.6432692170345589,0.2114586486450574,0.0074832124304554,0.6918306887649524
0.6433181489073859,0.2157748151172143,0.0081737727568176,0.6887976854248499
0.6433720041822204,0.2201114998930897,0.0089005233887057,0.6856970523530628
0.6434311191170936,0.2244693943554472,0.0096646833873077,0.6825278324437142
0.6434958501741752,0.2288492043520574,0.01046751017151,0.6792890182085467
0.6435665755307675,0.2332516599421246,0.0113103029672836,0.6759795424410218
0.6436436965415983,0.2376775123874667,0.0121944042009992,0.6725982778761873
0.6437276393446553,0.2421275336631526,0.0131212013562304,0.6691440349764022
0.6438188566915787,0.2466025207668101,0.0140921299444781,0.6656155558007735
0.6439178296957859,0.2511032885047974,0.0151086741326235,0.6620115166994092
0.6440250697322507,0.2556306651646565,0.0161723677588287,0.6583305290003332
0.6441411210384552,0.2601855104973811,0.0172848007353526,0.6545711212716994
0.6442665620173592,0.2647686746072227,0.0184476112762715,0.6507317699040586
0.6444020080585134,0.2693810164513008,0.0196624918304566,0.6468108814603255
0.6445481135066713,0.2740233837983412,0.0209311854023619,0.642806806875768
0.644705573607542,0.2786965943956317,0.0222554810596348,0.63871785580727
0.6448751260649881,0.2834014088659096,0.0236372057987453,0.634542319490923
0.6450575524309529,0.2881385054638277,0.0250782152087235,0.6302784936544356
0.6452536788255046,0.2929084455488268,0.0265803793850323,0.6259247115764432
0.6454643735037381,0.2977115804930056,0.0281455469307653,0.6214794340703665
0.6456905456192323,0.3025480176501032,0.0297755225770779,0.616941290592696
0.6459331388178391,0.3074175025331824,0.0314720121556508,0.612309203115436
0.6461931221565929,0.3123193010432519,0.0332365585831929,0.6075825191393593
0.6464714773091421,0.3172520721678707,0.0350704647219969,0.602761163590598
0.6467691787156861,0.3222136897734758,0.0369746856836393,0.5978458521253158
0.64708716950498,0.3272010870551747,0.0389497152879728,0.5928382967154343
0.6474263314978694,0.3322101030551291,0.0409954595161224,0.5877414230630493
0.6477874518948825,0.3372353771965074,0.0431111164112905,0.5825595525157766
0.6481711904721588,0.3422703326515313,0.0452950845562203,0.5772985014397694
0.6485780535473811,0.3473072968693583,0.047544930351603,0.5719655382265071
0.6490083799536926,0.3523377679633832,0.0498574314650432,0.5665691750888244
0.6494623434907799,0.3573528139460927,0.0522287048531713,0.5611187940800346
0.6499399737872146,0.362343562002056,0.0546544119153036,0.5556241408678977
0.6504411911395402,0.3673016838627253,0.0571300027362282,0.5500947818463676
0.6509658485369276,0.3722197962927517,0.0596509575709798,0.5445396162187063
0.6515137731010197,0.3770917210370715,0.0622129879274826,0.5389665150392815
0.6520847990918858,0.3819125747924963,0.0648121674796753,0.533382135337661
0.6526787917893416,0.3866787338914465,0.0674450011623033,0.5277918736239839
0.6532956606887097,0.391387701771007,0.0701084361318395,0.522199937910612
0.6539353642579239,0.3960379284972953,0.0727998339157396,0.5166094885783188
0.6545979095142223,0.400628623618891,0.0755169237670176,0.511022802511684
0.6552833475020092,0.4051595761041477,0.0782577449661676,0.505441444217122
0.6559917673435471,0.409631000182888,0.081020590547091,0.499866419690234
0.6567232904350883,0.4140434125923035,0.0838039584518122,0.4942983034819977
0.6574780631142768,0.4183975257343095,0.0866065030417822,0.4887373557115957
0.6582562533244048,0.4226941845248857,0.0894270069653506,0.4831835913859263
0.6590580443196922,0.4269343003972108,0.0922643459801594,0.4776368587218074
0.6598836309976613,0.431118812292374,0.0951174671078791,0.4720968872024537
0.6607332172591628,0.4352486607053707,0.0979853728342882,0.4665633213273738
0.6616070128950251,0.4393247650490139,0.1008671056161677,0.4610357519944107
0.6625052315641405,0.4433480108035987,0.1037617377215231,0.4555137363104543
0.6634280881503728,0.4473192370121988,0.106668360321206,0.4499968179901386
0.6643757982847137,0.4512392355931393,0.1095860804930867,0.4444845321524239
0.665348576838062,0.4551087471198978,0.1125140154676469,0.4389764151499186
0.6663466369061462,0.458928459739324,0.115451288987305,0.4334720102217137
0.6673701886289252,0.462699008135058,0.1183970276202931,0.4279708731641222
0.6684194391063379,0.466420976960165,0.1213503605737268,0.422472571469053
0.6694945901227388,0.4700948966132922,0.1243104135458996,0.4169766946277089
0.6705958401874967,0.4737212542908594,0.1272763148602338,0.4114828416649799
0.6717233819069557,0.4773004885862147,0.1302471886528999,0.4059906328627251
0.6728774037061495,0.4808329986467469,0.1332221600172426,0.4004996993996023
0.6740580866479522,0.4843191375919815,0.1362003472749486,0.3950096969064027
0.6752656058533889,0.4877592204895434,0.1391808664701159,0.3895202965304807
0.6765001300501846,0.4911535260150667,0.1421628308552383,0.3840311853772193
0.6777618221170579,0.4945023006685525,0.1451453527877749,0.3785420626044363
0.6790508357590348,0.4978057526695362,0.1481275365495766,0.373052652309638
0.6803673200066869,0.5010640663762876,0.1511084896191344,0.3675626825391263
0.6817114145675721,0.5042773926127604,0.1540873125070082,0.3620719038319309
0.6830832521589529,0.5074458569536751,0.1570631048548512,0.356580077899283
0.6844829562593845,0.5105695565818181,0.1600349611889489,0.3510869854373328
0.6859106440954083,0.5136485690657395,0.1630019779939744,0.3455924131010172
0.6873664227137223,0.5166829454521098,0.165963246017808,0.3400961678220394
0.6888503921403581,0.5196727189053889,0.1689178575163917,0.3345980635421889
0.6903626418604036,0.5226178990717332,0.1718648997526181,0.3290979334827869
0.6919032540668492,0.5255184802186854,0.1748034621046331,0.3235956171597997
0.6934723017790427,0.5283744387892862,0.1777326328459448,0.3180909666275985
0.6950698476324556,0.5311857327068449,0.1806514975569023,0.3125838498045047
0.6966959456928017,0.5339523060269905,0.1835591431204656,0.3070741433221573
0.6983506393017077,0.5366740864171075,0.1864546543804114,0.3015617392236813
0.7000339643651257,0.5393509917557272,0.1893371204671309,0.2960465333409761
0.7017459444606726,0.5419829232074093,0.1922056267923172,0.2905284409763952
0.703486594157155,0.5445697717392398,0.1950592613965679,0.2850073852775485
0.7052559184935007,0.5471114180922809,0.1978971144423127,0.2794832986209657
0.7070539112534704,0.5496077311988166,0.2007182759201373,0.2739561275661503
0.7088805572311574,0.5520585722751016,0.2035218397356967,0.2684258253957273
0.7107358284126242,0.5544637904626327,0.2063068982696309,0.2628923633533462
0.7126196881902982,0.5568232293109892,0.2090725493313788,0.2573557174895142
0.7145320883627173,0.5591367235131555,0.2118178920069574,0.2518158774099595
0.7164729703999094,0.5614041012535458,0.2145420289856005,0.2462728422123307
0.7184422636862928,0.5636251828353892,0.2172440645150558,0.2407266252369945
0.7204398890950742,0.5657997853759166,0.2199231097272509,0.2351772437438038
0.7224657542340996,0.5679277180360124,0.2225782764918336,0.2296247321113705
0.7245197577122025,0.570008787266688,0.2252086835316371,0.2240691297804058
0.7266017835496104,0.5720427916142867,0.2278134495634153,0.2185104962954112
0.7287117084968617,0.5740295296194327,0.2303917029891201,0.2129488914139223
0.730849396325456,0.5759687945450236,0.2329425749337419,0.2073843904237042
0.7330147005999134,0.577860377530388,0.2354652030136793,0.2018170766778615
0.7352074610410112,0.5797040648717222,0.2379587274178085,0.1962470508700955
0.7374275099173458,0.5814996439329952,0.240422298566576,0.1906744146472252
0.7396746651698538,0.5832468977087368,0.2428550695252062,0.1850992881038875
0.7419487352003044,0.5849456091914642,0.2452562016816441,0.1795217976492188
0.7442495173804827,0.5865955604299031,0.2476248632608533,0.1739420798501346
0.7465767967267172,0.5881965319583631,0.2499602282325463,0.1683602846381435
0.7489303492284354,0.5897483054419127,0.2522614799048149,0.1627765673405179
0.7513099374184121,0.5912506609547773,0.2545278067085693,0.1571910993460912
0.7537153146268989,0.5927033801154292,0.2567584065919371,0.1516040580487569
0.7561462226781392,0.5941062448174174,0.2589524849311296,0.1460156324208708
0.7586023924383625,0.5954590378621215,0.2611092552499371,0.1404260218010912
0.7610835441987995,0.5967615434135436,0.2632279397148398,0.1348354351344535
0.7635893880855836,0.5980135474044128,0.2653077695941324,0.1292440902055275
0.7661196239372411,0.599214837634833,0.2673479852349573,0.1236522140934172
0.7686739397462397,0.6003652032619325,0.2693478349507593,0.1180600467361213
0.771252014524129,0.6014644363477102,0.2713065774351358,0.1124678347535063
0.7738535173591619,0.6025123315087056,0.2732234810171233,0.1068758337593258
0.7764781055268191,0.6035086853577707,0.2750978223847562,0.1012843125610294
0.7791254281894084,0.6044532981387429,0.276928889368936,0.0956935453925715
0.7817951240515987,0.6053459729080393,0.2787159792537984,0.0901038171517951
0.7844868233370936,0.6061865163419634,0.2804584001554372,0.0845154194395653
0.7872001455260728,0.6069747381046371,0.2821554695394145,0.0789286554899538
0.7899347002658142,0.6077104513375041,0.2838065149214882,0.0733438384062775
0.7926900908059229,0.6083934736351643,0.2854108758965891,0.0677612843896118
0.7954659084499578,0.6090236256533826,0.2869679007908626,0.062181324272349
0.7982617376503779,0.609600732506772,0.2884769496622618,0.0566042933674116
0.8010771531174842,0.6101246231404159,0.2899373926019686,0.0510305375297704
0.8039117223311268,0.6105951309078786,0.2913486110424776,0.0454604083667103
0.8067650055765385,0.6110120935201695,0.292709997604167,0.0398942634680865
0.8096365514346315,0.611375352474016,0.2940209539196695,0.0343324753942133
0.8125259029116996,0.6116847540532477,0.2952808935521355,0.0287754198919611
0.8154325948656357,0.6119401489447809,0.2964892406395029,0.0232234811652583
0.8183561568381708,0.6121413924857129,0.297645430947122,0.0176770467028174
0.8212961074540438,0.6122883442585509,0.2987489095068994,0.0121365181470216
0.8242519609714233,0.6123808685954404,0.299799133136824,0.0066022990550479
0.8272232235458573,0.6124188343227432,0.3007955688352611,0.0010748022037105
0.8302093943059882,0.6124021148621387,0.3017376941030548,-0.0044455522572398
0.8332117449178683,0.6123305296891716,0.3026255055172157,-0.0099615961405891
0.8362338180524722,0.6122036581495068,0.3034594759400381,-0.0154802227292171
0.8392751130450342,0.6120210719255038,0.3042387748488127,-0.021000840459049
0.8423351231415445,0.6117823488780416,0.3049625815310935,-0.026522859157375
0.8454133204301872,0.6114870741034605,0.3056300814046401,-0.0320456625659369
0.8485091623192351,0.6111348399677138,0.3062404681497219,-0.0375686201311573
0.8516220917121807,0.6107252463311851,0.3067929440155687,-0.0430910872364604
0.8547515332045474,0.6102579013868484,0.3072867195145699,-0.0486123984224221
0.8578968961433334,0.6097324216986919,0.3077210144439314,-0.0541318728309134
0.861057572965019,0.6091484328320971,0.3080950580322736,-0.0596488112481572
0.8642329405663952,0.608505569524598,0.3084080895520181,-0.0651624984878501
0.8674223605900698,0.6078034759652742,0.3086593586953315,-0.0706722038250116
0.8706251773431086,0.6070418066343329,0.3088481258015961,-0.0761771773549913
0.8738407207638174,0.6062202260367623,0.308973662482716,-0.0816766550693194
0.8770683044073747,0.6053384095346079,0.3090352518523542,-0.0871698553214613
0.8803072268689661,0.6043960433722954,0.3090321889632125,-0.0926559812010075
0.883556772017023,0.6033928249388889,0.3089637811157134,-0.0981342208365529
0.8868162114993903,0.6023284622540236,0.3088293480273677,-0.1036037514945756
0.8900847986217693,0.6012026762452256,0.3086282223212918,-0.1090637291874986
0.8933617728668668,0.6000151997440785,0.3083597497883198,-0.1145132962173679
0.896646357288994,0.5987657787845594,0.3080232899086877,-0.119951576747183
0.8999377621951412,0.5974541716364138,0.3076182158661714,-0.1253776828290426
0.9032351824686684,0.5960801501606987,0.3071439150965847,-0.1307907098645383
0.9065377984321406,0.5946434999018879,0.3065997895604686,-0.1361897379549692
0.9098447795556756,0.5931440187868084,0.3059852553617579,-0.1415738378424999
0.9131552787403896,0.5915815199644214,0.3052997439579181,-0.1469420614585892
0.9164684361621386,0.5899558305206782,0.3045427018254954,-0.1522934481123538
0.9197833800188392,0.5882667913895595,0.303713590454787,-0.1576270255637021
0.9230992259100964,0.5865142579326714,0.302811886645266,-0.1629418088890821
0.9264150739511922,0.5846981018705049,0.3018370835852382,-0.1682367957671511
0.929730015696629,0.5828182079118644,0.3007886891203916,-0.1735109774514418
0.9330431276190424,0.5808744776154742,0.2996662278142759,-0.1787633282345098
0.9363534762954576,0.578866826822683,0.2984692395384165,-0.1839928136060293
0.9396601162664008,0.5767951871593399,0.2971972802710729,-0.1891983867308105
0.9429620904694346,0.5746595061230769,0.2958499221240314,-0.1943789890397479
0.9462584321728584,0.5724597461237056,0.2944267526587678,-0.1995335531581073
0.9495481626676616,0.570195886267064,0.2929273759228017,-0.2046609991842191
0.9528302939935794,0.5678679208248852,0.2913514113541401,-0.2097602388580689
0.9561038290481512,0.5654758593191831,0.2896984936521044,-0.2148301756131093
0.9593677596201654,0.5630197281921182,0.2879682737639347,-0.2198697014385182
0.9626210703321696,0.5604995681103764,0.2861604168206947,-0.2248777028918232
0.9658627357308162,0.5579154362990686,0.2842746035465165,-0.2298530565141885
0.969091723235673,0.5552674044108724,0.2823105284841841,-0.2347946332917605
0.972306991133003,0.5525555602377901,0.2802679009655767,-0.2397012955023246
0.9755074921573206,0.5497800048014312,0.2781464426238402,-0.2445719021209628
0.9786921706668796,0.5469408547221278,0.275945888816584,-0.2494053044424465
0.9818599656448128,0.5440382395897635,0.2736659862342245,-0.2542003505969583
0.9850098096167436,0.541072302779829,0.2713064930872511,-0.258955883854119
0.9881406306298264,0.538043199419162,0.2688671770202441,-0.2636707455761665
0.991251351013014,0.5349510972639147,0.2663478152808934,-0.2683437733168933
0.99434088908579,0.5317961746952162,0.2637481925376058,-0.272973803382662
0.9974081610057798,0.5285786182495658,0.2610680981835053,-0.2775596735861092
1.0004520780787391,0.5252986247305677,0.2583073273749133,-0.2821002192255228
1.0034715501430502,0.5219563969011647,0.2554656766824374,-0.286594278175815
1.0064654847503844,0.5185521433347806,0.252542943096892,-0.2910406897031761
1.0094327886877736,0.515086075527628,0.2495389206313424,-0.2954382967922739
1.0123723672080809,0.5115584073723454,0.2464533988440476,-0.2997859450917997
1.0152831255904415,0.5079693516993241,0.2432861587222567,-0.3040824853447024
1.018163971976902,0.5043191146638369,0.2400369664617055,-0.3083267777076796
1.0210138141420977,0.5006078972835538,0.2367055734190976,-0.3125176871534925
1.023831560126278,0.4968358921032181,0.2332917116856783,-0.3166540846388223
1.026616122865219,0.4930032737938885,0.2297950839295748,-0.3207348541642372
1.029366414699161,0.489110202759801,0.2262153648075215,-0.3247588850279591
1.032081352082323,0.4851568144459108,0.2225521891959959,-0.3287250791113686
1.0347598549562351,0.4811432149709591,0.218805145851999,-0.3326323503938594
1.0374008443697906,0.4770694788708439,0.2149737728325914,-0.3364796220066275
1.040003245525884,0.4729356378256521,0.2110575441841761,-0.3402658312964093
1.042565982713444,0.4687416809231797,0.2070558671379815,-0.3439899231762818
1.045087983224248,0.4644875397332285,0.2029680645748192,-0.3476508566830762
1.0475681689926777,0.4601730923478129,0.1987933751854651,-0.351247593841278
1.0500054624636876,0.4557981423910531,0.1945309291825862,-0.3547791093603648
1.0523987768189125,0.4513624234046752,0.190179747977725,-0.3582443778330558
1.054747015362548,0.4468655863817212,0.1857387271297933,-0.3616423744569321
1.0570490613612464,0.4423072039389969,0.1812066351467064,-0.3649720621953825
1.059303772015417,0.4376867667175957,0.1765821043539826,-0.3682323852219975
1.061509965008417,0.4330036948711035,0.1718636365237233,-0.3714222519519759
1.0636664028657592,0.4282573567801501,0.1670496159138234,-0.3745405152485281
1.0657717697361098,0.4234471093235057,0.1621383446852417,-0.3775859419924889
1.067824641597842,0.4185723631195197,0.1571281052017757,-0.3805571733850718
1.069823445340763,0.4136326912206925,0.1520172695936786,-0.3834526692076674
1.071766403148981,0.4086280035239489,0.146804482022377,-0.3862706304655696
1.0736514584359824,0.4035588176152562,0.1414889493875211,-0.389008894233353
1.0754761902554937,0.3984266375807354,0.1360708579129708,-0.3916648094917712
1.0772377031245113,0.3932345171983486,0.1305520033383849,-0.3942350729626098
1.0789325259577764,0.387987766821341,0.1249366017246129,-0.3967155709734493
1.080556545506269,0.3826947725045671,0.1192322562413164,-0.3991012608599373
1.0821050457658743,0.3773677162325653,0.1134508582794752,-0.4013861933788926
1.0835729295756562,0.3720228617042521,0.1076090518821782,-0.4035637883252851
1.0849551811198983,0.3666799634236334,0.101727750566434,-0.4056274574003575
1.0862475090571473,0.3613606252998152,0.0958304639903756,-0.4075715018748094
1.08744698663937,0.3560859163502882,0.0899407174854079,-0.4093920330351487
1.0885524409248124,0.3508740913401005,0.084079475518725,-0.4110875582503378
1.0895644701332723,0.345739178731338,0.0782634384213028,-0.4126590462986252
1.0904851489027745,0.3406906902242138,0.0725045513610245,-0.4141095422461324
1.091317592483291,0.3357341560188791,0.0668104483157253,-0.4154435689533281
1.0920655296136537,0.3308720382513831,0.0611853590455451,-0.4166665288932587
1.092732967420488,0.3261046444279846,0.0556310590097431,-0.4177842297125024
1.0933239608464345,0.3214308850673376,0.0501476791883237,-0.4188025547979995
1.0938424705000234,0.3168488355656515,0.0447343197779967,-0.4197272583313752
1.0942922853472286,0.312356114820205,0.0393894717566444,-0.4205638529184344
1.094676986380605,0.3079501347169086,0.0341113010530653,-0.4213175558634405
1.0949999357117195,0.3036282545587077,0.0288978293287908,-0.4219932722375092
1.09526428009087,0.2993878709691756,0.0237470432598157,-0.4225955990819477
1.0954729614005072,0.2952264757020342,0.0186569685088025,-0.4231288394736539
1.095628731403235,0.2911416754595987,0.0136256993415401,-0.4235970235682808
1.095734166778216,0.287131210948455,0.0086514280610183,-0.4240039293970647
1.0957916846629323,0.2831929503815631,0.003732443221834,-0.4243531054449727
1.0958035567859843,0.2793248869446533,-0.0011328676147856,-0.4246478907876173
1.0957719225650109,0.2755251355454296,-0.0059460162576622,-0.4248914335966975
1.0956987329197565,0.2717892183193194,-0.0107118834987879,-0.4250868341506642
1.0955857769072652,0.2681146274488543,-0.0154329545581376,-0.4252368462849666
1.0954347578246482,0.2644999944210645,-0.0201103098741798,-0.4253440220292669
1.0952472988318225,0.2609440434038009,-0.0247449419255669,-0.4254107961244924
1.095024950437385,0.2574455834532776,-0.0293377611706733,-0.4254394964557114
1.094769196567971,0.2540034936802772,-0.033889611722664,-0.4254323532472595
1.0944814599378887,0.2506167145813481,-0.0384012795891122,-0.4253915068486629
1.0941631061463457,0.2472842348051262,-0.0428735075277835,-0.4253190143640512
1.093815449126215,0.2440050995995067,-0.0473069812358698,-0.4252168558494242
1.0934397539204137,0.2407783945728276,-0.0517023487479074,-0.4250869394685667
1.09303724009742,0.2376032433372202,-0.0560602216652187,-0.4249311061370432
1.0926090844041385,0.2344788019022168,-0.0603811810193922,-0.4247511335265143
1.0921564232448298,0.2314042550982251,-0.0646657806280558,-0.4245487396433107
1.09168035502454,0.2283788142684808,-0.0689145488747373,-0.424325586079936
1.091181942093281,0.22540171410145,-0.0731279918455372,-0.4240832808579379
1.0906622118925715,0.2224722066869144,-0.0773066006382592,-0.4238233806660154
1.090122158960812,0.2195895623515794,-0.0814508492793358,-0.4235473933358546
1.0895627461359574,0.2167530666756501,-0.0855611981392441,-0.4232567797923785
1.0889849062488832,0.2139620210064598,-0.089638092423769,-0.4229529561319425
1.0883895424686802,0.2112157370607427,-0.0936819693688553,-0.4226372948902212
1.0877775301064514,0.2085135394609755,-0.0976932539969548,-0.4223111269797425
1.0871497169190127,0.2058547616673942,-0.10167236462138,-0.4219757427599043
1.0865069242156336,0.2032387462612466,-0.1056197120620058,-0.4216323934631474
1.0858499477674517,0.2006648445876764,-0.1095356998287108,-0.4212822924600967
1.0851795582568744,0.1981324149306451,-0.11342072660252,-0.4209266162289497
1.0844965023040374,0.1956408232738174,-0.1172751848502176,-0.4205665055892774
1.0838015027310917,0.1931894413976607,-0.121099463565042,-0.4202030664942894
1.083095259363848,0.1907776472583417,-0.1248939475643888,-0.4198373710777209
1.0823784497311064,0.1884048250678373,-0.1286590172473429,-0.4194704586157784
1.081651729578364,0.1860703648672128,-0.1323950491729022,-0.4191033363665522
1.0809157332339796,0.1837736618042511,-0.136102417164891,-0.4187369803160108
1.0801710740965351,0.1815141159692365,-0.1397814925776007,-0.4183723359720255
1.0794183453045665,0.1792911328571492,-0.1434326435559433,-0.4180103192314353
1.0786581204151728,0.1771041238468284,-0.1470562342407554,-0.4176518172280787
1.0778909534021484,0.1749525047819565,-0.1506526271302884,-0.4172976888450301
1.0771173793333029,0.1728356966459055,-0.1542221820317334,-0.4169487655467835
1.0763379149182206,0.1707531258460627,-0.1577652556321976,-0.4166058521321198
1.0755530590078262,0.1687042243781756,-0.1612822012611117,-0.416269727450486
1.0747632927560709,0.166688429155718,-0.1647733700991857,-0.4159411449664156
1.0739690805003816,0.1647051832371601,-0.1682391091271059,-0.4156208336213906
1.073170869740302,0.1627539347503674,-0.1716797630457457,-0.4153094983069364
1.0723690915044632,0.1608341368990259,-0.175095674371527,-0.4150078205087834
1.0715641613433744,0.1589452494486054,-0.178487180870371,-0.4147164591712792
1.0707564793251447,0.1570867377927299,-0.1818546172559071,-0.4144360511651055
1.0699464305574555,0.1552580733253807,-0.185198314584703,-0.4141672119538904
1.0691343854302988,0.1534587331796364,-0.1885186007923858,-0.413910536156311
1.068320700247287,0.1516882008513294,-0.1918157996035824,-0.413666598228824
1.0675057172661695,0.1499459655226254,-0.1950902318346287,-0.4134359529548504
1.0666897657295835,0.1482315235335953,-0.1983422126742449,-0.4132191362159054
1.0658731614870751,0.146544376835172,-0.2015720546154081,-0.4130166653494673
1.0650562080222237,0.1448840344392833,-0.2047800647318231,-0.4128290398887402
1.0642391963313278,0.1432500114641565,-0.20796654650935,-0.4126567419900862
1.0634224056618866,0.1416418299598971,-0.2111317982573645,-0.4125002370624226
1.0626061035014909,0.1400590182268124,-0.2142761144349275,-0.4123599742218409
1.0617905461675876,0.1385011113433364,-0.2173997846113773,-0.4122363868649426
1.0609759790265418,0.1369676509638459,-0.2205030938481121,-0.412129893158454
1.06016263716536,0.1354581859760279,-0.2235863213336856,-0.4120408965786162
1.0593507450672877,0.1339722713009715,-0.2266497427845072,-0.41196978631976
1.0585405177075655,0.1325094693443356,-0.2296936274342285,-0.411916937855149
1.0577321603313443,0.1310693490063965,-0.2327182399988787,-0.411882713341919
1.0569258685233975,0.1296514852852829,-0.2357238414856284,-0.411867462090155
1.056121829749581,0.1282554614544772,-0.2387106845076431,-0.4118715210311598
1.055320221543082,0.1268808653663227,-0.2416790210740753,-0.4118952151339062
1.054521212566038,0.1255272908703603,-0.2446290996141563,-0.4119388579296633
1.053724964304845,0.1241943401874505,-0.2475611597118519,-0.4120027518559352
1.0529316305618877,0.1228816224986575,-0.250475434983048,-0.4120871886317799
1.0521413578500751,0.1215887541047298,-0.2533721525774419,-0.4121924496075827
1.051354285345523,0.1203153578686363,-0.2562515342777546,-0.4123188061572838
1.0505705446241322,0.1190610623545268,-0.2591137983525338,-0.4124665201517505
1.0497902611096983,0.1178255037202447,-0.2619591551360255,-0.4126358441132471
1.0490135532167488,0.1166083239014899,-0.2647878110156736,-0.4128270217517097
1.0482405333240958,0.1154091717359604,-0.2675999657112833,-0.4130402881477076
1.0474713072244897,0.1142277016943723,-0.2703958150882593,-0.4132758702809027
1.0467059753143997,0.1130635753225111,-0.2731755476187287,-0.4135339870749584
1.0459446318495795,0.1119164597034857,-0.2759393478566582,-0.4138148499931497
1.045187366223664,0.1107860290148295,-0.2786873925423571,-0.4141186629594806
1.0444342616990436,0.1096719622518031,-0.2814198559373431,-0.4144456232066849
1.04368539679243,0.1085739449499174,-0.2841369055042567,-0.4147959211182661
1.0429408455718665,0.1074916692441982,-0.2868387015198391,-0.415169740384969
1.0422006768455734,0.1064248323386222,-0.2895254006884575,-0.4155672587375731
1.0414649549637374,0.1053731373505121,-0.2921971538857626,-0.4159886479249127
1.0407337398070444,0.1043362929672812,-0.2948541068353623,-0.4164340740583796
1.040007087440824,0.1033140140548247,-0.2974963983486344,-0.4169036975422164
1.039285049227481,0.1023060200964789,-0.3001241641511394,-0.4173976739656187
1.0385676735770004,0.1013120373466872,-0.3027375310972923,-0.4179161532657817
1.0378550042185803,0.1003317961244564,-0.3053366240265371,-0.4184592812273013
1.0371470819161432,0.099365032912806,-0.3079215600659081,-0.4190271985833053
1.0364439433814374,0.0984114885843702,-0.3104924531278325,-0.4196200421481905
1.0357456227490955,0.0974709101417479,-0.3130494090401926,-0.4202379439208153
1.035052150430456,0.0965430488948577,-0.3155925302373907,-0.4208810323264252
1.0343635537867124,0.095627661123229,-0.3181219137906294,-0.4215494319680039
1.0336798572925625,0.0947245080438411,-0.3206376512807622,-0.4222432637559304
1.0330010828606615,0.0938333559931627,-0.3231398280610058,-0.4229626448417031
1.032327249037225,0.0929539751365305,-0.3256285266691222,-0.4237076897577848
1.0316583728923614,0.0920861417113573,-0.3281038202827784,-0.4244785086345582
1.0309944678915184,0.0912296350257614,-0.3305657809997215,-0.4252752098224288
1.030335545829858,0.0903842397587726,-0.3330144730921741,-0.426097897972948
1.029681615796752,0.0895497444075332,-0.3354499572344187,-0.426946675506304
1.0290326849323912,0.0887259420557095,-0.3378722880753201,-0.4278216419431948
1.0283887582293867,0.0879126299171787,-0.3402815153420271,-0.4287228943892627
1.02774983865858,0.0871096093024855,-0.3426776837285969,-0.4296505276194327
1.0271159275450807,0.0863166859008476,-0.3450608318285847,-0.4306046337585288
1.0264870235637091,0.0855336683418535,-0.3474309962489256,-0.4315853040485041
1.0258631250149524,0.0847603708554636,-0.3497882033635437,-0.4325926255777793
1.025244226746501,0.0839966092706755,-0.3521324812372524,-0.4336266863651258
1.0246303240535362,0.083242205677431,-0.354463845184822,-0.4346875692453515
1.0240214090714868,0.08249698380508,-0.3567823117163426,-0.4357753580566108
1.0234174732636958,0.0817607719307437,-0.3590878893923871,-0.4368901336759821
1.022818506085237,0.0810334010862202,-0.3613805841797208,-0.4380319765940414
1.0222244968303846,0.0803147071528501,-0.3636603926469964,-0.4392009636267735
1.021635432661732,0.0796045283181641,-0.3659273097544503,-0.4403971718277498
1.0210512995440886,0.0789027060728055,-0.3681813255360013,-0.4416206769801306
1.0204720827273952,0.0782090856494236,-0.3704224234650427,-0.4428715527402956
1.0198977661223183,0.077523515135933,-0.3726505830860319,-0.4441498721049268
1.01932833285063,0.0768458460038602,-0.3748657781035101,-0.4454557064059073
1.018763764363073,0.0761759319319882,-0.3770679800264066,-0.446789127528833
1.0182040421068002,0.075513630664844,-0.3792571518773499,-0.4481502042241817
1.017649146069714,0.0748588021620612,-0.3814332540559235,-0.4495390056566231
1.0170990562254556,0.0742113101896573,-0.3835962388674814,-0.4509555980119343
1.016553750720374,0.0735710200686,-0.3857460578182152,-0.4524000492355275
1.0160132074152697,0.0729378003833891,-0.3878826557399585,-0.4538724253252226
1.0154774037298069,0.0723115226868714,-0.3900059715498488,-0.4553727907634634
1.0149463160451144,0.0716920606969267,-0.3921159407726216,-0.4569012103145729
1.0144199203636384,0.0710792909672481,-0.3942124930803282,-0.4584577473463565
1.013898191987533,0.0704730924128745,-0.3962955537114526,-0.4600424648709101
1.0133811061481368,0.0698733469453413,-0.3983650410933156,-0.4616554237447173
1.012868636663992,0.0692799378225877,-0.4004208723422571,-0.4632966869618133
1.0123607580144165,0.0686927519625453,-0.4024629550851545,-0.4649663132605744
1.011857443320193,0.0681116775159577,-0.4044911956747439,-0.4666643636651978
1.0113586658618008,0.0675366055379465,-0.4065054932072574,-0.468390896681718
1.0108643982350507,0.0669674289291145,-0.408505743027435,-0.4701459711998944
1.010374612695543,0.0664040427531678,-0.4104918354466733,-0.4719296454714056
1.0098892816788891,0.0658463447560062,-0.4124636537249165,-0.4737419752468058
1.0094083767683573,0.0652942341024044,-0.4144210783506529,-0.4755830176423863
1.0089318697150662,0.0647476124748997,-0.416363982986264,-0.4774528274472314
1.0084597310575938,0.0642063824183041,-0.4182922401782403,-0.479351462622876
1.0079919323379785,0.0636704498114188,-0.4202057123949502,-0.4812789756279775
1.007528444287446,0.063139721718293,-0.4221042594993841,-0.4832354206421763
1.0070692380748216,0.0626141077529502,-0.4239877337126677,-0.4852208484895813
1.0066142836950078,0.0620935181706576,-0.4258559862854167,-0.4872353136119464
1.0061635516865295,0.0615778657720962,-0.4277088605177942,-0.4892788667933688
1.005717012349165,0.0610670649472932,-0.4295461950217241,-0.4913515585385015
1.005274636048626,0.060561031965719,-0.4313678225210561,-0.4934534377319121
1.004836393025775,0.0600596847012686,-0.4331735706849565,-0.4955845525382098
1.0044022531106032,0.0595629422498401,-0.4349632633539299,-0.4977449519131429
1.0039721864574842,0.0590707257168292,-0.436736717551791,-0.4999346820609449
1.0035461629212448,0.0585829574511481,-0.4384937460953161,-0.5021537895454806
1.0031241528366777,0.058099561887139,-0.440234154415137,-0.5044023172826076
1.0027061258695031,0.0576204641797008,-0.4419577453268581,-0.5066803106008021
1.002292052260504,0.0571455915816486,-0.4436643139296893,-0.508987810661848
1.0018819018091645,0.0566748722326856,-0.4453536518232,-0.5113248599861291
1.0014756447342172,0.0562082361012583,-0.447025543584233,-0.5136914976923366
1.001073251101941,0.055745614285201,-0.4486797691439915,-0.516087762703658
1.0006746910794364,0.0552869392599522,-0.4503161027631617,-0.5185136923236525
1.000279935379894,0.0548321453509369,-0.4519343112254615,-0.520969319408829
0.9998889538924272,0.0543811671156008,-0.4535341594715281,-0.5234546808409879
0.999501717338117,0.0539339412121517,-0.4551154038206706,-0.5259698072648379
0.9991181961329298,0.0534904050515606,-0.4566777966403055,-0.5285147301827966
0.9987383610389584,0.0530504975126984,-0.4582210836927451,-0.5310894777572074
0.9983621826841432,0.0526141583514517,-0.4597450060984051,-0.5336940779735428
0.997989632238628,0.0521813289505283,-0.4612492975992763,-0.5363285539596397
0.9976206805099068,0.0517519512362487,-0.4627336882267332,-0.538992930239928
0.9972552987180056,0.0513259685458128,-0.4641979011675475,-0.5416872272913287
0.9968934583279444,0.0509033254028824,-0.4656416534546106,-0.5444114625630416
0.9965351307611104,0.0504839671502364,-0.4670646571220121,-0.547165652586298
0.9961802876756692,0.0500678402472087,-0.4684666180823646,-0.549949810848642
0.995828900888778,0.0496548921504955,-0.4698472364397292,-0.5527639482980771
0.9954809421156045,0.0492450709786278,-0.4712062075051422,-0.555608075434114
0.995136383760536,0.0488383264164508,-0.472543218701237,-0.5584821957969349
0.9947951982025588,0.0484346088494711,-0.4738579523723232,-0.5613863115986512
0.9944573577025017,0.0480338692256333,-0.475150086111337,-0.5643204246253531
0.9941228351487744,0.0476360599141963,-0.4764192898952534,-0.5672845297405226
0.9937916034838368,0.0472411340039095,-0.477665228301435,-0.5702786196387841
0.9934636357669676,0.04684904535305,-0.478887560254427,-0.5733026842831166
0.993138905124551,0.0464597485061237,-0.4800859391957743,-0.5763567113444373
0.9928173849035102,0.0460731988546243,-0.4812600125018823,-0.5794406847309886
0.9924990492829004,0.0456893533547651,-0.4824094192919542,-0.5825545784194649
0.9921838716470424,0.0453081685479734,-0.4835337963351336,-0.5856983721162002
0.9918718264227362,0.0449296027550374,-0.4846327714057857,-0.5888720332394413
0.9915628875327376,0.044553614187524,-0.4857059688166574,-0.5920755321629421
0.9912570295646608,0.0441801623448255,-0.4867530052787007,-0.5953088303237025
0.9909542273823349,0.0438092075281923,-0.4877734913226543,-0.5985718838572845
0.9906544559666958,0.043440710628788,-0.4887670318523689,-0.6018646451525856
0.9903576902021212,0.0430746328447861,-0.4897332268211344,-0.6051870652201761
0.990063905642322,0.0427109366079306,-0.4906716687271917,-0.6085390850560909
0.9897730775045572,0.0423495843257199,-0.4915819458863112,-0.6119206468050052
0.989485181754062,0.0419905397081988,-0.4924636389821297,-0.6153316812418164
0.9892001944623504,0.041633766960474,-0.4933163231638097,-0.6187721148419562
0.9889180915789332,0.0412792304781954,-0.4941395686904506,-0.62224187257151
0.988638849502802,0.0409268955475016,-0.4949329392243887,-0.6257408708827852
0.9883624448824104,0.0405767280831051,-0.4956959924895948,-0.6292690198540926
0.9880888545044122,0.0402286944739935,-0.4964282806081447,-0.6328262244364862
0.98781805536939,0.0398827616653511,-0.497129349906046,-0.6364123833580423
0.9875500248134972,0.0395388973022659,-0.4977987406477323,-0.6400273872917246
0.9872847400769263,0.0391970691635817,-0.4984359881463048,-0.6436711245047163
0.987022178912866,0.0388572459310367,-0.4990406212791385,-0.6473434724680471
0.9867623190288138,0.0385193964582368,-0.4996121638793854,-0.6510443053205645
0.986505138573734,0.0381834903894295,-0.5001501336520702,-0.6547734868842893
0.9862506158593164,0.0378494977887601,-0.5006540428831712,-0.6585308743264374
0.985998729241805,0.0375173889719493,-0.5011233986797026,-0.6623163198183418
0.9857494572355208,0.0371871346413289,-0.5015577027338932,-0.6661296688097603
0.9855027788709532,0.0368587063517497,-0.5019564507875257,-0.6699707542794797
0.9852586730263648,0.0365320756141631,-0.5023191338388263,-0.6738394067977498
0.98501711914605,0.0362072148422145,-0.5026452370468564,-0.6777354431393992
0.9847780966155268,0.0358840965082676,-0.5029342407579676,-0.6816586759170531
0.9845415849161814,0.035562693335621,-0.5031856202370638,-0.6856089111467295
0.9843075640710786,0.0352429788960386,-0.5033988452828501,-0.6895859405612325
0.9840760139621216,0.0349249266727417,-0.5035733810265687,-0.6935895528130818
0.9838469150264086,0.0346085110032888,-0.503708687385165,-0.6976195214220077
0.983620247382709,0.03429370586796,-0.5038042197336596,-0.7016756197945976
0.983395991674112,0.0339804860413896,-0.5038594284117471,-0.7057576063388494
0.9831741288243968,0.0336688267537942,-0.5038737590898188,-0.7098652283026101
0.98295463962245,0.0333587030974177,-0.5038466528535511,-0.7139982293198643
0.9827375047171352,0.0330500899974282,-0.5037775459796346,-0.7181563498255275
0.982522705382076,0.0327429632860597,-0.5036658701560459,-0.7223393123786567
0.982310222988478,0.0324372989521397,-0.5035110525653967,-0.7265468312868045
0.9821000392000032,0.0321330734118798,-0.5033125160859985,-0.7307786085999131
0.9818921359913036,0.0318302635326068,-0.5030696795264132,-0.7350343333522663
0.9816864954586888,0.0315288463522822,-0.5027819575868079,-0.7393136851197265
0.981483099886512,0.0312287991671129,-0.5024487610136356,-0.7436163325072616
0.9812819317537312,0.0309300995338357,-0.5020694967309367,-0.7479419327964351
0.9810829736870932,0.0306327251924559,-0.5016435678655167,-0.7522901327535294
0.9808862086266652,0.0303366543068496,-0.5011703742419409,-0.7566605647820487
0.980691619512586,0.0300418649877977,-0.5006493118038048,-0.7610528536104887
0.9804991896436444,0.0297483358250166,-0.5000797736040389,-0.7654666081275193
0.9803089024059464,0.0294560454708511,-0.4994611492694386,-0.7699014272276878
0.9801207415515604,0.0291649730605146,-0.4987928260352612,-0.7743568931300187
0.9799346909988806,0.0288750979029349,-0.4980741883749483,-0.778832575664884
0.979750734718961,0.0285863992939595,-0.4973046176458142,-0.7833280348912922
0.9795688569993588,0.0282988569206169,-0.4964834932764612,-0.7878428145351907
0.9793890423098112,0.0280124506472518,-0.4956101924850487,-0.7923764449332095
0.9792112753682,0.0277271606149998,-0.4946840908152136,-0.7969284411192152
0.979035541165442,0.0274429672795244,-0.4937045625872409,-0.8014983018296321
0.9788618247665974,0.0271598510847668,-0.4926709800487543,-0.8060855144000952
0.978690111579242,0.0268777928921542,-0.4915827151316119,-0.8106895475205708
0.9785203871405695,0.0265967736306514,-0.4904391385081299,-0.81530985653589
0.9783526374131036,0.026316774782573,-0.489239621892363,-0.8199458751075306
0.9781868483638564,0.0260377776828867,-0.4879835355198836,-0.8245970263889304
0.9780230063959464,0.0257597642364134,-0.4866702515813972,-0.8292627108029432
0.9778610980804774,0.0254827164691997,-0.4852991427303658,-0.8339423130989313
0.9777011104009776,0.0252066169456648,-0.4838695845911658,-0.8386351949469203
0.9775430303350048,0.0249314480489905,-0.4823809525845212,-0.8433407067724591
0.977386845325124,0.0246571927925125,-0.4808326265905483,-0.8480581736267615
0.9772325430192004,0.0243838343745024,-0.4792239892377731,-0.8527869023741035
0.977080111388857,0.0241113563883327,-0.4775544276778828,-0.8575261777226691
0.9769295386226714,0.0238397426363214,-0.4758233331172771,-0.8622752650949775
0.9767808133147576,0.0235689774738592,-0.4740301036773736,-0.8670334042704053
0.97663392430385,0.0232990455280507,-0.4721741434211677,-0.8717998139355905
0.9764888607100148,0.0230299317690739,-0.4702548635442235,-0.8765736901265665
0.9763456119650816,0.0227616215742006,-0.4682716836466797,-0.8813542047846323
0.9762041679241916,0.0224941009501461,-0.4662240343675904,-0.8861405014666299
0.9760645186418164,0.0222273561250405,-0.4641113553298692,-0.8909317023338471
0.9759266545518466,0.0219613738996584,-0.4619330987842636,-0.895726901627572
0.975790566411652,0.0216961415581913,-0.4596887300642293,-0.9005251670175656
0.9756562453501832,0.0214316469798578,-0.4573777297122715,-0.9053255373723
0.9755236827880738,0.0211678785019724,-0.4549995935501966,-0.9101270250641992
0.9753928705708628,0.0209048252055551,-0.452553836541435,-0.9149286106402404
0.9752638007577956,0.0206424765160655,-0.4500399905115239,-0.9197292500078652
0.9751364658362794,0.0203808226577614,-0.4474576097648195,-0.9245278661064684
0.9750108586790258,0.0201198546012466,-0.4448062722941192,-0.929323349847602
0.9748869724342224,0.0198595638664917,-0.4420855794039049,-0.9341145638009782
0.974764800583758,0.0195999426719466,-0.4392951587875689,-0.9389003395990552
0.9746443370086416,0.0193409841100475,-0.4364346681913028,-0.943679474899596
0.9745255758545212,0.0190826818983091,-0.4335037945423061,-0.9484507382523704
0.97440851158163,0.0188250305213442,-0.4305022572659957,-0.9532128668448928
0.9742931391220444,0.0185680256241961,-0.4274298149243927,-0.9579645596753408
0.9741794534737118,0.0183116631573912,-0.4242862571013763,-0.9627044938993644
0.9740674500797606,0.0180559402623008,-0.4210714168707201,-0.96743130910272
0.9739571246884214,0.0178008550159814,-0.4177851700474893,-0.9721436127647832
0.9738484731668068,0.0175464060479842,-0.4144274322656909,-0.9768399881897544
0.9737414917011749,0.0172925930502889,-0.4109981675419539,-0.98151898604383
0.9736361766800746,0.0170394165609592,-0.4074973876408399,-0.986179129429402
0.9735325246222032,0.0167868778402635,-0.4039251523444119,-0.9908189173463656
0.9734305324227168,0.0165349795287978,-0.4002815809044339,-0.9954368139175668
0.9733301968208896,0.0162837243976648,-0.3965668362221838,-1.0000312727548204
0.9732315148627751,0.0160331165371143,-0.3927811438223496,-1.0046007166821198
0.9731344836621624,0.0157831608276854,-0.3889247863066127,-1.0091435491124747
0.973039100057135,0.0155338620901078,-0.384998091632546,-1.013658171176918
0.9729453614483664,0.0152852273169277,-0.3810014697266967,-1.0181429431142983
0.9728532648371182,0.0150372632235044,-0.3769353758607921,-1.0225962306485177
0.9727628070659208,0.0147899768854602,-0.3728003213197234,-1.0270163952864937
0.9726739851298666,0.0145433766335295,-0.3685968896642837,-1.031401780416494
0.9725867958721354,0.014297471283504,-0.3643257254674973,-1.0357507273727438
0.972501235896224,0.0140522699171323,-0.3599875313088216,-1.040061581494979
0.9724173015699562,0.0138077819105976,-0.3555830687556001,-1.0443326937963109
0.9723349886873074,0.01356401594368,-0.351113140453116,-1.0485624403200515
0.9722542932670046,0.0133209823597919,-0.3465786332716492,-1.0527491832688052
0.9721752107256328,0.0130786907488564,-0.341980474471206,-1.0568913153232535
0.9720977363090544,0.0128371512304221,-0.3373196551189782,-1.0609872395974185
0.9720218649356668,0.0125963739920518,-0.3325972213647513,-1.0650353798603227
0.9719475907210816,0.0123563677374749,-0.3278142428365576,-1.069034208455023
0.9718749079116276,0.0121171426402378,-0.3229718699303371,-1.0729821987201915
0.971803810361868,0.0118787087060206,-0.3180713014676819,-1.0768778548521456
0.9717342907012646,0.0116410728703337,-0.3131137226069075,-1.080719760508532
0.9716663418775264,0.0114042441163605,-0.3081004083463094,-1.0845064967078668
0.9715999560536928,0.0111682297107935,-0.3030326442850786,-1.0882367046999504
0.9715351250734804,0.0109330367212106,-0.2979117562335954,-1.091909062665513
0.9714718404180188,0.0106986718217454,-0.292739104480052,-1.0955222902515716
0.9714100927841468,0.0104651396268894,-0.2875160445098584,-1.0990751750427212
0.9713498731101872,0.0102324464605849,-0.2822440087049563,-1.1025665158509894
0.9712911712205772,0.0100005951220739,-0.2769243866869759,-1.1059952028664244
0.9712339769282065,0.0097695889730376,-0.2715586144711112,-1.1093601561243176
0.9711782795082804,0.0095394297911797,-0.2661481231759013,-1.1126603579180752
0.9711240678501936,0.0093101182180593,-0.2606943461746954,-1.1158948458764328
0.971071331445318,0.0090816579389463,-0.2551988172947034,-1.1190626552033802
0.9710200577761664,0.008854044315734,-0.2496628955066183,-1.1221629768082002
0.9709702355362896,0.0086272781502299,-0.2440880926920444,-1.125194965548476
0.9709218526272916,0.0084013569112286,-0.2384758603379732,-1.1281578617183423
0.9708748966473182,0.0081762766460009,-0.2328276320879608,-1.1310509631143089
0.9708293553924968,0.0079520342753563,-0.2271448790961157,-1.133873595090598
0.9707852160013342,0.0077286233139555,-0.2214289997791553,-1.136625164295718
0.9707424658856062,0.0075060382805735,-0.2156814288684677,-1.139305101855251
0.970701092381134,0.0072842729382483,-0.2099035913333517,-1.1419128854338043
0.9706610823824748,0.0070633181191114,-0.2040968428965033,-1.1444480629870752
0.9706224232225245,0.0068431663389181,-0.1982625884386538,-1.1469101976636482
0.9705851021173878,0.0066238087474142,-0.1924022009668601,-1.149298903000083
0.9705491059480892,0.0064052335417119,-0.1865169762113598,-1.151613857410435
0.9705144222274122,0.006187431622467,-0.180608282655661,-1.1538547422423462
0.9704810382193304,0.005970391245832,-0.1746774166741728,-1.1560212982360676
0.9704489415878362,0.0057541019782006,-0.1687257082603808,-1.1581132835727974
0.9704181196079976,0.0055385493195489,-0.1627543719868698,-1.1601305250872695
0.970388559973484,0.0053237198712529,-0.1567646471088919,-1.16207286558566
0.970360250930314,0.0051096025951298,-0.1507578333401178,-1.163940154382329
0.9703331803695064,0.0048961820126444,-0.1447350996773291,-1.1657323066970853
0.9703073364369494,0.0046834423329444,-0.1386975976416267,-1.1674492633473337
0.9702827077816342,0.0044713695671377,-0.1326465210818086,-1.1690909736825306
0.9702592829488906,0.00425994636181,-0.1265829585261305,-1.1706574354569543
0.9702370513321203,0.0040491603849725,-0.1205081326405095,-1.172148630755641
0.97021600195722,0.003838993229318,-0.1144230812498395,-1.1735646067739876
0.9701961246131648,0.0036294309268385,-0.1083289594475639,-1.1749053995124443
0.9701774088455166,0.003420453725035,-0.1022267429394642,-1.1761711009268254
0.9701598448439356,0.0032120450898479,-0.0961174888714463,-1.17736179855783
0.9701434232989417,0.0030041909493453,-0.090002315227851,-1.1784775843952917
0.9701281347379338,0.0027968712728291,-0.083882152863758,-1.1795185994075277
0.9701139703384138,0.0025900700469154,-0.0777580383925049,-1.1804849777393165
0.9701009213380268,0.0023837672937084,-0.0716308785862279,-1.1813768862511045
0.9700889796185754,0.0021779477493103,-0.0655017075041684,-1.1821944840615184
0.9700781371547814,0.0019725923473782,-0.0593714337659686,-1.1829379596100769
0.9700683862810772,0.0017676819580022,-0.0532409512027823,-1.1836075118672391
0.9700597197812592,0.0015631996189752,-0.0471112059317519,-1.184203343577504
0.9700521307206588,0.0013591273328301,-0.0409831007956325,-1.184725672211704
0.9700456125137458,0.0011554474735357,-0.0348575375204109,-1.1851747247845028
0.9700401588681512,0.0009521409016923,-0.0287353601206902,-1.185550741181758
0.9700357639074092,0.000749191385314,-0.0226174881301645,-1.1858539651849374
0.9700324219855606,0.0005465777206115,-0.0165046793609019,-1.186084656758048
0.970030127894596,0.0003442828559051,-0.0103978050883654,-1.1862430772551298
0.9700288767328156,0.0001422872803616,-0.0042976509484976,-1.1863294980385335
0.9700286639545797,-5.94225260849e-05,0.0017948277135951,-1.1863441966015182
0.9700294853106296,-0.0002608683554515,0.0078789364036955,-1.1862874602660065
0.970031341495018,-0.000462457146801,0.0139656177843214,-1.1861592648800523
0.9700342365711933,-0.0006643035125182,0.0200569769924065,-1.1859593836945597
0.9700381747996936,-0.0008664259813682,0.0261522078558159,-1.1856876068551865
0.9700431607605854,-0.0010688422133143,0.0322504686391685,-1.1853437333134924
0.97004919945983,-0.0012715729597155,0.0383510010812884,-1.1849275638839167
0.9700562961040372,-0.0014746339199256,0.0444528850238175,-1.184438917180485
0.9700644562127242,-0.0016780414116389,0.0505552093499985,-1.183877622278495
0.970073685699153,-0.0018818137162389,0.0566571120562081,-1.183243513587418
0.9700839907465278,-0.0020859677779084,0.0627576810598762,-1.182536439813718
0.9700953780125248,-0.0022905232999982,0.0688560765243965,-1.1817562503905494
0.9701078543935168,-0.0024954978916499,0.0749513856074111,-1.1809028121461491
0.9701214270196528,-0.0027009077805869,0.0810426442729091,-1.1799760100800425
0.9701361033686008,-0.0029067698330924,0.0871288975213293,-1.1789757400538747
0.9701518913609012,-0.0031131025431251,0.0932092282455596,-1.17790190282624
0.9701687990940197,-0.0033199223697676,0.0992826490622326,-1.1767544226805997
0.9701868352191036,-0.0035272485307837,0.1053482433928506,-1.175533222353207
0.9702060083468556,-0.0037350959723217,0.1114049594972876,-1.1742382638274516
0.9702263274725696,-0.0039434807305312,0.1174517683657668,-1.172869519955584
0.9702478020597656,-0.0041524204505582,0.1234876782195227,-1.1714269694235429
0.9702704417282504,-0.0043619311823664,0.1295116417037988,-1.1699106182840904
0.970294256370282,-0.0045720287430426,0.1355225960581439,-1.1683204925775046
0.970319255963802,-0.004782727226506,0.1415194212517042,-1.1666566512114094
0.970345451107374,-0.0049940435889559,0.1475010710787802,-1.164919150788248
0.9703728523940404,-0.005205992326343,0.1534664218719717,-1.1631080877687705
0.9704014707900832,-0.0054185887103052,0.1594143651325408,-1.1612235736916228
0.9704313174807572,-0.0056318475620439,0.1653437733135442,-1.1592657458261664
0.9704624034081188,-0.005845780211391,0.1712534169352721,-1.1572347976548965
0.9704947402822934,-0.0060604017034194,0.1771421654106713,-1.1551309129085452
0.9705283396616532,-0.0062757243779967,0.183008809828156,-1.1529543260708808
0.9705632134915304,-0.0064917615979772,0.1888521666368283,-1.1507052874634207
0.9705993736635476,-0.0067085249903386,0.1946710034997446,-1.1483840919577764
0.9706368318249632,-0.0069260236278624,0.2004640200701815,-1.1459910909287505
0.9706756004246015,-0.0071442702169268,0.2062300143342966,-1.143526625371025
0.9707156914786468,-0.007363273929044,0.2119676924617315,-1.140991104825778
0.9707571173928676,-0.0075830452079366,0.2176757978750494,-1.1383849548331124
0.9707998902061056,-0.0078035917528643,0.2233530077624292,-1.1357086644900882
0.9708440220197108,-0.008024921019714,0.2289980007150727,-1.1329627588186502
0.9708895253072998,-0.0082470417524917,0.234609496538205,-1.130147779350094
0.970936411987974,-0.0084699594755652,0.2401861434630641,-1.127264341168582
0.9709846939893418,-0.0086936794809742,0.245726596792584,-1.124313097067699
0.9710343830904516,-0.0089182061643624,0.2512295041184313,-1.1212947464954472
0.9710854912142356,-0.0091435444149861,0.2566935411271496,-1.1182100170399991
0.9711380298508634,-0.0093696971136909,0.2621173524000985,-1.1150596984914876
0.9711920103873364,-0.00959666674205,0.2674995931712783,-1.1118446216786997
0.9712474439790226,-0.0098244549146628,0.2728389201332298,-1.1085656650333922
0.9713043411137604,-0.010053060751859,0.2781339563272048,-1.1052237787736976
0.9713627125251428,-0.0102824847090141,0.2833833828954772,-1.1018199295252111
0.9714225685582636,-0.0105127260318049,0.2885858812304455,-1.0983551364542905
0.9714839190940896,-0.0107437826092433,0.2937401325811447,-1.09483047375601
0.9715467735691616,-0.0109756511931321,0.2988448259474776,-1.0912470674634145
0.971611141160538,-0.011208328183073,0.3038986777975547,-1.0876060829342131
0.971677030583962,-0.011441808962504,0.3089004195451833,-1.083908734399347
0.9717444499874226,-0.0116760876394593,0.3138487946711922,-1.0801562886298175
0.9718134076193944,-0.0119111594326585,0.3187426109612408,-1.0763500256782348
0.971883911021726,-0.0121470179030507,0.3235806833832715,-1.0724912818504782
0.9719559669687045,-0.0123836549148953,0.3283618367152849,-1.068581450077791
0.9720295820530932,-0.0126210626688663,0.3330849491219598,-1.0646219454222272
0.972104762817308,-0.0128592340928684,0.3377489599782841,-1.0606141963671918
0.9721815146421472,-0.0130981593578344,0.3423528028037014,-1.056559701819519
0.9722598430975028,-0.0133378302166051,0.3468954917398401,-1.0524599566078738
0.9723397532096496,-0.0135782376934489,0.3513760768702399,-1.0483164884324772
0.9724212493492864,-0.0138193718218769,0.355793641030937,-1.0441308609459112
0.9725043356983716,-0.0140612230786451,0.3601473273092005,-1.0399046472029767
0.9725890163035708,-0.0143037825064174,0.3644363407368396,-1.0356394252269563
0.9726752947563968,-0.0145470407803745,0.3686599314873461,-1.031336792283776
0.9727631740831372,-0.0147909879382803,0.3728173909770853,-1.026998367916646
0.9728526572567092,-0.0150356148219695,0.3769080767463464,-1.022625766436938
0.9729437472890188,-0.0152809132688429,0.3809314141837274,-1.018220591173397
0.973036446601502,-0.015526874385242,0.3848868672618882,-1.0137844634022983
0.9731307577036754,-0.0157734903643836,0.3887739678141093,-1.0093189878035054
0.9732266829436677,-0.0160207537743747,0.3925923025860594,-1.0048257632546826
0.9733242245817012,-0.0162686577208415,0.396341514674201,-1.0003063780293455
0.9734233849944596,-0.0165171963218737,0.4000213091665133,-0.9957623992994772
0.973524166287102,-0.0167663636898581,0.4036314364288354,-0.9911953900007175
0.973626570692542,-0.0170161549022345,0.40717170515132,-0.9866068894847986
0.9737306005580976,-0.0172665659091063,0.41064197894581,-0.9819984136112214
0.9738362584872092,-0.0175175938142647,0.4140421780861136,-0.9773714480926168
0.9739435467035,-0.0177692353226118,0.4173722567189693,-0.9727274757803984
0.974052468007058,-0.0180214889688769,0.4206322312271957,-0.9680679343507212
0.9741630253558322,-0.0182743540560391,0.4238221634340771,-0.9633942347113617
0.974275221887148,-0.0185278306601012,0.426942158735293,-0.9587077599050404
0.9743890608594866,-0.0187819194579026,0.4299923621210075,-0.9540098673869108
0.9745045457895056,-0.0190366219954927,0.4329729595999627,-0.9493018832534976
0.9746216806352572,-0.0192919410381705,0.4358841800619135,-0.9445850950690782
0.9747404693113332,-0.0195478794657051,0.4387262805915498,-0.9398607716736974
0.9748609163869474,-0.0198044417485159,0.4414995612828005,-0.9351301354081336
0.974983026568958,-0.0200616327804231,0.4442043500509643,-0.9303943832617896
0.9751068048447892,-0.0203194581560612,0.4468410040881164,-0.925654681406192
0.9752322566004692,-0.0205779243795567,0.4494099101821148,-0.9209121611085695
0.9753593875090611,-0.0208370385947824,0.4519114801566664,-0.916167923522466
0.9754882036806044,-0.0210968088577555,0.454346151809339,-0.9114230346003186
0.97561871138551,-0.0213572435457117,0.4567143816948386,-0.9066785358588006
0.9757509173419132,-0.0216183519111209,0.4590166488644698,-0.9019354342637268
0.9758848286418316,-0.0218801438998809,0.4612534515353353,-0.8971947056515203
0.9760204526112288,-0.0221426298536371,0.463425303155641,-0.8924573002404742
0.9761577969645332,-0.0224058207915918,0.4655327335472654,-0.8877241376773245
0.9762968698190886,-0.022669728411763,0.4675762874963694,-0.8829961072546945
0.9764376794980472,-0.022934364696949,0.4695565204766797,-0.878274075217223
0.976580234734603,-0.0231997422870547,0.4714740004595787,-0.8735588783444717
0.9767245445603076,-0.0234658742510438,0.4733293050744258,-0.8688513283329499
0.9768706183099962,-0.0237327740840083,0.4751230206375954,-0.8641522121492846
0.9770184656274036,-0.0240004557060101,0.4768557412290937,-0.8594622923772586
0.977168096507222,-0.0242689335264506,0.4785280682032024,-0.8547823064492223
0.9773195212078576,-0.0245382222764831,0.4801406082776134,-0.8501129699471026
0.9774727502407936,-0.024808336985032,0.4816939727040415,-0.8454549773602549
0.977627794545156,-0.0250792932786482,0.4831887782482335,-0.8408089973066879
0.9777846651658616,-0.025351106809938,0.48462564327667,-0.8361756827593491
0.977943373536722,-0.025623793750194,0.4860051899214213,-0.8315556629614755
0.978103931281066,-0.025897370439115,0.4873280416174698,-0.8269495498037249
0.978266350421703,-0.0261718537410281,0.4885948243191788,-0.8223579322074802
0.978430643121616,-0.0264472606007243,0.4898061638402722,-0.8177813840049792
0.9785968217308344,-0.0267236081280134,0.4909626859505386,-0.813220462832654
0.9787648990425628,-0.0270009140224201,0.4920650176961857,-0.8086757035261123
0.9789348880157956,-0.0272791961084423,0.4931137849536283,-0.8041476262363985
0.9791068017066008,-0.027558472230263,0.4941096118280396,-0.7996367384379166
0.979280653520028,-0.027838760666428,0.4950531218892984,-0.7951435285523322
0.9794564570181884,-0.0281200798186624,0.495944936701033,-0.7906684713763795
0.9796342261671216,-0.0284024486092113,0.4967856767767524,-0.7862120221414375
0.9798139748304964,-0.0286858856778541,0.4975759588661185,-0.78177462958788
0.9799957173191411,-0.0289704102608229,0.4983163983827208,-0.777356722415227
0.9801794680937002,-0.0292560417208027,0.4990076077260483,-0.7729587170880576
0.9803652419207282,-0.0295427997945619,0.4996501966828199,-0.7685810143664548
0.9805530535184298,-0.0298307040509855,0.5002447710175943,-0.7642240079252816
0.980742918054366,-0.0301197746642606,0.500791934017979,-0.7598880728961995
0.9809348507557432,-0.0304100318186175,0.5012922850129566,-0.7555735752757959
0.981128866973924,-0.0307014958172705,0.5017464195492859,-0.7512808705232906
0.9813249822442408,-0.030994187180312,0.5021549294506633,-0.747010302399912
0.9815232125896604,-0.0312881270995256,0.502518403205083,-0.7427621967493093
0.9817235738483516,-0.0315833364426438,0.5028374244867533,-0.7385368763139605
0.9819260822922456,-0.0318798366798005,0.5031125732529024,-0.7343346476035963
0.9821307542236452,-0.0321776492933041,0.5033444249341122,-0.7301558097109245
0.9823376061746156,-0.0324767960785804,0.5035335506649661,-0.7260006503069306
0.98254665485875,-0.0327772990796097,0.5036805171060686,-0.7218694468837532
0.9827579170308988,-0.0330791803959161,0.5037858862975153,-0.7177624696743362
0.9829714098898132,-0.0333824627656633,0.5038502157917351,-0.7136799740073249
0.9831871505225442,-0.0336871687793759,0.5038740583073226,-0.7096222112956099
0.9834051563697386,-0.0339933215506054,0.503857961849701,-0.7055894202515108
0.9836254454139874,-0.0343009449785783,0.5038024694136721,-0.7015818239619815
0.983848035719044,-0.0346100631037554,0.5037081188448561,-0.6975996388065304
0.9840729451404632,-0.0349206997211988,0.5035754430727631,-0.6936430795417099
0.9843001919726838,-0.0352328792896071,0.5034049698356778,-0.6897123478192474
0.9845297941887364,-0.0355466258935909,0.5031972221658503,-0.6858076455771949
0.984761770556372,-0.0358619647829808,0.5029527174536998,-0.6819291560068483
0.9849961391859032,-0.0361789204004999,0.5026719687860368,-0.678077068282228
0.985232919224517,-0.0364975186929946,0.5023554831039979,-0.6742515494320659
0.9854721294362732,-0.0368177851944035,0.5020037627488023,-0.6704527680732804
0.9857137891960094,-0.0371397463742176,0.5016173041396281,-0.6666808784387094
0.9859579174873913,-0.0374634283071598,0.5011965992479136,-0.662936036374341
0.9862045338925626,-0.0377888580032511,0.5007421340234652,-0.6592183839664724
0.9864536581573304,-0.0381160628341789,0.5002543889836041,-0.6555280566551818
0.9867053099489008,-0.0384450702274344,0.4997338397073778,-0.6518651868763142
0.9869595092308516,-0.0387759081706613,0.499180956108507,-0.6482298985849515
0.987216276393072,-0.0391086053861049,0.4985962020394396,-0.6446223057624171
0.9874756317494892,-0.0394431906873276,0.4979800363621458,-0.6410425197547818
0.9877375957642388,-0.0397796932868342,0.4973329124816875,-0.6374906460769306
0.9880021891649344,-0.0401181429521202,0.4966552780408205,-0.6339667830413211
0.988269432962346,-0.0404585700394028,0.4959475748090607,-0.6304710217588116
0.9885393481589848,-0.0408010051332921,0.4952102394311002,-0.6270034501205215
0.9888119559475212,-0.0411454793134019,0.4944437029231776,-0.6235641502475496
0.9890872779684924,-0.0414920244896076,0.4936483898988075,-0.62015319548803
0.9893653357970508,-0.0418406727654022,0.4928247199968454,-0.6167706570481984
0.9896461511083308,-0.0421914566624823,0.491973107454695,-0.6134166019012807
0.9899297460617058,-0.0425444096126638,0.4910939599205627,-0.610091088376771
0.99021614276276,-0.0428995652981132,0.4901876800658364,-0.6067941727611514
0.9905053637394136,-0.0432569582573905,0.489254664104235,-0.603525903850005
0.9907974312503424,-0.043616623043915,0.4882953040071106,-0.6002863309311285
0.9910923683061168,-0.0439785955007254,0.4873099841885674,-0.5970754924365456
0.9913901977109524,-0.044342911593077,0.486299084624022,-0.5938934267930832
0.9916909425898812,-0.044709608073014,0.4852629791231567,-0.5907401666791237
0.991994626286387,-0.0450787223677644,0.4842020356539147,-0.587615740328616
0.9923012721907912,-0.0454502923872579,0.4831166169466315,-0.5845201734009758
0.9926109039643072,-0.0458243568131181,0.4820070797178623,-0.5814534867706829
0.9929235455728156,-0.0462009551543546,0.4808737745295423,-0.5784156964019684
0.9932392208668346,-0.0465801272586446,0.4797170473154348,-0.5754068175386118
0.9935579541184169,-0.0469619139772063,0.478537237443936,-0.5724268595701205
0.9938797695240084,-0.0473463565858674,0.4773346795434446,-0.5694758308719591
0.9942046917662932,-0.04773349747632,0.476109701422292,-0.5665537336793927
0.9945327453003246,-0.0481233793232504,0.4748626267477697,-0.5636605706927323
0.9948639549979322,-0.0485160458731342,0.4735937726337954,-0.5607963393087466
0.995198346049657,-0.0489115418451617,0.4723034499887497,-0.5579610327470572
0.9955359434333524,-0.0493099123239096,0.4709919655733099,-0.5551546446348242
0.9958767726265442,-0.0497112036238332,0.469659619260365,-0.5523771630313667
0.996220859087146,-0.050115462697729,0.4683067060475336,-0.5496285748893517
0.996568228460852,-0.0505227374048567,0.4669335152609519,-0.5469088643791028
0.9969189064838468,-0.0509330764204415,0.4655403309440863,-0.5442180137255549
0.9972729189789188,-0.0513465292561472,0.4641274318832827,-0.541556003258667
0.997630291963688,-0.0517631464117821,0.462695091181422,-0.5389228106438864
0.9979910515700632,-0.0521829793068404,0.4612435765808129,-0.5363184115588309
0.998355224300466,-0.0526060806047095,0.4597731494307589,-0.5337427779397383
0.998722836229825,-0.0530325033128932,0.4582840679114333,-0.531195883677168
0.9990939142170582,-0.0534623022182414,0.4567765821399198,-0.5286776961327841
0.9994684846239822,-0.0538955324296427,0.4552509393570397,-0.5261881850772477
0.999846574243788,-0.0543322504845456,0.4537073801624689,-0.523727316325482
1.0002282098807478,-0.054772513892622,0.4521461402174735,-0.5212950546465194
1.0006134182547308,-0.0552163810581095,0.4505674506363404,-0.5188913643243533
1.0010022263261462,-0.0556639116872864,0.4489715366513002,-0.5165162071065914
1.001394661415627,-0.0561151669585572,0.4473586171077672,-0.5141695416233019
1.0017907507044583,-0.0565702089818895,0.4457289065062869,-0.5118513264778696
1.0021905210116455,-0.0570291005797843,0.4440826159161528,-0.5095615213913551
1.0025939995416104,-0.0574919061829947,0.4424199498865563,-0.5073000828100992
1.0030012133817747,-0.0579586912909627,0.440741108498549,-0.5050669668463622
1.0034121903735842,-0.0584295235087157,0.4390462837569545,-0.5028621245672322
1.0038269568400235,-0.0589044699831926,0.4373356689428058,-0.5006855142115402
1.0042455405296966,-0.0593836008173597,0.4356094464512553,-0.4985370853526644
1.0046679685903157,-0.059866986790815,0.4338677961249604,-0.4964167897627715
1.0050942682872863,-0.0603547002264349,0.4321108922647335,-0.4943245775744202
1.005524466424056,-0.0608468143719642,0.4303389059888579,-0.492260400088987
1.005958589955888,-0.0613434041482354,0.4285520026697821,-0.4902242066782694
1.0063966664664352,-0.0618445467415575,0.4267503399423537,-0.4882159427097526
1.006838722439124,-0.0623503196751602,0.4249340747789566,-0.4862355575312588
1.0072847848656092,-0.0628608026992978,0.4231033568300666,-0.4842829969475663
1.0077348800426174,-0.0633760764660763,0.4212583333227622,-0.4823582085762603
1.0081890348075515,-0.063896223996634,0.4193991439430987,-0.4804611364142982
1.0086472753862596,-0.0644213294167936,0.4175259255107625,-0.4785917257670143
1.0091096279665317,-0.0649514786695799,0.41563880957208,-0.4767499207144232
1.0095761188778856,-0.0654867597797588,0.4137379216138925,-0.4749356634283571
1.0100467737002414,-0.0660272618908102,0.4118233846361127,-0.4731488976079473
1.0105216181342649,-0.0665730763242916,0.4098953155359827,-0.471389564980952
1.0110006771700588,-0.067124295687527,0.4079538284171723,-0.4696576083643012
1.011483976554117,-0.0676810156261033,0.4059990285702381,-0.4679529662798725
1.0119715402129132,-0.068243331924158,0.4040310228256189,-0.4662755820808597
1.0124633929706874,-0.0688113437023149,0.4020499084719919,-0.4646253942149878
1.01295955873404,-0.0693851513963366,0.4000557805098784,-0.463002342524079
1.013460061328092,-0.0699648577939523,0.3980487281858941,-0.4614063652864863
1.0139649238630757,-0.0705505673763752,0.3960288374411018,-0.4598374011896872
1.0144741698213746,-0.0711423876560903,0.3939961864616501,-0.4582953858617231
1.014987820724354,-0.0717404265449761,0.3919508548904297,-0.4567802588791691
1.0155058990243402,-0.0723447957954666,0.389892912170065,-0.4552919548862049
1.016028425769473,-0.0729556083674181,0.387822426737035,-0.4538304104781939
1.0165554217763324,-0.0735729798780505,0.3857394612276734,-0.4523955606105765
1.017086907537387,-0.0741970285849466,0.3836440727314273,-0.4509873388493882
1.0176229025348795,-0.0748278746716158,0.3815363153661643,-0.4496056790935099
1.018163425379975,-0.0754656404992592,0.3794162395751532,-0.44825051497229
1.0187084946899878,-0.0761104517378595,0.3772838885445795,-0.4469217775426372
1.0192581275722978,-0.0767624356745177,0.3751393039969304,-0.4456193989453336
1.019812341226764,-0.0774217232105464,0.3729825197671812,-0.4443433083766496
1.0203711512951052,-0.0780884470078744,0.3708135680827132,-0.4430934358809771
1.0209345727999768,-0.0787627427081714,0.368632475725715,-0.4418697099610936
1.0215026195117172,-0.0794447482852798,0.366439266311464,-0.440672058831932
1.0220753049877158,-0.0801346054050094,0.364233956091034,-0.4395004080748697
1.0226526411833166,-0.080832457874044,0.3620165591273359,-0.4383546834333878
1.0232346390359754,-0.0815384524563863,0.359787084833372,-0.437234809371155
1.023821308647034,-0.0822527392179322,0.3575455370764832,-0.4361407085952774
1.0244126590215743,-0.0829754713397839,0.3552919149703009,-0.4350723024389272
1.025008697450326,-0.0837068044893487,0.3530262150050945,-0.4340295117790839
1.0256094301381102,-0.084446897716689,0.3507484284169143,-0.4330122556824363
1.0262148618704303,-0.0851959131820855,0.3484585422212925,-0.4320204518265578
1.0268249967794103,-0.0859540172475975,0.3461565360799526,-0.4310540151112154
1.027439836147955,-0.0867213778950621,0.3438423903379835,-0.4301128609818691
1.0280593812165908,-0.0874981683622653,0.341516075174206,-0.4291969008056594
1.0286836306505631,-0.0882845641398994,0.3391775598756761,-0.4283060456221092
1.0293125816505506,-0.0890807445083054,0.3368268083703066,-0.4274402042017712
1.0299462300938511,-0.0898868928842204,0.3344637784227112,-0.4265992827220367
1.030584568752083,-0.0907031947145078,0.3320884279796152,-0.4257831869079092
1.0312275903674084,-0.0915298415675482,0.3297007034018981,-0.4249918178104486
1.0318752844042942,-0.0923670271616786,0.3273005512455644,-0.424225075814721
1.032527638438017,-0.0932149493085749,0.3248879127560962,-0.4234828585791798
1.0331846378254568,-0.0940738096713544,0.3224627247529958,-0.4227650612180904
1.033846266332375,-0.094943814777749,0.3200249169717929,-0.422071575428558
1.0345125047282862,-0.0958251743752838,0.3175744168911935,-0.42140229079442
1.0351833319304369,-0.0967181031316413,0.3151111451457746,-0.4207570933429431
1.0358587237457442,-0.097622819172986,0.3126350197716002,-0.4201358665707074
1.0365386532000966,-0.0985395447149467,0.3101459545933147,-0.4195384908085642
1.0372230909539302,-0.0994685068371774,0.3076438572995043,-0.4189648426185306
1.0379120052462776,-0.1004099376449962,0.3051286292409898,-0.418414794674547
1.0386053611028965,-0.1013640734243701,0.3026001678976868,-0.4178882161880561
1.0393031199595022,-0.1023311543404582,0.300058367803332,-0.4173849728749271
1.0400052403319355,-0.1033114255911427,0.2975031176448321,-0.4169049261624791
1.0407116773214504,-0.1043051369690351,0.2949343015990158,-0.4164479332989824
1.041422383013056,-0.1053125436764495,0.2923517974044433,-0.4160138468427594
1.0421373057132977,-0.1063339055164076,0.2897554786394221,-0.4156025149021013
1.0428563895041991,-0.1073694865043364,0.2871452158298992,-0.4152137810666962
1.043579575332549,-0.1084195567004726,0.2845208719716648,-0.4148474835179351
1.044306799893112,-0.1094843908926991,0.28188230604818,-0.4145034553871838
1.0450379954197058,-0.1105642685610443,0.2792293732347819,-0.41418152452401
1.0457730901110698,-0.1116594747917172,0.2765619227861641,-0.4138815129977576
1.0465120077134766,-0.1127702999689883,0.2738797989677495,-0.4136032370063506
1.047254667612999,-0.1138970402295673,0.2711828401207226,-0.4133465065578573
1.0480009840115454,-0.1150399965353677,0.2684708810376137,-0.4131111254644434
1.0487508663788112,-0.1161994756775615,0.265743750689656,-0.4128968908635841
1.0495042193091475,-0.1173757904081177,0.2630012720942649,-0.4127035929861183
1.0502609411049049,-0.1185692575637138,0.2602432668071366,-0.4125310151918262
1.0510209255519325,-0.1197802011886383,0.2574695477752385,-0.4123789331942838
1.0517840604266204,-0.1210089505662166,0.2546799240690492,-0.412247115124822
1.0525502270560976,-0.1222558398507414,0.2518742017798596,-0.4121353212324906
1.0533193018937927,-0.1235212110112528,0.2490521775112515,-0.4120433033250656
1.0540911540792266,-0.1248054102579841,0.2462136465536868,-0.4119708048037014
1.0548656465477366,-0.1261087902356415,0.24335839804797,-0.4119175601453084
1.0556426357956896,-0.1274317100704676,0.2404862150383145,-0.411883294620929
1.0564219704138131,-0.1287745332898863,0.2375968790778712,-0.4118677240106826
1.0572034929029586,-0.1301376313527948,0.234690162674243,-0.411870554183862
1.0579870380860033,-0.1315213814001547,0.2317658342928322,-0.4118914808284041
1.0587724341057538,-0.1329261684939594,0.2288236537346785,-0.4119301891384594
1.05955949996538,-0.1343523817315374,0.22586338041387,-0.4119863533734195
1.0603480467296744,-0.13580041682041,0.2228847679609749,-0.4120596364971677
1.061137876243797,-0.1372706742156347,0.2198875681135585,-0.4121496896911024
1.0619287823332413,-0.1387635618221303,0.2168715252140493,-0.4122561520914491
1.0627205495369323,-0.1402794931784929,0.213836380003122,-0.4123786502925837
1.0635129531774845,-0.1418188881053133,0.210781868340853,-0.4125167979673951
1.0643057589173197,-0.1433821723974681,0.207707721863861,-0.4126701954168331
1.065098722754997,-0.1449697783841203,0.2046136669210441,-0.4128384291907467
1.0658915903220632,-0.1465821441167521,0.2014994262012845,-0.4130210715649379
1.0666840969929614,-0.1482197141816646,0.1983647171765384,-0.4132176801750368
1.0674759670835894,-0.1498829386731227,0.1952092540989988,-0.4134277974366031
1.0682669139930034,-0.1515722741046961,0.1920327462622369,-0.4136509501809187
1.069056639676183,-0.1532881829611727,0.1888348988742256,-0.4138866491241128
1.0698448343503035,-0.15503113373703,0.1856154129883755,-0.4141343883832535
1.0706311761388445,-0.1568016008521133,0.182373985660763,-0.4143936449670609
1.071415330655121,-0.1586000644331757,0.1791103103406249,-0.4146638782356274
1.072196950607888,-0.1604270101390712,0.1758240771616756,-0.4149445293541093
1.0729756757102409,-0.1622829297133103,0.1725149719266779,-0.4152350208505888
1.073751132222872,-0.16416832072592,0.169182676571842,-0.4155347560442
1.0745229323259329,-0.1660836858757002,0.1658268703752828,-0.4158431183874432
1.075290674041833,-0.1680295336378745,0.1624472287777357,-0.4161594710113429
1.076053940763762,-0.1700063779908004,0.1590434238447133,-0.4164831561155228
1.0768123007699013,-0.172014738096123,0.1556151247869457,-0.4168134943369005
1.0775653070777622,-0.174055138897706,0.1521619969092348,-0.417149784257264
1.0783124965106992,-0.1761281096294298,0.1486837041107381,-0.4174913015539934
1.0790533897314196,-0.1782341849210115,0.1451799069593135,-0.4178372985657984
1.0797874910840124,-0.1803739055486151,0.1416502614516739,-0.4181870037840859
1.0805142875936735,-0.1825478167981418,0.1380944217311871,-0.418539620934691
1.0812332484537224,-0.1847564681279385,0.1345120405785433,-0.4188943282609526
1.0819438252402445,-0.1870004151574862,0.1309027661600311,-0.4192502781610685
1.082645451046891,-0.1892802185049227,0.1272662439515334,-0.4196065962901585
1.083337539840308,-0.1915964432302775,0.1236021176240947,-0.419962380744712
1.084019486066154,-0.1939496591240791,0.1199100285762252,-0.4203167013578553
1.0846906648360786,-0.1963404432350818,0.1161896120307795,-0.4206685992885647
1.085350430011959,-0.1987693751312328,0.112440504505653,-0.421017085494025
1.0859981151809812,-0.2012370424626743,0.1086623352296464,-0.4213611406912081
1.0866330318880917,-0.203744036835506,0.1048547326419967,-0.4216997138561792
1.0872544699614897,-0.2062909575998452,0.1010173187230335,-0.4220317218011465
1.0878616958807417,-0.2088784081818261,0.0971497147122814,-0.4223560476807314
1.0884539531312116,-0.2115070006409832,0.0932515344273293,-0.4226715405238121
1.0890304609316583,-0.2141773539107679,0.089322387174229,-0.4229770138568753
1.089590413502875,-0.2168900944259807,0.0853618770745121,-0.423271244572159
1.090132979495725,-0.2196458579853693,0.0813696006649678,-0.4235529718269937
1.0906573005296905,-0.2224452875774928,0.0773451504143829,-0.4238208954213664
1.0911624914764038,-0.2252890408633039,0.0732881043834272,-0.4240736750035557
1.0916476378768336,-0.2281777830795365,0.0691980369458112,-0.4243099277279489
1.0921117959350524,-0.2311121944354182,0.065074508769662,-0.4245282271361835
1.0925539907827675,-0.2340929689214898,0.0609170692124477,-0.4247271010556389
1.092973215259571,-0.2371208169857191,0.0567252533117508,-0.4249050296327858
1.093368428429432,-0.2401964679852256,0.0524985792540458,-0.4250604430849554
1.093738553556257,-0.2433206699157759,0.0482365496954569,-0.4251917190663111
1.094082476614932,-0.2464941950674039,0.0439386450727914,-0.4252971800436094
1.0943990441636136,-0.2497178436169185,0.0396043200144362,-0.4253750901353392
1.0946870603640817,-0.2529924409979744,0.0352330082334476,-0.4254236514650721
1.094945285071784,-0.2563188495544997,0.0308241084042774,-0.4254410004268347
1.0951724303700845,-0.25969796908619,0.026376985264375,-0.4254252031065818
1.095367157261793,-0.2631307442978811,0.0218909617463397,-0.4253742502159892
1.0955280715935571,-0.2666181694811214,0.0173653150916943,-0.4252860512997869
1.095653719468575,-0.2701612930578422,0.0127992733853969,-0.4251584282511044
1.0957425821319584,-0.2737612221637283,0.0081920122746227,-0.4249891080811034
1.095793070382017,-0.2774191379676918,0.0035426383257649,-0.4247757141949672
1.0958035177025052,-0.2811362986393926,-0.0011498112833259,-0.4245157569763645
1.095772172650473,-0.2849140560661242,-0.0058863861054175,-0.4242066222878562
1.0956971256608867,-0.2887564169647982,-0.0106713968558214,-0.4238453029958893
1.0955763044331217,-0.2926659174137818,-0.0155072184576907,-0.4234286896826415
1.0954075156666176,-0.2966443567842575,-0.0203952511571228,-0.4229535579042983
1.0951884307990931,-0.3006936469930498,-0.0253369837641209,-0.4224164870246398
1.0949165729657786,-0.3048158167652388,-0.0303339935173388,-0.4218138414382122
1.0945893035050958,-0.3090130072861535,-0.0353879352764604,-0.4211417513826228
1.0942038078471856,-0.3132874673525818,-0.0405005301559781,-0.4203960925396598
1.0937570822122475,-0.3176415343504876,-0.0456735373857456,-0.4195724670080372
1.0932459229236835,-0.3220775956393227,-0.0509087037526033,-0.4186661881391853
1.0926669196777463,-0.326598033116016,-0.056207694872052,-0.4176722706935695
1.0920164616941104,-0.33120510132636,-0.0615719515346595,-0.416585440443928
1.0912907602730526,-0.3359007570216439,-0.0670024953150451,-0.4154001666328503
1.0904859035795602,-0.340686379724407,-0.0724996168178229,-0.4141107409956484
1.089597959438482,-0.3455623616470836,-0.0780624278222334,-0.412711425060924
1.088623151248694,-0.3505275170286676,-0.083688228031243,-0.4111967014214426
1.0875581276895137,-0.3555783143688624,-0.0893717001783289,-0.4095616568532509
1.0864003383138998,-0.360707977624442,-0.0951039944420912,-0.4078025128594353
1.0851484784169043,-0.3659056815847355,-0.1008719582151644,-0.405917247947538
1.0838029050243918,-0.3711561946804396,-0.106657893500884,-0.4039061697318822
1.0823658467570465,-0.3764404365957098,-0.1124403263070012,-0.4017721845177225
1.0808412492340462,-0.381737133985748,-0.1181959361234843,-0.3995205462291514
1.0792342399344783,-0.3870252056835129,-0.1239021904631099,-0.3971580741586311
1.0775503957620065,-0.3922860384203621,-0.1295397524258844,-0.3946921106551245
1.0757950897784556,-0.3975048676046697,-0.1350938386469299,-0.3921296129184142
1.073973084213718,-0.4026710787265035,-0.1405543842084518,-0.3894766070166694
1.0720883857191854,-0.4077777190029258,-0.1459153749426925,-0.3867380154538937
1.0701442800329346,-0.4128206657246567,-0.1511738505620481,-0.383917733068071
1.0681434475742884,-0.4177977917227085,-0.156328945176549,-0.3810188089833855
1.0660880990941644,-0.4227082736086035,-0.1613811124385011,-0.3780436493434723
1.0639800919798206,-0.4275520956617819,-0.1663315803667072,-0.3749941868365634
1.0618210277485338,-0.4323296997090836,-0.1711819749274541,-0.371872020141557
1.0596123227992056,-0.4370417626582925,-0.1759340862186428,-0.3686785133224849
1.057355270432255,-0.441689035568532,-0.1805897047998725,-0.3654148821147391
1.055051070077688,-0.4462722777026843,-0.185150558259546,-0.362082232801423
1.0527008601722925,-0.4507921956466874,-0.1896182549460438,-0.3586816066023194
1.0503057372541984,-0.4552494186543404,-0.1939942651309602,-0.3552140044660117
1.0478667703692706,-0.4596444865704504,-0.1982799149791947,-0.3516804054365738
1.045385011438387,-0.4639778467506599,-0.2024763893384978,-0.3480817795185218
1.042861499397847,-0.4682498618962645,-0.2065847448217396,-0.3444190918252681
1.040297271586378,-0.4724608048508696,-0.210605909925198,-0.3406933175188498
1.0376933619674271,-0.4766108751014647,-0.2145407056673637,-0.3369054378957318
1.0350508048873486,-0.4807002042098022,-0.2183898550147797,-0.333056444699785
1.0323706389232368,-0.4847288603794878,-0.2221539911520658,-0.3291473447596384
1.0296539043885475,-0.4886968616077679,-0.2258336733939243,-0.3251791555376298
1.0269016479424369,-0.492604176946889,-0.229429391565421,-0.3211529111645685
1.0241149184417453,-0.4964507396863283,-0.2329415811100246,-0.3170696557987585
1.0212947725416617,-0.5002364457113196,-0.2363706242089268,-0.3129304513376548
1.0184422705488323,-0.5039611648709202,-0.2397168625779012,-0.3087363709504789
1.0155584759559853,-0.5076247461301054,-0.2429806042208651,-0.3044884980479083
1.0126444561925685,-0.5112270205895227,-0.2461621280543201,-0.3001879271035856
1.0097012813322246,-0.5147678066118964,-0.2492616902144646,-0.2958357615214574
1.006730027112041,-0.5182469093141533,-0.2522795252494765,-0.2914331179280683
1.0037317684310731,-0.5216641309909419,-0.2552158566825221,-0.2869811164172668
1.0007075820011329,-0.5250192700320762,-0.2580708973173964,-0.2824808843501746
0.997658546165236,-0.5283121231217734,-0.2608448523435988,-0.2779335560157045
0.9945857395169316,-0.5315424884500214,-0.26353792316928,-0.2733402705305074
0.9914902389868548,-0.5347101690623021,-0.2661503112000127,-0.2687021689458402
0.988373120880918,-0.5378149728663906,-0.2686822187240217,-0.2640203957832014
0.985235460557236,-0.540856714008298,-0.2711338508930211,-0.2592960985694737
0.9820783289723132,-0.5438352170197395,-0.2735054198197484,-0.2545304226615443
0.9789027962102562,-0.5467503140450106,-0.27579714302224,-0.2497245165984757
0.9757099272969934,-0.5496018493470575,-0.2780092476441248,-0.2448795258390717
0.972500782669605,-0.5523896791611412,-0.2801419708569688,-0.239996593514285
0.96927641762481,-0.5551136724455391,-0.2821955609353492,-0.2350768596521035
0.9660378832373336,-0.5577737103458702,-0.2841702773274627,-0.230121462661007
0.962786223853779,-0.5603696884682943,-0.2860663927935251,-0.2251315355950718
0.9595224767406296,-0.5629015171543758,-0.287884193950695,-0.2201082056915063
0.9562476735379134,-0.5653691203717454,-0.2896239808172672,-0.2150525967072362
0.9529628364542156,-0.5677724385907904,-0.2912860691642774,-0.2099658231581376
0.949668981321592,-0.5701114263752198,-0.2928707890742907,-0.2048489951381305
0.9463671149435868,-0.5723860542496325,-0.2943784864927719,-0.1997032143354246
0.9430582350747206,-0.5745963085114567,-0.2958095232853578,-0.1945295741059648
0.9397433304772816,-0.5767421910086307,-0.2971642772701889,-0.1893291596814912
0.9364233805590292,-0.5788237191999477,-0.2984431424233698,-0.1841030477324969
0.9330993538051574,-0.580840926908352,-0.2996465294653041,-0.1788523040253601
0.9297722089402696,-0.5827938633304894,-0.3007748653478488,-0.1735779853753817
0.9264428935678476,-0.5846825936115179,-0.3018285936841032,-0.1682811376306209
0.9231123440975698,-0.5865071985867853,-0.3028081746425192,-0.1629627956810343
0.9197814857512664,-0.5882677744958206,-0.3037140848258152,-0.1576239836021633
0.916451232544522,-0.5899644327300042,-0.3045468171708074,-0.1522657147707345
0.9131224856359595,-0.5915973003835523,-0.3053068812144713,-0.1468889893489156
0.9097961331095475,-0.5931665199759859,-0.3059948028796054,-0.1414947940441869
0.9064730519666876,-0.5946722481917561,-0.3066111238629715,-0.13608410547383
0.9031541049112962,-0.5961146570768502,-0.3071564020921115,-0.1306578850872283
0.8998401426322806,-0.5974939326609767,-0.3076312110582919,-0.1252170830111856
0.896532001051187,-0.5988102758087415,-0.3080361400149881,-0.1197626336779633
0.8932305034689731,-0.6000639009724585,-0.3083717933983005,-0.1142954594745066
0.8899364581772227,-0.6012550367969483,-0.308638790848375,-0.1088164669301074
0.8866506598746536,-0.6023839252097274,-0.3088377667565202,-0.1033265491768295
0.8833738886783126,-0.6034508214434953,-0.3089693700706458,-0.0978265844323359
0.8801069093952527,-0.6044559938905868,-0.3090342639880246,-0.0923174348826454
0.8768504729802229,-0.6053997232812968,-0.3090331255931723,-0.086799949246245
0.8736053144981533,-0.6062823029528099,-0.3089666455750336,-0.0812749594474442
0.8703721501212579,-0.6071040391510328,-0.308835527658047,-0.0757432755360988
0.8671516843271778,-0.6078652487051216,-0.3086404884016139,-0.0702056980361243
0.863944607067799,-0.6085662595856278,-0.3083822569625456,-0.0646630132898467
0.8607515917017765,-0.6092074110250268,-0.3080615746071978,-0.0591159899901674
0.857573295280635,-0.6097890530184369,-0.3076791942884955,-0.0535653797221714
0.8544103595884847,-0.6103115457466295,-0.30723588037491,-0.048011918844354
0.8512634102752215,-0.6107752593827153,-0.306732408182661,-0.0424563270522878
0.8481330558550785,-0.6111805738299155,-0.3061695633815965,-0.0368993056508307
0.8450198892042021,-0.6115278781017242,-0.3055481418071434,-0.0313415402359963
0.8419244868955615,-0.6118175700514141,-0.3048689489547262,-0.0257836995682776
0.8388474076207154,-0.6120500560950498,-0.3041327991670207,-0.0202264327466113
0.8357891936791282,-0.6122257506176416,-0.3033405154569389,-0.0146703718632833
0.8327503717554682,-0.6123450755639043,-0.3024929292993323,-0.0091161334402782
0.8297314522355034,-0.6124084601325256,-0.3015908800604955,-0.0035643172148795
0.8267329275286652,-0.6124163403891663,-0.3006352140150382,0.0019844969721907
0.8237552735219072,-0.6123691587705511,-0.2996267842479158,0.0075297465675712
0.8207939769483608,-0.6122671459079104,-0.2985646167129998,0.0130802372165032
0.8178486953220553,-0.6121104259787794,-0.2974489712031206,0.0186371140148391
0.8149199186747325,-0.6118991333033801,-0.2962803942442638,0.0241999707189345
0.8120081298263583,-0.6116334067797528,-0.2950594431922651,0.0297684083811623
0.8091138047904736,-0.6113133899243746,-0.2937866865376751,0.0353420343436363
0.8062374104214626,-0.6109392305866563,-0.292462702972959,0.0409204665515364
0.8033794078310411,-0.6105110813190991,-0.2910880830129635,0.0465033267381509
0.8005402502072733,-0.6100290991590349,-0.2896634281830207,0.052090244360732
0.7977203807013274,-0.6094934451772572,-0.2881893499821393,0.0576808605714295
0.7949202386131401,-0.60890428560978,-0.2866664731889876,0.063274815725077
0.7921402494534343,-0.6082617898725424,-0.2850954306808036,0.0688717688886587
0.7893808367573513,-0.6075661330606285,-0.2834768699827488,0.0744713739571724
0.7866424085598459,-0.6068174927554931,-0.2818114456649703,0.0800733066570541
0.7839253688832323,-0.6060160517602884,-0.2800998260216659,0.0856772410743506
0.7812301111443095,-0.6051619964061616,-0.2783426892738357,0.0912828627700517
0.7785570195907734,-0.604255516820347,-0.2765407244154648,0.096889865645497
0.7759064707025674,-0.603296807380303,-0.2746946322317541,0.1024979487208156
0.7732788293343321,-0.6022860652889724,-0.2728051226740606,0.1081068240164402
0.7706744512253154,-0.6012234912975865,-0.2708729165134296,0.1137162110850193
0.7680936819555562,-0.6001092892088615,-0.268898744582143,0.1193258390066185
0.7655368585835859,-0.5989436664946984,-0.266883349021134,0.1249354425869509
0.7630043066928913,-0.597726832899935,-0.2648274809817234,0.1305447685583544
0.7604963416371453,-0.5964590007907633,-0.262731901471651,0.1361535727092362
0.7580132700570767,-0.5951403858397671,-0.2605973826164091,0.1417616162336704
0.7555553851536257,-0.5937712043943312,-0.2584247035496578,0.1473686761801174
0.7531229722216513,-0.5923516762278427,-0.2562146550598138,0.1529745327815079
0.7507163043893151,-0.5908820220620697,-0.2539680357900756,0.1585789789284205
0.7483356443445133,-0.5893624643049301,-0.2516856536175071,0.1641818160871941
0.7459812425325766,-0.5877932256684129,-0.249368323771216,0.1697828584045146
0.7436533406000573,-0.5861745311975924,-0.2470168720358227,0.1753819244072907
0.7413521672717707,-0.5845066053010795,-0.2446321305474199,0.1809788466616566
0.7390779417631624,-0.5827896738482848,-0.2422149410448605,0.1865734634629731
0.73683087104189,-0.581023961949391,-0.23976615187293,0.1921656253558001
0.7346111489266469,-0.5792096927503645,-0.2372866166133457,0.19775519747767
0.7324189619200467,-0.5773470918607053,-0.234777200353155,0.2033420448258872
0.7302544817035477,-0.5754363809183618,-0.2322387710889041,0.2089260510733143
0.7281178697978824,-0.5734777810028422,-0.2296722046410963,0.214507106837846
0.7260092768608343,-0.5714715117728985,-0.2270783836725033,0.2200851113525528
0.7239288410610196,-0.5694177895170432,-0.2244581953976897,0.2256599767756751
0.7218766909480451,-0.5673168295122549,-0.2218125348518943,0.23123162057519
0.7198529413929439,-0.5651688415072662,-0.2191422994100083,0.2367999765147354
0.7178576968613113,-0.5629740324591764,-0.2164483925595096,0.2423649859744298
0.7158910513897665,-0.5607326061655658,-0.2137317236475688,0.2479265979573266
0.713953085993882,-0.5584447597823132,-0.2109932039375232,0.2534847765380446
0.7120438727266971,-0.5561106879263652,-0.208233751863882,0.2590394894950002
0.710163470671288,-0.5537305773810882,-0.2054542869962901,0.2645907199499651
0.7083119284862853,-0.5513046094443073,-0.2026557332019065,0.2701384593007865
0.7064892827946908,-0.5488329571628071,-0.1998390157908504,0.2756827122751544
0.7046955609260542,-0.5463157882722564,-0.1970050652544559,0.2812234889326335
0.7029307797460108,-0.5437532630854431,-0.1941548151561318,0.2867608083079209
0.7011949431218399,-0.5411455299059268,-0.1912891974735788,0.2922947068186395
0.6994880456550934,-0.5384927294820939,-0.1884091480401979,0.2978252270605832
0.6978100725670756,-0.535794994251686,-0.1855156060584046,0.3033524182862961
0.6961609964429774,-0.5330524421821364,-0.1826095079650103,0.3088763475742181
0.6945407811792362,-0.5302651820159148,-0.1796917936200046,0.3143970874348299
0.6929493804949356,-0.5274333099366106,-0.176763403255595,0.3199147211467039
0.6913867378976315,-0.5245569083400411,-0.1738252768007154,0.3254293435203458
0.6898527875095717,-0.5216360461403253,-0.1708783548202231,0.3309410586566066
0.6883474535329739,-0.5186707765473338,-0.1679235769109231,0.3364499825110074
0.6868706511642072,-0.5156611375062156,-0.164961882851285,0.3419562403266837
0.6854222856314042,-0.5126071483524635,-0.1619942100493374,0.3474599709979344
0.6840022540730097,-0.5095088122060398,-0.1590214966946131,0.3529613208636649
0.6826104426503868,-0.506366108098182,-0.1560446750574946,0.3584604557994029
0.6812467313914831,-0.5031789999523799,-0.1530646810091884,0.3639575433366847
0.6799109904758519,-0.4999474266463787,-0.1500824455279434,0.3694527681472876
0.6786030821447102,-0.4966713043898085,-0.1470988980610912,0.3749463256479319
0.6773228605940661,-0.49335052453225,-0.144114965624113,0.3804384235398474
0.6760701712156107,-0.4899849493121723,-0.1411315702363854,0.3859292864613896
0.6748448525669637,-0.4865744146400304,-0.1381496327642468,0.3914191489159462
0.6736467351788946,-0.4831187244811627,-0.1351700693611944,0.3969082618970891
0.6724756438098322,-0.4796176547214443,-0.1321937963127035,0.4023968841064468
0.6713313936642962,-0.4760709391427813,-0.129221719709599,0.4078853012213232
0.6702137952522577,-0.472478280786921,-0.1262547469491692,0.4133738050140899
0.6691226525453053,-0.4688393435607703,-0.1232937814460737,0.418862703502703
0.6680577617045675,-0.4651537441980532,-0.1203397182341576,0.4243523296509809
0.6670189142120606,-0.4614210588761135,-0.1173934516315234,0.4298430278157998
0.6660058964695028,-0.4576408184379315,-0.1144558736337103,0.4353351574386234
0.6650184886516681,-0.4538124999252217,-0.1115278698560204,0.4408291015141221
0.6640564665586823,-0.4499355288732848,-0.1086103241310573,0.4463252590419603
0.6631196026185759,-0.4460092791118268,-0.1057041211063246,0.4518240412263131
0.6622076648525909,-0.4420330639915128,-0.1028101426672921,0.4573258794544557
0.6613204179309591,-0.4380061356561698,-0.0999292707173852,0.4628312214600871
0.6604576240808928,-0.433927684098199,-0.097062389860861,0.4683405276992194
0.6596190454943396,-0.4297968442023629,-0.0942103956188661,0.4738542570024438
0.6588044421692982,-0.4256126813502585,-0.0913741877089552,0.4793728809416635
0.6580135760593135,-0.4213742083591568,-0.0885546850463713,0.484896856149943
0.6572462119516538,-0.4170803890667484,-0.08575283081244,0.490426615203266
0.6565021177351662,-0.412730139762328,-0.0829695958502425,0.4959625603840084
0.6557810692710317,-0.4083223602561232,-0.0802060002959586,0.5015050203273886
0.6550828512711768,-0.4038559479978413,-0.0774631224456798,0.5070542301599568
0.6544072622451408,-0.3993298439776762,-0.0747421253232142,0.5126102738137366
0.6537541178868013,-0.3947430803751555,-0.0720442805452342,0.5181730279628448
0.6531232563615251,-0.390094855349022,-0.0693710036831116,0.5237420774457741
0.6525145438648137,-0.3853846302757635,-0.0667238959361312,0.5293166104177827
0.6519278830011203,-0.3806122765302762,-0.064104804621727,0.5348952640001821
0.6513632172921681,-0.3757782282440661,-0.0615158747207652,0.5404759754154632
0.6508205394528214,-0.3708837090047034,-0.0589596258328302,0.5460557622346103
0.650299894091122,-0.3659309642684849,-0.0564390133032841,0.5516305155749245
0.6498013773483875,-0.3609235188384053,-0.0539574824714239,0.5571947855352027
0.6493251285712234,-0.3558664060625722,-0.0515189885773025,0.5627416195967053
0.648871310166854,-0.3507663006075203,-0.0491279540555313,0.5682625244318876
0.6484400749216728,-0.3456314936413931,-0.0467891457465663,0.5737476062278031
0.6480315216390499,-0.3404716463331936,-0.0445074600623302,0.5791859406004249
0.6476456445634725,-0.335297301643043,-0.0422876294314643,0.5845661704013669
0.6472822875197918,-0.3301192237378103,-0.0401339012772627,0.5898772367531118
0.6469411134617045,-0.3249476890390525,-0.0380497538545906,0.5951091021685799
0.6466215967295158,-0.3197918779100032,-0.0360377085675731,0.6002533144232847
0.6463230384580255,-0.3146594764913482,-0.0340992675776808,0.605303315400615
0.6460445991630331,-0.3095565214258749,-0.032234967010087,0.6102544850074325
0.6457853386040863,-0.304487431169434,-0.030444502949808,0.6151039977594494
0.6455442581448351,-0.2994552162979907,-0.0287269106601824,0.6198505170844556
0.6453203350315683,-0.2944616995473973,-0.0270807272556788,0.624493900105867
0.6451125511437925,-0.2895077852792716,-0.0255041501429156,0.6290348770138215
0.644919912705817,-0.2845936812101861,-0.0239951590328391,0.6334747960041658
0.6447414634955497,-0.2797190879975347,-0.0225516109683536,0.6378154149063591
0.6445762932327442,-0.274883364879548,-0.0211713141543904,0.6420587288792939
0.6444235410001374,-0.2700856321254347,-0.0198520726990773,0.6462068652684003
0.6442823963871271,-0.2653248528076635,-0.0185917186182124,0.6502620037145471
0.6441520994263613,-0.2605999116788395,-0.0173881374924426,0.6542263047002258
0.6440319384600498,-0.2559096458129422,-0.0162392774892112,0.6581018833534601
0.643921247857881,-0.251252876580109,-0.0151431567513724,0.6618907841570404
0.6438194056348772,-0.2466284433882995,-0.0140978693054593,0.6655949563353963
0.6437258301584536,-0.2420351962609149,-0.0131015804032411,0.6692162636575649
0.6436399776931312,-0.2374720173752322,-0.0121525282599694,0.6727564710852951
0.6435613398492162,-0.2329378349375675,-0.0112490232655926,0.6762172385691804
0.6434894405732633,-0.2284315997784228,-0.0103894396825997,0.6796001433905167
0.6434238343050686,-0.2239523167179906,-0.0095722184429442,0.682906660432144
0.6433641033733685,-0.2194990204544061,-0.0087958590891655,0.6861381845205666
0.6433098560750758,-0.2150707794173856,-0.008058917581304,0.6892960310137477
0.643260725041762,-0.21066671460457,-0.0073600063622563,0.6923814261233655
0.6432163650974815,-0.2062859624150786,-0.0066977854456492,0.6953955367007808
0.6431764520328641,-0.2019277017055937,-0.0060709642950615,0.6983394541298747
0.6431406810613852,-0.1975911451375599,-0.0054782978638072,0.7012142036019519
0.6431087654142958,-0.1932755272884436,-0.0049185827173884,0.704020754732903
0.6430804352011649,-0.188980110223332,-0.0043906558282337,0.7067600201780861
0.6430554362805269,-0.1847041798367068,-0.0038933921807621,0.7094328603096023
0.6430335292865212,-0.1804470543799189,-0.0034257039003192,0.7120400801695151
0.6430144885604064,-0.1762080603256532,-0.002986535855212,0.7145824464013574
0.6429981013881504,-0.1719865492086629,-0.0025748660933104,0.7170606785025984
0.6429841671990195,-0.1677819023628905,-0.0021897046442404,0.7194754481931621
0.6429724967375441,-0.1635935073966743,-0.0018300898835825,0.7218273948033581
0.6429629114351816,-0.159420771241084,-0.0014950885882844,0.7241171189924415
0.6429552427648112,-0.1552631185069066,-0.0011837945331786,0.726345185219436
0.6429493316403885,-0.1511199868557914,-0.0008953269886919,0.728512125607261
0.642945027873675,-0.1469908292405037,-0.000628829828784,0.7306184399691048
0.6429421896604881,-0.1428751124983305,-0.0003834703977087,0.7326645977801218
0.6429406831053399,-0.1387723215396907,-0.0001584387469615,0.7346510373525784
0.6429403817715822,-0.1346819503031051,4.70538443882e-05,0.7365781714750326
0.6429411662740596,-0.1306035006349794,0.0002337757253157,0.7384463887554923
0.6429429239909233,-0.1265363121288446,0.0004024823377087,0.7402561289711272
0.6429455486540216,-0.1224798637838198,0.0005539028477616,0.7420077443346559
0.6429489399014775,-0.1184337257313017,0.0006887452297242,0.7437015287347968
0.6429530029774646,-0.1143974803196572,0.0008077007904489,0.7453377554313203
0.642957648457663,-0.1103707134399554,0.0009114450936713,0.746916681426348
0.6429627919679602,-0.1063530295928023,0.001000638196145,0.74843854230535
0.6429683539613741,-0.1023440308883736,0.0010759258027396,0.7499035612197645
0.6429742594550664,-0.0983433413218073,0.0011379393549965,0.7513119405478997
0.6429804378306253,-0.0943505927704469,0.0011872969940482,0.7526638682103
0.6429868226426176,-0.0903654190571465,0.001224604175745,0.753959520289161
0.6429933513973982,-0.0863874765506754,0.0012504540427286,0.7551990550741293
0.6429999654112242,-0.0824164227368853,0.0012654282329845,0.756382621021507
0.6430066096229886,-0.0784519309857968,0.0012700973297725,0.757510352919905
0.6430132324475379,-0.074493687302917,0.0012650214862958,0.7585823740148833
0.6430197856613294,-0.0705413744943864,0.0012507509247892,0.7595988010190784
0.6430262242396384,-0.0665946911102625,0.001227826456707,0.7605597395897071
0.643032506241208,-0.0626533481712769,0.0011967800496625,0.7614652863104173
0.6430385926991737,-0.0587170678558435,0.0011581353579857,0.762315529992233
0.6430444475237986,-0.0547855800832743,0.0011124081991968,0.7631105532737513
0.643050037403804,-0.0508586252497594,0.0010601070726651,0.7638504328168539
0.6430553317279019,-0.0469359484216949,0.001001733564462,0.7645352411552871
0.643060302497101,-0.0430173049280531,0.0009377828877589,0.7651650463006404
0.6430649242544921,-0.0391024591953466,0.0008687443422321,0.7657399127504193
0.6430691740291148,-0.0351911761239434,0.0007951016105769,0.7662599033302979
0.6430730312640219,-0.0312832307576747,0.0007173333671727,0.7667250782562756
0.6430764777652953,-0.0273784070320228,0.0006359137124346,0.7671354960646655
0.6430794976569779,-0.0234764957467926,0.0005513125726374,0.7674912144915728
0.6430820773489916,-0.019577278417743,0.0004639957611515,0.7677922921621643
0.6430842054762734,-0.0156805582333012,0.0003744260758106,0.7680387862629875
0.6430858728890592,-0.0117861251339061,0.0002830629356479,0.7682307555802879
0.6430870726086028,-0.0078937811751785,0.0001903633644751,0.76836825888958
0.64308779981121,-0.0040033248497091,9.67820371664e-05,0.7684513560453557
0.6430880518057138,-0.0001145574299009,2.7718330669e-06,0.7684801077328125
0.6430880520123119,2.699435798861078e-11,-1.1304456238974537e-11,0.7684801312959194
