3.15839784199621
0.8180836870782443,-1.261865162880347e-28,-2.9085910421998885e-15,0.1835667747073367
0.8180849496568279,0.0006999568502978,0.0006622184726921,0.1835599662811891
0.8180950436497944,0.0020991379909282,0.0019858250405136,0.1835055341688579
0.8181152323121194,0.0034981211408835,0.0033088323604556,0.1833966637002718
0.8181455182453375,0.0048966329297176,0.0046307070957735,0.1832333356312006
0.8181859002511797,0.0062943129709255,0.0059508337549524,0.1830155485477319
0.8182363734768053,0.0076907963555851,0.0072685930162645,0.1827433180256407
0.8182969292708415,0.0090857138648415,0.0085833622188192,0.1824166773330923
0.8183675550878409,0.0104786929390345,0.0098945165740944,0.1820356778563017
0.8184482342129317,0.0118693550798214,0.0112014270285657,0.1816003904797433
0.8185389456376958,0.0132573171388006,0.0125034618029007,0.181110906135866
0.8186396637287263,0.0146421891989864,0.0137999847434359,0.1805673374593812
0.8187503580825978,0.0160235758532091,0.0150903568807945,0.1799698194226615
0.8188709931047776,0.0174010738966409,0.0163739346494645,0.1793185114490617
0.8190015279515428,0.0187742748042762,0.0176500725963732,0.1786135975559589
0.819141916040675,0.020142762176939,0.0189181214124662,0.1778552888162359
0.8192921049820596,0.0215061139598572,0.0201774304241195,0.1770438235443986
0.8194520360640154,0.0228639002566536,0.0214273460149295,0.1761794698758453
0.8196216443215912,0.0242156865011131,0.0226672150120996,0.1752625251970178
0.8198008579500242,0.0255610308681605,0.0238963827725803,0.1742933191112267
0.8199895980778918,0.0268994850842946,0.0251141944288363,0.1732722144609805
0.8201877791984139,0.0282305993913699,0.0263199998907328,0.1721996047888856
0.8203953080055795,0.0295539162127478,0.0275131485776131,0.1710759204320235
0.8206120842701033,0.0308689777803854,0.0286929968228321,0.1699016235830201
0.8208380001902613,0.0321753231587096,0.0298589056497302,0.1686772116107312
0.8210729405489955,0.0334724904831298,0.0310102432567111,0.1674032160251261
0.821316782743479,0.0347600180556888,0.0321463864422095,0.1660802021414127
0.8215693968347534,0.0360374453481275,0.0332667219225784,0.1647087686465043
0.8218306459977418,0.0373043157414524,0.0343706491315128,0.1632895450029928
0.8221003862953692,0.0385601756080923,0.0354575797726668,0.1618231925350816
0.8223784670348495,0.0398045762175465,0.0365269398223899,0.1603104023695617
0.8226647315050027,0.0410370768903903,0.0375781725220492,0.158751891313509
0.8229590166544883,0.0422572432047002,0.0386107370699643,0.1571484035074586
0.8232611540556469,0.0434646506654861,0.039624111942789,0.1555007050961329
0.8235709697104662,0.0446588832649749,0.0406177938192605,0.1538095852189386
0.8238882850626891,0.045839536769994,0.0415913004327213,0.1520758504381835
0.8242129172407374,0.0470062186564982,0.0425441705325795,0.150300323369668
0.8245446790076928,0.0481585470608657,0.0434759630357155,0.148483842935107
0.8248833802995785,0.0492961551874014,0.0443862605531622,0.1466272559319859
0.8252288272529252,0.0504186868468213,0.0452746656864657,0.1447314223579607
0.8255808239617133,0.051525801265148,0.0461408047449369,0.1427972057924075
0.8259391714608869,0.0526171686781911,0.0469843240948785,0.1408254790001314
0.8263036693682155,0.0536924744296859,0.0478048931802575,0.1388171149475301
0.8266741152618168,0.0547514159364068,0.0486022019401285,0.1367729902711932
0.8270503050862468,0.0557937029717874,0.049375960828719,0.1346939831115592
0.8274320347412841,0.0568190610069867,0.0501259030134524,0.1325809643989123
0.8278190984806844,0.0578272257382232,0.0508517800214542,0.1304348067767922
0.8282112891994233,0.0588179432328232,0.0515533616788031,0.1282563831382656
0.8286084001636373,0.0597909735189955,0.0522304384000399,0.1260465571359258
0.8290102241880118,0.0607460875403747,0.0528828186933463,0.1238061878506707
0.8294165528757819,0.061683064734392,0.0535103272835405,0.1215361341821784
0.8298271778084843,0.0626016953080821,0.0541128064647869,0.1192372483887205
0.8302418905558598,0.0635017795801356,0.0546901153881028,0.1169103761936858
0.8306604823563679,0.0643831267207464,0.0552421290116388,0.1145563587663624
0.8310827436102636,0.0652455533084575,0.0557687370400293,0.1121760358080953
0.8315084649290377,0.0660888851659963,0.0562698449179742,0.1097702399005171
0.8319374361711988,0.0669129550553213,0.0567453722812004,0.1073398022144119
0.8323694470515517,0.0677176036518882,0.0571952534456312,0.1048855493795709
0.8328042867860579,0.0685026786327757,0.0576194367918038,0.1024083058300486
0.8332417438999994,0.0692680342070857,0.0580178844813806,0.0999088952792399
0.8336816064959764,0.070013531509349,0.0583905726643861,0.0973881396093035
0.8341236624894555,0.0707390388838839,0.058737491600703,0.0948468579551121
0.8345676987915202,0.0714444304819982,0.0590586450072051,0.0922858718796126
0.8350135018911371,0.0721295872591462,0.0593540506286444,0.0897060025692792
0.835460857262584,0.0727943961013414,0.0596237399595041,0.08710807483951
0.8359095504263757,0.0734387514908581,0.0598677590642993,0.0844929116044063
0.8363593660767992,0.0740625542489534,0.0600861681786266,0.081861339590085
0.8368100883016691,0.0746657120006503,0.0602790420899752,0.0792141887846304
0.8372615012517308,0.075248140171597,0.0604464706328033,0.076552289256145
0.8377133883631651,0.0758097610598971,0.0605885585811767,0.073876476513444
0.8381655333837714,0.0763505052751156,0.0607054262605165,0.071187586289558
0.8386177198310185,0.0768703111557748,0.0607972095816518,0.0684864586135574
0.8390697316356849,0.0773691256541961,0.0608640604410255,0.0657739348968314
0.8395213533634087,0.0778469046434247,0.060906146924058,0.0630508575249736
0.839972370275538,0.078303613043939,0.060923653479764,0.0603180704463383
0.8404225686677113,0.078739225236906,0.0609167811099097,0.0575764181142459
0.8408717366620676,0.0791537258364198,0.0608857474514279,0.0548267416425991
0.8413196638117597,0.079547109276543,0.0608307868287003,0.052069882193572
0.8417661417869058,0.0799193804265675,0.0607521502613444,0.049306677787302
0.8422109647907965,0.0802705548615612,0.0606501053682618,0.0465379617089903
0.8426539297675608,0.0806006589174423,0.0605249362501706,0.0437645621850077
0.8430948373348369,0.0809097302290643,0.0603769430893301,0.0409872974776369
0.8435334914822462,0.0811978172830998,0.0602064420095643,0.0382069786498995
0.8439697005196232,0.0814649798333854,0.0600137644901081,0.0354244044367602
0.8444032770637079,0.0817112885825495,0.0597992570198033,0.0326403621053756
0.8448340387251457,0.0819368252596399,0.0595632803915981,0.0298556237951238
0.8452618083065809,0.082141682330012,0.0593062091203733,0.0270709458830097
0.8456864141931223,0.0823259627673378,0.0590284306986047,0.0242870670321601
0.8461076905790268,0.0824897796933138,0.0587303448759257,0.0215047072117353
0.846525477722927,0.0826332559944477,0.0584123628681848,0.0187245664476839
0.8469396223447818,0.0827565239337557,0.0580749063858612,0.0159473225227212
0.847349977859578,0.0828597246370678,0.0577184066969769,0.0131736296305484
0.8477564042275839,0.0829430074609281,0.057343303990307,0.0104041195377142
0.8481587683962366,0.0830065294940363,0.0569500462007012,0.0076393986677768
0.8485569440622075,0.083050454882334,0.0565390884136708,0.0048800497119619
0.8489508124277937,0.0830749542626155,0.0561108912389917,0.0021266262824172
0.8493402611954061,0.0830802039928188,0.055665920990333,-0.0006203403011879
0.8497251854281789,0.0830663855565441,0.0552046479020382,-0.0033603472632173
0.8501057853224154,0.0830336516385793,0.0547271631503581,-0.0060950706193918
0.8504820679234768,0.0829821300072413,0.0542337607129624,-0.0088248380377961
0.8508539303808839,0.0829119545176267,0.0537248760722451,-0.0115491765834789
0.8512212756431776,0.0828232633158139,0.0532009501802947,-0.0142676325505426
0.8515840123724029,0.0827161983516521,0.0526624289584491,-0.0169797709401399
0.8519420552566702,0.0825909047565824,0.0521097621876344,-0.0196851779836078
0.8522953246867545,0.0824475303760664,0.0515434033094753,-0.022383459002162
0.8526437469295495,0.0822862251439653,0.0509638084816853,-0.0250742400418447
0.8529872540107635,0.0821071405310133,0.0503714360582983,-0.0277571673942924
0.8533257834511886,0.0819104290920667,0.0497667463529607,-0.0304319059810596
0.8536592788567451,0.0816962434996937,0.0491501998675379,-0.0330981445489858
0.8539876886949631,0.0814647366526717,0.0485222587917458,-0.0357555865406418
0.8543109671842244,0.081216060510739,0.0478833846932413,-0.0384039577621559
0.8546290737661154,0.0809503657696591,0.0472340387695263,-0.041043002861718
0.8549419727439561,0.0806678015341376,0.0465746819116195,-0.0436724830014609
0.8552496336364754,0.0803685143652741,0.0459057732956073,-0.0462921795305997
0.8555520307280347,0.0800526479875839,0.0452277706206794,-0.0489018910324395
0.8558491429000883,0.0797203427992577,0.0445411298286547,-0.0515014326610195
0.8561409536281785,0.0793717351879155,0.0438463044519866,-0.054090636954068
0.8564274507558742,0.079006957069105,0.0431437454744919,-0.0566693527468614
0.8567086262053578,0.078626135543794,0.04243390140611,-0.0592374434586272
0.8569844762462627,0.0782293917940922,0.041717216968434,-0.0617947904873865
0.8572550010069548,0.0778168409443031,0.0409941336671931,-0.0643412897811065
0.8575202041513981,0.0773885918099577,0.0402650900744178,-0.0668768497282028
0.8577800932188587,0.0769447455719231,0.0395305203145876,-0.0694013953781731
0.8580346791537519,0.076485395661049,0.0387908547291307,-0.0719148650593156
0.858283976429513,0.0760106266467644,0.0380465189161008,-0.0744172127106301
0.85852800238021,0.0755205145698324,0.0372979351225139,-0.0769084023353031
0.8587667781328611,0.0750151241064265,0.0365455188067777,-0.0793884186796397
0.8590003270533819,0.0744945106693889,0.0357896828307242,-0.0818572525750392
0.8592286757624534,0.073958717250604,0.0350308337447027,-0.0843149126194418
0.859451853484673,0.0734077746252507,0.0342693732535878,-0.0867614197544596
0.859669892455073,0.0728416990565158,0.0335056962217639,-0.0891968131753132
0.8598828268482372,0.0722604936373173,0.0327401937783593,-0.0916211399736363
0.8600906940899058,0.0716641433137535,0.0319732480622326,-0.0940344715035003
0.8602935330114946,0.0710526183362109,0.031205238265843,-0.0964368839928437
0.8604913853639592,0.070425868218347,0.030436534477433,-0.0988284777851051
0.8606842948613959,0.0697838224762538,0.0296675005366122,-0.1012093682360184
0.8608723074299462,0.0691263876731712,0.0288984924084912,-0.1035796907974432
0.8610554708920508,0.0684534460226219,0.0281298587358084,-0.1059395994305029
0.8612338349310156,0.067764852864344,0.0273619402999424,-0.1082892685408607
0.8614074513173647,0.0670604326995356,0.0265950682627401,-0.1106288987515991
0.861576373553429,0.0663399770249121,0.0258295648431469,-0.1129587153736779
0.8617406567357123,0.0656032410703481,0.0250657431255372,-0.1152789697536043
0.8619003576822347,0.0648499388433744,0.0243039055983737,-0.1175899446858952
0.8620555345743801,0.0640797397622432,0.0235443449097328,-0.1198919533336024
0.8622062469795752,0.0632922629776499,0.0227873428513262,-0.1221853438161281
0.8623525556902917,0.0624870717730585,0.0220331701770171,-0.1244705015851153
0.8624945221896514,0.0616636693768078,0.0212820884336372,-0.1267478460682588
0.8626322084896655,0.0608214921994465,0.0205343500684754,-0.1290178329168835
0.8627656762791318,0.0599599066240301,0.0197902024684095,-0.1312809447045212
0.8628949861520889,0.0590782055592639,0.0190498921921639,-0.1335376813256352
0.8630201957455486,0.0581756133701839,0.0183136763627449,-0.135788528664975
0.8631413582292959,0.0572512913555499,0.0175818337115044,-0.1380339279408347
0.8632585182267667,0.056304367959648,0.0168546934687285,-0.1402741891771277
0.8633717064618485,0.0553339925675428,0.0161326771162021,-0.1425093618680112
0.8634809323303454,0.0543394292153232,0.0154163606068964,-0.1447390361560399
0.8635861724864525,0.0533202245427975,0.0147065738336591,-0.146962016739979
0.8636873561182407,0.0522764721686947,0.014004539557798,-0.149175853073364
0.8637843489351205,0.0512091866239776,0.0133120441621397,-0.1513762372626892
0.8638769434387579,0.0501207313001396,0.0126315885430432,-0.1535564210597183
0.8639648689832811,0.0490151245626297,0.0119664084129496,-0.1557070051005221
0.8640478364394752,0.0478979203193827,0.0113202159523446,-0.1578166075117148
0.8641256136852125,0.0467754725942971,0.0106966333109021,-0.1598735791685264
0.8641980990445772,0.0456538067060925,0.0100985337725874,-0.1618681396585512
0.8642653520024108,0.0445376788160644,0.0095276357508304,-0.1637938184901367
0.8643275721140814,0.0434302237621088,0.0089844987214844,-0.1656476450490588
0.864385049756921,0.0423331342661856,0.0084687962459874,-0.1674294133369104
0.8644381180908567,0.0412470481556001,0.0079796442510809,-0.1691407120851919
0.8644871176211008,0.0401719486324871,0.0075158769366255,-0.1707840736303136
0.864532376334723,0.0391074470554159,0.0070762215674766,-0.1723624225143848
0.8645741999044642,0.0380529728459086,0.0066594018207225,-0.173878740212725
0.8646128683983838,0.0370078836285147,0.0062641894456236,-0.1753358921725871
0.8646486362235143,0.035971529075137,0.005889427649403,-0.1767365446139302
0.8646817338168135,0.0349432802606269,0.0055340366306489,-0.1780831403677238
0.8647123696801768,0.0339225494657358,0.0051970136712577,-0.1793778919293239
0.8647407328494782,0.0329087906891399,0.0048774260383309,-0.1806228006560862
0.8647669949551455,0.0319015041640219,0.0045744056051485,-0.181819669580788
0.8647913122271743,0.0309002336810455,0.0042871416199867,-0.182970123847257
0.8648138272356405,0.0299045637631535,0.0040148741659004,-0.1840756293260033
0.8648346704787444,0.0289141129530718,0.0037568873069012,-0.1851375135339841
0.8648539616074002,0.0279285340482794,0.0035125048143819,-0.1861569770229459
0.8648718106213262,0.0269475078551052,0.0032810847186033,-0.1871351103731099
0.8648883187865497,0.0259707433909877,0.0030620160094456,-0.188072903054229
0.8649035795974016,0.0249979683426866,0.0028547135540138,-0.1889712605933514
0.8649176793522317,0.0240289360201022,0.0026586171095332,-0.1898310048501473
0.8649306979425384,0.0230634136473129,0.0024731865921916,-0.1906528909569165
0.864942709304852,0.0221011871974447,0.0022979011632438,-0.1914376081977393
0.8649537819732721,0.0211420548316184,0.0021322562523162,-0.1921857903258505
0.8649639794576695,0.020185829122596,0.0019757624737137,-0.1928980178501104
0.8649733606426367,0.0192323339528629,0.0018279437268987,-0.193574824266152
0.8649819801245558,0.0182814025746613,0.0016883357217099,-0.1942167006856868
0.864989888493062,0.0173328776199211,0.0015564849428041,-0.1948240986869986
0.864997132596621,0.0163866095354074,0.0014319474843671,-0.1953974339550561
0.8650037557609889,0.0154424574640028,0.0013142883152267,-0.1959370881188748
0.8650097980172619,0.014500285524897,0.0012030800402156,-0.1964434130545393
0.8650152962696531,0.013559964089422,0.0010979024011977,-0.1969167319003293
0.8650202844576118,0.0126213696884624,0.0009983416322981,-0.1973573408668925
0.8650247937153087,0.011684381991667,0.0009039895754304,-0.1977655121769291
0.865028852481418,0.0107488873510052,0.0008144435384639,-0.1981414937962595
0.8650324866374471,0.0098147738171758,0.0007293053256858,-0.1984855128157181
0.8650357195953394,0.0088819341223542,0.0006481811090704,-0.1987977752382405
0.8650385723991162,0.0079502627958559,0.0005706807718727,-0.1990784679845033
0.8650410637986252,0.0070196578362377,0.0004964176952184,-0.1993277591277623
0.8650432103189031,0.0060900220990491,0.0004250085089499,-0.199545798482208
0.8650450263398072,0.0051612557945168,0.0003560721962183,-0.1997327200683815
0.8650465241287987,0.0042332652807969,0.0002892304769759,-0.1998886405765612
0.8650477139020232,0.0033059561667304,0.0002241070032,-0.2000136614032222
0.8650486038568762,0.0023792362277598,0.0001603273117875,-0.2001078684448358
0.8650492002052026,0.0014530153886069,9.75185621718e-05,-0.2001713325927023
0.8650495072003214,0.0005272045805613,3.53092123081e-05,-0.2002041102145772
0.8650495271558832,-0.0003982851638805,-2.66712758838e-05,-0.2002062433829537
0.8650492604573399,-0.0013235432614233,-8.87927027808e-05,-0.2001777599116603
0.8650487055288326,-0.0022487100494409,-0.0001514277992962,-0.2001186692406882
0.8650478588588298,-0.003173877625447,-0.0002149458821114,-0.2000289652558683
0.8650467150077662,-0.0040991337802233,-0.000279716022782,-0.1999086277879906
0.8650452665976958,-0.0050245647247885,-0.0003461074460692,-0.199757622765611
0.8650435042874215,-0.0059502595608572,-0.0004144900726046,-0.1995759014268255
0.8650414167462849,-0.0068763090759258,-0.0004852346846726,-0.1993634000091776
0.8650389906352145,-0.007802800566073,-0.00055871276636,-0.1991200407577601
0.8650362105523055,-0.0087298254694561,-0.0006352973274921,-0.1988457299305175
0.8650330589882292,-0.0096574775742181,-0.0007153630549278,-0.1985403575079745
0.8650295162885536,-0.0105858487173566,-0.0007992862119038,-0.1982037981763278
0.8650255605676939,-0.0115150361446739,-0.0008874455669315,-0.1978359083236417
0.8650211676696177,-0.012445134872233,-0.0009802220031838,-0.1974365282124624
0.8650163110520191,-0.0133762464837009,-0.001077999684002,-0.1970054777606833
0.8650109617291891,-0.0143084722462584,-0.001181165735954,-0.1965425585559901
0.8650050881552022,-0.0152419170922704,-0.001290111019238,-0.1960475512646628
0.8649986561131184,-0.0161766894753661,-0.001405230537564,-0.1955202145789277
0.8649916285990379,-0.0171129004278974,-0.0015269237622806,-0.1949602846250263
0.8649839656657302,-0.0180506663114566,-0.0016555954619603,-0.1943674721016309
0.8649756242735522,-0.0189901080403508,-0.0017916561584603,-0.1937414611941305
0.8649665581189561,-0.0199313512758141,-0.0019355227365987,-0.1930819078704451
0.8649567174464041,-0.0208745264748574,-0.0020876190758777,-0.1923884381574045
0.8649460488215825,-0.0218197706025925,-0.0022483770139139,-0.1916606449989902
0.8649344948797186,-0.0227672284135042,-0.0024182373677111,-0.1908980850007715
0.8649219940690474,-0.0237170517520183,-0.0025976506990777,-0.1901002764761482
0.864908480332066,-0.0246694014848474,-0.0027870786367933,-0.1892666951461764
0.8648938827692073,-0.0256244478188413,-0.0029869950363903,-0.1883967707654517
0.8648781252034307,-0.0265823742226025,-0.0031978880503073,-0.1874898800163868
0.8648611258358359,-0.0275433725872765,-0.0034202604714069,-0.1865453471085802
0.864842796604995,-0.0285076529629857,-0.0036546334721683,-0.1855624300605517
0.864823042783959,-0.0294754357817512,-0.0039015465709897,-0.1845403233770212
0.8648017621691293,-0.0304469622857915,-0.0041615621477461,-0.183478141870175
0.8647788443743037,-0.0314224937917435,-0.0044352676881789,-0.1823749145963979
0.8647541700826706,-0.0324023094884693,-0.0047232777166714,-0.1812295802280083
0.8647276098719077,-0.0333867168894287,-0.0050262397244413,-0.1800409668712749
0.864699023246642,-0.0343760476219393,-0.0053448363750431,-0.1788077873819084
0.8646682572378135,-0.0353706639898919,-0.0056797913275066,-0.1775286208314218
0.8646351449375032,-0.0363709603801461,-0.006031874092969,-0.1762018984495595
0.8645995037917903,-0.0373773655575176,-0.0064019057145294,-0.1748258869060574
0.8645611337140077,-0.0383903430096948,-0.0067907643090481,-0.1733986725274494
0.8645198151026569,-0.0394103872052893,-0.0071993894321778,-0.171918149924883
0.8644753064146806,-0.0404380244595557,-0.0076287885302614,-0.1703820028288769
0.8644273424190901,-0.0414737921051202,-0.00808003438223,-0.168787716523809
0.8643756325585601,-0.0425182157723256,-0.0085542599537354,-0.1671325966452573
0.8643198611757422,-0.0435717541201762,-0.0090526354245003,-0.1654138458110305
0.8642596901697193,-0.044634717012537,-0.0095763256347623,-0.1636286991712954
0.8641947672378931,-0.0457071228530274,-0.0101264054815841,-0.1617746896505144
0.8641247439475798,-0.0467884665854062,-0.0107037075443752,-0.1598501189281751
0.8640493066742863,-0.0478774105816076,-0.011308593040616,-0.1578547501495673
0.8639682243958753,-0.0489714050776898,-0.0119406344722373,-0.155790748844987
0.8638814047356846,-0.0500664068396482,-0.0125982978077261,-0.1536635805370272
0.8637889350283469,-0.0511569529376022,-0.0132788004009518,-0.1514823179759912
0.8636910742993825,-0.0522368181614824,-0.0139783555948393,-0.1492587391309697
0.8635881837066456,-0.053300114162076,-0.0146928118756001,-0.1470052637942022
0.8634806288779382,-0.0543422779833781,-0.0154183786823291,-0.1447327359208419
0.8633687061913716,-0.0553604741953022,-0.0161520752870373,-0.1424491570622868
0.8632526160310687,-0.0563534152879023,-0.0168918043469247,-0.1401596052195481
0.8631324709388732,-0.0573209151095897,-0.0176361931975323,-0.1378668413689624
0.8630083174432517,-0.0582634465095656,-0.0183843736001812,-0.1355720606686234
0.8628801572417888,-0.0591818190277785,-0.0191357961712679,-0.1332755002322914
0.8627479638493577,-0.060076972955166,-0.0198900968555167,-0.1309768639635969
0.8626116936041833,-0.0609498647357755,-0.0206470134403651,-0.1286755815097375
0.862471293342053,-0.061801403794074,-0.0214063317216049,-0.1263709704882881
0.8623267043164249,-0.0626324286127011,-0.0221678588326866,-0.1240623134223451
0.8621778654521122,-0.0634436939592929,-0.0229314036725762,-0.1217489123369118
0.8620247149524592,-0.0642358712204653,-0.0236967682389887,-0.1194301103384302
0.8618671913890057,-0.0650095524455432,-0.0244637426843494,-0.1171053023796645
0.8617052342562901,-0.0657652570124234,-0.0252321036063624,-0.1147739368019069
0.8615387845400033,-0.0665034376245555,-0.0260016125558918,-0.1124355167997351
0.8613677847784966,-0.0672244878813466,-0.0267720170639644,-0.1100895947737925
0.8611921793405363,-0.0679287479509756,-0.0275430506332528,-0.1077357702858623
0.8610119145750099,-0.0686165100849774,-0.0283144333286577,-0.1053736866010469
0.860826938818704,-0.0692880239568886,-0.029085872926426,-0.1030030258613016
0.8606372023865659,-0.0699435013385004,-0.0298570660240752,-0.1006235046428012
0.8604426577626771,-0.0705831195039895,-0.0306276982572373,-0.098234872497604
0.8602432595586675,-0.0712070249961706,-0.0313974454257601,-0.0958369079016918
0.8600389647610769,-0.0718153360470954,-0.0321659734338086,-0.0934294180596685
0.8598297322338166,-0.0724081468685008,-0.0329329409878133,-0.091012230216108
0.8596155235715766,-0.0729855276229308,-0.0336979971748541,-0.0885851991314874
0.8593963023438798,-0.0735475288066633,-0.0344607849772079,-0.0861481960075813
0.859172035008955,-0.0740941807989344,-0.0352209387199077,-0.0837011166991559
0.8589426902531456,-0.0746254974087727,-0.0359780870770095,-0.0812438723406906
0.8587082395736181,-0.0751414760595165,-0.0367318517249021,-0.0787763939533668
0.8584686571708187,-0.0756420995901826,-0.0374818483733589,-0.076298629520149
0.8582239196281393,-0.0761273382147683,-0.0382276883254966,-0.0738105392372494
0.8579740069803053,-0.0765971485907324,-0.0389689757683638,-0.0713121050304793
0.8577189019049631,-0.0770514766435461,-0.0397053108738542,-0.0688033208660427
0.8574585901464815,-0.0774902577564065,-0.0404362890502535,-0.0662841958462871
0.8571930610626963,-0.0779134168980855,-0.041161500017571,-0.0637547582074993
0.856922306826169,-0.0783208708944268,-0.0418805306068536,-0.0612150464612121
0.8566463235547142,-0.0787125275181985,-0.0425929622449971,-0.0586651190570706
0.856365110636953,-0.0790882873980591,-0.043298373359687,-0.0561050469193426
0.8560786711542033,-0.0794480441650376,-0.0439963388122301,-0.0535349164317422
0.8557870120431058,-0.0797916850171252,-0.0446864300759937,-0.0509548299294796
0.8554901444603353,-0.080119091063032,-0.0453682149843654,-0.0483649079417022
0.8551880836429836,-0.080430138250722,-0.0460412586937619,-0.0457652869840207
0.854880848958031,-0.0807246979857225,-0.0467051241454549,-0.0431561191656349
0.8545684641102131,-0.0810026375702421,-0.0473593721828078,-0.0405375731892604
0.8542509576322048,-0.0812638204441692,-0.0480035611504168,-0.0379098376410168
0.8539283624146929,-0.081508107255658,-0.0486372485015823,-0.0352731162841281
0.8536007165586375,-0.0817353558169572,-0.0492599897169028,-0.0326276343551126
0.8532680626595635,-0.081945422272878,-0.0498713403449759,-0.0299736320235982
0.8529304485108353,-0.0821381611875766,-0.0504708552644352,-0.0273113694838998
0.8525879275128395,-0.0823134259853843,-0.0510580886720818,-0.0246411294670389
0.8522405581085963,-0.0824710699023424,-0.0516325957683767,-0.0219632121758326
0.8518884041748506,-0.0826109463495887,-0.0521939327140228,-0.0192779378514367
0.8515315351348314,-0.082732909463492,-0.0527416571200145,-0.0165856471375522
0.8511700259356263,-0.0828368146960086,-0.0532753287483069,-0.0138867004694961
0.8508039574160721,-0.0829225192884035,-0.0537945096392433,-0.0111814804247896
0.850433416105713,-0.0829898829249304,-0.0542987651035155,-0.0084703898447029
0.8500584942305424,-0.0830387682794495,-0.0547876643623951,-0.0057538516106159
0.8496792898372568,-0.0830690415406088,-0.0552607810303923,-0.0030323093308327
0.8492959067725768,-0.0830805729618883,-0.0557176937960332,-0.0003062270138598
0.8489084544541569,-0.083073237386267,-0.0561579873168891,0.0024239126524058
0.8485168833677322,-0.0830468997226816,-0.0565814261886036,0.0051587522354167
0.8481210455029529,-0.0830013847980877,-0.0569878503209566,0.0078995941861883
0.8477210535924353,-0.0829365209590576,-0.0573768082196467,0.0106459177834853
0.8473170269230973,-0.0828521420495587,-0.0577478536368672,0.0133971784868695
0.8469090917531004,-0.0827480881078084,-0.0581005459797826,0.0161528052307977
0.8464973810583927,-0.082624205960257,-0.0584344513759255,0.0189122022664457
0.8460820348707643,-0.082480349966482,-0.0587491432248231,0.0216747469432126
0.8456631998288309,-0.0823163825365626,-0.0590442033952071,0.0244397927122922
0.8452410290486252,-0.0821321746841529,-0.0593192230871353,0.0272066698584939
0.8448156820675747,-0.0819276065974106,-0.0595738036234192,0.0299746856774884
0.8443873248228324,-0.0817025682334703,-0.0598075572218977,0.0327431243796927
0.84395612892435,-0.0814569595133523,-0.0600201081103579,0.0355112514678778
0.8435222718881141,-0.081190690962252,-0.0602110930386342,0.0382783118008169
0.8430859362501453,-0.080903683682397,-0.060380162297353,0.0410435347703304
0.842647309882037,-0.0805958699963978,-0.0605269801181221,0.0438061317126843
0.8422065851582496,-0.080267193330503,-0.0606512255028852,0.0465653005596912
0.8417639588238728,-0.0799176084874193,-0.0607525926865169,0.049320225959594
0.8413196314969237,-0.0795470816145314,-0.0608307916539747,0.0520700816380856
0.8408738071662271,-0.0791555900814093,-0.0608855485439588,0.0548140327006692
0.840426693000135,-0.078743122563933,-0.0609166059253598,0.0575512359620079
0.8399784989733565,-0.0783096789448179,-0.0609237230586476,0.0602808413740802
0.8395294371514471,-0.0778552698083091,-0.0609066760648457,0.0630019954876419
0.8390797215060993,-0.0773799163630463,-0.060865257976618,0.0657138416316805
0.8386295675365142,-0.0768836501438069,-0.0607992787459729,0.0684155212678463
0.8381791920826998,-0.0763665128813877,-0.0607085652228031,0.0711061741847136
0.8377288126013892,-0.0758285557128383,-0.0605929609700281,0.0737849419003949
0.8372786473537421,-0.0752698393874693,-0.0604523261981604,0.0764509656160483
0.8368289148147385,-0.0746904335471354,-0.0602865375029363,0.0791033888328808
0.8363798333000513,-0.0740904161761442,-0.0600954875504639,0.0817413586616886
0.8359316212331438,-0.0734698738837181,-0.0598790850079307,0.0843640233979266
0.8354844968021052,-0.0728289014117943,-0.0596372542641757,0.0869705337384189
0.8350386770989471,-0.0721676002980014,-0.059369934750459,0.089560047006
0.8345943790087019,-0.0714860800399921,-0.0590770812024291,0.0921317212116897
0.8341518185045705,-0.0707844569931453,-0.0587586630854062,0.0946847184566912
0.8337112109942356,-0.070062854830883,-0.0584146646578263,0.0972182022669344
0.8332727703337239,-0.069321402854757,-0.0580450840366923,0.0997313426401206
0.8328367102340202,-0.0685602382546846,-0.0576499341728187,0.1022233073823507
0.8324032428583257,-0.0677795037204711,-0.0572292415823711,0.1046932696184564
0.8319725796761194,-0.066979348869759,-0.056783046985718,0.1071404023993662
0.831544931230663,-0.0661599298797073,-0.0563114050830985,0.1095638795815592
0.8311205073431582,-0.0653214099446082,-0.0558143848038536,0.1119628742571621
0.8306995164297698,-0.0644639580057945,-0.0552920685497908,0.1143365622326588
0.8302821666860242,-0.0635877512393085,-0.0547445537072909,0.1166841149944251
0.8298686648507313,-0.0626929727136771,-0.0541719512736233,0.1190047063688211
0.8294592172431119,-0.0617798137534437,-0.0535743873916622,0.121297506402177
0.8290540292314785,-0.0608484731012096,-0.0529520029317328,0.1235616841014771
0.8286533055832164,-0.0598991580341683,-0.0523049543468243,0.1257964052540422
0.8282572497026734,-0.0589320829314479,-0.0516334128268884,0.1280008364802446
0.8278660649424295,-0.0579474728624771,-0.050937566920195,0.1301741377548348
0.8274799532389502,-0.0569455608003344,-0.050217620789887,0.132315469857011
0.8270991161066638,-0.0559265906857394,-0.0494737965649149,0.1344239887163886
0.8267237532988336,-0.0548908145307681,-0.0487063324380534,0.1364988527235114
0.8263540643580642,-0.0538384972939626,-0.0479154864422633,0.1385392140556701
0.8259902469503381,-0.0527699130965712,-0.0471015338769318,0.1405442278151879
0.8256324974783902,-0.0516853476780372,-0.046264769327481,0.1425130485725605
0.8252810109034602,-0.050585098811863,-0.0454055072094541,0.1444448313079227
0.8249359800536499,-0.0494694750904409,-0.0445240810161118,0.1463387351811315
0.8245975958631964,-0.0483387976005256,-0.0436208448002439,0.1481939221939117
0.8242660467452108,-0.0471933988862737,-0.0426961725200532,0.150009560625371
0.8239415186099514,-0.0460336240185599,-0.041750459034817,0.1517848249358343
0.8236241944654429,-0.044859830307911,-0.0407841200063839,0.153518897973665
0.8233142536807309,-0.0436723856215706,-0.0397975905964606,0.1552109750303054
0.8230118720347708,-0.0424716694933117,-0.0387913264167482,0.1568602636105199
0.8227172212527258,-0.0412580723383331,-0.0377658028978223,0.1584659860177316
0.8224304688104465,-0.0400319956527329,-0.0367215154443935,0.1600273804870954
0.8221517771080196,-0.0387938494085333,-0.0356589771605911,0.1615437057648578
0.8218813033795628,-0.0375440522914048,-0.03457871892256,0.1630142416855312
0.8216191997296505,-0.0362830326495216,-0.0334812900654976,0.1644382890787319
0.8213656120452854,-0.0350112239553631,-0.0323672542639053,0.1658151757978099
0.8211206803069072,-0.0337290665640144,-0.0312371908118334,0.1671442551535746
0.8208845381587057,-0.0324370058693482,-0.0300916927477132,0.1684249083861227
0.8206573123991363,-0.0311354895082481,-0.0289313640606309,0.1696565475752993
0.8204391235721566,-0.0298249705661153,-0.0277568222027568,0.170838612593809
0.8202300849585308,-0.0285059014985068,-0.0265686923029556,0.1719705767424963
0.820030302818885,-0.0271787346784102,-0.0253676072258613,0.1730519456058248
0.8198398766838357,-0.0258439235674353,-0.0241542082186376,0.1740822556641943
0.8196588990115811,-0.0245019195674839,-0.0229291416359428,0.1750610763358048
0.8194874551618025,-0.023153170339097,-0.0216930569437506,0.1759880103079745
0.8193256237612446,-0.0217981209450719,-0.0204466073008923,0.1768626917535119
0.8191734767916677,-0.020437213022936,-0.0191904483509978,0.177684786050582
0.819031079517567,-0.0190708820945168,-0.0179252352797625,0.1784539903666261
0.8188984908304991,-0.0176995581650021,-0.0166516228978909,0.1791700319883237
0.8187757636449048,-0.0163236673691615,-0.0153702667260605,0.1798326663709434
0.8186629447902803,-0.0149436282284694,-0.0140818190788923,0.1804416779018471
0.8185600754968114,-0.0135598540696723,-0.012786930883868,0.1809968774520603
0.8184671915070707,-0.0121727513643383,-0.0114862497181463,0.1814981019386134
0.818384323442057,-0.0107827214308173,-0.0101804210028298,0.1819452125042309
0.8183114968601626,-0.0093901574964973,-0.0088700848599806,0.1823380943430913
0.8182487327755604,-0.0079954498912484,-0.0075558806266822,0.1826766540357917
0.8181960476169945,-0.0065989816298497,-0.0062384423500808,0.1829608198903989
0.8181534535232589,-0.0052011295020564,-0.0049183994691294,0.1831905404530482
0.8181209586368547,-0.003802267678793,-0.0035963798979484,0.183365783014072
0.818098567178347,-0.002402766469009,-0.0022730085479177,0.1834865332816771
0.8180862795708023,-0.0010029907092193,-0.0009489055059955,0.1835527947697027
0.8180836870861933,-2.2763019767724213e-12,2.106805669591788e-11,0.1835667746987271
