3.18561411692888
0.8441740213388227,-1.0438558293487149e-28,-2.9960161922599153e-15,-0.0577887084618344
0.8441737239085046,-0.0002576234933512,-0.0001334332293088,-0.0577854317982025
0.8441716823966997,-0.0007223507521742,-0.0003741755892139,-0.0577629431916941
0.8441677038613462,-0.0011868726442853,-0.0006149311272599,-0.0577191263257978
0.8441617865740602,-0.0016510957027546,-0.0008557281804175,-0.0576539801847611
0.8441539281367515,-0.0021148978989739,-0.0010965800451496,-0.0575675051418818
0.8441441254940975,-0.0025781536110391,-0.0013374978001555,-0.0574597030851711
0.8441323748623291,-0.0030407387392531,-0.0015784928562656,-0.0573305766176558
0.8441186718783003,-0.0035025247639395,-0.0018195737550616,-0.0571801306738659
0.8441030115313849,-0.0039633830137211,-0.0020607482753327,-0.0570083717409558
0.8440853882669105,-0.0044231819652345,-0.0023020219066971,-0.0568153089561742
0.8440657960559811,-0.0048817868537656,-0.0025433975159653,-0.0566009548220092
0.8440442284118009,-0.0053390605922262,-0.002784875696377,-0.0563653253227896
0.8440206785325434,-0.0057948619070158,-0.0030264536442882,-0.0561084414098871
0.8439951393163624,-0.0062490465529799,-0.0032681256501063,-0.055830329070468
0.8439676035344608,-0.0067014655405082,-0.0035098819984882,-0.0555310210992643
0.8439380638618342,-0.0071519662371543,-0.003751709384031,-0.0552105572938179
0.8439065130989731,-0.0076003904785285,-0.0039935897186993,-0.0548689866962844
0.8438729442190928,-0.008046575701819,-0.0042355005441906,-0.0545063679059725
0.843837350518,-0.008490354523746,-0.0044774146040263,-0.0541227704718371
0.8437997258495774,-0.0089315535776402,-0.0047192989926097,-0.053718277162628
0.8437600646554205,-0.009369995054532,-0.0049611157680968,-0.0532929839738774
0.8437183622309881,-0.009805495467622,-0.0052028210405182,-0.0528470026339069
0.8436746149756187,-0.0102378650738382,-0.0054443643929416,-0.0523804628688957
0.8436288203121054,-0.0106669106310369,-0.0056856901608805,-0.0518935110890581
0.8435809771400203,-0.0110924328626107,-0.0059267357576355,-0.0513863147155693
0.8435310857910809,-0.0115142288944246,-0.0061674327773047,-0.0508590611409131
0.843479148434447,-0.0119320906394922,-0.0064077058109917,-0.0503119614052827
0.8434251689352024,-0.0123458078751694,-0.0066474739421086,-0.0497452480341952
0.8433691532135519,-0.012755167083529,-0.0068866498334288,-0.0491591781135529
0.8433111093047555,-0.0131599527873415,-0.0071251402524241,-0.0485540331521844
0.8432510472663586,-0.0135599496964243,-0.0073628471144061,-0.0479301173291292
0.8431889795669985,-0.013954941449364,-0.0075996665398566,-0.047287760722572
0.8431249208532148,-0.0143447135132498,-0.0078354903977016,-0.0466273160364313
0.843058887930642,-0.0147290542751948,-0.0080702068353229,-0.0459491575715726
0.8429908998087836,-0.015107755620551,-0.0083037005328413,-0.0452536808482801
0.8429209776268386,-0.0154806140824439,-0.00853585334161,-0.0445413010099299
0.8428491445222345,-0.0158474320789401,-0.008766545027889,-0.0438124506704667
0.8427754254090758,-0.0162080193429208,-0.0089956541965519,-0.0430675768964949
0.8426998469615007,-0.0165621931026416,-0.0092230584774145,-0.0423071403173019
0.84262243726509,-0.0169097796948654,-0.0094486356681285,-0.0415316109384765
0.8425432257970231,-0.0172506144046079,-0.0096722637909371,-0.0407414673388653
0.8424622431495796,-0.0175845423549838,-0.0098938218612591,-0.0399371933529419
0.8423795208057575,-0.0179114189469884,-0.0101131904108845,-0.0391192753652232
0.8422950910379516,-0.0182311096789897,-0.0103302516285134,-0.0382882008994065
0.842208986683132,-0.0185434903765973,-0.0105448897965527,-0.0374444560544115
0.8421212409747219,-0.0188484470932687,-0.0107569915303262,-0.0365885235796556
0.8420318874220085,-0.0191458757852788,-0.0109664458747169,-0.0357208814829807
0.8419409596890902,-0.019435681964775,-0.0111731443904247,-0.0348420016928293
0.8418484914839051,-0.0197177803007961,-0.0113769812057406,-0.0339523488749481
0.8417545164447447,-0.0199920942149563,-0.0115778530640287,-0.0330523792787373
0.8416590681033712,-0.0202585552540875,-0.0117756592029998,-0.0321425403648552
0.8415621798316243,-0.0205171025482832,-0.0119703012823412,-0.0312232703071875
0.8414638847900323,-0.0207676822890232,-0.0121616833136261,-0.0302949975469765
0.8413642159103915,-0.0210102471493877,-0.0123497115314216,-0.0293581406965105
0.8412632058945442,-0.0212447557096442,-0.0125342942491829,-0.0284131086143173
0.8411608871732809,-0.0214711720163498,-0.0127153418012035,-0.027460300124339
0.8410572919824603,-0.0216894649175213,-0.0128927662874396,-0.0265001048423801
0.8409524523350554,-0.0218996076870988,-0.0130664815255404,-0.0255329030360675
0.8408464000221421,-0.0221015776112949,-0.0132364029572997,-0.0245590657672064
0.8407391667112764,-0.0222953554338974,-0.0134024474149846,-0.023578955930681
0.8406307838819743,-0.0224809251546937,-0.0135645331642616,-0.0225929277974615
0.8405212829360843,-0.0226582735374985,-0.0137225796829444,-0.0216013281609102
0.8404106951992403,-0.0228273898593567,-0.0138765076259264,-0.0206044964817399
0.8402990519276231,-0.0229882656679191,-0.0140262387850758,-0.0196027650854847
0.8401863843986858,-0.0231408944454204,-0.0141716959457076,-0.0185964601110909
0.8400727238653598,-0.0232852714976815,-0.0143128029362931,-0.0175859012302983
0.8399581016506401,-0.0234213936679413,-0.0144494844999142,-0.0165714026213416
0.8398425491872169,-0.0235492591634653,-0.0145816662538524,-0.015553273439844
0.8397260979848178,-0.0236688674779041,-0.0147092747363384,-0.0145318176504639
0.8396087796937403,-0.0237802192151668,-0.014832237343368,-0.0135073347067752
0.8394906261665459,-0.0238833159483099,-0.0149504822833097,-0.0124801202023951
0.8393716694254219,-0.0239781601806463,-0.0150639386342398,-0.011450465695125
0.8392519416920322,-0.0240647552510836,-0.0151725363342726,-0.0104186590776103
0.8391314754422089,-0.0241431052391264,-0.015276206156902,-0.0093849851552861
0.8390103033987055,-0.0242132149282134,-0.0153748797479284,-0.008349725685355
0.8388884585963862,-0.0242750897321318,-0.0154684896037221,-0.0073131600334351
0.838765974321819,-0.0243287356996999,-0.0155569691526902,-0.0062755647553711
0.8386428842004241,-0.0243741594447914,-0.0156402527210915,-0.005237214435025
0.8385192221644358,-0.0244113681440039,-0.0157182755927773,-0.0041983815050959
0.8383950224846565,-0.0244403695080431,-0.0157909740218474,-0.0031593366079473
0.8382703198152229,-0.0244611717637876,-0.0158582852449579,-0.0021203490585537
0.8381451491439109,-0.0244737836599296,-0.0159201475481832,-0.0010816865166376
0.8380195458365925,-0.0244782144520895,-0.0159765002780936,-4.36154458412e-05
0.837893545630984,-0.0244744739017149,-0.016027283882281,0.000993598852293
0.8377671609113632,-0.0244625692764642,-0.0160724478800303,0.002029886306105
0.8376403998775478,-0.0244425014088996,-0.0161119399221175,0.0030652119662996
0.8375132992403846,-0.0244142716160458,-0.0161456968050636,0.0040993098110114
0.8373858962329661,-0.0243778817909783,-0.016173656439621,0.0051319135403937
0.83725822856327,-0.0243333343990383,-0.0161957579052874,0.0061627568950249
0.8371303345757865,-0.0242806325477902,-0.0162119414685082,0.0071915722868608
0.8370022531427359,-0.024219779980192,-0.016222148660045,0.0082180916214855
0.8368740235929399,-0.0241507810471334,-0.0162263223203253,0.0092420467997796
0.8367456858623764,-0.0240736407925692,-0.0162244066318691,0.0102631684459988
0.8366172804726989,-0.0239883649751763,-0.0162163471786458,0.0112811860226187
0.8364888484900096,-0.0238949600663053,-0.016202090995896,0.0122958280962391
0.8363604314459544,-0.023793433200802,-0.016181586600295,0.0133068228919591
0.8362320715784413,-0.0236837923803863,-0.0161547840705673,0.0143138963310887
0.8361038116308885,-0.0235660463492393,-0.0161216350736647,0.0153167735530545
0.8359756948694088,-0.0234402046135031,-0.0160820929035085,0.0163151787089739
0.8358477651380377,-0.0233062775079497,-0.0160361125386718,0.0173088344626542
0.8357200669332031,-0.0231642763058021,-0.0159836507247725,0.0182974613509236
0.8355926452299671,-0.0230142130573811,-0.0159246659585898,0.0192807790669116
0.8354655456060234,-0.0228561007402944,-0.0158591185788521,0.0202585054301093
0.8353388141600735,-0.0226899531822401,-0.015786970773297,0.0212303569486121
0.8352124976746138,-0.0225157852960496,-0.0157081867182287,0.0221960475035528
0.8350866434286832,-0.0223336128627208,-0.0156227325242368,0.023155289719735
0.8349612992674856,-0.0221434526359705,-0.0155305763158231,0.0241077943606392
0.83483651359475,-0.0219453223499545,-0.0154316882705115,0.0250532703172279
0.8347123354483126,-0.0217392408646379,-0.0153260407283397,0.0259914239674784
0.8345888143868251,-0.0215252280099837,-0.0152136081506352,0.0269219599660433
0.8344660005573232,-0.0213033047138477,-0.0150943672193275,0.0278445806620502
0.8343439447035007,-0.0210734930457366,-0.0149682968974696,0.0287589859686202
0.8342226981362599,-0.020835816189119,-0.0148353784505501,0.0296648735142351
0.8341023127345077,-0.0205902984627781,-0.0146955954926912,0.0305619385648662
0.833982840950468,-0.020336965351752,-0.0145489340385216,0.0314498739121265
0.833864335870199,-0.02007584366421,-0.0143953826302635,0.0323283693527262
0.8337468511348113,-0.0198069613940669,-0.0142349322949378,0.0331971122027483
0.8336304409554417,-0.0195303477698388,-0.0140675766065712,0.0340557871116178
0.8335151601927575,-0.0192460334720908,-0.0138933118539554,0.0349040754027654
0.8334010642699917,-0.0189540504604062,-0.0137121369735473,0.0357416556423641
0.8332882092419307,-0.0186544321729734,-0.0135240537085583,0.0365682030571024
0.833176651778948,-0.0183472135271777,-0.0133290666485982,0.0373833895780213
0.8330664491529292,-0.0180324309164197,-0.0131271832655962,0.0381868838677234
0.8329576592532675,-0.0177101222882876,-0.0129184140014592,0.0389783511264316
0.8328503406405421,-0.0173803273501152,-0.0127027724413346,0.0397574526249485
0.8327445525378203,-0.0170430876090393,-0.0124802753833429,0.040523845692371
0.8326403548170659,-0.0166984463921968,-0.012250942894866,0.0412771837365196
0.8325378079937209,-0.0163464488877748,-0.0120147983821263,0.0420171162023754
0.832436973269358,-0.0159871423580336,-0.0117718687764893,0.0427432881822547
0.8323379125552313,-0.0156205763175785,-0.011522184702147,0.0434553401645429
0.8322406884554311,-0.0152468025801501,-0.0112657805567877,0.044152908071424
0.8321453643354655,-0.0148658756476022,-0.0110026948287879,0.0448356226813534
0.8320520042857439,-0.0144778527305706,-0.0107329701660815,0.0455031098045964
0.8319606731173976,-0.0140827938951516,-0.0104566535314178,0.0461549902222619
0.8318714364288635,-0.013680762550897,-0.0101737965996942,0.0467908791179449
0.8317843605698584,-0.0132718255500463,-0.0098844558884359,0.0474103862398382
0.831699512691034,-0.0128560537143343,-0.0095886931920923,0.0480131154483268
0.831616960729418,-0.0124335221407651,-0.0092865758659083,0.0485986647177979
0.8315367734188566,-0.0120043106967056,-0.0089781772481867,0.0491666259560653
0.8314590202562474,-0.011568504368783,-0.0086635769818749,0.0497165851321625
0.8313837715517308,-0.011126194182461,-0.0083428617519303,0.0502481218045394
0.8313110983366163,-0.0106774774637057,-0.0080161255532246,0.0507608096497403
0.8312410724141857,-0.0102224590895837,-0.007683470679669,0.0512542159745107
0.8311737662125562,-0.0097612517154532,-0.0073450079733622,0.0517279026169994
0.8311092528037248,-0.0092939772634072,-0.0070008579974855,0.0521814256672811
0.831047605781484,-0.0088207677871677,-0.0066511517588811,0.0526143361733979
0.8309888991435568,-0.0083417666442854,-0.0062960316573603,0.0530261808063444
0.8309332071308898,-0.007857129699641,-0.0059356524585558,0.0534165028144093
0.830880604048493,-0.0073670268101855,-0.0055701824741668,0.0537848430947949
0.8308311640422166,-0.0068716434791301,-0.0051998048662642,0.0541307415617055
0.8307849607834283,-0.0063711822385376,-0.0048247187425604,0.0544537391459162
0.83074206711618,-0.0058658642630657,-0.0044451404128064,0.0547533800427579
0.8307025546398813,-0.0053559310234246,-0.0040613046603392,0.0550292143977732
0.8306664932135687,-0.0048416458166711,-0.0036734659012943,0.0552808015276878
0.830633950393807,-0.0043232952928841,-0.0032818993156559,0.055507713593847
0.830604990784469,-0.0038011905879649,-0.0028869016497168,0.0557095398819959
0.8305796753104464,-0.0032756679264316,-0.0024887915791246,0.0558858916071922
0.8305580604700713,-0.0027470895025423,-0.0020879102388824,0.0560364068665544
0.8305401974921132,-0.0022158427257073,-0.0016846204653746,0.0561607562617409
0.8305261315144079,-0.0016823394360913,-0.0012793059615006,0.0562586483820553
0.8305159007710535,-0.0011470143259034,-0.0008723698049094,0.0563298352467833
0.8305095358251935,-0.0006103224724213,-0.0004642322280737,0.0563741174567027
0.8305070588897028,-7.27354844842e-05,-5.53272945703e-05,0.0563913487679872
0.8305084832922079,0.0004652618123598,0.0003539000568997,0.0563814397029759
0.8305138136616024,0.0010032188944008,0.0007630306133377,0.0563443561881002
0.8305230470368372,0.0015407128137535,0.0011716661907574,0.0562801118217076
0.8305361710475716,0.0020772482907204,0.0015793541033792,0.0561887805589285
0.8305531639856691,0.0026123352363872,0.0019856466135851,0.0560704962941125
0.830573995163647,0.0031454941925164,0.0023901055281345,0.0559254504961969
0.8305986254451144,0.0036762608472099,0.0027923060553263,0.0557538886917008
0.8306270079288323,0.0042041900878846,0.0031918402629562,0.0555561059161896
0.8306590887415392,0.0047288592211347,0.0035883198481319,0.0553324414382154
0.8306948079183099,0.005249870614895,0.0039813784076434,0.0550832728945614
0.8307341002781131,0.0057668529353401,0.0043706725833225,0.0548090104715852
0.8307768963127834,0.0062794619858761,0.0047558828472607,0.0545100909977556
0.8308231230172424,0.0067873805708952,0.0051367134964469,0.0541869724438398
0.8308727046927503,0.0072903181653353,0.0055128924513888,0.0538401286030956
0.8309255636322129,0.0077880096305708,0.0058841702967226,0.0534700445828927
0.8309816207338754,0.008280213782074,0.0062503191780973,0.0530772127817585
0.8310407960170956,0.0087667116490832,0.0066111314436253,0.0526621295345141
0.8311030091019563,0.0092473050052994,0.0069664184670244,0.0522252919918979
0.8311681795608908,0.009721814409206,0.0073160090928535,0.0517671958786093
0.8312362271796268,0.0101900771823573,0.0076597480314549,0.0512883338708903
0.8313070722638044,0.0106519462164815,0.0079974948607315,0.0507891936353855
0.8313806357739743,0.0111072880164724,0.0083291224653566,0.0502702570585961
0.8314568394586204,0.0115559812087819,0.0086545158233653,0.0497319994770338
0.8315356059863703,0.0119979153813605,0.008973571038507,0.0491748888993685
0.8316168589917114,0.0124329897097092,0.0092861942235162,0.0485993858272689
0.8317005231176359,0.0128611118567168,0.0095923005906912,0.0480059430884827
0.8317865240889915,0.0132821972362519,0.0098918138102378,0.0473950054422626
0.8318747886693009,0.0136961678661298,0.0101846650831177,0.0467670100031607
0.8319652446797307,0.0141029517180168,0.0104707925786095,0.0461223862180243
0.8320578209678345,0.014502481961704,0.0107501408050611,0.0454615561944591
0.8321524474801688,0.0148946967636945,0.0110226603759329,0.0447849342824172
0.8322490551249236,0.0152795382721569,0.0112883072142921,0.0440929281502921
0.8323475758287588,0.0156569525222906,0.0115470424079615,0.0433859384713997
0.832447942486048,0.0160268889433414,0.0117988317922013,0.0426643593755085
0.8325500889304457,0.0163893000213962,0.0120436456472078,0.0419285787389536
0.8326539499496162,0.0167441411541032,0.0122814585302126,0.0411789781611277
0.832759461216291,0.0170913702425138,0.012512248934619,0.0404159335414676
0.8328665592376855,0.0174309474048941,0.0127359990396059,0.0396398155256447
0.8329751814450614,0.0177628351536309,0.0129526947681728,0.0388509889342839
0.8330852660634226,0.0180869978819569,0.0131623253919652,0.0380498137821264
0.8331967520873999,0.0184034017369931,0.0133648833990809,0.037236645531187
0.8333095793724642,0.0187120148171064,0.0135603645695866,0.0364118344998053
0.8334236885211354,0.0190128067843043,0.0137487676765964,0.0355757267639891
0.8335390209102298,0.0193057488962325,0.0139300944600799,0.0347286640308876
0.8336555186026086,0.0195908137438258,0.0141043494189209,0.03387098435877
0.8337731244244648,0.0198679754183497,0.0142715398711886,0.0330030216613914
0.8338917819286923,0.0201372093810777,0.0144316758293149,0.0321251060461799
0.8340114353657575,0.0203984923671636,0.0145847699000682,0.0312375640990187
0.8341320296403036,0.0206518022729896,0.0147308371788214,0.0303407192770947
0.8342535104297348,0.0208971183829291,0.0148698953398227,0.0294348910961256
0.8343758239633503,0.0211344208920649,0.0150019643231232,0.0285203968434776
0.834498917236548,0.0213636913247955,0.0151270665341328,0.0275975500506675
0.8346227378433366,0.0215849121844133,0.01524522660804,0.0266666618119683
0.8347472340744582,0.021798067122414,0.0153564714649763,0.025728040117575
0.8348723548927559,0.0220031408655047,0.0154608302295503,0.0247819901027444
0.8349980497755302,0.0222001189487683,0.0155583340593611,0.0238288153091823
0.8351242690136849,0.0223889881817511,0.0156490163418769,0.0228688154874462
0.8352509633927794,0.0225697361265357,0.0157329123962467,0.0219022890801624
0.8353780843871657,0.0227423513871166,0.0158100595791025,0.0209295318161983
0.8355055841337456,0.0229068235402821,0.0158804972089,0.0199508369712067
0.835633415327947,0.0230631429841579,0.0159442664618393,0.0189664962307539
0.835761531267853,0.0232113009937941,0.0160014103623175,0.0179767994216413
0.8358898859567226,0.0233512898195939,0.0160519737796459,0.0169820337828923
0.8360184339260943,0.023483102467308,0.0160960033037987,0.0159824853964867
0.8361471303920355,0.0236067328556,0.0161335472635711,0.014978438041086
0.8362759311401534,0.0237221756776315,0.0161646556375791,0.0139701741474598
0.8364047925913947,0.0238294264509576,0.0161893800293256,0.0129579743487663
0.8365336717587071,0.0239284814608719,0.016207773608849,0.0119421178811535
0.836662526235011,0.0240193377405707,0.0162198910684447,0.0109228827424882
0.8367913142219259,0.0241019930798416,0.0162257885816931,0.009900545528221
0.836919994513643,0.0241764459974126,0.0162255237542993,0.0088753816194803
0.8370485265446023,0.0242426957493873,0.0162191555738403,0.0078476648618719
0.8371768702658801,0.0243007422465986,0.016206744365517,0.0068176686119791
0.8373049862452029,0.0243505860977534,0.0161883517442473,0.0057856650001085
0.8374328356311596,0.0243922285736473,0.0161640405662848,0.0047519252741691
0.8375603801853532,0.0244256715995066,0.0161338748719064,0.003716719596349
0.8376875821113879,0.0244509176999891,0.0160979198798855,0.0026803184910212
0.8378144043361305,0.0244679700548737,0.0160562418686115,0.0016429906173067
0.8379408102113763,0.0244768324232516,0.0160089082083801,0.0006050052552805
0.8380667637465096,0.0244775091672455,0.0159559872387592,-0.0004333695378778
0.8381922293893239,0.0244700052255973,0.0158975483010685,-0.0014718650712894
0.8383172190842193,0.0244543186758594,0.0158336365773844,-0.0025106038232668
0.8384417020752557,0.0244304453995356,0.0157643146316302,-0.0035493532067609
0.8385656436571675,0.0243983819654846,0.0156896479678065,-0.0045878436096906
0.8386890095590723,0.0243581255060909,0.0156097030415571,-0.0056258045327975
0.8388117658884203,0.0243096737354557,0.0155245472517247,-0.0066629640421775
0.8389338791296119,0.024253024962463,0.0154342489033413,-0.0076990486758691
0.8390553161119445,0.024188178121194,0.0153388771934568,-0.008733783089341
0.8391760440425009,0.0241151327726984,0.015238502147899,-0.0097668902521279
0.8392960304975988,0.0240338891216149,0.0151331945837373,-0.0107980912961996
0.839415243279939,0.023944448141284,0.015023026198682,-0.0118271042023484
0.8395336506086377,0.0238468114750272,0.0149080693668238,-0.0128536453482099
0.8396512209288389,0.0237409816090203,0.0147883972744689,-0.0138774277814727
0.8397679229435328,0.0236269619058157,0.0146640838649509,-0.0148981613993155
0.8398837256689329,0.0235047565985078,0.0145352037450347,-0.0159155533447085
0.8399985983149496,0.0233743709646683,0.0144018322798745,-0.0169293068713316
0.8401125103006503,0.0232358113890319,0.0142640455532267,-0.0179391213822943
0.8402254312288637,0.0230890854757067,0.0141219203731223,-0.0189446921108039
0.8403373308909129,0.0229342021327114,0.0139755342424502,-0.0199457100681481
0.8404481791969263,0.0227711717698979,0.0138249654287878,-0.0209418613262348
0.8405579461704145,0.0226000064344715,0.0136702929610903,-0.0219328268685685
0.8406666019341718,0.0224207199699015,0.0135115966394351,-0.0229182823654654
0.8407741166573951,0.0222333282586198,0.0133489571076271,-0.0238978975965507
0.8408804605413347,0.0220378494301259,0.0131824558805086,-0.0248713362189572
0.8409856038018526,0.0218343040939885,0.0130121753811651,-0.0258382555094389
0.8410895166076511,0.0216227156879,0.0128381990601742,-0.026798305698272
0.8411921691160833,0.0214031106644657,0.0126606113658066,-0.027751130202596
0.8412935314071099,0.0211755189072978,0.012479497890268,-0.0286963649252697
0.8413935734808703,0.0209399740562576,0.0122949454237572,-0.0296336381431607
0.8414922652475669,0.0206965138778629,0.0121070420304666,-0.0305625703324223
0.8415895764849185,0.020445180755689,0.0119158772007701,-0.0314827736949508
0.8416854768517741,0.0201860220877088,0.0117215419135942,-0.0323938522207846
0.8417799359219226,0.0199190906527162,0.0115241286635554,-0.0332954019608626
0.8418729231315045,0.0196444452530471,0.0113237316789516,-0.0341870104933046
0.8419644078689247,0.0193621509954977,0.0111204468569452,-0.0350682577678596
0.8420543594269263,0.0190722800062312,0.0109143720039486,-0.0359387156549661
0.8421427471320018,0.0187749116338931,0.0107056066951144,-0.0367979492290612
0.8422295403316215,0.0184701331147432,0.0104942524575249,-0.0376455167151378
0.8423147084587836,0.0181580400276937,0.0102804127928561,-0.0384809702139885
0.8423982212012905,0.0178387363566103,0.0100641929309131,-0.0393038575019316
0.842480048509074,0.0175123351261026,0.0098456999797199,-0.040113722292972
0.842560160736744,0.017178958535806,0.0096250427345276,-0.0409101058751924
0.8426385287488426,0.0168387381966855,0.0094023315665404,-0.0416925484370413
0.8427151241298287,0.0164918148540672,0.0091776779904096,-0.042460591499444
0.8427899192656066,0.0161383385727004,0.0089511945572939,-0.0432137791315781
0.8428628875130055,0.0157784684584089,0.0087229944674184,-0.0439516601038967
0.8429340033216893,0.01541237249132,0.0084931912828062,-0.0446737896241698
0.8430032425259938,0.0150402263308819,0.0082618980296804,-0.0453797328626235
0.8430705822326889,0.0146622140794029,0.0080292275624789,-0.0460690644246325
0.8431360012203049,0.0142785261783731,0.0077952911783244,-0.0467413730810786
0.8431994799397161,0.0138893592083971,0.0075601984654891,-0.0473962624876318
0.8432610005817612,0.0134949152254389,0.0073240568961989,-0.0480333526095502
0.8433205473342578,0.0130953996462961,0.007086970597257,-0.0486522831410205
0.8433781062105475,0.0126910216629752,0.0068490406788262,-0.0492527125072413
0.8434336652090382,0.012281992377997,0.006610364235295,-0.0498343202965691
0.8434872143349124,0.0118685235612792,0.0063710337662422,-0.0503968082710593
0.8435387454349293,0.0114508277045355,0.0061311373786115,-0.0509398993971671
0.843588252381716,0.0110291151801614,0.0058907573463149,-0.0514633405286133
0.8436357307298361,0.0106035954911574,0.0056499710496323,-0.05196689949686
0.8436811777021853,0.0101744759117081,0.0054088504211521,-0.0524503656317451
0.8437245922072334,0.0097419595063155,0.005167461076766,-0.0529135505864989
0.843765974550674,0.0093062459442173,0.0049258630309326,-0.0533562858657566
0.8438053263493294,0.0088675304894535,0.0046841103856049,-0.0537784224475857
0.8438426503033505,0.0084260045192401,0.0044422518678755,-0.0541798288375508
0.8438779502045972,0.0079818533666074,0.0042003298969987,-0.0545603916074265
0.843911230629222,0.0075352578330497,0.0039583816648645,-0.054920012490775
0.8439424967825461,0.0070863942932746,0.0037164394233525,-0.0552586070564258
0.8439717544666157,0.0066354330499596,0.0034745298255135,-0.0555761046675776
0.8439990098640382,0.0061825392239917,0.0032326746330005,-0.0558724464119625
0.8440242693196652,0.0057278743266011,0.0029908917618258,-0.0561475829574681
0.8440475393205533,0.0052715947926203,0.0027491946927548,-0.0564014745264317
0.8440688263930217,0.0048138516120865,0.0025075924704038,-0.0566340899414397
0.8440881368971576,0.0043547924285438,0.0022660909917776,-0.0568454045186135
0.8441054769581422,0.003894561468996,0.0020246931294403,-0.0570353994255749
0.8441208524377207,0.0034332982121908,0.0017833981901801,-0.0572040614599629
0.8441342688012266,0.0029711387478417,0.001542202779454,-0.0573513816646565
0.8441457310040402,0.0025082179113943,0.0013011020516075,-0.0574773541357219
0.8441552435175186,0.0020446668393295,0.0010600885638881,-0.0575819763486114
0.8441628102503225,0.0015806135355568,0.0008191527008678,-0.0576652483249788
0.8441684344669566,0.0011161851732748,0.0005782839890804,-0.0577271717571634
0.8441721187847873,0.0006515067884488,0.0003374705311726,-0.0577677499878373
0.8441738651323942,0.000186702974582,9.66999945545e-05,-0.0577869875575506
0.8441740213425837,-2.070829402053831e-12,1.1548528897498828e-11,-0.0577887084671793
