2.9863755270294
0.7577811006015253,9.423233112471089e-24,3.642161805482223e-13,0.5094633033298399
0.7577832587007182,0.0018156354328221,0.0012110982671942,0.5094519920331583
0.7577980976899147,0.0050952867332078,0.0033985949717284,0.5093742236998176
0.7578270353859167,0.0083758636992047,0.0055862649084884,0.5092226049353364
0.7578701038774887,0.0116581086890846,0.0077743182922431,0.508997041489256
0.7579273484072794,0.014942560268227,0.0099628308872223,0.5086974064398035
0.7579988279351866,0.0182297562705302,0.0121518801004853,0.5083235375387569
0.7580846151244306,0.021520229376582,0.0143415426889173,0.5078752376685461
0.7581847966047002,0.0248145137843335,0.0165318998571236,0.5073522739389719
0.758299473032083,0.0281131408243448,0.0187230349967177,0.5067543779376124
0.7584287594206232,0.031416643135882,0.0209150371230334,0.5060812446555655
0.7585727856353441,0.0347255592404547,0.0231080045596812,0.5053325306760067
0.7587316966109563,0.0380404295159123,0.0253020429111147,0.5045078538991702
0.7589056529129047,0.0413617996949346,0.0274972680241161,0.5036067915993071
0.7590948313075401,0.0446902222574806,0.0296938075392422,0.5026288785615051
0.7592994256499526,0.0480262615452644,0.0318918048806539,0.5015736037160301
0.759519647226082,0.0513704881333637,0.0340914161473423,0.5004404097416947
0.7597557259788252,0.0547234867609718,0.0362928159324747,0.4992286882694557
0.7600079114331537,0.0580858568357492,0.0384961982196895,0.49793777683294
0.7602764736084889,0.0614582118481614,0.0407017765574806,0.4965669560808904
0.7605617041666053,0.0648411809080126,0.0429097856179387,0.4951154459986909
0.7608639176504172,0.0682354099912893,0.0451204825526203,0.4935824019079891
0.7611834530935392,0.0716415658229479,0.0473341500488187,0.4919669088551561
0.7615206741647743,0.0750603232575965,0.0495510886647898,0.490267983681061
0.761875971648402,0.0784923772526162,0.0517716251729676,0.488484565553892
0.7622497636685792,0.08193843039248,0.0539961050421166,0.4866155181945674
0.7626424967293465,0.0853991896595361,0.0562248909889181,0.4846596282373133
0.7630546468510966,0.0888753638361421,0.0584583619774501,0.4826156033984934
0.7634867178276267,0.0923676377506693,0.0606968974310335,0.4804820851359355
0.7639392413381819,0.0958766657866332,0.0629408739951023,0.4782576521293281
0.7644127746343763,0.0994030483752846,0.065190651524044,0.4759408357368277
0.7649078962421753,0.1029472991524664,0.067446553342794,0.473530144869797
0.7654251996543666,0.1065098053384075,0.0697088424820221,0.4710241000113626
0.7659652838409569,0.1100907758974672,0.0719776904763915,0.4684212815785296
0.7665287400016515,0.1136901775548021,0.0742531388430984,0.4657203946920084
0.7671161334791804,0.1173076559933333,0.0765350515931606,0.462920354639792
0.7677279802809269,0.1209424437418802,0.0788230597537629,0.4600203945220565
0.7683647167327429,0.124593251065991,0.0811164955562585,0.4570202007071916
0.76902666665139,0.1282581694850125,0.0834143347957977,0.4539200539502729
0.769714003069427,0.1319345713510703,0.0857151366612612,0.4507209891012491
0.7704267127819036,0.1356190502928552,0.0880170087745846,0.4474249338606532
0.7711645676342748,0.1393074142457493,0.0903176041855435,0.4440348089903557
0.7719271111989592,0.1429947614077777,0.0926141686600985,0.4405545520110348
0.7727136658414753,0.1466756438081508,0.0949036406105093,0.4369890452570614
0.7735233655234673,0.1503443219579548,0.0971828054926966,0.433343929120305
0.7743552095660435,0.1539950679367289,0.0994484781760231,0.4296253279610993
0.7752081301636177,0.1576224732070119,0.1016976866262065,0.4258395257944413
0.7760810618387289,0.1612217088177369,0.1039278252270197,0.4219926471247084
0.7769730011064742,0.1647886985951123,0.1061367542354181,0.4180903947359281
0.7778830494807555,0.1683201945459369,0.1083228394926143,0.4141378719629838
0.7788104382502393,0.1718137669706671,0.1104849406352982,0.4101394922906617
0.779754535426135,0.1752677271582097,0.1126223590538323,0.4060989702346526
0.7807148416257438,0.1786810196982094,0.114734768442698,0.4020193606542713
0.7816909773823708,0.182053099335591,0.1168221369481335,0.3979031333813318
0.782682667539474,0.1853838148142198,0.1188846545216395,0.3937522575545751
0.7836897244582739,0.1886733048013473,0.1209226683618769,0.3895682878006228
0.7847120334813149,0.1919219152233571,0.1229366320030229,0.3853524378454688
0.7857495375193989,0.1951301252103041,0.1249270599518225,0.3811056548321938
0.7868022267194847,0.1982984983634271,0.1268944981161033,0.3768286700755619
0.7878701271503461,0.2014276377432964,0.1288394965583476,0.3725220517330934
0.7889532937661805,0.2045181591047911,0.1307625935409713,0.3681862382465402
0.790051805090725,0.2075706724450619,0.1326643046892977,0.3638215636096283
0.7911657561313563,0.2105857612778221,0.1345451106644823,0.3594282885603244
0.7922952551190022,0.2135639747844103,0.1364054527714155,0.3550066155368144
0.7934404221660925,0.216505825913765,0.1382457322194844,0.3505566955885648
0.794601382411078,0.2194117760953255,0.1400663009418386,0.3460786562001816
0.795778267713111,0.2222822428471192,0.1418674666600507,0.3415725952949408
0.7969712149125497,0.2251175982740406,0.1436494922163434,0.337038588511494
0.7981803614886039,0.2279181619038553,0.1454125912838525,0.3324767059524433
0.7994058482080049,0.2306842102828483,0.1471569345641379,0.3278870021135428
0.8006478159871573,0.2334159727115347,0.1488826472403574,0.3232695276808085
0.8019064047152252,0.2361136318799284,0.1505898094658138,0.3186243335990144
0.8031817546950781,0.2387773299586862,0.1522784602808129,0.3139514653967693
0.8044740042820557,0.2414071662835807,0.1539485961924896,0.3092509715266558
0.8057832909640361,0.2440032022538413,0.1556001743012001,0.3045228989532527
0.8071097493845472,0.2465654598059371,0.1572331113332332,0.299767299838992
0.8084535128663768,0.2490939267499168,0.1588472870224213,0.2949842255164498
0.8098147107924849,0.2515885539357921,0.160442542274455,0.2901737352932118
0.8111934703619117,0.2540492606801448,0.1620186825873427,0.2853358895731791
0.812589915450649,0.2564759345277551,0.1635754778499149,0.2804707533061459
0.814004166095579,0.2588684321958664,0.1651126628820953,0.2755783971315901
0.8154363374932476,0.261226579698801,0.1666299374379528,0.2706589001218759
0.8168865430738604,0.2635501790137825,0.1681269704138855,0.2657123385453435
0.8183548904934106,0.2658390029023453,0.1696033964324127,0.2607387989884502
0.8198414821080913,0.2680927973355625,0.1710588173034373,0.2557383758970841
0.8213464172590396,0.2703112862803769,0.172492805014595,0.2507111631787866
0.8228697891618904,0.2724941681684375,0.1739048993460829,0.2456572639740406
0.8244116853713965,0.2746411179175452,0.1752946090614048,0.2405767882769229
0.8259721889790369,0.2767517896913707,0.1766614135750437,0.2354698482480729
0.8275513748754466,0.2788258128772929,0.1780047602232634,0.2303365696916363
0.8291493145593207,0.2808627995558354,0.1793240689701961,0.2251770755565468
0.8307660709640695,0.2828623385970029,0.1806187284471311,0.2199915019909616
0.8324017024288918,0.2848240016284925,0.181888099672688,0.2147799847089487
0.8340562568807052,0.2867473368120967,0.1831315118736908,0.2095426767627151
0.8357297786855306,0.2886318778377603,0.1843482681451686,0.20427972589546
0.8374223012948177,0.2904771360961866,0.1855376402227147,0.1989912969956235
0.839133852159433,0.2922826070598501,0.1866988724296593,0.1936775557116318
0.8408644496728419,0.2940477675317197,0.1878311797148903,0.1883386771853555
0.842614104619938,0.2957720778052234,0.1889337488444072,0.1829748406711973
0.8443828182192286,0.2974549802479869,0.1900057372827947,0.1775862346853447
0.8461705815456767,0.2990958994356527,0.1910462730664902,0.1721730577797226
0.847977375289758,0.3006942425952722,0.1920544548636902,0.1667355182613529
0.8498031736236726,0.3022494034295132,0.1930293541307733,0.161273821654044
0.85164793739688,0.3037607565232623,0.1939700113135501,0.1557881902222181
0.8535116161759004,0.3052276598002597,0.1948754371339053,0.150278855714595
0.8553941485304546,0.3066494551849447,0.1957446127033495,0.1447460574796458
0.8572954617311974,0.3080254686947175,0.1965764892511905,0.1391900423360787
0.859215471115322,0.3093550102662185,0.1973699876654796,0.1336110653831752
0.8611540789787598,0.310637373293929,0.1981239978456662,0.1280093921192571
0.8631111755373675,0.3118718355431604,0.1988373788394093,0.1223852945305464
0.8650866347058567,0.313057656748071,0.1995089570276968,0.1167390620461843
0.8670803188528015,0.3141940818493296,0.2001375275354361,0.1110709866571112
0.8690920733794145,0.3152803379136961,0.2007218519837382,0.105381377171816
0.8711217284459191,0.3163156354534344,0.201260658727974,0.0996705529290706
0.873169101040479,0.3172991694721489,0.2017526427789396,0.0939388367039383
0.8752339875428168,0.3182301158745195,0.2021964633385454,0.0881865741881022
0.8773161704569895,0.3191076348246051,0.2025907448173352,0.0824141136629047
0.8794154125425017,0.3199308680218782,0.2029340747542311,0.0766218208885479
0.8815314564476683,0.3206989387835618,0.2032250031531449,0.0708100784348438
0.8836640298858516,0.3214109538093108,0.2034620422380729,0.0649792698477023
0.8858128356415359,0.3220659994821422,0.2036436641014291,0.0591298053660287
0.8879775555417239,0.32266314339471,0.2037683003540828,0.0532621091170192
0.8901578508526834,0.3232014341777674,0.2038343408520124,0.0473766161872343
0.8923533590193372,0.3236799003312421,0.2038401321473269,0.0414737794814649
0.8945636915785902,0.3240975496310458,0.20378397616753,0.0355540731766012
0.896788453024614,0.3244533717382798,0.2036641275386068,0.0296179401879956
0.8990272048063337,0.3247463309108332,0.2034787926511019,0.0236658862486277
0.9012794754037023,0.3249753687760131,0.2032261288036637,0.0176984499733859
0.9035447627854292,0.325139404658202,0.2029042424745044,0.0117161935309837
0.9058225317136284,0.3252373350658437,0.2025111877552328,0.0057197069027405
0.9081122089168212,0.3252680333760744,0.2020449653450638,-0.0002903825092779
0.910413183684152,0.3252303499134618,0.2015035206726085,-0.0063134147721972
0.9127249964569076,0.3251231000537557,0.2008846880528536,-0.0123491926328053
0.9150471404344468,0.3249450531246364,0.2001862193551275,-0.0183974633158322
0.917378892485185,0.3246949530323337,0.1994058403266662,-0.0244574846011647
0.9197194624004036,0.3243715209933589,0.1985412186489812,-0.0305284209956308
0.9220679818633896,0.3239734602072057,0.1975899690290263,-0.0366093201789111
0.924423485590609,0.3234994640134426,0.1965496639387212,-0.0426990695229096
0.9267849082142928,0.3229482235226061,0.1954178405494153,-0.0487963935494753
0.9291510571856588,0.3223184425256538,0.1941920213223281,-0.0548997894117839
0.931520593189231,0.3216088554303747,0.1928697369644752,-0.0610074817537848
0.9338920066899534,0.3208182508244185,0.1914485574092217,-0.0671173671502143
0.9362635877952324,0.319945503095049,0.1899261346058081,-0.0732269404745373
0.9386333953943377,0.3189896118136996,0.1883002560054407,-0.0793332179857012
0.9409992151081856,0.3179497546450698,0.1865689183258159,-0.0854326293712639
0.9433585268321752,0.316825347379349,0.1847304104256916,-0.0915209312716674
0.9457084638427068,0.315616119503941,0.1827834198294698,-0.0975930945992469
0.9480457790704516,0.3143222001229609,0.180727154420509,-0.1036432044357898
0.9503668189148684,0.3129442138183055,0.1785614796081789,-0.1096643719935442
0.9526675278010686,0.311483371002163,0.176287047975449,-0.1156487175494056
0.954943467588598,0.3099415566424663,0.1739054295307735,-0.1215873827042879
0.9571898829744028,0.308321391006952,0.1714192032813594,-0.1274706533645103
0.9594018145031056,0.3066262474651225,0.1688319894203309,-0.1332882004345492
0.9615742430778976,0.3048602247180106,0.1661484194839355,-0.1390294004402541
0.9637022728167276,0.3030280545513573,0.1633740158663284,-0.1446837599588019
0.9657813122900072,0.3011349654501537,0.1605150107349803,-0.1502413451675584
0.9678072424702976,0.2991865087701884,0.157578112174896,-0.1556931908829681
0.9697765528424592,0.2971883656787983,0.1545702423237105,-0.1610316435948825
0.9716864076594768,0.2951461825178036,0.1514983164150279,-0.1662505363755711
0.9735346765229688,0.2930654171209202,0.1483690341243616,-0.1713452849013688
0.9753199021933308,0.2909512397509899,0.1451887476908449,-0.1763128263959482
0.9770412403247752,0.2888084682741966,0.1419633758390549,-0.1811514897367375
0.9786983864888902,0.286641528770182,0.1386983507345959,-0.1858608347057449
0.9802914825753044,0.2844544591050356,0.1353986252594234,-0.1904414333307403
0.9818210364155484,0.2822509167837441,0.1320686834531048,-0.1948946851567707
0.9832878481864114,0.28003419719304,0.1287125642440214,-0.1992226475996845
0.984692936389454,0.2778072729357482,0.1253339155857509,-0.2034278586363131
0.9860374905351504,0.2755728110440655,0.1219360142828666,-0.2075132316424187
0.987322818582146,0.2733332131030522,0.1185218201697544,-0.2114819287206702
0.9885503129797004,0.2710906388697918,0.1150940052747807,-0.2153372838614124
0.9897214196118602,0.2688470353932255,0.1116549915746929,-0.2190827298610394
0.9908376194921852,0.2666041513671146,0.1082069664994859,-0.2227217607582678
0.9919004044423214,0.2643635703490434,0.104751927803848,-0.2262578707688584
0.99291126798158,0.26212672040878,0.1012916927883908,-0.2296945383988379
0.993871693411734,0.2598948932887737,0.0978279225778119,-0.2330351988047049
0.9947831457518947,0.2576692594731101,0.0943621406151706,-0.2362832260658424
0.9956470666749708,0.2554508792490677,0.0908957453978022,-0.2394419235821718
0.9964648696230264,0.2532407156911335,0.087430026643045,-0.2425145131224972
0.997237938548341,0.2510396400077353,0.0839661699027944,-0.245504135579619
0.9979676240921532,0.2488484451326466,0.0805052744643096,-0.2484138407624243
0.9986552429442548,0.2466678521621731,0.0770483604175649,-0.2512465876740601
0.9993020776994982,0.2444985157269029,0.0735963743106835,-0.2540052460647134
0.9999093773149272,0.2423410275002907,0.070150192070375,-0.2566926000662388
1.0004783553061714,0.2401959282176869,0.0667106357701364,-0.2593113410889546
1.0010101916435217,0.2380637075109288,0.0632784712374508,-0.2618640759635619
1.0015060332396837,0.2359448081852642,0.0598544128905388,-0.2643533289690917
1.0019669941718066,0.233839631982141,0.056439131188301,-0.2667815419201766
1.0023941567716548,0.2317485419125001,0.0530332547371001,-0.2691510780707841
1.002788572736405,0.2296718639419867,0.049637371455785,-0.2714642263030506
1.003151263317696,0.2276098933713975,0.0462520375559632,-0.2737231997709685
1.0034832212373137,0.2255628918958295,0.0428777714005082,-0.2759301446100891
1.0037854105821586,0.2235310955566851,0.0395150653297441,-0.2780871363303385
1.0040587683612363,0.2215147131055252,0.0361643818573673,-0.2801961864514077
1.0043042052870903,0.2195139282070963,0.0328261562348548,-0.2822592445922556
1.0045226065856447,0.217528901291252,0.0295007985282551,-0.28427820070598
1.0047148323042614,0.2155597766223865,0.0261887045750946,-0.2862548818933362
1.0048817193740875,0.2136066718506989,0.0228902375952582,-0.2881910666609269
1.005024081251272,0.2116696901099417,0.0196057476910702,-0.2900884761435118
1.005142709196898,0.2097489160392223,0.0163355644258468,-0.2919487813805619
1.0052383728146626,0.2078444194343788,0.0130800023136359,-0.2937736027824923
1.005311820890656,0.205956254083564,0.0098393581829471,-0.2955645141247429
1.0053637819984236,0.2040844590356865,0.0066139126975736,-0.2973230439781029
1.005394965088838,0.2022290606086428,0.0034039332160829,-0.2990506763264685
1.0054060601256656,0.2003900738728535,0.0002096758244551,-0.3007488515818098
1.005397738692896,0.1985674998714418,-0.0029686200165557,-0.3024189713819226
1.0053706367837882,0.1967604515335179,-0.0061322653504739,-0.3040631932816111
1.0053253302240257,0.1949677997668514,-0.0092830144915142,-0.3056838260708948
1.0052623817273532,0.1931895811413425,-0.0124205846672257,-0.3072820693437623
1.005182342263108,0.191425828003448,-0.0155446922756309,-0.3088590909251812
1.0050857514302416,0.189676566328364,-0.0186550568834792,-0.3104160300425234
1.0049731373865,0.1879418096665181,-0.0217514123003607,-0.3119540037970675
1.0048450173412815,0.1862215650645701,-0.024833496406879,-0.3134741028879202
1.0047018977303503,0.1845158319187438,-0.0279010534790885,-0.3149773936059883
1.0045442743914923,0.1828246018308551,-0.0309538347488243,-0.316464918869188
1.0043726325902955,0.1811478574030146,-0.0339916008985324,-0.3179377001391374
1.0041874475920072,0.1794855765263111,-0.0370141145978721,-0.3193967344729127
1.0039891844256883,0.1778377285376567,-0.0400211477391079,-0.3208429986836631
1.003778298367254,0.1762042774722127,-0.0430124758078396,-0.3222774472314205
1.0035552348454857,0.1745851801966295,-0.0459878815530047,-0.3237010145772619
1.0033204298365632,0.1729803885623624,-0.0489471513040906,-0.3251146139769212
1.003074309802278,0.1713898481111491,-0.0518900775981326,-0.3265191392759139
1.0028172919632374,0.1698134992789383,-0.0548164572102662,-0.3279154644824955
1.0025497843949942,0.1682512773384051,-0.0577260914935334,-0.3293044444255698
1.0022721862560833,0.1667031131594768,-0.0606187851904709,-0.3306869146632571
1.0019848875776642,0.16516893156045,-0.0634943497410595,-0.3320636935241647
1.0016882701000265,0.1636486553756365,-0.0663525958836543,-0.3334355790107279
1.0013827065160827,0.1621422009553478,-0.0691933422967314,-0.3348033533661234
1.0010685612086738,0.160649481662954,-0.0720164092452023,-0.3361677804489567
1.0007461902990855,0.1591704075892854,-0.0748216192938153,-0.337529606470383
1.0004159415049465,0.1577048845390524,-0.0776087994161879,-0.3388895614084045
1.0000781545710595,0.1562528156700937,-0.0803777780681906,-0.3402483579694622
0.9997331609582238,0.1548140998253023,-0.0831283885408735,-0.3416066936048901
0.9993812844248848,0.1533886337466486,-0.0858604649099862,-0.3429652488933567
0.9990228409620858,0.1519763114399559,-0.0885738434003,-0.3443246885585255
0.9986581388616844,0.1505770241732051,-0.0912683625443495,-0.3456856618987792
0.9982874788325544,0.1491906606756848,-0.0939438629500638,-0.3470488030182826
0.9979111542609695,0.147817107848952,-0.096600186068978,-0.3484147305343941
0.9975294509297572,0.1464562494913524,-0.0992371767972857,-0.349784049246893
0.9971426477399165,0.1451079686656489,-0.101854679022199,-0.3511573481681201
0.9967510161903356,0.1437721455861721,-0.1044525398347675,-0.3525352030278864
0.996354821032644,0.1424486596692031,-0.1070306056650546,-0.3539181745660295
0.9959543199920642,0.1411373883223015,-0.1095887247406951,-0.3553068101376708
0.9955497641435264,0.1398382079706858,-0.1121267451892367,-0.3567016430042192
0.9951413977099384,0.1385509931749983,-0.1146445168547159,-0.358103193629836
0.994729458605254,0.1372756181387774,-0.1171418884394803,-0.3595119684041907
0.9943141780447344,0.136011955254505,-0.119618710429229,-0.3609284615682545
0.99389578108601,0.1347598765657621,-0.1220748323060048,-0.362353153944056
0.993474486605377,0.1335192534449006,-0.1245101032455654,-0.3637865135969513
0.9930505073889784,0.1322899566394464,-0.1269243720886164,-0.365228996096513
0.9926240500355172,0.1310718557862681,-0.1293174883522011,-0.3666810454145529
0.9921953155659314,0.1298648209486029,-0.1316892992607977,-0.3681430924132117
0.9917644989517928,0.1286687210482839,-0.1340396528705227,-0.3696155570097217
0.9913317895682882,0.1274834249458081,-0.1363683959856018,-0.3710988471900387
0.9908973713434256,0.1263088016226435,-0.1386753738328764,-0.3725933590466498
0.9904614227784612,0.1251447200128936,-0.1409604304205953,-0.3740994772511858
0.9900241169415412,0.1239910487812337,-0.1432234089963893,-0.3756175756209858
0.9895856217094142,0.1228476567624508,-0.1454641512007823,-0.3771480168249712
0.9891460998988728,0.1217144130909847,-0.147682496825807,-0.3786911524576511
0.9887057093066416,0.1205911870929819,-0.1498782840342324,-0.3802473234272245
0.98826460276396,0.1194778482249447,-0.1520513494807498,-0.3818168602934426
0.9878229282234772,0.1183742660985231,-0.1542015282580162,-0.3834000834913234
0.9873808291645036,0.11728031128946,-0.1563286523133422,-0.384997302398006
0.986938444356389,0.1161958545370936,-0.1584325519992772,-0.3866088166870341
0.9864959080345296,0.1151207669882781,-0.1605130555795131,-0.3882349162129624
0.9860533501984788,0.1140549207223965,-0.1625699881936104,-0.3898758804214394
0.9856108965829437,0.1129981884739231,-0.1646031723760893,-0.3915319789404765
0.985168668448466,0.1119504429455569,-0.1666124293458362,-0.3932034728739826
0.9847267833217572,0.1109115583784727,-0.1685975759565799,-0.3948906125144281
0.9842853544998234,0.1098814091789434,-0.1705584273006844,-0.3965936396915147
0.9838444916203244,0.1088598710688487,-0.1724947944737377,-0.3983127860736352
0.9834043003414042,0.1078468201470408,-0.174406486323365,-0.4000482748717164
0.9829648827262664,0.1068421335962773,-0.1762933080630487,-0.4018003198152787
0.9825263371737584,0.1058456893358533,-0.1781550618846768,-0.4035691258830625
0.9820887585920168,0.1048573662361262,-0.1799915465062479,-0.4053548890705581
0.9816522384420178,0.1038770440355721,-0.1818025572768234,-0.4071577966646197
0.9812168649355952,0.1029046036062844,-0.1835878856349763,-0.408978026871723
0.9807827229566828,0.101939926599315,-0.1853473197104046,-0.410815749580437
0.9803498942443212,0.1009828956798026,-0.1870806438323075,-0.4126711260361901
0.9799184575217088,0.1000333946381417,-0.188787638274515,-0.4145443087101517
0.9794884884605856,0.0990913081399274,-0.1904680796497143,-0.4164354418703787
0.9790600598533482,0.0981565219363385,-0.1921217404691038,-0.4183446612504164
0.978633241642263,0.0972289227608643,-0.1937483892660823,-0.4202720943247797
0.9782081010150512,0.0963083983735403,-0.1953477904535837,-0.422217860285299
0.9777847024920608,0.0953948375876396,-0.1969197042139981,-0.4241820700392164
0.9773631080869531,0.0944881304553401,-0.1984638861212878,-0.4261648258436706
0.9769433771387388,0.0935881677481732,-0.1999800879645228,-0.4281662224726301
0.9765255668293282,0.0926948419119438,-0.2014680560707007,-0.4301863451303171
0.9761097315768732,0.0918080456135497,-0.2029275336779702,-0.4322252727232417
0.975695923799458,0.0909276732234255,-0.2043582583928461,-0.4342830745371389
0.975284193464336,0.0900536197032762,-0.2057599639644956,-0.4363598127806957
0.9748745885613264,0.0891857814661985,-0.2071323788193233,-0.4384555405762779
0.9744671548527296,0.0883240556997379,-0.2084752270889128,-0.4405703035432465
0.9740619361950807,0.087468340904544,-0.209788227694742,-0.4427041384760167
0.9736589744017876,0.0866185364623648,-0.2110710949651878,-0.4448570743634227
0.973258309343692,0.0857745427103127,-0.2123235384453394,-0.4470291321885896
0.9728599790854642,0.0849362610915194,-0.213545262608363,-0.4492203245004743
0.972464019831784,0.084103593906966,-0.2147359671579228,-0.4514306560057874
0.9720704663043718,0.0832764449754557,-0.2158953460315476,-0.4536601217451058
0.9716793513445446,0.0824547186669989,-0.2170230887302534,-0.4559087095808008
0.971290706299016,0.081638320585268,-0.2181188792926137,-0.4581763982981112
0.970904560796096,0.0808271569704922,-0.2191823970526267,-0.4604631591607258
0.9705209431337928,0.0800211353897716,-0.2202133156625919,-0.4627689538945252
0.9701398800157236,0.0792201640591682,-0.2212113039356565,-0.4650937364878679
0.969761396916544,0.0784241524904397,-0.2221760249751744,-0.4674374512226871
0.9693855179248546,0.0776330110419291,-0.223107136712185,-0.4698000338274453
0.9690122658150168,0.0768466509520771,-0.2240042918130145,-0.4721814112600434
0.9686416620748436,0.0760649842817793,-0.2248671376974417,-0.4745815017528016
0.9682737271623866,0.0752879243422978,-0.225695316040584,-0.4770002133389502
0.9679084802165016,0.0745153849727331,-0.2264884635395298,-0.4794374459129311
0.967545939356486,0.0737472810619199,-0.227246211313489,-0.4818930894571446
0.9671861216580238,0.0729835283896988,-0.2279681850650674,-0.4843670243438662
0.9668290432421328,0.0722240437092329,-0.2286540049984431,-0.4868591208694452
0.9664747192440356,0.0714687445762613,-0.2293032859794546,-0.4893692396021908
0.9661231638665732,0.0707175493590062,-0.2299156375166615,-0.4918972311496609
0.9657743905370162,0.0699703774719409,-0.2304906635861707,-0.4944429351440212
0.965428411766112,0.0692271489749513,-0.2310279629753703,-0.4970061813588331
0.9650852392874788,0.0684877847727399,-0.2315271291332544,-0.4995867888065546
0.9647448843175618,0.0677522070806535,-0.2319877499272631,-0.5021845638279069
0.9644073571068692,0.0670203383627506,-0.2324094083945763,-0.5047993035444243
0.9640726674342938,0.0662921023062145,-0.2327916821678398,-0.5074307921606259
0.9637408244618064,0.0655674234188932,-0.233134143827276,-0.5100788020750575
0.963411836661856,0.064846226780236,-0.2334363610824689,-0.5127430945087119
0.9630857122121684,0.0641284388191388,-0.2336978965401349,-0.5154234163266572
0.9627624587720268,0.0634139867433904,-0.233918308123753,-0.5181195017787538
0.9624420834265516,0.062702798331136,-0.2340971492405387,-0.5208310729787726
0.9621245930931304,0.0619948027516675,-0.2342339687222569,-0.5235578364371536
0.9618099941941016,0.0612899297636845,-0.2343283112428617,-0.5262994857370725
0.9614982928979362,0.0605881101763453,-0.2343797174165972,-0.529055699402638
0.961189495237637,0.0598892760478613,-0.2343877240785302,-0.5318261396999381
0.9608836068360818,0.0591933599967317,-0.2343518645909661,-0.5346104549550545
0.9605806316981744,0.0585002923525854,-0.2342716685905108,-0.5374082907755948
0.960280574853426,0.0578100070937982,-0.2341466625064254,-0.5402192659262999
0.9599834417357036,0.057122440419627,-0.2339763703664318,-0.5430429773196679
0.9596892377767006,0.0564375297778233,-0.2337603142502926,-0.5458790034240307
0.9593979684108872,0.0557552138278851,-0.2334980147792127,-0.5487269039539476
0.959109639087836,0.0550754324236703,-0.2331889916317978,-0.5515862194885174
0.9588242554827332,0.0543981270705218,-0.2328327643519246,-0.5544564690784498
0.9585418232845212,0.0537232403918761,-0.2324288527611154,-0.5573371520182124
0.9582623485069132,0.0530507168400103,-0.2319767780575434,-0.5602277443594098
0.9579858373381348,0.0523805023189996,-0.2314760634158634,-0.5631277000333564
0.957712296353398,0.0517125446843285,-0.2309262352146723,-0.5660364482262223
0.957441732349482,0.0510467933360762,-0.2303268236850243,-0.5689533946760233
0.957174152553549,0.0503831997292987,-0.2296773643483461,-0.5718779190050988
0.9569095645966236,0.049721717322655,-0.2289773991235265,-0.5748093744994104
0.9566479766119824,0.0490623018456743,-0.2282264778342437,-0.5777470865075287
0.9563893971831328,0.0484049112006999,-0.2274241594352816,-0.580690352483
0.9561338354454176,0.0477495057607745,-0.2265700137739949,-0.5836384403007484
0.9558813010547308,0.0470960483434786,-0.2256636230883311,-0.5865905880557502
0.9556318043628056,0.0464445047310248,-0.2247045843711499,-0.5895460014410951
0.9553853561920956,0.0457948431652114,-0.2236925104128161,-0.5925038558141732
0.955141968133264,0.0451470352171644,-0.2226270329560047,-0.5954632920958509
0.9549016523491628,0.0445010553816853,-0.2215078040907588,-0.5984234185259518
0.9546644216709576,0.0438568814511724,-0.220334498941828,-0.6013833089580752
0.9544302895933046,0.0432144946409784,-0.2191068181172128,-0.6043420023712248
0.9541992701986038,0.0425738795320444,-0.2178244898969696,-0.607298503326759
0.9539713781760004,0.0419350242837829,-0.2164872730109211,-0.6102517812938333
0.9537466289350264,0.0412979211379105,-0.2150949602200399,-0.6132007687412783
0.9535250382721971,0.0406625656750352,-0.2136473793122983,-0.6161443651309613
0.953306622671806,0.0400289578766867,-0.2121443980772115,-0.6190814326980756
0.9530913987743278,0.0393971008121392,-0.2105859239277063,-0.6220108033795517
0.952879383901714,0.0387670023955629,-0.2089719107989382,-0.6249312716681257
0.952670595359489,0.0381386735777893,-0.2073023574087706,-0.6278416041526956
0.952465050675134,0.0375121292772313,-0.2055773121468739,-0.6307405365201555
0.9522627676090464,0.0368873886823344,-0.203796876659331,-0.6336267736448995
0.9520637635505164,0.0362644736461899,-0.2019612038669656,-0.6364989986557548
0.9518680557016664,0.0356434094702129,-0.2000705023960176,-0.639355871096151
0.95167566112186,0.0350242253050111,-0.1981250401904059,-0.6421960270392125
0.95148659621915,0.0344069527711781,-0.1961251424411931,-0.645018087524752
0.9513008765834092,0.0337916256002777,-0.1940711920846276,-0.6478206623795276
0.951118516884144,0.0331782794626963,-0.1919636306511078,-0.650602353274031
0.9509395311229232,0.0325669529996333,-0.1898029632294234,-0.653361751445828
0.9507639317000472,0.0319576848062161,-0.1875897490253048,-0.6560974538067726
0.9505917301084033,0.0313505159024837,-0.1853246107712977,-0.6588080542687244
0.9504229359157224,0.0307454862617296,-0.1830082224263162,-0.6614921618025605
0.9502575572025738,0.0301426363322119,-0.180641314561779,-0.6641483960235537
0.950095600233523,0.0295420058437955,-0.1782246694581104,-0.6667753948907821
0.949937069670987,0.0289436345483727,-0.1757591234408655,-0.6693718138167865
0.9497819679558662,0.0283475598043151,-0.1732455560612912,-0.6719363384380989
0.9496302954169392,0.0277538167628083,-0.1706848891089149,-0.6744676857562509
0.9494820504793728,0.0271624389670241,-0.1680780874652371,-0.6769646034963277
0.9493372292817546,0.0265734565856563,-0.1654261494333618,-0.6794258793616014
0.9491958260231288,0.0259868974849462,-0.1627301091564813,-0.6818503380451633
0.9490578328299074,0.0254027863726669,-0.1599910304293024,-0.6842368462384698
0.9489232394971964,0.0248211432787953,-0.157209996760673,-0.6865843199216669
0.9487920342203676,0.0242419862505964,-0.1543881212800599,-0.688891714344368
0.9486642029292576,0.0236653280264723,-0.151526527921234,-0.6911580381934385
0.9485397297969592,0.023091177730718,-0.1486263563739424,-0.6933823471969771
0.9484185971873802,0.0225195401205256,-0.1456887552511442,-0.6955637473750116
0.9483007861479,0.0219504173857695,-0.1427148883152937,-0.6977013883344477
0.9481862758029196,0.0213838057054468,-0.1397059135756061,-0.6997944762552335
0.9480750440013734,0.0208196977203345,-0.1366629928277223,-0.7018422641144816
0.9479670675852394,0.0202580833908969,-0.1335872935786018,-0.703844048367753
0.94786232196001,0.0196989472158366,-0.1304799710560754,-0.7057991784231248
0.9477607816463484,0.0191422704464068,-0.1273421772962602,-0.7077070478621205
0.9476624205255368,0.0185880319257014,-0.1241750634510785,-0.7095670909789883
0.947567211646538,0.0180362064978063,-0.120979768377974,-0.7113787874396242
0.9474751272947384,0.0174867647183448,-0.1177574142608472,-0.713141661979538
0.9473861394268992,0.0169396748001064,-0.1145091155581832,-0.7148552769044054
0.9473002196066428,0.0163949017160004,-0.1112359717068553,-0.7165192339295816
0.9472173390904052,0.0158524071299533,-0.1079390645915029,-0.7181331730612174
0.947137469376452,0.0153121525034608,-0.1046194757068143,-0.7196967622705057
0.9470605815985024,0.014774094634654,-0.1012782573947967,-0.7212097095717209
0.9469866472070436,0.014238189730743,-0.0979164562338732,-0.7226717498862686
0.9469156375569232,0.013704390032452,-0.0945350906597858,-0.7240826532438561
0.946847524556539,0.0131726480991175,-0.0911351766507936,-0.7254422119341328
0.9467822802851722,0.012642913601201,-0.0877177064621118,-0.7267502480004926
0.9467198772303816,0.0121151346552986,-0.0842836560133133,-0.7280066083938197
0.9466602881814444,0.0115892564189101,-0.0808339747665568,-0.729211166939851
0.9466034868418746,0.0110652260884218,-0.0773696177530478,-0.7303638117090921
0.9465494470745436,0.0105429858275881,-0.0738914984927574,-0.7314644599868019
0.9464981438825936,0.0100224815939441,-0.0704005469240132,-0.732513038021116
0.9464495524411723,0.0095036534517699,-0.0668976444422011,-0.7335095003799782
0.9464036489238116,0.0089864433827426,-0.0633836756783969,-0.7344538127128057
0.9463604101446932,0.0084707913811813,-0.0598595020452968,-0.7353459586493758
0.9463198138100236,0.0079566380173231,-0.0563259789536877,-0.7361859342083458
0.9462818383139224,0.0074439216996992,-0.0527839369477451,-0.7369737515792408
0.9462464629812664,0.0069325814393745,-0.0492342005983991,-0.7377094336646093
0.9462136680275534,0.0064225563577261,-0.0456775852421389,-0.7383930144567137
0.9461834344495604,0.0059137837344045,-0.0421148834011182,-0.7390245408814697
0.9461557442428428,0.0054062022403811,-0.0385468874377121,-0.7396040678301293
0.9461305801457768,0.0048997471600043,-0.0349743561493523,-0.7401316630838192
0.9461079259775284,0.0043943563435257,-0.0313980567758805,-0.7406073998218485
0.946087766463206,0.0038899671343688,-0.0278187436895199,-0.7410313598680871
0.9460700872526632,0.0033865164906399,-0.0242371594614902,-0.741403632905942
0.9460548748958066,0.0028839396853253,-0.0206540258323907,-0.741724316622432
0.9460421169700034,0.002382173993022,-0.0170700702660854,-0.7419935136599661
0.9460318020174162,0.0018811578271514,-0.0134860202264304,-0.7422113325872005
0.9460239194566504,0.0013808260895781,-0.0099025702209151,-0.7423778894394389
0.9460184597120176,0.0008811152907067,-0.0063204187372578,-0.7424933046817297
0.94601541417231,0.0003819627565914,-0.0027402629824904,-0.742557703789573
0.946014775172222,-0.0001166940764167,0.0008372057973844,-0.7425712173736364
0.9460165360028028,-0.0006149198626374,0.0044113177369872,-0.7425339807111723
0.946020696493254,-0.0011132958020375,0.0079851119248829,-0.7424460155197552
0.9460272622852166,-0.0016120746769992,0.0115592679048765,-0.7423072453472905
0.946036239722653,-0.0021113179434592,0.0151330882176025,-0.7421176038029347
0.9460476360712544,-0.0026110872193775,0.018705871866658,-0.7418770300988009
0.9460614595600352,-0.0031114455671139,0.0222769231310982,-0.7415854683731338
0.9460777192907492,-0.0036124539273354,0.0258455257674602,-0.7412428698206533
0.9460964253363896,-0.0041141749253614,0.0294109698746206,-0.7408491908512268
0.9461175886471456,-0.0046166698835471,0.0329725303051873,-0.7404043953246241
0.9461412211283016,-0.0051200010773108,0.0365294824258578,-0.7399084531800996
0.9461673356020875,-0.0056242306487694,0.040081094106256,-0.7393613415260463
0.9461959457564753,-0.0061294198387056,0.0436266200946574,-0.7387630460102663
0.9462270661602424,-0.0066356296104311,0.047165306258112,-0.7381135608098299
0.9462607122479172,-0.0071429205772242,0.0506963889186455,-0.7374128892629047
0.9462969004487262,-0.0076513549201212,0.0542191079898102,-0.7366610415190968
0.9463356477946652,-0.0081609909595688,0.0577326692235023,-0.7358580430217694
0.9463769723773152,-0.0086718898173967,0.0612362903348333,-0.7350039253533442
0.9464208930519388,-0.0091841113451295,0.06472917270853,-0.7340987327317731
0.946467429324544,-0.0096977132992525,0.068210496002297,-0.7331425246569027
0.9465166016728616,-0.0102127551994725,0.0716794444715831,-0.7321353696395904
0.9465684311480524,-0.0107292940969426,0.0751351783825996,-0.7310773537185236
0.9466229396175104,-0.0112473874509641,0.0785768536698816,-0.7299685757933477
0.9466801495397064,-0.0117670911042708,0.0820036086353978,-0.7288091525246592
0.9467400840190612,-0.0122884601524576,0.0854145701568648,-0.7275992174838395
0.9468027668536002,-0.0128115495509995,0.088808857993968,-0.7263389204633011
0.9468682224142184,-0.0133364132625796,0.0921855795899263,-0.7250284301654651
0.9469364754676026,-0.0138631031710126,0.0955438237224226,-0.7236679379387372
0.9470075512160132,-0.0143916698158062,0.0988826660501576,-0.7222576571069078
0.9470814753614476,-0.0149221631513004,0.1022011746256449,-0.7207978218169401
0.947158273970901,-0.0154546318022567,0.1054984059185379,-0.7192886898006
0.9472379730218544,-0.0159891203573438,0.1087733892180018,-0.7177305512687723
0.947320599386328,-0.0165256763693496,0.112025170693849,-0.7161237095924755
0.9474061793089134,-0.01706434055321,0.1152527545791193,-0.7144685109060371
0.9474947395453124,-0.0176051547232582,0.118455152894173,-0.7127653216772422
0.947586306501947,-0.0181481566906089,0.1216313560949433,-0.7110145450879277
0.9476809066263466,-0.0186933831214419,0.1247803516742203,-0.7092166130953764
0.9477785661635402,-0.0192408684294118,0.1279011191134185,-0.7073719906528464
0.9478793108086988,-0.0197906432864185,0.1309926232573934,-0.7054811816541646
0.9479831657006276,-0.0203427351526215,0.1340538195726895,-0.7035447282376398
0.9480901559252825,-0.0208971713390944,0.1370836729735625,-0.7015632006112423
0.948200305418587,-0.0214539736330391,0.1400811301319182,-0.6995372165477247
0.948313637343466,-0.0220131608750868,0.1430451362939118,-0.6974674331514037
0.9484301738770836,-0.022574748370216,0.1459746345027571,-0.6953545495067512
0.9485499364474672,-0.0231387494708116,0.1488685762162778,-0.6931993010396443
0.9486729449188964,-0.0237051721630309,0.1517259061499931,-0.691002472715429
0.94879921828514,-0.0242740228119619,0.1545455841016454,-0.6887648848893967
0.9489287735801996,-0.0248453016557453,0.1573265650242088,-0.6864874108864314
0.9490616265777884,-0.0254190064971635,0.1600678203220492,-0.6841709625357008
0.9491977913221183,-0.0259951310523109,0.162768332365675,-0.6818164963707966
0.9493372803021396,-0.0265736661329754,0.165427102787438,-0.6794250083864728
0.9494801036511742,-0.0271545967627163,0.1680431419839114,-0.6769975453938674
0.9496262702083628,-0.027737906972646,0.1706154937090856,-0.6745351843888437
0.9497757863199744,-0.02832357529213,0.1731432172164846,-0.6720390504014107
0.9499286566269692,-0.0289115782911835,0.1756254055008838,-0.6695103005183423
0.9500848835368066,-0.0295018888150404,0.1780611798214225,-0.666950130063036
0.9502444676860252,-0.0300944780422788,0.1804497003868299,-0.6643597622643143
0.9504074073975302,-0.0306893136897445,0.1827901608005374,-0.6617404544305021
0.950573699021948,-0.0312863615362612,0.1850817960282021,-0.6590934896088163
0.9507433370815264,-0.0318855861001534,0.1873238862628212,-0.6564201716694775
0.9509163141286956,-0.0324869502625215,0.1895157565001323,-0.6537218249718662
0.9510926210123192,-0.0330904163041624,0.1916567811713798,-0.6509997876571312
0.9512722468838718,-0.0336959459727946,0.1937463847631482,-0.6482554091806884
0.9514551792418374,-0.0343035006653931,0.1957840426673499,-0.6454900473145635
0.9516414042474862,-0.0349130424718313,0.1977692845787728,-0.6427050612005799
0.9518309070503198,-0.0355245351571806,0.199701696988392,-0.6399018046185689
0.9520236714062598,-0.0361379428252203,0.2015809180144209,-0.6370816299173687
0.9522196800778112,-0.0367532311265705,0.2034066403406081,-0.6342458803824871
0.9524189153583068,-0.0373703687505661,0.205178614169185,-0.6313958812908074
0.9526213588338932,-0.0379893264859929,0.2068966426079444,-0.6285329422587493
0.9528269917371224,-0.0386100781292223,0.2085605823946816,-0.625658351199915
0.953035794703637,-0.039232599557619,0.2101703393900934,-0.6227733768905138
0.9532477485359452,-0.0398568708206292,0.211725871926849,-0.6198792576910239
0.9534628337322536,-0.0404828745120653,0.2132271842012017,-0.6169772076350116
0.953681031185953,-0.0411105976081219,0.2146743283840557,-0.6140684066074972
0.9539023219254652,-0.0417400304705927,0.2160673995546596,-0.6111540038179868
0.9541266871962488,-0.0423711668791925,0.2174065333233694,-0.6082351166501988
0.954354108687191,-0.0430040044663994,0.2186919042420154,-0.6053128277965424
0.9545845686769894,-0.0436385449112573,0.2199237235377336,-0.6023881836640366
0.9548180499004818,-0.0442747933684948,0.2211022353881979,-0.5994621964478901
0.9550545357328284,-0.0449127587919263,0.2222277150726445,-0.596535842207066
0.9552940100323266,-0.0455524533377159,0.2233004654873555,-0.5936100632915335
0.9555364574277267,-0.0461938929789569,0.224320815889697,-0.5906857653253371
0.9557818632721852,-0.0468370972224711,0.2252891190590775,-0.5877638184280055
0.9560302133854957,-0.0474820883009175,0.2262057479334652,-0.5848450608870057
0.95628149441894,-0.0481288920100531,0.2270710948372046,-0.5819302954386372
0.9565356936242974,-0.0487775369944772,0.2278855684615298,-0.5790202926767101
0.9567927988664487,-0.0494280546902187,0.2286495919999329,-0.5761157915312383
0.9570527986334786,-0.050080479269773,0.2293636013690347,-0.5732174997993306
0.9573156820782486,-0.0507348476736678,0.230028043596437,-0.570326094351887
0.9575814388147944,-0.0513911990432233,0.23064337471305,-0.567442224027849
0.9578500590613186,-0.052049575031186,0.2312100586863602,-0.5645665086709538
0.9581215334041716,-0.0527100191848852,0.2317285655710563,-0.5616995422729721
0.958395852950187,-0.0533725772959313,0.2321993706411391,-0.5588418918997169
0.9586730092402836,-0.0540372971691104,0.2326229530668,-0.5559940991884597
0.9589529941345978,-0.0547042283380986,0.2329997947151763,-0.553156682060651
0.95923579983133,-0.0553734221123123,0.2333303792719631,-0.5503301350135119
0.9595214187297888,-0.0560449312608748,0.2336151912457542,-0.5475149309549503
0.9598098434961084,-0.0567188101844876,0.233854715302479,-0.544711520971677
0.9601010671376145,-0.0573951151046795,0.2340494355733221,-0.5419203340711171
0.9603950825516409,-0.0580739030405728,0.2341998346996144,-0.5391417819150779
0.9606918827780442,-0.0587552324351912,0.234306393522437,-0.536376256683822
0.9609914610754992,-0.0594391633623003,0.2343695905329921,-0.5336241307519287
0.961293810486036,-0.0601257565711437,0.2343899012822524,-0.5308857610258099
0.9615989241257716,-0.0608150742005455,0.2343677980740116,-0.5281614865082788
0.9619067959714648,-0.0615071815859151,0.2343037492877033,-0.5254516217567827
0.9622174199571728,-0.0622021452468925,0.2341982187880176,-0.5227564654870883
0.9625307887565474,-0.0629000302385127,0.2340516662439098,-0.5200763111606441
0.9628468948280404,-0.0636009025807292,0.2338645468719558,-0.517411437744072
0.9631657304318682,-0.0643048293587053,0.233637311169869,-0.5147621097321236
0.9634872874084855,-0.0650118782997759,0.2333704048501275,-0.512128579125451
0.9638115573428464,-0.0657221182061187,0.2330642685385488,-0.509511084163648
0.9641385314581122,-0.0664356187903273,0.2327193376562198,-0.5069098503161225
0.9644682004287513,-0.0671524503420899,0.2323360424664497,-0.5043250918302562
0.9648005545268172,-0.0678726841245471,0.2319148077929539,-0.5017570106019128
0.9651355835028976,-0.0685963921924238,0.2314560530137031,-0.4992057971575156
0.9654732765381006,-0.06932364736852,0.2309601920111108,-0.4966716310327964
0.9658136221413472,-0.0700545231052171,0.2304276332277616,-0.4941546815282893
0.966156608281548,-0.0707890938523994,0.229858779367622,-0.4916551067066056
0.9665022222561012,-0.0715274348588654,0.2292540274848434,-0.4891730543617044
0.96685045064014,-0.0722696221507143,0.2286137689812241,-0.4867086623439785
0.9672012791239728,-0.0730157322743069,0.2279383898370813,-0.4842620596356354
0.9675546926859236,-0.0737658427551613,0.2272282702218915,-0.4818333650475002
0.9679106754125968,-0.0745200318068269,0.2264837847545925,-0.4794226884000777
0.9682692105184362,-0.0752783784659324,0.2257053023969844,-0.477030130285194
0.9686302803646002,-0.0760409627261255,0.2248931863234206,-0.4746557818532667
0.9689938661457732,-0.0768078649728194,0.2240477945517203,-0.4722997267561344
0.9693599482072794,-0.0775791667508747,0.2231694791628993,-0.469962038926067
0.9697285057837468,-0.0783549503118312,0.2222585868140434,-0.4676427841574944
0.9700995170307344,-0.0791352987815594,0.221315458593727,-0.4653420197491243
0.9704729587478962,-0.0799202956805037,0.2203404306624543,-0.4630597960455695
0.970848806753349,-0.0807100258147241,0.2193338332217144,-0.4607961539492576
0.9712270355692116,-0.0815045747196776,0.2182959912276239,-0.4585511267003647
0.9716076183940068,-0.0823040287092868,0.2172272243973328,-0.4563247398365322
0.9719905270716992,-0.0831084749192876,0.216127847216728,-0.4541170111700682
0.9723757322112332,-0.0839180016684086,0.2149981684950382,-0.4519279499126273
0.9727632026745684,-0.0847326974940972,0.2138384927671237,-0.4497575593813266
0.9731529061382336,-0.0855526524458091,0.2126491185522514,-0.4476058335845941
0.9735448085419326,-0.0863779570406259,0.2114303398887268,-0.4454727601030301
0.9739388742965382,-0.0872087028167515,0.210182445615077,-0.4433583186769868
0.9743350663568312,-0.0880449826061562,0.2089057189998072,-0.4412624806143157
0.9747333455090432,-0.0888868891505273,0.2076004399239149,-0.4391852123074662
0.9751336712807,-0.0897345171433837,0.2062668818277399,-0.437126470165377
0.9755360011509064,-0.0905879616858659,0.2049053141412324,-0.4350862045129407
0.9759402907046112,-0.0914473187358843,0.2035160016779327,-0.4330643584751983
0.9763464936265244,-0.0923126852215703,0.2020992045222733,-0.4310608677273883
0.9767545617911194,-0.0931841593632177,0.2006551775559153,-0.4290756597913593
0.9771644447917603,-0.094061839799487,0.1991841719639381,-0.4271086560526421
0.977576090245286,-0.0949458263683279,0.1976864340206893,-0.4251597699593624
0.977989443596143,-0.0958362198230015,0.1961622056212785,-0.4232289076750294
0.978404447963642,-0.0967331216379209,0.1946117246876426,-0.4213159684719955
0.9788210443284177,-0.0976366345486703,0.1930352243054322,-0.4194208435499197
0.9792391711954314,-0.0985468619635524,0.1914329338038558,-0.4175434172691722
0.9796587646556486,-0.0994639082363269,0.1898050783540404,-0.4156835665226073
0.9800797583263086,-0.1003878786795918,0.1881518790068991,-0.4138411606707172
0.9805020833636138,-0.1013188797400483,0.186473552435911,-0.4120160611584827
0.9809256680597456,-0.1022570182575287,0.1847703123347293,-0.4102081229113529
0.981350438104586,-0.1032024021869547,0.1830423681855356,-0.4084171928316853
0.9817763166079756,-0.104155140805793,0.1812899249210687,-0.40664310938194
0.9822032235619892,-0.1051153436675488,0.1795131849002251,-0.4048857044757725
0.9826310761071092,-0.1060831213455086,0.1777123466085898,-0.403144801972829
0.983059788388414,-0.1070585852672374,0.1758876050138929,-0.4014202179034455
0.9834892715404576,-0.1080418478404063,0.1740391513802721,-0.3997117601558833
0.9839194333936796,-0.109033021941365,0.1721671742797541,-0.3980192292603732
0.984350178634304,-0.1100322214402904,0.1702718586561638,-0.396342417353923
0.9847814085797256,-0.1110395608478136,0.1683533865363862,-0.3946811086705988
0.985213021291753,-0.1120551557461493,0.1664119362523905,-0.3930350787064681
0.9856449111438496,-0.1130791219419045,0.1644476840987365,-0.3914040954723292
0.9860769691269412,-0.1141115763528965,0.162460802677153,-0.3897879179117952
0.9865090825312142,-0.1151526364297225,0.1604514620371679,-0.3881862966969998
0.986941134753446,-0.1162024198569437,0.1584198302915812,-0.386598974508571
0.9873730056039784,-0.1172610454698328,0.1563660718745396,-0.3850256844772772
0.9878045706589504,-0.1183286318501947,0.1542903502880882,-0.3834661521261499
0.9882357018171414,-0.1194052988676529,0.152192825135711,-0.3819200929057349
0.9886662667421148,-0.1204911664875809,0.150073654455731,-0.3803872137823254
0.9890961288623272,-0.121586354938888,0.1479329944158287,-0.3788672127790672
0.9895251475068556,-0.1226909852447472,0.1457709982879917,-0.3773597780508612
0.989953177506559,-0.1238051783916163,0.143587818081483,-0.3758645888431899
0.9903800691928394,-0.1249290554978614,0.1413836042209817,-0.3743813150292684
0.9908056685348468,-0.1260627383670416,0.1391585044619752,-0.3729096161758982
0.9912298165535532,-0.1272063481232143,0.1369126665655216,-0.3714491431087279
0.9916523498082108,-0.1283600066932269,0.1346462353821381,-0.3699995357588548
0.992073099861468,-0.1295238355637035,0.1323593552804337,-0.3685604245348351
0.9924918935588406,-0.1306979567411942,0.1300521682452648,-0.3671314288855018
0.9929085523199532,-0.1318824909673946,0.1277248173642992,-0.3657121592376477
0.9933228927438916,-0.1330775596015694,0.1253774431035401,-0.3643022144420665
0.9937347261648884,-0.1342832835793424,0.1230101853234769,-0.3629011827993254
0.9941438584925568,-0.1354997831344853,0.1206231837899534,-0.3615086421062178
0.9945500903322192,-0.1367271783519464,0.1182165770484611,-0.3601241587456868
0.9949532167836652,-0.1379655887862088,0.1157905031292979,-0.3587472878647129
0.9953530272922886,-0.139215133213069,0.1133450999841568,-0.3573775733699353
0.9957493054280834,-0.1404759291305163,0.1108805064054592,-0.3560145481710977
0.996141829111343,-0.1417480936721909,0.1083968601775983,-0.3546577328868711
0.9965303702939294,-0.1430317428192839,0.1058942995530099,-0.3533066364101427
0.9969146949201334,-0.1443269914804205,0.1033729630235258,-0.3519607555111617
0.9972945628147496,-0.145633953338968,0.1008329895407399,-0.3506195746857702
0.9976697274975108,-0.1469527404307871,0.0982745192522546,-0.3492825662642763
0.998039936353592,-0.1482834639717766,0.0956976918073988,-0.3479491892460367
0.998404930189482,-0.1496262330290852,0.0931026488413463,-0.3466188903155346
0.9987644433601548,-0.1509811551935958,0.0904895325699086,-0.3452911028183643
0.9991182035927396,-0.1523483361836152,0.0878584864516845,-0.3439652468120697
0.999465931924886,-0.1537278798666292,0.0852096550358723,-0.3426407286917704
0.9998073424169088,-0.1551198873710254,0.0825431855492905,-0.3413169416765539
1.0001421422013888,-0.1565244575018272,0.0798592269674167,-0.3399932650242547
1.0004700314821675,-0.1579416870340392,0.0771579293272178,-0.338669063381123
1.0007907033290095,-0.1593716701663194,0.0744394446411454,-0.3373436869158067
1.0011038434319286,-0.1608144977096378,0.0717039282951535,-0.3360164716661651
1.001409130287367,-0.1622702582341567,0.068951536722298,-0.334686738067428
1.0017062347597685,-0.1637390363645054,0.0661824304798056,-0.3333537920975292
1.001994820216178,-0.1652209137199297,0.0633967723051218,-0.332016923977525
1.002274542301445,-0.1667159681724548,0.0605947283493773,-0.3306754084011664
1.0025450489319965,-0.168224274210939,0.0577764673220268,-0.3293285037487464
1.0028059800575146,-0.1697459020822851,0.0549421619218032,-0.3279754523846194
1.0030569676622296,-0.1712809182482493,0.0520919877985226,-0.3266154797604916
1.0032976354335568,-0.172829383866033,0.0492261261826792,-0.3252477952570703
1.0035275989724073,-0.1743913566203334,0.0463447602878501,-0.3238715900398982
1.003746465312445,-0.1759668881963622,0.0434480797813688,-0.322486038751043
1.0039538331970783,-0.1775560268645296,0.0405362758118444,-0.3210902966718869
1.0041492923105035,-0.1791588124203481,0.0376095500698752,-0.319683503587787
1.0043324240278222,-0.1807752828162676,0.0346681024194738,-0.318264777358862
1.0045028004798595,-0.1824054675863166,0.0317121426898302,-0.3168332190633813
1.0046599848719548,-0.1840493914295708,0.0287418838935939,-0.3153879091946996
1.0048035311254686,-0.1857070721029904,0.0257575458115394,-0.313927908825199
1.004932983775236,-0.187378520552705,0.0227593544889456,-0.3124522587759333
1.0050478777820753,-0.1890637401632485,0.0197475433122318,-0.3109599795323978
1.0051477384905414,-0.1907627283482086,0.0167223498963774,-0.3094500690498525
1.005232081311571,-0.1924754745674587,0.0136840193648548,-0.3079215036753391
1.005300411508041,-0.194201958846663,0.0106328066668845,-0.306373238611145
1.0053522241291115,-0.1959421539229312,0.0075689724652107,-0.3048042050925778
1.00538700373322,-0.1976960237593223,0.0044927854686067,-0.303213310748623
1.005404224175037,-0.1994635241129385,0.0014045211257819,-0.3015994380625292
1.005403348344917,-0.2012445988780971,-0.0016955323162286,-0.2999614466381851
1.0053838265268074,-0.2030392738529698,-0.0048072364909055,-0.2982980848813389
1.0053450462945257,-0.2048493378323893,-0.0079334980779522,-0.2966064071066449
1.005286370987385,-0.20667475583262,-0.0110740509121129,-0.2948850927052866
1.0052071471418862,-0.2085154923126732,-0.0142286356115316,-0.2931327732794757
1.0051067038769053,-0.2103715022799304,-0.017396984534888,-0.2913480387011887
1.0049843527704885,-0.2122427225164122,-0.0205788073031262,-0.2895294433477627
1.0048393868135708,-0.2141290802449947,-0.0237738061560392,-0.287675495482029
1.0046710802899457,-0.2160304847256607,-0.0269816622242364,-0.2857846629429246
1.0044786877207286,-0.2179468322910679,-0.0302020446803448,-0.283855365598193
1.004261443393256,-0.2198780025505409,-0.0334346049415738,-0.2818859762563777
1.0040185612396972,-0.2218238531492418,-0.036678968624738,-0.2798748231158814
1.0037492333453506,-0.2237842259753195,-0.0399347466892228,-0.2778201803154729
1.003452629909467,-0.2257589402622822,-0.0432015247084768,-0.2757202716785748
1.0031278977598992,-0.2277477964879944,-0.0464788701764421,-0.2735732630194898
1.0027741604522755,-0.2297505690972844,-0.0497663213652475,-0.2713772660543624
1.0023905169317855,-0.231767008623481,-0.0530633918138751,-0.2691303321058643
1.0019760406822569,-0.2337968398181107,-0.0563695682615529,-0.2668304497174846
1.0015297796207316,-0.2358397562597534,-0.0596843029684935,-0.2644755460868393
1.0010507546151102,-0.2378954217185246,-0.063007017156764,-0.2620634806354243
1.0005379579979838,-0.2399634701395483,-0.0663371022039398,-0.2595920395133515
0.999990354782225,-0.2420434946524513,-0.0696739032948303,-0.2570589429394679
0.9994068798792052,-0.2441350530715281,-0.0730167298076297,-0.2544618327100916
0.9987864378636342,-0.2462376622645632,-0.076364847845226,-0.2517982724173218
0.9981279039133424,-0.2483507894586753,-0.0797174681559733,-0.2490657516688954
0.9974301194671766,-0.2504738607186514,-0.083073761497081,-0.2462616679092509
0.9966918962532908,-0.2526062422221206,-0.086432830985608,-0.2433833429247207
0.9959120123670404,-0.2547472469499814,-0.0897937249607792,-0.2404280060912279
0.9950892138139116,-0.2568961243896033,-0.0931554231597241,-0.237392799511051
0.99422221463219,-0.2590520552087201,-0.096516831035529,-0.2342747765728914
0.9933096983066166,-0.2612141430981841,-0.0998767699281145,-0.2310709044977042
0.992350317004542,-0.2633814123001314,-0.1032339763617987,-0.2277780584699537
0.9913426958875998,-0.265552793762926,-0.1065870839755228,-0.2243930327323695
0.990285433699422,-0.2677271210615623,-0.1099346209632615,-0.2209125375544793
0.989177108833726,-0.2699031155645855,-0.1132749912479686,-0.2173332135208444
0.9880162846949704,-0.2720793754662723,-0.1166064620653338,-0.2136516415244738
0.986801515574994,-0.2742543656329343,-0.1199271531649445,-0.2098643529450048
0.98553136022752,-0.2764263962032204,-0.1232350092417548,-0.2059678619878503
0.9842043926831066,-0.2785936103768028,-0.1265277868588463,-0.2019586866689086
0.9828192223612,-0.2807539608717141,-0.1298030244841052,-0.1978333956290574
0.9813745166271124,-0.2829051890945485,-0.1330580170327747,-0.1935886586760599
0.9798690312024468,-0.285044799799103,-0.1362897837995672,-0.1892213169157565
0.978301648194901,-0.2871700342684289,-0.1394950342261252,-0.1847284708469058
0.9766714269008612,-0.2892778378137782,-0.142670124891293,-0.1801076004476058
0.974977660876696,-0.2913648336359786,-0.1458110254844729,-0.1753566979052318
0.9732199508848484,-0.2934272931874314,-0.1489132782999804,-0.1704744401571307
0.9713982967365004,-0.295461104619608,-0.1519719529085826,-0.1654604086616819
0.9695131818584086,-0.2974617719353726,-0.15498164405529,-0.1603152846059299
0.9675656816784796,-0.2994244096691557,-0.1579364587212129,-0.1550411072861291
0.9655575519378948,-0.3013437810670722,-0.1608300633317478,-0.149641477216943
0.9634913007348964,-0.3032143674921678,-0.1636557717398174,-0.1441217193655115
0.9613702117708804,-0.3050304894747007,-0.166406704522158,-0.1384889240007092
0.9591983211934104,-0.3067864608107288,-0.1690759923588434,-0.1327518772076401
0.956980319485412,-0.3084767825780649,-0.1716570359959036,-0.1269208094385052
0.9547213720708856,-0.3100963597653852,-0.1741438003851507,-0.1210069489403511
0.9524269177442544,-0.3116406806669831,-0.1765310560228524,-0.115022034902396
0.9501024370992688,-0.3131059622072488,-0.1788145758436697,-0.1089777651416446
0.9477532416104472,-0.3144892287410682,-0.1809912403620892,-0.1028853049192839
0.9453843171571538,-0.3157883173182698,-0.1830590400255401,-0.0967549376214321
0.9430002059840332,-0.3170018360514099,-0.1850170146461323,-0.0905958099802836
0.940604970792886,-0.3181290683087014,-0.1868651148712151,-0.0844158812117583
0.9382021813688926,-0.3191698697975302,-0.1886040566866669,-0.0782219202055404
0.9357949391704538,-0.3201245576928422,-0.1902351648161799,-0.0720195910369267
0.9333859273972536,-0.3209938043925153,-0.1917602223607614,-0.0658135956807938
0.930977460170742,-0.3217785485995579,-0.1931813463040692,-0.0596078077106648
0.928571530988554,-0.3224799216995557,-0.1945008852688146,-0.0534053991542502
0.9261698635658836,-0.3230991870147487,-0.1957213350303311,-0.0472089700143859
0.923773956302332,-0.3236376930609348,-0.1968452740440315,-0.0410206591140576
0.9213851133513808,-0.3240968395437395,-0.1978753182028768,-0.0348422190129794
0.9190044827642244,-0.3244780493540235,-0.1988140821678714,-0.0286751085063622
0.9166330767485972,-0.3247827504059126,-0.1996641565115974,-0.0225205386749846
0.9142717931997169,-0.3250123613822565,-0.2004280895040097,-0.0163795222225286
0.911921437124384,-0.3251682814810089,-0.2011083737126378,-0.0102529228436189
0.9095827317268448,-0.3252518841451443,-0.2017074394058538,-0.0041414781112774
0.9072563320816855,-0.3252645125607782,-0.2022276493842364,0.001954170495328
0.904942833182574,-0.325207477076155,-0.2026712971019368,0.0080334617896306
0.9026425437233652,-0.3250820374387754,-0.2030406398887296,0.0140965171198954
0.9003559560583796,-0.3248894134093549,-0.2033378106478231,0.0201429104610573
0.898083581960853,-0.3246307971173892,-0.2035648688974721,0.0261720997458943
0.89582589523705,-0.3243073524883894,-0.2037238146401939,0.0321835809866104
0.8935833377753502,-0.3239202160432756,-0.2038165897335269,0.0381768755319738
0.8913563236373542,-0.3234704980402134,-0.2038450799053486,0.0441515221383494
0.8891452381224606,-0.3229592828156074,-0.2038111169247585,0.0501070822550465
0.8869504249570798,-0.3223876254275274,-0.2037164795729625,0.0560431774701094
0.8847722108216903,-0.3217565571642579,-0.2035628953334991,0.061959426158197
0.8826109053863123,-0.3210670869499177,-0.2033520430849901,0.0678554453396585
0.8804667965817605,-0.3203202008063361,-0.2030855548111972,0.0737308655219187
0.8783401524180183,-0.3195168628457902,-0.2027650173369827,0.0795853277551083
0.8762312194004838,-0.3186580149543493,-0.2023919734481722,0.0854184899328298
0.8741402258316165,-0.3177445782166192,-0.2019679235807577,0.0912300195691118
0.872067381554108,-0.3167774530391974,-0.201494326943889,0.0970195962417584
0.870012878779693,-0.3157575196186293,-0.2009726026852188,0.1027869109728326
0.8679768927785546,-0.3146856383249623,-0.2004041309496936,0.1085316659118946
0.8659595844926657,-0.31356265115962,-0.1997902544721662,0.1142535684709153
0.8639610952455284,-0.31238937878591,-0.199132277691293,0.1199523478066763
0.8619815553517951,-0.3111666252517437,-0.1984314700096597,0.125627731822296
0.8600210815730794,-0.3098951767578995,-0.197689065822692,0.1312794556036161
0.8580797742714789,-0.308575799625276,-0.1969062639006464,0.136907270962373
0.856157722847346,-0.3072092436247999,-0.1960842298645851,0.1425109320393097
0.854255004313125,-0.3057962410067539,-0.195224096147515,0.1480902005555296
0.8523716819652495,-0.3043375052266754,-0.194326961674017,0.1536448509162289
0.8505078077429075,-0.3028337323361484,-0.1933938931237292,0.1591746644897073
0.8486634236978764,-0.3012856019585619,-0.1924259259527275,0.1646794263100344
0.8468385619814031,-0.2996937771323797,-0.1914240646922819,0.1701589260939709
0.8450332431008052,-0.2980589024575066,-0.1903892821336406,0.1756129645080667
0.8432474767676206,-0.2963816042671828,-0.1893225197443874,0.1810413517394069
0.841481265312551,-0.2946624934071455,-0.1882246897427836,0.1864438981123956
0.8397346016804818,-0.2929021630626572,-0.1870966740138982,0.1918204210612495
0.8380074687937044,-0.2911011875274936,-0.1859393235823857,0.1971707480939549
0.8362998434188904,-0.2892601256724129,-0.1847534610913924,0.2024947057630207
0.8346116923380799,-0.2873795164307008,-0.1835398781396574,0.2077921324139302
0.8329429765290415,-0.2854598827214699,-0.1822993380305595,0.2130628660345914
0.8312936479565584,-0.2835017272804848,-0.1810325732929135,0.2183067551747818
0.8296636522437764,-0.2815055349937284,-0.179740287385401,0.2235236514022431
0.8280529286598648,-0.2794717722905434,-0.1784231544939294,0.2287134101135835
0.8264614100069816,-0.2774008863058198,-0.1770818191670725,0.2338758916891723
0.8248890230617112,-0.2752933046706313,-0.1757168963484623,0.2390109608622745
0.8233356886873074,-0.2731494348437061,-0.1743289711031027,0.2441184871327993
0.8218013220370785,-0.2709696634965229,-0.1729185983705863,0.249198344880227
0.8202858323946931,-0.2687543553012235,-0.1714863023253604,0.2542504146809159
0.8187891254676054,-0.2665038553052625,-0.1700325780484313,0.2592745764024731
0.817311101213036,-0.2642184847712646,-0.1685578889661497,0.264270717147065
0.8158516560283351,-0.2618985433768324,-0.1670626683931861,0.2692387246084045
0.8144106814624948,-0.2595443061029411,-0.1655473176391679,0.2741784920998429
0.8129880644334596,-0.257156022215917,-0.1640122054654647,0.279089918566794
0.811583689291823,-0.2547339173944386,-0.1624576695545952,0.2839729021425527
0.810197435979962,-0.2522781892813324,-0.1608840137452817,0.2888273471347558
0.8088291826348337,-0.2497890105614539,-0.1592915100927418,0.2936531555720046
0.8074788027007233,-0.2472665222458943,-0.1576803946460466,0.2984502379428747
0.8061461682909178,-0.2447108380813484,-0.1560508703414876,0.3032185019499844
0.8048311480590207,-0.2421220388403298,-0.1544031034159098,0.3079578606172259
0.8035336089994806,-0.2395001738161677,-0.1527372244141981,0.3126682264243594
0.8022534158046024,-0.2368452575440561,-0.151053326142469,0.3173495141375768
0.800990433216197,-0.2341572725563918,-0.1493514654395288,0.3220016326814259
0.7997445222302645,-0.2314361590904166,-0.147631656667922,0.3266244995309897
0.79851554346684,-0.2286818195248148,-0.1458938745331906,0.3312180288504259
0.7973033594095605,-0.225894121053322,-0.144138055736893,0.3357821233613668
0.7961078297259903,-0.2230728823475573,-0.1423640905246667,0.3403166921821114
0.7949288158827216,-0.2202178809968643,-0.1405718273185184,0.344821633806725
0.7937661813355179,-0.2173288511673564,-0.1387610711429211,0.3492968354076399
0.7926197897586309,-0.2144054759229813,-0.1369315786909407,0.353742179733885
0.7914895086103857,-0.2114473925850592,-0.1350830615360749,0.3581575313890714
0.7903752087919081,-0.2084541884656557,-0.1332151832703667,0.3625427379217174
0.7892767666014714,-0.2054254024219123,-0.1313275602476192,0.3668976218307695
0.7881940648296966,-0.202360524301905,-0.129419760964081,0.3712219756604412
0.7871269951389143,-0.1992589981575073,-0.1274913077400165,0.375515551698435
0.7860754607073024,-0.1961202268396984,-0.1255416792064257,0.379778050150867
0.7850393773493602,-0.1929435726266142,-0.1235703102800452,0.3840091130584288
0.7840186809486085,-0.1897283780750867,-0.1215766046449202,0.3882082919111452
0.7830133287790709,-0.1864739702380638,-0.1195599368603964,0.3923750392860561
0.7820233068976945,-0.1831796858573628,-0.1175196674595177,0.396508674745919
0.7810486375400425,-0.1798449006143647,-0.1154551605529894,0.4006083492969911
0.7800893874214134,-0.1764690662430827,-0.1133658063481798,0.404673004547336
0.779145679429339,-0.1730517659979603,-0.1112510551464698,0.4087013157015998
0.778217704023412,-0.1695927780523387,-0.1091104564690792,0.4126916335352283
0.7773057356493244,-0.1660921687442958,-0.106943717024616,0.4166419023358426
0.7764101471274875,-0.1625503933247065,-0.1047507638939807,0.4205495835418529
0.7755314255647245,-0.1589684198297904,-0.102531822860157,0.4244115699125084
0.7746701861503619,-0.1553478649108894,-0.1002875052787345,0.4282241061390278
0.773827178698996,-0.1516911207002493,-0.098018890841181,0.4319827394959932
0.773003284213739,-0.1480014571028898,-0.0957275967885799,0.4356823146405666
0.7721994959727657,-0.1442830667319531,-0.0934158132944507,0.4393170399908147
0.7714168810370031,-0.1405410177780778,-0.0910862831859845,0.4428806481401058
0.7706565228484562,-0.1367810952070537,-0.0887422131065238,0.4463666517544648
0.7699194505016711,-0.1330095321372636,-0.0863871161610297,0.449768673251758
0.769206565400846,-0.1292326634453807,-0.0840246046949137,0.4530808009200214
0.7685185782871641,-0.1254565579560396,-0.0816581671788934,0.4562979104795046
0.7678559694836536,-0.1216867033100099,-0.0792909748226845,0.4594158883551394
0.7672189755535127,-0.1179277825368266,-0.0769257423525545,0.4624317357183545
0.7666076010689485,-0.1141835640543086,-0.0745646571633524,0.4653435533831167
0.7660216502380643,-0.1104569056415527,-0.0722093781993038,0.468150427363943
0.7654607662754048,-0.1067498238586907,-0.0698610750538164,0.4708522697231269
0.7649244740894647,-0.1030636156334134,-0.0675204997682898,0.4734496350135013
0.7644122186889234,-0.0993989895149695,-0.0651880650793834,0.4759435492639626
0.7639233967756882,-0.0957561871419327,-0.0628639170570968,0.4783353652350086
0.7634573842460175,-0.0921351104401354,-0.0605480121778892,0.4806266322248052
0.7630135537457978,-0.0885354050056539,-0.0582401672511881,0.4828190105602097
0.7625912889533399,-0.084956540840497,-0.0559401083197357,0.4849141995618143
0.7621899934024058,-0.0813978679619943,-0.0536475040725563,0.4869138906901117
0.7618090963174785,-0.0778586603193206,-0.0513619922210588,0.4888197345027604
0.7614480561325542,-0.074338149606709,-0.0490831997606658,0.4906333186127826
0.7611063622352665,-0.0708355502621525,-0.0468107578525132,0.4923561543246204
0.7607835346990848,-0.0673500691836421,-0.0445443070191006,0.4939896734440764
0.7604791246685574,-0.0638809250305006,-0.0422835087156614,0.4955352219885576
0.7601927127961472,-0.0604273487692045,-0.0400280448365257,0.4969940640037132
0.7599239083221031,-0.0569885912919932,-0.0377776218850927,0.4983673824507424
0.7596723473306545,-0.0535639208891962,-0.0355319685662307,0.4996562846085051
0.759437691953261,-0.05015263228875,-0.0332908409821701,0.5008618029518638
0.7592196284595263,-0.0467540401872399,-0.0310540176901035,0.5019849020204253
0.759017865898717,-0.0433674776607363,-0.028821297940912,0.5030264827675963
0.7588321349690152,-0.0399922965172025,-0.026592501197899,0.5039873859934818
0.758662186861165,-0.036627865772708,-0.0243674654216896,0.5048683961424093
0.7585077921329255,-0.0332735683318583,-0.0221460441602437,0.5056702451589596
0.7583687397755743,-0.0299287987121052,-0.0199281043183523,0.50639361554566
0.7582448364607379,-0.0265929625878552,-0.0177135251310879,0.5070391426579687
0.7581359058597542,-0.0232654766271,-0.0155021973365926,0.5076074167784289
0.7580417877957917,-0.0199457599407516,-0.0132940167732047,0.5080989862102914
0.7579623379709298,-0.0166332395948341,-0.01108888732229,0.5085143575051728
0.7578974274023075,-0.0133273454019024,-0.0088867167364167,0.5088539973291175
0.7578469421235687,-0.0100275116329423,-0.0066874170795732,0.5091183330577611
0.75781078281718,-0.0067331718194646,-0.0044909005763833,0.5093077538409336
0.7577888646541708,-0.0034437620161749,-0.0022970811121966,0.5094226106845522
0.7577811170810685,-0.0001587166020673,-0.0001058707752803,0.5094632169081625
0.7577811005897371,3.083393734564996e-11,-9.26466728042117e-12,0.5094633033456065
