3.16196486611792
0.8190865677577327,2.273323081709175e-28,-3.671612591976615e-15,0.172485351319148
0.8190877581186639,0.0006632847189343,0.0006190857352636,0.1724788284423949
0.8190973575647904,0.001996833945089,0.0018636419885538,0.1724262252554763
0.8191165844048782,0.0033301593446361,0.0031075985316463,0.172320862246375
0.8191454398774182,0.0046629622525496,0.0043504155351277,0.1721627256205806
0.8191839205445934,0.0059948549953924,0.0055914703557853,0.1719518236510155
0.819232018470681,0.0073254462111758,0.0068301374926481,0.1716881856499341
0.8192897210922737,0.0086543408803463,0.008065788948016,0.1713718626171518
0.8193570111196565,0.0099811409742591,0.0092977951702597,0.1710029277055121
0.8194338662830952,0.0113054431959618,0.010525523306047,0.1705814775253007
0.8195202591576102,0.012626839365325,0.0117483379282107,0.170107633008188
0.8196161570581622,0.0139449175785131,0.0129656024870202,0.1695815398753743
0.8197215217934917,0.0152592611425183,0.014176678711178,0.1690033698723614
0.8198363093890076,0.0165694477637298,0.0153809262664966,0.1683733221667534
0.8199604700275005,0.0178750513878764,0.016577704866826,0.1676916235447922
0.8200939476274192,0.0191756399358837,0.0177663726245458,0.166958530592945
0.8202366799432191,0.0204707786012006,0.0189462895105918,0.1661743290102507
0.8203885981807589,0.0217600280098838,0.0201168161129289,0.1653393355819165
0.8205496268247845,0.0230429447534682,0.0212773145836026,0.1644538989894859
0.820719683628076,0.0243190830090611,0.0224271505667416,0.1635183997339681
0.820898679556775,0.0255879954215093,0.0235656944425259,0.1625332503021638
0.821086518391571,0.0268492315434266,0.0246923203831221,0.1614988972329403
0.8212830972312685,0.028102342427995,0.0258064109141712,0.1604158182231298
0.821488306046675,0.0293468783788577,0.0269073553281111,0.159284524468777
0.8217020280973926,0.030582392259049,0.0279945530410362,0.1581055582631482
0.8219241398023925,0.0318084390537488,0.0290674135912251,0.1568794936137801
0.8221545110624473,0.0330245779427111,0.030125358827882,0.1556069343788658
0.8223930051177389,0.0342303716221875,0.0311678226642007,0.1542885149818228
0.8226394792856044,0.0354253900279003,0.0321942546183268,0.1529248962753896
0.8228937847968725,0.0366092091285576,0.0332041190314946,0.1515167663978789
0.8231557675327974,0.0377814139861775,0.0341968979205861,0.1500648366603834
0.8234252679473649,0.0389415977354152,0.0351720902892671,0.148569841954004
0.8237021216372822,0.0400893634474306,0.0361292138607699,0.1470325375831764
0.8239861598736097,0.0412243254756989,0.0370678062951642,0.1454536963164212
0.8242772097312571,0.0423461090142252,0.0379874248722134,0.1438341076802769
0.8245750946257792,0.0434543512426959,0.0388876474564186,0.1421745750014628
0.8248796342651041,0.0445487001814595,0.0397680715560411,0.1404759157174316
0.8251906458082892,0.0456288178948094,0.0406283168612264,0.138738954968061
0.8255079437923625,0.0466943790014424,0.0414680239231892,0.1369645260550911
0.8258313406593021,0.0477450713677089,0.0422868545725582,0.135153467564131
0.8261606466335452,0.0487805946442012,0.0430844906237019,0.1333066241296284
0.8264956706274654,0.0498006621356838,0.0438606351550375,0.1314248414506002
0.8268362198050002,0.0508049984120316,0.0446150104792757,0.1295089688367118
0.8271821007269374,0.0517933417768676,0.0453473598040925,0.1275598528796522
0.8275331189356117,0.0527654420112997,0.0460574452892108,0.1255783398978162
0.8278890791793289,0.053721060177047,0.0467450476897434,0.1235652748043707
0.8282497861410772,0.054659969722724,0.0474099669061167,0.121521497122757
0.8286150436725266,0.0555819536473764,0.048052019710179,0.1194478454683753
0.8289846554319146,0.0564868055168623,0.0486710402640328,0.1173451541075336
0.8293584252494304,0.0573743296452238,0.0492668799913728,0.1152142510480457
0.8297361566890774,0.0582443393904601,0.0498394061842046,0.1130559607179416
0.8301176531744425,0.0590966569608283,0.0503885016906765,0.1108711034643959
0.830502718472423,0.059931114001652,0.0509140650925695,0.1086604930069423
0.8308911562298855,0.0607475500973752,0.0514160095504301,0.1064249393280833
0.8312827699489072,0.0615458123956305,0.0518942624356254,0.1041652490912976
0.8316773634838646,0.0623257563048677,0.0523487656097785,0.1018822230620312
0.8320747408767498,0.0630872448093008,0.0527794748575642,0.0995766573499785
0.8324747060509283,0.0638301476323716,0.0531863593006738,0.0972493455150461
0.8328770629520296,0.0645543413387342,0.0535694013897974,0.0949010781169232
0.8332816158594119,0.0652597097145938,0.0539285970282381,0.092532641277576
0.8336881688451339,0.0659461426628617,0.0542639549417515,0.0901448202517743
0.8340965265945371,0.0666135374970667,0.0545754972874265,0.0877383950516999
0.834506493766871,0.0672617977315772,0.054863259016306,0.0853141446521611
0.8349178749999069,0.0678908330743453,0.05512728790161,0.0828728474762545
0.8353304754107332,0.0685005601647072,0.0553676448723424,0.0804152789550957
0.8357441003818412,0.0690909021837489,0.0555844038504208,0.0779422133371975
0.8361585560468034,0.0696617895050631,0.055777652004467,0.0754544213541838
0.836573648465646,0.0702131585221874,0.0559474893726647,0.0729526757656387
0.8369891848163201,0.0707449532779082,0.0560940294554739,0.0704377448369228
0.8374049727718819,0.0712571245849527,0.0562173989518552,0.0679103967257308
0.837820821080869,0.0717496307533899,0.0563177379974687,0.0653713966416872
0.8382365395003035,0.0722224374624794,0.0563952001423373,0.0628215079302491
0.8386519390545685,0.0726755180313308,0.0564499524207505,0.0602614911929829
0.8390668321923225,0.0731088535453985,0.0564821753671612,0.057692104034131
0.8394810331673308,0.0735224331910241,0.0564920630165097,0.0551140994192632
0.8398943579268741,0.0739162540610492,0.0564798228457694,0.0525282270867623
0.8403066248091344,0.0742903217406784,0.056445675698522,0.0499352299148374
0.8407176543596812,0.0746446499981874,0.0563898556655966,0.0473358457670246
0.841127269587637,0.07497926090927,0.0563126099646393,0.0447308066019515
0.8415352966453437,0.0752941852632596,0.0562141986591019,0.0421208348422336
0.8419415647188332,0.0755894622636536,0.0560948944486464,0.0395066447098364
0.842345906203039,0.0758651394791482,0.0559549824202729,0.0368889417580036
0.8427481572478661,0.0761212730072858,0.0557947596174179,0.0342684199586511
0.8431481579992054,0.0763579273478324,0.0556145346121318,0.0316457606769157
0.84354575242265,0.0765751750215982,0.0554146272496158,0.0290216343553073
0.8439407890704742,0.0767730967160597,0.0551953679248375,0.0263966959617496
0.8443331207225164,0.0769517807603572,0.0549570973548236,0.0237715877918808
0.8447226050707163,0.0771113231255555,0.0547001657682499,0.021146935309417
0.8451091047422185,0.0772518270322607,0.0544249323861843,0.0185233472869869
0.8454924871528234,0.0773734025195628,0.0541317650447558,0.0159014170872535
0.8458726250782436,0.0774761662476972,0.0538210392709726,0.0132817190057304
0.8462493964498005,0.0775602409976355,0.053493137882898,0.0106648098161192
0.846622684679776,0.0776257553176897,0.0531484501582302,0.0080512266282107
0.8469923785668492,0.0776728430392487,0.0527873713243978,0.0054414875774537
0.8473583723646064,0.0777016428308039,0.0524103019074952,0.0028360913409098
0.8477205658559375,0.0777122977311345,0.0520176470510204,0.0002355165425136
0.8480788643297188,0.0777049546604042,0.0516098159199536,-0.0023597782073893
0.8484333261510085,0.0776797496576957,0.0511870410227027,-0.0049504379654896
0.8487840723520246,0.0776367825988973,0.0507494522491735,-0.0075375922254887
0.8491310092900222,0.0775761561537981,0.0502974287967006,-0.0101208037757745
0.8494740479173978,0.0774979764040428,0.049831355083501,-0.0126996499161159
0.8498131041170414,0.0774023523634343,0.0493516198235701,-0.015273725006399
0.850148098017965,0.0772893957515499,0.0488586165102264,-0.0178426353502222
0.8504789548747294,0.0771592203253306,0.0483527416886168,-0.0204060059814531
0.8508056042737117,0.0770119417007972,0.0478343956175339,-0.0229634747509617
0.8511279809817379,0.0768476765453885,0.0473039804430237,-0.0255146991437666
0.8514460240911519,0.0766665424688506,0.0467619010113729,-0.0280593498842951
0.8517596772057133,0.0764686575074232,0.0462085640998244,-0.0305971126259197
0.8520688885812124,0.0762541395474475,0.0456443776467266,-0.0331276894262176
0.8523736113132653,0.0760231056258457,0.0450697498185281,-0.0356508007642788
0.852673802280947,0.075775672183431,0.0444850904439605,-0.0381661772629303
0.8529694232565975,0.0755119536964609,0.0438908083951697,-0.0406735693336176
0.853260440012297,0.0752320628087482,0.0432873127428417,-0.0431727402758438
0.8535468223776006,0.074936109771004,0.0426750121582662,-0.045663467221769
0.8538285444353856,0.07462420165138,0.0420543139572147,-0.0481455434212803
0.8541055842897622,0.0742964419255214,0.0414256240213834,-0.0506187769073773
0.8543779237146085,0.0739529302656737,0.0407893470618554,-0.0530829880095883
0.8546455485213328,0.0735937614406261,0.0401458852386605,-0.0555380133457079
0.8549084480049631,0.0732190253199909,0.0394956389071324,-0.0579837015584137
0.8551666150454283,0.0728288060644631,0.0388390058693079,-0.0604199149512348
0.8554200458880079,0.0724231817171242,0.0381763813983554,-0.0628465282125092
0.8556687404123859,0.0720022229817007,0.0375081569901946,-0.0652634318463711
0.8559127013715203,0.0715659936498849,0.0368347218406506,-0.0676705257141578
0.8561519351770002,0.0711145483791621,0.036156460178829,-0.070067727623212
0.8563864507382266,0.0706479338685812,0.0354737539465737,-0.0724549628029464
0.856616260268917,0.0701661864160505,0.0347869800131076,-0.0748321729028378
0.8568413785870458,0.069669332252205,0.034096511655243,-0.0771993099439034
0.8570618235277562,0.0691573855624064,0.033402716778093,-0.079556341687091
0.8572776153572026,0.0686303485819162,0.0327059591598592,-0.081903246626955
0.8574887772044791,0.0680882092858497,0.0320065965251269,-0.0842400198485108
0.8576953344915142,0.0675309413537089,0.0313049818016694,-0.0865666681527178
0.8578973149122837,0.0669585028040333,0.0306014626825198,-0.0888832110263585
0.8580947486146017,0.0663708338420323,0.0298963804213808,-0.0911896841297493
0.8582876681040382,0.065767855218367,0.0291900695106588,-0.0934861398637585
0.8584761077533803,0.0651494677423527,0.0284828588542114,-0.0957726431866869
0.8586601043853171,0.0645155482067238,0.0277750689795964,-0.0980492803562093
0.8588396962530122,0.0638659503575512,0.0270670152564207,-0.1003161483199731
0.8590149239534403,0.0632004990761391,0.0263590037412208,-0.1025733679480416
0.8591858296309456,0.062518990163908,0.0256513335881698,-0.1048210762269093
0.8593524570014649,0.061821187076748,0.0249442963472187,-0.1070594285834266
0.8595148513468824,0.0611068173010744,0.0242381753162517,-0.1092886010991307
0.8596730590340981,0.0603755704451681,0.0235332469709489,-0.1115087862719922
0.8598271274402095,0.059627094369464,0.0228297807619128,-0.1137201940762632
0.8599771044666532,0.0588609929372007,0.0221280408439581,-0.1159230470497903
0.8601230380666112,0.0580768237406231,0.0214282880123117,-0.1181175748552439
0.8602649752822916,0.0572740987351268,0.0207307843619108,-0.1203040003763554
0.86040296130783,0.0564522857387065,0.0200357984908602,-0.1224825241046306
0.8605370380646391,0.0556108143233069,0.0193436139725405,-0.1246532981082183
0.8606672413707094,0.0547490938966334,0.0186545465395891,-0.1268163722198729
0.8607935981919024,0.0538665377335856,0.0179689632619615,-0.1289716329568266
0.8609161217873907,0.0529626110500601,0.0172873162311136,-0.1311186950080462
0.8610348054986748,0.052036905729289,0.0166101888407085,-0.1332567497370555
0.8611496142501096,0.0510892583627553,0.0159383621365001,-0.1353843448238778
0.8612604751906218,0.0501199133509863,0.0152728957245077,-0.1374991091443458
0.8613672679230976,0.0491297401229477,0.0146152223928403,-0.1395974216673341
0.8614698203232766,0.048120458293515,0.0139672195390636,-0.1416741384711746
0.8615679157398161,0.0470947988685609,0.0133312136958713,-0.1437225185497238
0.8616613190685171,0.0460564720002258,0.0127098539394241,-0.1457345638269369
0.861749821086761,0.0450098495849125,0.0121058337958206,-0.1477018595994824
0.8618332876121042,0.0439594108230617,0.0115215311778071,-0.149616715251953
0.8619116929128385,0.0429091564138706,0.0109587064713049,-0.1514731638144738
0.8619851244954829,0.0418622193624431,0.0104183726176215,-0.1532674407334254
0.8620537625613359,0.0408207654873419,0.0099008485362731,-0.1549978798216557
0.8621178489667155,0.0397861005876134,0.0094059137090207,-0.1566644722055467
0.8621776570881948,0.0387588767970155,0.008932987789499,-0.1582683260016344
0.8622334692537914,0.0377392973570014,0.0084812807607214,-0.1598112048509951
0.8622855623450293,0.0367272792066335,0.0080498995395837,-0.1612951959791247
0.8623341996097453,0.0357225713928461,0.0076379176054491,-0.1627224907355647
0.8623796268162999,0.0347248335510915,0.0072444161166106,-0.1640952536361641
0.8624220711546101,0.0337336827270728,0.0068685051739784,-0.1654155541017388
0.8624617413538157,0.0327487261988486,0.0065093356184854,-0.1666853274938418
0.8624988287438932,0.031769577608605,0.0061661022901913,-0.1679063639067931
0.8625335086257616,0.0307958651395417,0.0058380435147493,-0.1690803091878508
0.862565941570266,0.0298272392862464,0.0055244400645881,-0.1702086672294191
0.8625962748848083,0.0288633723428127,0.0052246112793948,-0.1712928121790093
0.8626246438622748,0.0279039594905248,0.0049379119826625,-0.1723339978182077
0.8626511729817715,0.0269487167368218,0.0046637286992481,-0.1733333695628448
0.8626759768929251,0.0259973815495308,0.0044014769869538,-0.1742919725679073
0.8626991613474346,0.0250497113428516,0.0041505983868353,-0.1752107613749232
0.8627208240781239,0.0241054793386916,0.0039105570191037,-0.1760906110506868
0.862741055472645,0.0231644745778824,0.00368083760085,-0.1769323232843694
0.8627599391640332,0.0222265026125371,0.0034609437670962,-0.1777366315129262
0.8627775527016927,0.0212913786532116,0.0032503948283793,-0.1785042118999842
0.8627939679301075,0.0203589317044036,0.0030487253502905,-0.1792356840895904
0.8628092514682929,0.0194290013736898,0.0028554831240884,-0.179931617953447
0.8628234650960752,0.0185014366839386,0.0026702277891125,-0.1805925380254175
0.8628366661200008,0.017576093228159,0.0024925292819217,-0.1812189285760648
0.8628489076078907,0.0166528368418644,0.0023219676627321,-0.1818112338444895
0.8628602387213132,0.0157315385228996,0.0021581313220112,-0.1823698640497281
0.8628707049125045,0.0148120768535864,0.0020006167159935,-0.1828951960401527
0.8628803481682642,0.0138943349515222,0.0018490271709119,-0.1833875771735265
0.8628892071796641,0.012978201636157,0.001702972504378,-0.1838473264118944
0.8628973175331223,0.0120635687485481,0.0015620680635578,-0.1842747372967226
0.8629047118257461,0.0111503346487454,0.0014259347879424,-0.1846700777172706
0.8629114198289505,0.010238401079315,0.0012941982602551,-0.1850335928542321
0.8629174686205999,0.0093276707523593,0.0011664879770298,-0.185365507156645
0.8629228826587917,0.0084180515471108,0.0010424375867377,-0.185666023692358
0.862927683900597,0.007509452995638,0.0009216840431319,-0.1859353264538307
0.8629318918701445,0.0066017889654345,0.0008038676490318,-0.1861735803725102
0.8629355237558541,0.0056949728020759,0.0006886311235215,-0.1863809334261876
0.862938594455406,0.0047889208051947,0.000575619790413,-0.1865575162323554
0.8629411166364452,0.0038835514538716,0.0004644812111357,-0.1867034429175107
0.8629431007863126,0.002978784985911,0.000354864885721,-0.1868188117501237
0.8629445552567592,0.002074540331351,0.0002464216545277,-0.1869037058545961
0.8629454862848038,0.0011707409397509,0.0001388041799401,-0.1869581928843391
0.8629458980293018,0.0002673092891582,3.16660706824e-05,-0.1869823259469985
0.8629457925861033,-0.0006358293162559,-7.53378691233e-05,-0.1869761436092159
0.86294516998685,-0.0015387669566305,-0.0001825542424686,-0.1869396692609162
0.862944028115439,-0.0024416375166497,-0.000290334249681,-0.1868729059970011
0.8629423627993628,-0.0033445158755405,-0.0003990219963643,-0.1867758421108095
0.8629401678112482,-0.0042474768123381,-0.0005089616658392,-0.1866484516401114
0.8629374348510754,-0.0051505960485023,-0.0006204978428679,-0.1864906940964072
0.8629341535251103,-0.0060539496436629,-0.000733975643446,-0.1863025143218742
0.8629303113119658,-0.0069576153356445,-0.0008497410932414,-0.1860838419312352
0.8629258935403356,-0.0078616694336471,-0.0009681409448039,-0.1858345917486464
0.862920883328688,-0.0087661911165054,-0.001089523449104,-0.1855546624206736
0.862915261544807,-0.0096712600612821,-0.0012142382873185,-0.1852439365226028
0.8629090067589668,-0.0105769552456631,-0.0013426366311633,-0.1849022806430207
0.8629020951290532,-0.0114833619839275,-0.0014750723986545,-0.1845295421451163
0.862894500391885,-0.012390562322617,-0.0016119011655489,-0.1841255521386463
0.8628861937136111,-0.0132986438313699,-0.0017534817296749,-0.1836901212334794
0.8628771436329361,-0.0142076945604804,-0.0019001756878989,-0.1832230407816978
0.8628673159277801,-0.0151178060588318,-0.002052348239638,-0.1827240805416168
0.8628566734987656,-0.0160290728179913,-0.0022103684838174,-0.1821929878004574
0.8628451762498176,-0.0169415911969482,-0.0023746096247233,-0.1816294868723141
0.8628327808869204,-0.01785546365751,-0.0025454501682533,-0.1810332751884644
0.862819440810954,-0.0187707941037471,-0.0027232735668836,-0.1804040246867349
0.8628051058673917,-0.019687692811464,-0.0029084696637555,-0.179741376989144
0.8627897221765893,-0.020606273816531,-0.0031014347858041,-0.1790449432838282
0.862773231863647,-0.0215266575508705,-0.0033025729204268,-0.1783143003861986
0.8627555728209371,-0.0224489697157509,-0.0035122961990217,-0.1775489892943016
0.8627366783673994,-0.0233733442119491,-0.00373102634997,-0.1767485102528979
0.8627164769349038,-0.0242999225244489,-0.0039591954837674,-0.1759123202758285
0.8626948917573122,-0.0252288517868878,-0.0041972465656798,-0.1750398318740818
0.8626718402759967,-0.0261602931901972,-0.0044456366493862,-0.1741304017082999
0.8626472338430264,-0.0270944149520527,-0.0047048363596055,-0.1731833330530356
0.86262097710105,-0.0280313970942548,-0.0049753324887772,-0.1721978669122335
0.862592967344135,-0.0289714334613259,-0.0052576301702868,-0.1711731747835548
0.8625630938825385,-0.0299147309137713,-0.0055522544190927,-0.1701083538135726
0.8625312372622022,-0.0308615107916191,-0.0058597525034851,-0.1690024189982555
0.8624972683274525,-0.0318120118193649,-0.006180697074225,-0.167854292755241
0.8624610473483,-0.0327664878197961,-0.0065156878406534,-0.1666627997804728
0.8624224227658874,-0.0337252125837749,-0.0068653559182645,-0.1654266523890906
0.862381230144971,-0.0346884754096064,-0.0072303652010638,-0.1641444464511701
0.8623372908008186,-0.0356565817486155,-0.0076114156449284,-0.1628146503808851
0.8622904104469561,-0.0366298497433131,-0.0080092451569974,-0.1614355987970994
0.8622403779389932,-0.0376086023501462,-0.0084246295380732,-0.1600054924123253
0.8621869641379898,-0.0385931561022754,-0.0088583804433544,-0.1585224038166291
0.8621299214748637,-0.039583798044983,-0.0093113369720475,-0.1569843035529559
0.8620689843073106,-0.0405807544228273,-0.0097843510796069,-0.1553891046831952
0.8620038715197605,-0.0415841339374111,-0.0102782569223211,-0.1537347578316443
0.8619342920465585,-0.0425938483466447,-0.0107938218994704,-0.1520194017027465
0.8618599558782148,-0.0436094899512694,-0.011331664604865,-0.1502416154432208
0.8617805919918362,-0.0446301722268882,-0.0118921361538022,-0.148400780545011
0.861695974884438,-0.0456543396436587,-0.0124751614936386,-0.1464975601684763
0.8616059587979037,-0.0466795836614813,-0.0130800563718027,-0.1445344432404043
0.8615105105438918,-0.0477025737634152,-0.0137053865804471,-0.14251614104472
0.8614097267933392,-0.0487192103036725,-0.0143489547779004,-0.1404495745759329
0.8613038211454214,-0.0497250499939151,-0.0150079844988621,-0.1383432498529067
0.8611930782896402,-0.0507159073877033,-0.0156794813838692,-0.1362061044267934
0.8610777938130532,-0.0516883849052328,-0.0163606278946448,-0.1340462882001771
0.8609582248038615,-0.0526401332462263,-0.0170490572768985,-0.1318703543065533
0.8608345652709697,-0.0535698189983221,-0.017742946053764,-0.1296830296122729
0.8607069435491322,-0.0544769190941702,-0.0184409699207967,-0.12748740573735
0.8605754325337438,-0.0553614678886189,-0.0191421946970786,-0.12528531821202
0.8604400631444473,-0.0562238413312789,-0.019845963559548,-0.1230777224007868
0.8603008365589537,-0.0570645999957894,-0.0205518045809736,-0.1208649950212027
0.860157734433657,-0.0578843818160638,-0.0212593599072515,-0.1186471611446458
0.8600107255412373,-0.0586838407276306,-0.021968341151684,-0.116424035307292
0.8598597709731379,-0.0594636081229543,-0.0226784971747555,-0.1141953219622954
0.8597048270660738,-0.060224275427093,-0.0233895963539113,-0.1119606697197645
0.8595458480001622,-0.0609663831151836,-0.0241014125688446,-0.1097197137252477
0.8593827869195967,-0.0616904196432748,-0.0248137194023442,-0.1074720923157115
0.859215597218057,-0.062396820662554,-0.0255262843933118,-0.1052174637147534
0.8590442328933027,-0.063085972840708,-0.0262388678968003,-0.1029555084522802
0.8588686493009348,-0.0637582159034842,-0.0269512205056734,-0.100685936578091
0.8586888033477732,-0.0644138468413775,-0.0276630830476938,-0.0984084869686169
0.8585046535118479,-0.0650531242601161,-0.0283741872789499,-0.0961229245776063
0.8583161601728528,-0.0656762711796327,-0.0290842553595557,-0.0938290417433509
0.8581232859045226,-0.0662834777664845,-0.0297929995819971,-0.0915266588969638
0.8579259952201773,-0.0668749054692613,-0.0305001241223481,-0.0892156188494266
0.8577242549354243,-0.0674506888015267,-0.0312053244558655,-0.0868957887412682
0.8575180340703091,-0.0680109382995537,-0.0319082884517687,-0.0845670566385562
0.8573073039903208,-0.0685557424783703,-0.0326086965724569,-0.0822293311251611
0.8570920385104809,-0.0690851697077398,-0.0333062222061704,-0.0798825405524975
0.8568722137776703,-0.0695992704196509,-0.0340005326883839,-0.0775266300252932
0.8566478086801432,-0.0700980778698946,-0.0346912886136048,-0.0751615642148649
0.8564188045011649,-0.0705816105355323,-0.0353781455319674,-0.0727873221464795
0.856185185270805,-0.0710498727412485,-0.0360607534229201,-0.0704038995720705
0.8559469379142873,-0.0715028557297218,-0.0367387568600166,-0.0680113091171046
0.8557040519607355,-0.0719405394417594,-0.0374117964002598,-0.0656095761262071
0.8554565202892056,-0.0723628922726313,-0.038079507042521,-0.0631987449359262
0.8552043383716516,-0.0727698734856619,-0.0387415208644686,-0.0607788703051575
0.8549475048266958,-0.0731614331566192,-0.0393974659918383,-0.0583500219235754
0.8546860216490523,-0.0735375127718401,-0.0400469665636091,-0.0559122855630235
0.8544198940862714,-0.0738980463081981,-0.0406896435947525,-0.0534657609456486
0.8541491308789516,-0.0742429607128817,-0.0413251149109079,-0.0510105630927738
0.8538737438317844,-0.0745721771912578,-0.0419529966495437,-0.0485468176523442
0.8535937487235435,-0.0748856107758694,-0.042572901637655,-0.0460746683709055
0.8533091647162161,-0.0751831717535046,-0.0431844412735505,-0.0435942710271484
0.8530200150761544,-0.0754647655336996,-0.043787224453117,-0.0411057990810937
0.852726326711408,-0.0757302937945699,-0.0443808590984414,-0.038609438941131
0.8524281304427037,-0.075979654789315,-0.0449649520669207,-0.0361053917362854
0.8521254611891672,-0.0762127437769165,-0.0455391092945638,-0.0335938742955626
0.8518183580340197,-0.0764294535584233,-0.0461029361977837,-0.0310751191190147
0.8515068642132362,-0.076629675039819,-0.0466560382076058,-0.0285493737692865
0.8511910275715329,-0.0768132974921246,-0.0471980204874902,-0.0260169040697835
0.8508708998264088,-0.0769802095243964,-0.0477284897299777,-0.0234779877324575
0.8505465375409001,-0.0771302990190997,-0.0482470529906075,-0.020932921769849
0.850218001501538,-0.0772634539791028,-0.0487533192538303,-0.018382017162219
0.8498853572407802,-0.0773795627640149,-0.0492468990990949,-0.0158256026448854
0.8495486745644317,-0.0774785147430843,-0.0497274059214258,-0.0132640207740964
0.8492080282839114,-0.0775602005145067,-0.0501944553588063,-0.0106976332970918
0.8488634976633953,-0.0776245125482576,-0.0506476666071931,-0.0081268167082273
0.8485151665155041,-0.0776713455655953,-0.051086662739805,-0.005551962867792
0.8481631235941577,-0.0777005969204401,-0.0515110706995853,-0.0029734817894252
0.8478074620221893,-0.0777121670976322,-0.0519205224978068,-0.000391797339808
0.8474482796379904,-0.0777059600695971,-0.052314655237429,0.0021926502142286
0.8470855488924703,-0.0776818719199506,-0.0526932439240948,0.0047803284500068
0.8467191275158934,-0.0776397613911283,-0.0530561571075765,0.0073724994705614
0.8463491152562452,-0.0775794891177676,-0.0534030011230317,0.0099686952546277
0.8459756164584858,-0.0775009197019806,-0.0537333874006158,0.0125684333430724
0.8455987414725668,-0.0774039223975808,-0.0540469317220723,0.0151712070224835
0.8452186054692792,-0.0772883713416587,-0.0543432558731587,0.0177764936204492
0.8448353294746184,-0.077154146284446,-0.0546219873690273,0.0203837473509428
0.8444490394801136,-0.0770011328040518,-0.0548827607565325,0.0229924053831057
0.8440598664868744,-0.0768292227169241,-0.0551252180869336,0.0256018873724769
0.8436679469340354,-0.0766383147076974,-0.0553490092023744,0.0282115924292797
0.8432734220149772,-0.0764283144716092,-0.0555537927163724,0.0308209035087751
0.8428764377566156,-0.0761991351454251,-0.055739236459224,0.0334291865978805
0.8424771446656116,-0.0759506975000165,-0.0559050181342626,0.0360357927252456
0.8420756977197529,-0.0756829302975374,-0.0560508257675887,0.0386400576387369
0.8416722563007175,-0.0753957706276515,-0.0561763581945384,0.0412413018507125
0.8412669835612409,-0.075089163811767,-0.0562813256822102,0.043838834276452
0.8408600464984608,-0.0747630637477216,-0.056365450253793,0.0464319512426329
0.8404516157103222,-0.0744174330294956,-0.0564284661059926,0.049019937521429
0.8400418650942263,-0.0740522429808639,-0.0564701199858384,0.0516020676836084
0.8396309712617765,-0.0736674733690921,-0.0564901715120286,0.0541776091767073
0.8392191139312533,-0.0732631129763732,-0.0564883933749973,0.0567458192242661
0.8388064752485218,-0.0728391591884948,-0.0564645716078695,0.0593059484527282
0.8383932394891216,-0.0723956178519001,-0.0564185057299428,0.0618572420649454
0.8379795930549918,-0.0719325034213685,-0.0563500088882345,0.0643989391813483
0.8375657240787172,-0.0714498386765445,-0.0562589079394378,0.0669302746041528
0.8371518221185589,-0.0709476544765808,-0.0561450434688862,0.0694504799931784
0.836738078228933,-0.070425989946606,-0.056008269881999,0.0719587827540354
0.8363246845299743,-0.0698848920526958,-0.055848455351028,0.0744544079883412
0.835911833980574,-0.0693244153693463,-0.0556654817524538,0.0769365791915112
0.835499720205819,-0.0687446218924511,-0.055459244594293,0.0794045186284778
0.8350885376063807,-0.0681455812520478,-0.0552296530874803,0.081857446043138
0.8346784808849895,-0.0675273700980393,-0.0549766299173584,0.0842945808763428
0.8342697449684521,-0.0668900720009435,-0.0547001111655581,0.0867151421189515
0.8338625251211501,-0.0662337776725542,-0.0544000463870977,0.0891183470639519
0.8334570166175221,-0.065558584507932,-0.0540763984007372,0.0915034126970524
0.8330534146045049,-0.0648645963851128,-0.0537291431653152,0.09386955597107
0.8326519142372906,-0.0641519239414719,-0.0533582699010283,0.0962159925048663
0.8322527107611024,-0.0634206848253274,-0.0529637812440149,0.0985419356444314
0.831855998809828,-0.0626710025062836,-0.0525456926213707,0.1008466001061392
0.8314619732000655,-0.0619030078295017,-0.0521040331113823,0.1031291969299182
0.8310708283101883,-0.0611168379995059,-0.0516388449317543,0.1053889367036368
0.8306827581909805,-0.0603126369119318,-0.0511501836614959,0.1076250285470098
0.8302979567991751,-0.0594905558274023,-0.0506381187173608,0.1098366784286596
0.8299166175333232,-0.058650752617269,-0.0501027329724469,0.1120230915245595
0.829538933574894,-0.0577933927223668,-0.0495441234385796,0.1141834699627688
0.8291650979980573,-0.0569186497470573,-0.0489624017841736,0.1163170119390639
0.8287953028802117,-0.0560267037100195,-0.0483576932901954,0.1184229165475214
0.8284297405180986,-0.0551177442734429,-0.0477301391372829,0.1205003766160394
0.8280686024919386,-0.0541919689830526,-0.0470798953917478,0.122548583842484
0.8277120795294951,-0.053249583296498,-0.0464071331412887,0.1245667293635093
0.8273603622511503,-0.0522908030513174,-0.0457120404091224,0.1265539993638535
0.8270136404025248,-0.0513158530774348,-0.0449948213614079,0.1285095792746326
0.826672102884009,-0.0503249678621894,-0.0442556969520108,0.1304326534614641
0.8263359376240436,-0.0493183918568774,-0.0434949053221588,0.1323224058122472
0.8260053317836356,-0.0482963808670356,-0.0427127030371362,0.1341780184799474
0.8256804710513569,-0.0472592007491735,-0.0419093642839191,0.1359986757480688
0.8253615397033698,-0.0462071283831885,-0.0410851817708147,0.1377835636016912
0.8250487203090835,-0.0451404516020094,-0.0402404668300288,0.1395318713003093
0.8247421936122213,-0.0440594697169922,-0.0393755499755185,0.1412427919782223
0.8244421384213553,-0.0429644941739102,-0.0384907815713781,0.1429155232062742
0.8241487308716786,-0.0418558469145361,-0.0375865306274186,0.144549271066759
0.8238621445145418,-0.0407338616593556,-0.0366631859133825,0.1461432496175506
0.8235825498816197,-0.0395988833027208,-0.0357211555348051,0.1476966832965686
0.8233101141651435,-0.038451267656799,-0.0347608667537175,0.1492088086859383
0.8230450009293998,-0.0372913812719268,-0.0337827658422122,0.1506788761112396
0.8227873697583848,-0.0361196009190747,-0.0327873176197868,0.1521061516039069
0.8225373758721738,-0.0349363127983588,-0.0317750047157956,0.153489919044536
0.822295169827681,-0.0337419119823204,-0.0307463269877695,0.1548294818468115
0.8220608974122919,-0.0325368027461758,-0.0297018016746995,0.1561241635854582
0.8218346989506555,-0.0313213957887582,-0.028641960824115,0.1573733118774732
0.8216167094922763,-0.0300961097618659,-0.0275673524071726,0.1585762974035648
0.8214070582104155,-0.028861368535537,-0.0264785376961221,0.1597325172968472
0.82120586836384,-0.0276176012348157,-0.0253760910146039,0.1608413954310145
0.82101325692364,-0.0263652401104535,-0.0242605975464277,0.1619023845647289
0.8208293346207352,-0.0251047207230351,-0.0231326531581072,0.1629149661747366
0.8206542059376297,-0.0238364818494182,-0.0219928639716854,0.1638786506062395
0.8204879687544446,-0.0225609626934665,-0.0208418434927395,0.1647929791319931
0.8203307144271271,-0.0212786027272767,-0.0196802120633514,0.1656575236369586
0.8201825277575334,-0.0199898405892834,-0.0185085954551612,0.1664718869032124
0.8200434870974577,-0.0186951138879657,-0.0173276242719019,0.1672357021620681
0.8199136645039546,-0.0173948595515853,-0.0161379338532391,0.1679486323674555
0.8197931254877228,-0.0160895098690925,-0.014940160228867,0.1686103717045716
0.8196819294926739,-0.0147794954672886,-0.0137349424092957,0.1692206430821979
0.819580129862525,-0.013465243264473,-0.0125229200903025,0.1697791984408529
0.8194877740124759,-0.0121471762664669,-0.0113047330428044,0.1702858179312844
0.8194049036275419,-0.0108257137993486,-0.0100810209156079,0.1707403089424476
0.8193315548629873,-0.009501272125108,-0.0088524234062361,0.1711425051123979
0.8192677583673732,-0.0081742618228853,-0.0076195774391789,0.1714922663047246
0.8192135395841286,-0.0068450897499231,-0.0063831185970444,0.17178947704948
0.8191689188881139,-0.0055141585443588,-0.005143680287467,0.1720340458799747
0.8191339117910941,-0.0041818684354835,-0.0039018950688447,0.1722259042817501
0.819108529002237,-0.0028486150443345,-0.0026583922519588,0.1723650064252442
0.8190927766205669,-0.0015147921200529,-0.0014138001094094,0.1724513281636465
0.8190866562009784,-0.0001807900046013,-0.0001687441124814,0.172484866711603
0.8190865677665212,-2.575907152510548e-12,2.3450788891061364e-11,0.1724853513095378
