3.03604499951783
0.7881156925318225,1.8241561024060365e-28,-1.1729837609452895e-14,0.4189880545571004
0.7881180962898011,0.0014744970749274,0.0013660632253748,0.4189768843608494
0.7881357030137743,0.0042541516694183,0.0039410545943472,0.4188950723891013
0.7881704115154919,0.0070343651543735,0.0065158398444005,0.4187338255659143
0.7882222587724239,0.0098157487332747,0.0090905121628411,0.4184930325687683
0.7882912981234462,0.0125987204176618,0.0116649856779506,0.4181725360561945
0.7883775996614669,0.0153836874547788,0.014239164508819,0.4177721310850222
0.7884812501680499,0.0181710487173712,0.0168129450368745,0.4172915657286531
0.788602352964886,0.0209611925179381,0.0193862139676237,0.4167305421512025
0.7887410274951397,0.023754490074596,0.0219588424254879,0.4160887189975454
0.7888974092580284,0.0265512984337615,0.0245306888183026,0.4153657122056133
0.7890716492019422,0.0293519528266339,0.0271015920176415,0.4145610983772839
0.7892639134293095,0.0321567668728572,0.0296713718323133,0.4136744167488064
0.7894743823347988,0.0349660249645902,0.0322398223804021,0.4127051738084642
0.7897032499513237,0.0377799801543465,0.0348067106132519,0.4116528469677423
0.7899507224909462,0.0405988437568634,0.0373717673915474,0.4105168919302673
0.7902170172213706,0.0434227822685117,0.0399346854007707,0.4092967484781245
0.7905023605025842,0.046251907199874,0.042495110782323,0.4079918500473692
0.790806985463008,0.0490862651745636,0.045052635245197,0.4066016348350602
0.7911311288855234,0.0519258246639371,0.0476067854161041,0.4051255603416862
0.7914750277725737,0.0547704645558541,0.0501570141724913,0.4035631191325339
0.7918389149952525,0.057619959535575,0.0527026894666468,0.4019138584510373
0.7922230136967695,0.060473961187085,0.0552430797642825,0.4001774050596786
0.7926275316063192,0.063331984452233,0.0577773447546787,0.3983534899516736
0.7930526535223956,0.0661933865388993,0.0603045198518531,0.396441980688048
0.7934985338217008,0.0690573525403878,0.0628235072128468,0.3944429128306557
0.7939652868422185,0.0719228731227213,0.0653330603235764,0.3923565300128876
0.7944529795310309,0.0747887421316693,0.0678317866032345,0.3901833128494983
0.7949616215549459,0.0776535422566473,0.0703181398899767,0.3879240181455448
0.7954911579538534,0.0805156491168977,0.0727904292867877,0.3855797056550754
0.7960414632235991,0.0833732433441152,0.0752468348685856,0.3831517575229762
0.7966123375972696,0.0862243323617065,0.0776854314075149,0.3806418871848951
0.7972035063018235,0.089066782984963,0.0801042207085854,0.3780521345896801
0.7978146230442934,0.0918983676831346,0.0825011745429934,0.3753848426605933
0.798445276349709,0.0947168148513925,0.0848742795634824,0.3726426215310509
0.7990950010478836,0.0975198715043414,0.0872215910203769,0.3698282910487709
0.7997632898127043,0.1003053541993347,0.0895412747239992,0.3669448242031708
0.8004496074806383,0.1030712012157566,0.0918316483486751,0.3639952798914209
0.8011534062508877,0.1058155180469695,0.0940912155013225,0.3609827335487721
0.8018741404597036,0.1085366124329721,0.0963186897025454,0.3579102113817537
0.8026112752665264,0.1112330004616188,0.0985129936656515,0.3547806521877263
0.8033642985502762,0.1139034220672569,0.1006732658023442,0.3515968567995434
0.8041327275175504,0.1165468351010545,0.1027988489726869,0.3483614612511142
0.8049161124608505,0.119162400214367,0.1048892720051288,0.3450769227931347
0.8057140398786651,0.1217494654507934,0.1069442313872365,0.3417455091622653
0.8065261330191661,0.1243075446261144,0.1089635685123855,0.3383692990327713
0.8073520500086349,0.1268362912299004,0.1109472440784487,0.3349501926335763
0.8081914825518552,0.1293354775634147,0.1128953173617821,0.3314899199148308
0.8090441543227412,0.131804975727799,0.1148079275839114,0.3279900499203966
0.8099098167954545,0.1342447339544829,0.1166852723220993,0.3244520104818859
0.8107882475429915,0.1366547628351974,0.1185275942237327,0.3208770974902973
0.811679247634572,0.1390351208987068,0.1203351676908771,0.317266487656089
0.8125826375349908,0.1413858981878603,0.1221082845454708,0.3136212570415524
0.8134982561643652,0.143707209936829,0.1238472477804157,0.3099423865023787
0.8144259573936204,0.1459991847026508,0.1255523614331531,0.3062307772690058
0.8153656091709716,0.1482619603128831,0.1272239266169826,0.3024872557055058
0.816317090330935,0.1504956748781899,0.1288622341046285,0.2987125871466992
0.8172802896042919,0.1527004639655748,0.1304675616947408,0.2949074807286153
0.8182551036534883,0.1548764559407265,0.1320401703774644,0.2910725979367364
0.8192414364718438,0.1570237708437397,0.1335803032000204,0.2872085556182703
0.8202391977695374,0.1591425172484811,0.1350881827618541,0.2833159328701173
0.8212483010981583,0.1612327889981235,0.136564008747663,0.2793952787734289
0.82226866482103,0.1632946680725775,0.1380079598682076,0.2754471089503825
0.8233002108870567,0.1653282227601139,0.1394201924725322,0.2714719106513113
0.8243428611834472,0.1673335014762617,0.1408008362553131,0.2674701569893204
0.8253965396742227,0.1693105382060283,0.142149998101987,0.2634422987561031
0.8264611722847345,0.1712593531278995,0.1434677625104112,0.259388764994382
0.8275366839794176,0.1731799482061811,0.1447541886476228,0.2553099741741644
0.8286230002655066,0.175072311053977,0.1460093130506012,0.2512063284132113
0.8297200446197687,0.1769364114385256,0.1472331473856777,0.2470782231375946
0.8308277412314229,0.1787722070266141,0.1484256823369383,0.2429260366226509
0.8319460109018203,0.1805796374150558,0.1495868837846463,0.2387501452711648
0.8330747732012358,0.1823586287986948,0.1507166959732191,0.2345509153034593
0.8342139448168524,0.1841090922343053,0.1518150404969518,0.2303287087168207
0.8353634399159576,0.1858309251789783,0.1528818173975348,0.2260838816761783
0.8365231701040787,0.1875240122668477,0.1539169057437872,0.2218167844191688
0.8376930427758945,0.1891882237540326,0.1549201627926795,0.2175277670356285
0.8388729622078495,0.1908234179954938,0.1558914256267542,0.2132171751164507
0.8400628281047986,0.1924294402092007,0.1568305105249643,0.2088853547376225
0.8412625368035481,0.1940061249218056,0.1577372145213677,0.2045326477084806
0.8424719790546831,0.1955532937678655,0.1586113142384316,0.2001593992587682
0.8436910409068277,0.1970707574903881,0.1594525671833289,0.1957659543993983
0.844919603444962,0.1985583163190442,0.1602607120697633,0.1913526584560258
0.846157542530365,0.2000157603387068,0.1610354691307345,0.186919857576181
0.8474047277538336,0.201442868960287,0.1617765399671626,0.1824679020202758
0.848661022753216,0.202839412030224,0.1624836082827883,0.1779971445341569
0.8499262855581924,0.2042051508455752,0.16315634051617,0.1735079386455014
0.8512003661744378,0.2055398361983641,0.163794385014867,0.1690006467314951
0.8524831094212142,0.2068432120776484,0.1643973739917271,0.164475629431801
0.8537743518804768,0.2081150130736476,0.1649649224084421,0.1599332559167175
0.8550739234668409,0.2093549666367377,0.1654966291882463,0.1553738977852954
0.8563816455892662,0.2105627918973302,0.1659920768525309,0.1507979349627305
0.8576973327443976,0.2117382017847831,0.1664508325876215,0.1462057495339019
0.8590207893717551,0.2128809007880328,0.1668724475374833,0.1415977361368025
0.8603518134692838,0.2139905887667425,0.1672564584667696,0.1369742887416108
0.8616901931884503,0.2150669585286499,0.1676023870170199,0.1323358119083458
0.8630357068168998,0.2161096965392273,0.1679097402553456,0.1276827201793887
0.8643881242323049,0.21711848466182,0.1681780114524546,0.1230154324027919
0.8657472047320249,0.2180929990535564,0.1684066800005562,0.1183343785865082
0.8671126981114219,0.2190329115827544,0.1685952120817216,0.1136399955058486
0.8684843439232198,0.2199378898429655,0.1687430609320405,0.108932728589215
0.8698618707743725,0.2208075972753162,0.1688496672030958,0.1042130336468014
0.871244995417914,0.2216416932482224,0.1689144594074872,0.0994813792771568
0.8726334245726758,0.2224398347794768,0.1689368544977474,0.0947382399368591
0.8740268527626328,0.2232016757909752,0.1689162581942785,0.0899841026328632
0.8754249665034708,0.2239268698931054,0.168852065289683,0.08521945193916
0.8768274391061754,0.224615067955523,0.1687436600044498,0.0804447870277577
0.8782339293220408,0.2252659182385969,0.1685904168072708,0.0756606255254257
0.8796440818295203,0.2258790674907031,0.1683917011816536,0.070867501101407
0.8810575287357847,0.2264541623282437,0.168146870088496,0.0660659576308776
0.8824738892850675,0.2269908496773756,0.167855272514715,0.0612565494696578
0.8838927684512551,0.2274887768581702,0.1675162503418995,0.056439845514692
0.885313757478216,0.2279475924782177,0.167129138915499,0.0516164266530691
0.8867364329604653,0.2283669467990615,0.1666932679659055,0.046786888176123
0.8881603568872396,0.2287464924769147,0.1662079623649911,0.0419518389339737
0.8895850774694916,0.2290858854499488,0.1656725425641615,0.0371118978429161
0.8910101266494668,0.2293847850165912,0.1650863262808384,0.0322677016748347
0.892435021392215,0.2296428549550242,0.1644486289663681,0.0274199000264045
0.8938592632092477,0.2298597641656572,0.1637587649011396,0.0225691563134811
0.8952823376042428,0.2300351873789745,0.163016048459181,0.0177161490639285
0.8967037128845345,0.2301688059064585,0.1622197958990862,0.0128615754226967
0.8981228409905574,0.230260308705115,0.1613693262313642,0.0080061478269586
0.8995391571210508,0.2303093932814603,0.1604639627477277,0.003150594832292
0.900952077670813,0.2303157666965063,0.1595030358955765,-0.0017043321880843
0.902361001769406,0.2302791468248995,0.1584858840877884,-0.0065578645905944
0.9037661667216994,0.2301992014716581,0.1574111825371796,-0.0114121763817723
0.9051670492596516,0.2300755808800647,0.1562780833414066,-0.0162668834168692
0.9065629438549836,0.229907955154231,0.1550858700519467,-0.0211210214199665
0.9079531129917106,0.2296960161262501,0.1538338577228143,-0.0259735620571693
0.9093367835444288,0.229439481764541,0.1525214022999503,-0.0308233989069276
0.9107131461161232,0.2291381008634779,0.1511479086471992,-0.0356693430614909
0.9120813505112572,0.2287916592430614,0.1497128436853746,-0.040510104344019
0.913440504966066,0.2283999861535554,0.148215747633368,-0.0453442846836983
0.9147896709637844,0.2279629628776585,0.1466562518845955,-0.05017035461564
0.9161278637073073,0.2274805309620877,0.1450340930024634,-0.0549866483893103
0.9174540471887224,0.2269527033988933,0.1433491353084138,-0.0597913380746096
0.918767134039474,0.2263795757149406,0.1416013907737106,-0.064582422736908
0.9200659835767104,0.2257613391674311,0.1397910440238464,-0.0693577088542473
0.9213494032572914,0.2250982939678588,0.1379184759163119,-0.0741148006343829
0.9226161526041172,0.2243908623449284,0.1359842860648927,-0.0788510970212021
0.9238649444489396,0.2236396041349189,0.1339893219335106,-0.0835637760657454
0.9250944577034856,0.2228452264334038,0.1319346919749576,-0.0882498200564234
0.9263033434391688,0.2220085968741511,0.1298217896356806,-0.0929060136883166
0.9274902438297188,0.2211307478088416,0.127652295332509,-0.0975289899170838
0.9286538095905276,0.220212878737284,0.1254281770727018,-0.1021152705822391
0.9297927201701408,0.219256353527808,0.1231516812173742,-0.1066613189960236
0.93090570855245,0.2182626893428748,0.1208253068497371,-0.1111636138024621
0.9319915850496294,0.2172335404097984,0.1184517719768037,-0.1156187238411894
0.9330492592650242,0.216170677027716,0.1160339723553554,-0.1200233817839613
0.934077762224705,0.2150759574056288,0.1135749273441859,-0.1243745660807761
0.9350762604625256,0.2139513006797944,0.1110777313993862,-0.1286695577210295
0.9360440672835608,0.2127986571124819,0.1085455011966504,-0.1329059929390588
0.9369806498895888,0.2116199774543233,0.1059813223418834,-0.1370819062811001
0.9378856272023663,0.2104171894999182,0.1033882123855973,-0.1411957397509504
0.9387587648222452,0.2091921764389995,0.1007690873072684,-0.1452463438128842
0.9395999671948616,0.207946757945581,0.0981267331450035,-0.149232969444612
0.9404092650185832,0.2066826783823495,0.0954637916624584,-0.1531552400913279
0.941186801724576,0.2054015983252446,0.0927827515440412,-0.1570131191351574
0.9419328191149624,0.2041050900509779,0.0900859463930234,-0.1608068720318934
0.942647643284894,0.2027946357990999,0.0873755570199184,-0.164537027511837
0.9433316720259372,0.2014716267808608,0.0846536139323649,-0.1682043435430928
0.9439853611994544,0.200137367737627,0.0819220100520439,-0.1718097643471927
0.944609214603891,0.198793078534231,0.0791825062178035,-0.175354392063698
0.945203773534072,0.1974398996471496,0.0764367437938944,-0.1788394530802911
0.945769608958384,0.1960788952998412,0.0736862517314452,-0.1822662753066825
0.9463073133480708,0.194711060364114,0.0709324606754774,-0.1856362596945268
0.946817495309249,0.1933373233848316,0.0681767087433651,-0.1889508649709614
0.9473007742568736,0.1919585516156756,0.0654202510294052,-0.1922115898294286
0.947757776293817,0.1905755549850088,0.0626642666853333,-0.1954199599163268
0.9481891307029586,0.189189090105767,0.0599098658989503,-0.1985775163895365
0.9485954667135532,0.1877998652660447,0.0571580986686035,-0.2016858037043029
0.94897741169755,0.1864085422591139,0.0544099572042246,-0.204746365678082
0.9493355889772628,0.1850157405767123,0.051666382970761,-0.2077607369714299
0.9496706162954534,0.1836220405306587,0.0489282715623685,-0.210730437715454
0.9499831047367536,0.182227985527578,0.0461964759017849,-0.2136569704347007
0.950273657942604,0.1808340837014322,0.0434718082023844,-0.216541818582914
0.950542871078754,0.1794408113830503,0.0407550455468413,-0.2193864414927232
0.9507913304377874,0.1780486143144107,0.0380469310731404,-0.2221922742420636
0.9510196128361236,0.1766579104055142,0.0353481782048428,-0.2249607244661685
0.9512282854772052,0.1752690903879644,0.032659470824642,-0.2276931734912158
0.951417905589928,0.173882520077377,0.0299814666184732,-0.2303909742497832
0.9515890201848058,0.1724985426140579,0.0273148003979875,-0.2330554493421577
0.9517421662345116,0.1711174776649041,0.0246600816067794,-0.235687894936008
0.9518778704043254,0.1697396241663753,0.0220178987074201,-0.2382895777439807
0.9519966490493512,0.1683652615561052,0.0193888206784287,-0.2408617349456693
0.9520990082907552,0.1669946502921339,0.0167733971893106,-0.2434055753802067
0.952185444046395,0.1656280328529,0.014172159742216,-0.2459222797504027
0.952256442074243,0.1642656348560935,0.0115856230749236,-0.248413000555178
0.952312478043209,0.1629076661682125,0.009014286575322,-0.2508788619940211
0.9523540176393448,0.1615543216701875,0.0064586350729866,-0.2533209604434309
0.952381516684474,0.1602057815800237,0.0039191388305304,-0.2557403656569166
0.9523954212347064,0.1588622119754512,0.0013962539543055,-0.2581381215202599
0.95239616768126,0.1575237667340998,-0.0011095745089658,-0.2605152442274915
0.9523841828873906,0.1561905863628865,-0.0035979152880074,-0.2628727259476303
0.9523598580646806,0.1548616536076214,-0.0060704770946652,-0.2652135484307734
0.9523235686155952,0.1535370268482615,-0.0085269387525702,-0.2675387377236247
0.9522756834046968,0.1522168326023681,-0.010966840803226,-0.2698491618621192
0.9522165644991594,0.1509011882331218,-0.0133897303416338,-0.2721456688030515
0.9521465671975534,0.1495902015819944,-0.015795162007827,-0.2744290879783428
0.9520660401322896,0.1482839722580302,-0.0181826959099497,-0.276700228920512
0.951975325269778,0.1469825908901971,-0.0205518992726144,-0.2789598834051672
0.951874758011292,0.1456861402333513,-0.0229023446690352,-0.2812088243331639
0.951764667245714,0.1443946952946253,-0.0252336100382478,-0.2834478062890379
0.951645375413847,0.1431083236507236,-0.0275452783380179,-0.285677565737107
0.9515171985981136,0.1418270859838389,-0.0298369367954684,-0.2878988208101453
0.951380446506122,0.1405510355461094,-0.0321081780606943,-0.2901122729282483
0.951235422650117,0.1392802195636042,-0.034358597878999,-0.2923186050290884
0.951082424322981,0.1380146786064466,-0.0365877963867152,-0.2945184832995139
0.9509217426962476,0.1367544471524802,-0.0387953772612925,-0.2967125568140759
0.9507536629587816,0.1354995543379962,-0.040980946553672,-0.2989014568195018
0.9505784642429188,0.1342500230772212,-0.0431441143582934,-0.3010857988389487
0.9503964197928404,0.1330058710665437,-0.045284493170725,-0.3032661814736731
0.9502077971189568,0.1317671114973681,-0.0474016967822818,-0.3054431856767779
0.9500128578572726,0.1305337518180626,-0.049495342502088,-0.3076173774325308
0.9498118580312666,0.1293057951994232,-0.0515650487285255,-0.3097893056735359
0.9496050479867346,0.1280832398350642,-0.0536104362122811,-0.3119595039839013
0.9493926725987416,0.1268660799308494,-0.0556311264516782,-0.3141284893015136
0.9491749712695996,0.1256543053954996,-0.0576267422733443,-0.3162967628965153
0.9489521779784124,0.1244479018776083,-0.0595969078042307,-0.3184648107277562
0.9487245214556016,0.1232468514621496,-0.0615412473617708,-0.3206331025947311
0.9484922251036886,0.1220511319879934,-0.0634593865854186,-0.3228020937520502
0.9482555072508002,0.1208607181266158,-0.0653509507015879,-0.3249722233317214
0.9480145811546188,0.119675581113218,-0.0672155649767147,-0.3271439151730997
0.9477696550557032,0.1184956887586245,-0.0690528546919097,-0.3293175781390439
0.9475209323054018,0.1173210058162133,-0.0708624445552778,-0.331493605763068
0.9472686114119608,0.1161514939384043,-0.0726439587540912,-0.3336723766317152
0.9470128861117428,0.1149871117575091,-0.074397020798229,-0.3358542545267778
0.9467539455871274,0.1138278156141393,-0.076121252396697,-0.338039587329114
0.9464919742647322,0.1126735583861876,-0.0778162751699241,-0.3402287094765301
0.9462271522723176,0.111524291266103,-0.0794817079675373,-0.3424219388501506
0.9459596551794464,0.1103799623433741,-0.0811171689118122,-0.3446195796795014
0.9456896543430447,0.1092405178444815,-0.082722273539799,-0.3468219203875725
0.945417316793344,0.1081059013738783,-0.0842966358355471,-0.3490292352354264
0.9451428054533998,0.1069760545788323,-0.0858398672223789,-0.3512417832163112
0.9448662792301346,0.1058509172483689,-0.0873515763814749,-0.3534598080072858
0.9445878929930333,0.1047304269585687,-0.0888313696660969,-0.3556835388047326
0.9443077978491068,0.1036145199156067,-0.0902788499146189,-0.3579131887755891
0.9440261409917502,0.1025031300768638,-0.0916936175435391,-0.3601489569040328
0.9437430660682242,0.1013961903412969,-0.093075268944682,-0.3623910256923899
0.9434587130770812,0.1002936318631819,-0.0944233973216368,-0.3646395625909838
0.943173218446771,0.099195384096323,-0.0957375925494823,-0.3668947199668064
0.9428867152894088,0.0981013755020835,-0.0970174402640543,-0.3691566336781615
0.9425993333416915,0.097011533045758,-0.0982625224269595,-0.3714254241062414
0.9423111992389244,0.0959257829660957,-0.0994724164019183,-0.3737011945376184
0.9420224364081976,0.0948440500954118,-0.1006466957107944,-0.3759840325352737
0.9417331654134964,0.0937662588842748,-0.1017849288945979,-0.3782740077191269
0.9414435038328984,0.0926923326655397,-0.1028866803360411,-0.3805711732219808
0.9411535664335842,0.0916221940393317,-0.1039515098522456,-0.3828755647715615
0.940863465291574,0.0905557650465513,-0.104978972560221,-0.3851872001839073
0.9405733099548164,0.0894929674996091,-0.1059686186358092,-0.3875060784822018
0.9402832075530928,0.0884337231163859,-0.1069199933181208,-0.3898321794056341
0.9399932628122106,0.087377953308773,-0.1078326372442032,-0.3921654636578707
0.9397035782409768,0.0863255796061127,-0.1087060862360964,-0.3945058717422651
0.9394142542043455,0.0852765236655191,-0.1095398715101432,-0.3968533236749786
0.939125389090469,0.0842307076277387,-0.1103335196491025,-0.3992077179037966
0.9388370795240296,0.0831880546440345,-0.1110865525505045,-0.4015689297975401
0.9385494203034244,0.0821484884112112,-0.1117984881772715,-0.4039368123491752
0.9382625046326388,0.0811119337818954,-0.1124688405556011,-0.4063111944368835
0.9379764242424392,0.0800783169831393,-0.1130971201719996,-0.4086918799357423
0.9376912695737076,0.079047566071204,-0.1136828343261463,-0.4110786462608728
0.9374071298827868,0.0780196111184519,-0.1142254877670386,-0.4134712435020909
0.9371240933466384,0.0769943844150561,-0.1147245834108795,-0.4158693935141986
0.9368422472653312,0.0759718210410142,-0.1151796229980868,-0.4182727881284718
0.936561678101463,0.074951858867683,-0.1155901081627991,-0.4206810886889141
0.9362824718712108,0.0739344398607436,-0.1159555411184789,-0.423093922513767
0.9360047140798166,0.0729195097571031,-0.1162754262215519,-0.4255108831839894
0.9357284899309856,0.0719070187660212,-0.1165492712627411,-0.4279315284325238
0.935453884374326,0.0708969217116778,-0.1167765891288448,-0.4303553793795878
0.935180982576181,0.0698891797720785,-0.1169568993274028,-0.4327819159618962
0.9349098697992104,0.0688837600934278,-0.1170897303054535,-0.4352105774831487
0.9346406313541186,0.0678806356981237,-0.1171746217272141,-0.4376407625495962
0.9343733531514534,0.0668797876754371,-0.1172111267776693,-0.440071823544034
0.934108121631905,0.0658812051310616,-0.1171988151050023,-0.4425030665857447
0.9338450231910074,0.064884883256846,-0.1171372756773219,-0.4449337562084408
0.9335841437123128,0.0638908217821184,-0.117026119194057,-0.447363119285559
0.9333255717118768,0.0628990372908918,-0.1168649826921208,-0.4497903151531732
0.9330693961820355,0.0619095555444873,-0.1166535332112261,-0.4522144546890415
0.9328157071117954,0.0609224139930806,-0.1163914721673594,-0.4546345947453358
0.9325645949704496,0.059937660368237,-0.1160785392275015,-0.4570497423817669
0.9323161507489546,0.0589553534725658,-0.1157145166722909,-0.4594588539468269
0.932070465947472,0.057975563840048,-0.1152992339908925,-0.4618608347151782
0.9318276320809604,0.0569983725309383,-0.1148325717736304,-0.4642545433558016
0.9315877406312916,0.0560238717266128,-0.1143144662281617,-0.466638792248462
0.9313508826909312,0.0550521641273413,-0.1137449131390187,-0.469012351001694
0.9311171484448448,0.054083361676652,-0.1131239711429319,-0.4713739518706374
0.9308866270177442,0.0531175857735351,-0.1124517655972556,-0.4737222917874072
0.9306594055799116,0.052154964363815,-0.1117284899989831,-0.4760560422130599
0.9304355692240982,0.0511956321702853,-0.1109544089429556,-0.4783738515276008
0.9302152004124934,0.0502397290683851,-0.1101298593666102,-0.4806743520980941
0.9299983781432424,0.0492873971008195,-0.1092552498050052,-0.4829561707009562
0.929785177897252,0.0483387807429757,-0.108331061725473,-0.4852179311670706
0.9295756704408812,0.0473940219732042,-0.1073578452614955,-0.4874582694442719
0.92936992189472,0.0464532607307435,-0.1063362190938073,-0.4896758356697926
0.9291679935586528,0.0455166342305448,-0.1052668689426923,-0.491869298957766
0.92896994061093,0.044584270831763,-0.1041505389537189,-0.4940373647308276
0.9287758127877948,0.0436562928260879,-0.1029880322659654,-0.4961787708461816
0.9285856537515048,0.0427328130068779,-0.1017802040192625,-0.4982922980649359
0.9283995010079196,0.0418139335744461,-0.1005279563074237,-0.5003767746992308
0.9282173855787896,0.0408997436201249,-0.0992322305759764,-0.5024310840978466
0.9280393326815446,0.0399903214673266,-0.0978940063625851,-0.5044541608075448
0.927865361500227,0.0390857324291455,-0.0965142935921344,-0.5064449968258917
0.9276954852294136,0.0381860277125757,-0.095094125922895,-0.5084026447827704
0.9275297114404244,0.0372912448894468,-0.0936345563080936,-0.5103262173059913
0.9273680428604828,0.0364014106591972,-0.0921366566193489,-0.5122148813173585
0.9272104769613074,0.0355165371445,-0.0906015067536463,-0.5140678659484648
0.927057006600404,0.0346366237735384,-0.0890301927511414,-0.5158844580763075
0.9269076204709652,0.0337616582295242,-0.0874238038168279,-0.5176639997714754
0.9267623036410872,0.0328916180330176,-0.0857834309108276,-0.5194058843868348
0.926621037546034,0.0320264689267275,-0.0841101596264196,-0.5211095589395732
0.9264838006368415,0.0311661671705113,-0.0824050705409439,-0.5227745184242125
0.9263505686779112,0.0303106598731833,-0.0806692363071299,-0.5244003040552722
0.9262213150628986,0.0294598854846178,-0.0789037192861978,-0.5259865010752296
0.9260960113146895,0.0286137756163629,-0.0771095722837604,-0.5275327340713593
0.9259746273527184,0.027772255519287,-0.0752878369577085,-0.529038664905768
0.925857131450126,0.0269352424028591,-0.0734395376508734,-0.5305039943443417
0.9257434911088478,0.0261026502902772,-0.0715656897629725,-0.5319284520941459
0.925633672830746,0.0252743872983816,-0.0696672919457816,-0.5333118003838059
0.9255276424121632,0.0244503565576841,-0.067745326291709,-0.5346538309280926
0.9254253654964126,0.023630459421514,-0.0658007643382667,-0.5359543584393966
0.9253268070047128,0.0228145898904835,-0.0638345525815476,-0.5372132282527605
0.9252319326027972,0.0220026456264538,-0.0618476377336599,-0.5384302979239671
0.9251407073771294,0.0211945161829996,-0.0598409375122876,-0.5396054543240972
0.9250530967881148,0.0203900899343132,-0.0578153563899797,-0.5407386016112529
0.9249690670048218,0.0195892566199769,-0.0557717916457454,-0.5418296569119103
0.9248885844169636,0.0187919022149889,-0.0537111200137604,-0.5428785566202493
0.9248116160166,0.017997911691308,-0.0516342041668458,-0.5438852514175655
0.9247381293712936,0.0172071680390265,-0.0495418898491076,-0.5448497065308601
0.924668093042918,0.0164195561700599,-0.0474350160325701,-0.5457718961009639
0.9246014761476996,0.0156349576234835,-0.045314400803194,-0.5466518087901878
0.924538248912842,0.014853256315854,-0.0431808567163523,-0.5474894402626395
0.9244783822449044,0.0140743329697967,-0.0410351757802583,-0.5482847986715338
0.924421848211411,0.0132980705674751,-0.0388781444132317,-0.5490378980536269
0.9243686197428718,0.0125243501341051,-0.0367105320266538,-0.5497487620401412
0.9243186709339356,0.0117530544755626,-0.0345331016091411,-0.5504174195950732
0.92427197678775,0.0109840640044278,-0.0323465982499085,-0.5510439081738623
0.9242285135991212,0.0102172624354522,-0.0301517655399029,-0.5516282683302042
0.9241882586306808,0.0094525312759326,-0.0279493302670679,-0.552170547795237
0.9241511902464272,0.008689751303912,-0.0257400068497303,-0.5526707994335218
0.924117288103374,0.0079288062933614,-0.0235245085262604,-0.5531290783965819
0.9240865329649588,0.0071695793008125,-0.0213035370701024,-0.5535454443838161
0.9240589067583536,0.0064119534615694,-0.0190777854804945,-0.5539199606261227
0.9240343925602404,0.0056558111162955,-0.0168479358270689,-0.5542526938426094
0.9240129747641682,0.0049010390774259,-0.0146146752591803,-0.5545437117392088
0.9239946388107506,0.0041475200894987,-0.0123786712775526,-0.5547930864530546
0.923979371361396,0.0033951373013624,-0.0101405853441593,-0.555000891988339
0.9239671603424138,0.0026437773433251,-0.0079010825670845,-0.5551672034174314
0.9239579948035168,0.0018933226342622,-0.005660809292659,-0.5552920986230829
0.9239518650600728,0.0011436597016916,-0.0034204183927765,-0.5553756561900426
0.9239487626029652,0.0003946735283709,-0.0011805529159053,-0.555417956474552
0.923948680129178,-0.000353750253159,0.0010581468615206,-0.5554190810429503
0.9239516115270464,-0.0011017246718271,0.0032950408657987,-0.5553791127414992
0.9239575583012511,-0.0018500091096244,0.0055314235722808,-0.5552980480072768
0.9239665247708518,-0.0025987357516662,0.0077667114636895,-0.5551758623704198
0.923978516360164,-0.0033480159983748,0.0100002563995668,-0.5550125338213057
0.9239935396709622,-0.0040979629008694,0.0122314122344308,-0.554808041901315
0.924011602482433,-0.0048486900735664,0.0144595310802411,-0.5545623677913063
0.9240327137081428,-0.0056003100908142,0.0166839580796296,-0.5542754949962617
0.9240568834140226,-0.0063529358414795,0.0189040349875589,-0.5539474092102529
0.924084122796864,-0.0071066800223437,0.0211190982312373,-0.55357809872886
0.9241144441709126,-0.0078616551428623,0.0233284785094322,-0.5531675547602299
0.9241478610443942,-0.0086179755014814,0.0255315061381792,-0.5527157705292158
0.9241843879861767,-0.0093757540589382,0.0277275014839992,-0.5522227432311835
0.9242240406548756,-0.010135103722039,0.0299157783681846,-0.551688473789788
0.9242668358092122,-0.0108961377973601,0.0320956450066527,-0.5511129668774827
0.9243127912966596,-0.0116589699431615,0.0342664034959049,-0.5504962312354453
0.924361925923862,-0.0124237123763352,0.0364273444069472,-0.549838281578912
0.9244142596786472,-0.0131904797181869,0.0385777573832029,-0.54913913579126
0.9244698134104083,-0.0139593843227747,0.0407169176612492,-0.5483988193731374
0.9245286091080668,-0.0147305406954252,0.0428440982175204,-0.5476173618972253
0.9245906696377704,-0.0155040620733151,0.0449585599841787,-0.5467948006734697
0.9246560187926712,-0.0162800615951858,0.0470595549660963,-0.5459311802375479
0.924724681206354,-0.0170586516679272,0.0491463244083809,-0.5450265536410482
0.924796682510231,-0.0178399461039046,0.0512181044147679,-0.544080980516882
0.924872048807556,-0.0186240547926003,0.0532741117622,-0.5430945341095088
0.9249508073485276,-0.0194110914004063,0.0553135642824656,-0.5420672925167661
0.9250329858816108,-0.020201166876465,0.0573356637491133,-0.5409993472806943
0.9251186127427174,-0.020994391088322,0.0593396004474439,-0.5398908022480842
0.925207717023094,-0.0217908748262685,0.0613245583987274,-0.5387417714269961
0.9253003280579406,-0.022590725656201,0.0632897052061207,-0.5375523855853619
0.925396475753777,-0.0233940514849646,0.0652342013668648,-0.5363227879636023
0.9254961903851456,-0.0242009592496915,0.0671571973354717,-0.5350531368132301
0.92559950211178,-0.0250115517005288,0.0690578264928289,-0.5337436113799041
0.925706441384926,-0.0258259314318567,0.0709352155043642,-0.5323944064968641
0.9258170386644218,-0.0266441992190611,0.0727884810084234,-0.5310057359241044
0.9259313239017456,-0.0274664509823698,0.0746167237378446,-0.5295778384702843
0.9260493269710872,-0.0282927817954456,0.076419038697834,-0.528110972127339
0.9261710771028054,-0.0291232825705559,0.078194508898218,-0.5266054206332742
0.926296602678248,-0.029958039624053,0.0799422059827838,-0.5250614953394441
0.9264259312017687,-0.0307971354484391,0.0816611935064528,-0.5234795347855747
0.9265590891025336,-0.0316406483169918,0.0833505277724407,-0.521859906277826
0.9266961011489736,-0.0324886495785095,0.0850092543878319,-0.5202030120043565
0.9268369906244478,-0.0333412058694273,0.0866364149328274,-0.518509285723365
0.9269817784944407,-0.0341983751333096,0.0882310417086518,-0.5167792014824004
0.9271304834867232,-0.0350602083731436,0.0897921639659568,-0.515013271105367
0.9272831221015856,-0.035926750788285,0.0913188126319182,-0.5132120424746024
0.9274397072057372,-0.0367980349655827,0.0928100113574573,-0.5113761143119249
0.9276002488471762,-0.0376740868452529,0.0942647905839219,-0.5095061244702372
0.927764753168291,-0.0385549209075009,0.0956821827801224,-0.5076027604696
0.9279332221691682,-0.0394405402927717,0.0970612267645334,-0.5056667597317213
0.92810565350296,-0.0403309370422452,0.0984009722122696,-0.503698909280581
0.928282040198108,-0.0412260919113111,0.0997004835019402,-0.5017000461204221
0.9284623699053924,-0.0421259718123582,0.1009588403752075,-0.4996710627635284
0.9286466255683689,-0.0430305343933003,0.1021751488119526,-0.4976128965131094
0.9288347837762142,-0.0439397210242442,0.1033485357483223,-0.4955265446504904
0.9290268157331932,-0.044853462731809,0.104478161676841,-0.4934130501037855
0.9292226866011798,-0.0457716779725432,0.1055632218217484,-0.4912735052935706
0.9294223555669976,-0.0466942738669312,0.1066029517521827,-0.4891090478335723
0.929625775676714,-0.0476211462123391,0.10759663119991,-0.4869208587834571
0.929832894068306,-0.0485521812097814,0.1085435894340417,-0.48471015661919
0.9300436524062374,-0.0494872578810436,0.109443210558534,-0.4824781892402792
0.9302579866373136,-0.0504262472882837,0.1102949350313234,-0.4802262333619225
0.930475827235692,-0.0513690138584936,0.1110982629982355,-0.4779555887839704
0.930697100534712,-0.0523154211781617,0.1118527604455072,-0.4756675616787087
0.9309217278906856,-0.0532653282290149,0.112558056424187,-0.4733634707896269
0.9311496273896642,-0.0542185964140091,0.1132138484559,-0.4710446275510628
0.9313807133036758,-0.0551750868358729,0.1138198995551692,-0.4687123397851265
0.9316148973482432,-0.0561346650656847,0.1143760401163394,-0.4663678972846913
0.9318520888270152,-0.0570972011198819,0.1148821657195253,-0.4640125691313728
0.9320921955499542,-0.0580625725316386,0.1153382362014707,-0.4616475936054874
0.9323351238633458,-0.0590306637375835,0.1157442721976053,-0.4592741772851561
0.9325807795630624,-0.0600013689862195,0.1161003530040823,-0.456893485732756
0.9328290676694132,-0.0609745906793685,0.1164066121562497,-0.4545066456016421
0.9330798935098604,-0.061950242887559,0.116663234726172,-0.4521147342969506
0.9333331626142408,-0.0629282501723317,0.1168704526565327,-0.4497187813944223
0.9335887809227468,-0.0639085476963895,0.1170285406553538,-0.4473197671448271
0.9338466550589488,-0.0648910816181404,0.1171378121198649,-0.4449186205178687
0.9341066926136736,-0.0658758095573299,0.1171986150004428,-0.4425162173054139
0.934368801804812,-0.0668626987498935,0.1172113276265939,-0.440113384073846
0.9346328919350532,-0.0678517272928272,0.1171763549691975,-0.4377108947603763
0.9348988749105556,-0.0688428893416434,0.117094124211122,-0.4353094579303078
0.9351666624085144,-0.0698361841180676,0.1169650814479682,-0.4329097434885713
0.9354361663041026,-0.0708316172803455,0.1167896891231064,-0.4305123793571102
0.9357072991257046,-0.0718292023915944,0.1165684231287172,-0.4281179480817874
0.9359799741710612,-0.0728289611501592,0.1163017699522269,-0.4257269865724141
0.9362541050440722,-0.0738309215424806,0.1159902245531231,-0.4233399908968861
0.9365296057095231,-0.0748351179530563,0.1156342880878493,-0.4209574164247837
0.9368063904080052,-0.0758415907990852,0.1152344658941089,-0.4185796791689718
0.9370843732537668,-0.0768503850547646,0.114791266169005,-0.4162071597721977
0.9373634683426468,-0.0778615506691672,0.1143051981500163,-0.4138402030258595
0.9376435895235432,-0.078875141790935,0.1137767709143408,-0.4114791202281389
0.937924650171425,-0.0798912160310973,0.1132064924181369,-0.4091241914328211
0.9382065630502314,-0.080909834077564,0.112594868558974,-0.4067756668600771
0.9384892402155496,-0.0819310594749936,0.1119424022785512,-0.404433767916655
0.9387725928408734,-0.0829549581479151,0.111249592949345,-0.4020986887940129
0.9390565310530358,-0.0839815979738939,0.1105169358823131,-0.3997705979225949
0.9393409637966192,-0.0850110484754429,0.1097449218821128,-0.3974496391270568
0.9396257987554036,-0.0860433807306267,0.1089340367328162,-0.3951359322658441
0.9399109421296624,-0.0870786667720012,0.108084761167294,-0.3928295749946815
0.940196298654084,-0.0881169798667313,0.10719757022524,-0.3905306425283487
0.9404817711938772,-0.089158393270314,0.1062729339630832,-0.3882391907636229
0.9407672609398798,-0.090202981163654,0.1053113163897182,-0.3859552545286198
0.94105266702791,-0.0912508174974765,0.104313176265472,-0.3836788504288547
0.94133788673986,-0.0923019769679142,0.103278966009747,-0.3814099749975483
0.9416228149968668,-0.0933565333962497,0.102209133114766,-0.3791486084617442
0.9419073445835756,-0.094414560796698,0.1011041190198231,-0.3768947126491741
0.942191365880934,-0.0954761326372908,0.0999643597688051,-0.3746482327809052
0.9424747667153524,-0.0965413215213715,0.0987902863360394,-0.3724090983047338
0.9427574324229608,-0.0976101996764524,0.0975823240857945,-0.3701772220059893
0.9430392456628792,-0.0986828385061747,0.0963408932504497,-0.3679525010806305
0.9433200863352122,-0.0997593085310053,0.095066409018944,-0.3657348173571577
0.9435998314422062,-0.1008396791086915,0.0937592819037304,-0.3635240379475983
0.9438783550228464,-0.1019240184308611,0.0924199178042287,-0.3613200153011662
0.9441555281249644,-0.1030123936689656,0.0910487178769202,-0.3591225869427776
0.9444312186066064,-0.104104870450799,0.0896460792478413,-0.3569315765472308
0.9447052910726564,-0.1052015128532129,0.0882123951138319,-0.3547467939325355
0.9449776069381348,-0.1063023839098068,0.0867480541459005,-0.3525680340238903
0.9452480241395088,-0.1074075447074204,0.0852534417414364,-0.3503950786097342
0.945516397191538,-0.1085170548610054,0.0837289394797354,-0.3482276953313015
0.9457825769634798,-0.1096309718421517,0.0821749261176157,-0.3460656389141806
0.9460464107566116,-0.1107493515441839,0.0805917768958662,-0.3439086499607054
0.94630774221593,-0.1118722481770616,0.0789798637343834,-0.3417564550529636
0.9465664109909322,-0.112999713056652,0.0773395570499293,-0.3396087689357225
0.946822253017138,-0.1141317960547858,0.0756712237536961,-0.337465291581812
0.9470751001907226,-0.1152685444378302,0.0739752289929051,-0.3353257102474741
0.9473247803883078,-0.1164100031868635,0.0722519357576504,-0.3331896986745761
0.9475711173838394,-0.1175562148712543,0.070501705124912,-0.3310569171328417
0.9478139308371512,-0.1187072198568576,0.0687248959826923,-0.3289270118264514
0.9480530359956002,-0.1198630551450412,0.0669218668671459,-0.3267996168159834
0.9482882438760302,-0.1210237554690663,0.0650929743215495,-0.3246743517404427
0.9485193610468186,-0.122189352500076,0.0632385741581388,-0.3225508230278952
0.948746189592188,-0.1233598749058883,0.0613590214021558,-0.3204286235097355
0.9489685270350402,-0.1245353482051307,0.0594546705471268,-0.3183073323972809
0.9491861663131644,-0.125715794903308,0.057525875343633,-0.3161865147358805
0.9493988955985472,-0.1269012337784072,0.0555729899675466,-0.3140657223731777
0.949606498340292,-0.128091680358196,0.0535963682418485,-0.3119444927660288
0.9498087530700584,-0.1292871460752098,0.0515963650242917,-0.3098223501403374
0.9500054334810026,-0.1304876389719539,0.0495733350186855,-0.3076988038695169
0.9501963082525636,-0.1316931629398722,0.0475276340136575,-0.3055733494487507
0.9503811410385408,-0.1329037179054312,0.0454596185339743,-0.3034454677682385
0.9505596903651332,-0.1341192994621179,0.0433696464162333,-0.3013146253499467
0.9507317095353026,-0.1353398984871276,0.0412580774166499,-0.2991802745871963
0.9508969466722844,-0.1365655017430747,0.0391252721039758,-0.2970418522449347
0.9510551445041716,-0.1377960906349601,0.0369715939343119,-0.2948987811674775
0.95120604041655,-0.139031641873457,0.0347974080159228,-0.2927504686348007
0.9513493663217344,-0.1402721267848256,0.0326030822156551,-0.2905963070623265
0.9514848486507788,-0.1415175115898471,0.0303889865561484,-0.2884356729931407
0.9516122081733333,-0.1427677561226155,0.028155495371336,-0.2862679287774118
0.951731160086582,-0.1440228149922739,0.0259029851108962,-0.284092419991649
0.9518414138836944,-0.1452826368058659,0.023631835568307,-0.2819084762001042
0.9519426732366932,-0.1465471632646949,0.021342431354918,-0.2797154119098104
0.9520346360179202,-0.1478163298231314,0.0190351605458977,-0.2775125247937195
0.9521169941744468,-0.149090064592888,0.0167104164819087,-0.2752990969320342
0.9521894337205812,-0.1503682887235749,0.0143685968842756,-0.2730743934671439
0.9522516347094429,-0.1516509169914646,0.0120101025462665,-0.2708376608577044
0.9523032710267476,-0.1529378546598655,0.0096353428700944,-0.2685881316044076
0.9523440104575942,-0.1542289990257457,0.0072447328073966,-0.2663250207962114
0.9523735146479912,-0.1555242402826037,0.004838690985547,-0.2640475237829852
0.9523914389648488,-0.1568234583390225,0.0024176453263558,-0.2617548209176917
0.952397432510967,-0.1581265247410322,-1.79708058519e-05,-0.2594460733150738
0.9523911380518084,-0.1594333008323162,-0.0024677154877089,-0.2571204251911245
0.9523721804108296,-0.1607442359962114,-0.0049322648111137,-0.2547759302561443
0.9523401544894006,-0.1620597553307326,-0.0074122726575207,-0.2524106248386203
0.9522946465691032,-0.1633797008483208,-0.0099073122871171,-0.2500235359153244
0.9522352340327498,-0.1647039048104361,-0.0124169501272863,-0.2476136615180041
0.9521614852424496,-0.1660321871052411,-0.0149407413739795,-0.2451799738416107
0.9520729594941004,-0.1673643532967636,-0.0174782268414606,-0.2427214211759014
0.951969206849276,-0.1687001952062367,-0.0200289346461373,-0.2402369251512732
0.9518497681501734,-0.1700394886973835,-0.0225923765993156,-0.2377253830741998
0.9517141748316614,-0.1713819943682258,-0.0251680501752204,-0.2351856648144417
0.951561949007002,-0.1727274551223463,-0.0277554345456563,-0.2326166154662923
0.9513926032989564,-0.1740755966230023,-0.0303539921708062,-0.2300170525315022
0.9512056408618028,-0.175426125812031,-0.032963166720406,-0.2273857666789081
0.9510005554574577,-0.1767787294252194,-0.0355823810125341,-0.224721522511758
0.9507768314765972,-0.178133073152073,-0.0382110362319327,-0.2220230580539777
0.9505339439499793,-0.1794888008657988,-0.0408485113325937,-0.2192890840180103
0.9502713587473428,-0.180845532887768,-0.0434941606078422,-0.2165182849598986
0.9499885328820644,-0.1822028641142324,-0.04614731101954,-0.2137093207712762
0.9496849147222256,-0.1835603629484136,-0.0488072611337068,-0.2108608265601299
0.9493599441176184,-0.1849175706578829,-0.0514732809435604,-0.2079714115809626
0.9490130532882102,-0.1862739977594043,-0.0541446058972543,-0.2050396645099448
0.9486436671739548,-0.1876291232940043,-0.0568204366163161,-0.2020641527974913
0.9482512043021856,-0.1889823923523876,-0.0594999352083585,-0.199043425885683
0.947835077880194,-0.1903332134619006,-0.0621822213100356,-0.1959760190669158
0.9473946968081044,-0.1916809568488429,-0.0648663698696736,-0.1928604557239755
0.9469294676139622,-0.1930249504865946,-0.0675514045160329,-0.1896952551062187
0.9464387956517596,-0.1943644792141721,-0.070236297011788,-0.1864789336082
0.9459220879777936,-0.1956987798378175,-0.0729199586369449,-0.183210016204296
0.9453787561158654,-0.1970270379795775,-0.0756012349393017,-0.1798870449924671
0.944808218742354,-0.1983483861643344,-0.0782789028678683,-0.1765085857828646
0.9442099065895172,-0.1996618979326279,-0.080951659690486,-0.1730732462479918
0.94358326625346,-0.2009665862455206,-0.083618120331945,-0.1695796852198923
0.942927767126384,-0.2022613968542191,-0.086276804126304,-0.1660266375919326
0.9422429069767864,-0.2035452067730299,-0.0889261315180009,-0.1624129288104323
0.9415282205330292,-0.2048168189508815,-0.0915644124256936,-0.1587375031841789
0.940783287462384,-0.2060749607000492,-0.0941898416405729,-0.1549994460281736
0.9400077429907708,-0.2073182800106577,-0.0968004890161083,-0.1511980166989251
0.9392012895768116,-0.2085453432793987,-0.0993942915153431,-0.1473326836426598
0.9383637077884468,-0.209754637185784,-0.1019690528031564,-0.1434031529835151
0.9374948702222244,-0.210944568777632,-0.1045224377365568,-0.1394094094701519
0.9365947541551444,-0.2121134704246321,-0.1070519756702538,-0.1353517492808813
0.9356634527586264,-0.2132596088585092,-0.1095550710967475,-0.1312308054795213
0.9347011884205164,-0.2143811933953478,-0.1120290109897588,-0.1270475827097774
0.9337083208511344,-0.2154763919878643,-0.1144709877650431,-0.1228034693488036
0.9326853521681142,-0.2165433505403186,-0.116878128531524,-0.1185002391472269
0.9316329308009528,-0.2175802126132038,-0.1192475245732905,-0.1141400511545089
0.9305518466856404,-0.2185851460700361,-0.1215762764948443,-0.1097254175582595
0.929443023785005,-0.21955636854735,-0.1238615377035506,-0.1052591665114267
0.928307508329011,-0.2204921725992049,-0.1261005587272035,-0.1007443935947509
0.92714645144348,-0.2213909505747563,-0.1282907333997233,-0.0961843971289957
0.9259610872573252,-0.2222512171874986,-0.1304296430692908,-0.0915826021387806
0.9247527122566404,-0.2230716252096902,-0.1325150880868289,-0.0869424949883176
0.9235226619580816,-0.2238509777853951,-0.1345451150694704,-0.0822675521324147
0.922272291174303,-0.2245882335383918,-0.1365180301401816,-0.0775611860554138
0.9210029531917192,-0.2252825085246421,-0.1384324079430653,-0.0728266891326002
0.9197159842551578,-0.2259330719650127,-0.1402870877311753,-0.0680671984840807
0.9184126895591972,-0.2265393392383019,-0.1420811647214754,-0.063285666233015
0.9170943354824524,-0.2271008607509988,-0.1438139716311944,-0.0584848517702827
0.9157621415946824,-0.2276173107919101,-0.1454850611134913,-0.0536673114548107
0.914417276658169,-0.2280884748403301,-0.1470941839729003,-0.0488354009960314
0.9130608574191208,-0.2285142366258869,-0.1486412659513821,-0.043991285726036
0.9116939482312748,-0.2288945660079942,-0.1501263859619354,-0.039136951660959
0.9103175619856472,-0.2292295076079463,-0.1515497552805706,-0.0342742191904004
0.9089326608118936,-0.2295191706449498,-0.1529116993233499,-0.0294047541229111
0.9075401609185118,-0.2297637190769863,-0.1542126376525398,-0.0245300916278917
0.9061409316603388,-0.2299633641171142,-0.1554530718727434,-0.0196516384092026
0.9047358015134436,-0.2301183564737098,-0.156633568867033,-0.0147706978684874
0.903325558817248,-0.2302289805307556,-0.1577547507675619,-0.0098884758689285
0.9019109545454792,-0.2302955489663797,-0.1588172844844332,-0.005006092747068
0.9004927052543631,-0.2303183981838582,-0.1598218725361576,-0.0001245951842523
0.8990714949024313,-0.2302978844823853,-0.1607692459205399,0.0047550364186504
0.8976474578496687,-0.2302343498211473,-0.1616604721837174,0.0096336566693492
0.8962206321462305,-0.2301280822263011,-0.1624965920934448,0.0145123902944851
0.8947916031106768,-0.2299793810851627,-0.1632782675120523,0.01939043951357
0.8933609382169102,-0.2297885563764223,-0.1640061679784188,0.0242670268111546
0.8919291870818139,-0.2295559274918401,-0.1646809690043988,0.0291413952509623
0.8904968812077676,-0.2292818220279863,-0.1653033505616323,0.0340128096971468
0.8890645351644239,-0.2289665748863655,-0.1658739950428514,0.0388805532092389
0.8876326461671644,-0.2286105271631828,-0.1663935860943145,0.0437439289564819
0.886201695042246,-0.2282140253718333,-0.166862806976495,0.0486022574687189
0.8847721475266915,-0.2277774209323147,-0.167282339071542,0.0534548727999776
0.8833444524844486,-0.2273010687983005,-0.1676528614282969,0.0583011291931893
0.8819190443622125,-0.2267853273615756,-0.1679750490744519,0.0631403933798087
0.8804963413583127,-0.2262305570216485,-0.1682495725875315,0.0679720514570346
0.8790767482811663,-0.2256371204512557,-0.168477096631,0.0727954998618301
0.8776606551679246,-0.2250053813683404,-0.1686582795203214,0.0776101507524744
0.8762484377034631,-0.2243357039271896,-0.1687937723666988,0.0824154312924581
0.8748404578881531,-0.2236284522793159,-0.1688842182779029,0.0872107820956828
0.873437064903751,-0.2228839903233586,-0.1689302516661551,0.0919956549951252
0.8720385936437357,-0.2221026802303024,-0.1689324976649257,0.096769518777682
0.8706453681756061,-0.221284883649082,-0.1688915714695665,0.1015318480968813
0.8692576924601343,-0.2204309554411817,-0.1688080773310503,0.1062821559497013
0.8678758659663075,-0.219541252175088,-0.1686826084557666,0.1110199410334215
0.8665001749752235,-0.2186161265556447,-0.1685157464220436,0.1157447181604756
0.8651308953964955,-0.2176559285617972,-0.1683080608871875,0.1204560093202435
0.8637682913819849,-0.216661003899122,-0.1680601089447483,0.1251533491422224
0.8624126166888284,-0.2156316942963846,-0.1677724348178335,0.1298362809110704
0.8610641155592322,-0.2145683376078149,-0.1674455696371137,0.1345043542028552
0.8597230220766049,-0.2134712667580803,-0.1670800308999787,0.1391571277739899
0.8583895590199533,-0.21234080809568,-0.1666763216127698,0.1437941742277884
0.8570639414458613,-0.211177283712761,-0.1662349308288631,0.1484150682436311
0.855746374813159,-0.2099810093248676,-0.1657563327281928,0.1530193937210542
0.8544370555613141,-0.2087522941037642,-0.1652409863150095,0.1576067424134949
0.8531361716283431,-0.2074914405056322,-0.1646893351485953,0.1621767127465254
0.8518439031487499,-0.2061987443267846,-0.1641018072064774,0.166728907973718
0.8505604219892821,-0.204874493621467,-0.1634788142464405,0.1712629384036341
0.8492858941108141,-0.2035189705298345,-0.1628207525369358,0.1757784136285685
0.8480204756834955,-0.2021324465612163,-0.1621280004609534,0.1802749568359345
0.8467643175813079,-0.2007151866593808,-0.1614009203225647,0.1847521894573635
0.845517563356292,-0.1992674464092918,-0.1606398568633395,0.1892097388757088
0.8442803504200244,-0.19778947267224,-0.1598451374533263,0.1936472347441869
0.8430528107280691,-0.1962815037784201,-0.1590170721095783,0.1980643070171125
0.8418350697312306,-0.1947437675819469,-0.158155952338935,0.2024605901988388
0.8406272467673241,-0.1931764811301474,-0.1572620508070336,0.2068357224412274
0.8394294574177183,-0.1915798529988693,-0.1563356225741205,0.2111893374611721
0.8382418108201716,-0.1899540790698321,-0.1553769025874594,0.2155210747088126
0.8370644127693795,-0.1882993458971623,-0.1543861075334295,0.2198305685180988
0.835897363991676,-0.1866158276306041,-0.1533634339493495,0.2241174547756847
0.834740761791451,-0.1849036875356612,-0.1523090590415798,0.2283813652713676
0.8335946987167867,-0.1831630752247778,-0.1512231389045054,0.2326219329654993
0.8324592645307601,-0.1813941287111182,-0.1501058096894646,0.2368387850649939
0.8313345461680607,-0.179596973580816,-0.1489571870341309,0.2410315434600829
0.8302206264268709,-0.1777717199725245,-0.1477773640433089,0.2451998299035242
0.8291175869860655,-0.1759184664943986,-0.1465664137150726,0.2493432550224868
0.828025505786554,-0.1740372949701429,-0.1453243854613628,0.2534614283615189
0.8269444612031184,-0.172128276550751,-0.1440513090478444,0.2575539428960577
0.8258745283926616,-0.1701914644753946,-0.1427471897584132,0.2616203889660207
0.8248157820791661,-0.1682268978367609,-0.1414120108090805,0.2656603439246635
0.8237682959279536,-0.1662345994124227,-0.1400457318352228,0.2696733746259876
0.8227321439463466,-0.1642145771955335,-0.1386482898859934,0.2736590321562165
0.8217073999977637,-0.1621668223795229,-0.1372195980068158,0.2776168537329791
0.8206941395796543,-0.1600913117563794,-0.1357595468863197,0.2815463558496106
0.8196924379125581,-0.1579880026691302,-0.134268001303449,0.2854470416409402
0.8187023734148449,-0.1558568389490754,-0.1327448043057157,0.2893183873274285
0.8177240268780632,-0.1536977481937,-0.1311897753470593,0.293159845235905
0.8167574824033853,-0.1515106426582699,-0.1296027109891043,0.2969708399380752
0.8158028281531325,-0.1492954198614074,-0.1279833854457088,0.3007507650272352
0.8148601579792512,-0.1470519653986186,-0.126331552804172,0.3044989763228923
0.813929570278389,-0.1447801493277462,-0.1246469445794283,0.3082147960063324
0.8130111718508969,-0.1424798346543274,-0.1229292762520244,0.3118974967625458
0.8121050772686073,-0.1401508754548485,-0.1211782462853384,0.3155463036528751
0.8112114122426428,-0.1377931253259944,-0.1193935429626305,0.3191603798407679
0.8103303121248574,-0.1354064337833439,-0.1175748423077853,0.3227388317780143
0.809461925262252,-0.1329906556488315,-0.1157218159352079,0.3262806947145047
0.808606416584829,-0.1305456625829999,-0.1138341408918126,0.3297849169090586
0.8077639668015579,-0.1280713433328532,-0.1119115010983679,0.3332503615806781
0.8069347768366526,-0.1255676198730182,-0.1099536013203646,0.3366757872668728
0.8061190684408663,-0.1230344540956754,-0.1079601742163295,0.3400598436420973
0.8053170891723843,-0.1204718695767002,-0.1059309996202548,0.3434010490622735
0.8045291124084202,-0.117879960354014,-0.1038659141483272,0.3466977884637318
0.8037554417001027,-0.1152589158639694,-0.1017648341170255,0.3499482930354527
0.8029964124522379,-0.1126090406193217,-0.0996277749948466,0.3531506308210865
0.8022523948262575,-0.1099307815897769,-0.097454877743408,0.3563026920535297
0.8015237943863943,-0.1072247517985678,-0.0952464328879425,0.3594021839342952
0.8008110515469029,-0.1044917532537578,-0.0930029047295445,0.3624466306386805
0.8001146402129854,-0.1017328005364986,-0.0907249567347129,0.3654333770397174
0.7994350652799832,-0.0989491437065463,-0.0884134769592367,0.368359597730932
0.7987728556754959,-0.0961422759448346,-0.0860695912115628,0.3712223258795137
0.798128556641251,-0.0933139384729108,-0.0836946739431016,0.3740184863899279
0.7975027179346008,-0.0904661066340316,-0.0812903430592875,0.3767449479667112
0.7968958799295385,-0.0876009616167419,-0.0788584417881232,0.3793985858619444
0.7963085594586812,-0.0847208532101535,-0.0764010117072838,0.3819763474021612
0.7957412332619845,-0.0818282401980915,-0.0739202451031416,0.3844753296612929
0.7951943245863141,-0.0789256322509283,-0.0714184365996067,0.3868928448785196
0.7946681894250225,-0.0760155144969655,-0.0688979178146525,0.389226488735551
0.7941631087800852,-0.0731002876474253,-0.066361003307161,0.391474182922538
0.7936792823221261,-0.0701822009341978,-0.0638099284694468,0.3936342118951788
0.7932168292830637,-0.0672633138440585,-0.0612468109894782,0.3957052273759077
0.7927757911288442,-0.0643454603589015,-0.0586736135930548,0.3976862443235564
0.7923561379380287,-0.0614302307341597,-0.0560921216123583,0.3995766194632031
0.7919577774105209,-0.0585189696352475,-0.0535039349037017,0.4013760168902263
0.7915805642715523,-0.0556127793953525,-0.0509104645557367,0.4030843706837193
0.7912243108553968,-0.0527125369041626,-0.0483129421974807,0.4047018409893286
0.7908887970141172,-0.0498189132124631,-0.0457124324092257,0.4062287720093427
0.7905737795379116,-0.0469323983779173,-0.0431098505641791,0.4076656511944231
0.7902789995352503,-0.0440533178605851,-0.0405059737752862,0.4090130768706631
0.7900041899815307,-0.0411818595287835,-0.0379014620609071,0.4102717244049118
0.7897490815396307,-0.0383180944154904,-0.0352968745248634,0.4114423196931321
0.7895134070784181,-0.0354619923790518,-0.0326926814377029,0.4125256181943495
0.7892969058242812,-0.0326134418398243,-0.030089280483723,0.4135223853380248
0.7890993262767626,-0.0297722628559263,-0.0274870073432764,0.4144333823881193
0.7889204285150027,-0.0269382185627541,-0.0248861450873874,0.4152593549735745
0.7887599860529919,-0.0241110262360818,-0.0222869334883913,0.416001023616382
0.7886177871623772,-0.0212903656139654,-0.0196895760297623,0.416659076680347
0.7884936358481912,-0.01847588578037,-0.0170942457596485,0.4172341649233244
0.7883873526049363,-0.0156672122471226,-0.0145010914634982,0.4177268970901912
0.7882987748428252,-0.0128639504795346,-0.0119102406634643,0.4181378370775915
0.7882277572384698,-0.0100656901470758,-0.00932180336559,0.4184675015073172
0.7881741719614437,-0.0072720089176601,-0.0067358754525364,0.4187163579425587
0.7881379088024211,-0.0044824762303152,-0.0041525421093058,0.4188848236350517
0.7881188751907353,-0.0016966532848431,-0.0015718777844683,0.4189732648645919
0.788115692529715,1.682452354517805e-12,-3.641847457283576e-12,0.4189880545593808
