3.08120550965455
0.8305914855289327,-4.819419982309224e-28,0.117738404098777,2.24510046954608e-15,0.2328054774273752,1.3665258147159503e-14
0.830592906276786,0.000884003972145,0.1177356827996048,0.000748306749528,0.2327989334586358,-0.0014333087797583
0.8306049965924741,0.0027259345494187,0.1177125246050495,0.0023074760458383,0.2327432445571736,-0.0044198875266653
0.8306294380228476,0.0045681478532743,0.1176657064055666,0.003866824910145,0.2326306607236531,-0.0074072443658903
0.8306662447182547,0.006410264689087,0.1175951964894341,0.0054259917672843,0.2324611070779793,-0.0103949813204856
0.8307154285176119,0.0082518745584321,0.1175009652245281,0.006984588317739,0.2322345144253491,-0.0133826504331269
0.8307769990416045,0.0100925659743699,0.1173829848634256,0.0085422251564227,0.2319508187711577,-0.0163698029726522
0.8308509635556244,0.0119319234207374,0.1172412297880509,0.0100985091569977,0.23160996188603,-0.0193559845501229
0.830937326902422,0.0137695281594151,0.1170756766193229,0.0116530441138449,0.2312118915392724,-0.0223407364714451
0.8310360913851158,0.0156049576173165,0.1168863044205933,0.0132054301830571,0.230756561950803,-0.0253235947799071
0.8311472566689114,0.0174377854801682,0.1166730948640288,0.0147552639226086,0.2302439341468141,-0.0283040904398155
0.831270819598127,0.0192675805652843,0.1164360325584006,0.0163021373014953,0.2296739766962407,-0.0312817475268998
0.8314067740326156,0.0210939065727821,0.1161751053390068,0.0178456374541465,0.2290466663487489,-0.034256082834459
0.8315551107651249,0.0229163229503689,0.115890304401677,0.0193853473777606,0.2283619882903725,-0.0372266072841495
0.8317158171667718,0.0247343824450729,0.1155816249584383,0.020920843832542,0.2276199376456549,-0.0401928219268493
0.8318888771253388,0.0265476327000862,0.1152490663312621,0.0224516986632428,0.2268205196211224,-0.0431542205188962
0.8320742706844835,0.0283556144470339,0.1148926326206751,0.0239774772478961,0.2259637510229022,-0.0461102865316856
0.8322719740156709,0.0301578633715368,0.1145123327358536,0.0254977400514074,0.2250496602315552,-0.0490604961436512
0.832481958954832,0.0319539077598763,0.1141081812627144,0.027012040622127,0.2240782891833096,-0.0520043143195436
0.8327041928748821,0.0337432696342509,0.1136801986881711,0.0285199265371858,0.2230496937957002,-0.0549411965724989
0.8329386384570239,0.0355254648426582,0.1132284118208683,0.0300209394691697,0.2219639448576082,-0.05787058900247
0.8331852532634266,0.0373000017989663,0.1127528545974962,0.031514614121403,0.2208211298380227,-0.0607919260924044
0.8334439895370985,0.0390663821875796,0.1122535684550616,0.0330004788245578,0.2196213536437986,-0.0637046317045654
0.8337147940888943,0.0408241021026536,0.1117306025380951,0.0344780565022047,0.2183647389732539,-0.0666081207819864
0.8339976078706274,0.0425726510593419,0.1111840145156494,0.0359468638516944,0.2170514281276733,-0.0695017975203721
0.8342923657121132,0.0443115122989872,0.1106138710873586,0.0374064116210468,0.2156815840683528,-0.0723850556429109
0.8345989961677034,0.0460401637119458,0.1100202482828729,0.0388562054099386,0.214255390970379,-0.075257279678918
0.834917421168802,0.0477580775977746,0.1094032321422953,0.0402957455008782,0.212773055685367,-0.078117844293309
0.8352475558399816,0.0494647214071204,0.108762919086668,0.0417245275212866,0.2112348084534767,-0.0809661152193853
0.8355893083876591,0.0511595587590555,0.1080994161539253,0.0431420433413385,0.2096409032868097,-0.0838014506363969
0.8359425798383671,0.0528420496181188,0.107412841533391,0.0445477812742534,0.2079916190651345,-0.0866232011268197
0.8363072637911081,0.0545116505918797,0.1067033250813364,0.045941226385814,0.2062872605818004,-0.0894307098061607
0.8366832466584928,0.0561678173764145,0.105971007893024,0.0473218626020639,0.2045281573196776,-0.0922233160504531
0.837070407235281,0.0578100039688224,0.105216043190154,0.0486891721227287,0.202714665384122,-0.0950003537816818
0.8374686166905833,0.0594376638398068,0.104438596393291,0.0500426364787272,0.2008471674761098,-0.0977611530235897
0.8378777388947216,0.0610502522557081,0.1036388445471555,0.0513817385470398,0.1989260713097508,-0.1005050434143275
0.8382976299561923,0.0626472252621292,0.1028169772957263,0.0527059617939727,0.196951811752243,-0.1032313520504926
0.8387281388488889,0.0642280428926448,0.1019731957341467,0.0540147930321179,0.1949248478641418,-0.1059394085110655
0.8391691068753371,0.0657921677656906,0.1011077135451347,0.0553077213543888,0.1928456654287092,-0.1086285420179461
0.8396203687282976,0.0673390694205918,0.1002207550090357,0.0565842418219855,0.1907147719730634,-0.1112980884330268
0.8400817517769293,0.0688682220998912,0.0993125565019667,0.0578438537318386,0.1885327001715897,-0.1139473860179005
0.8405530768079468,0.070379107603919,0.0983833651448355,0.0590860630797624,0.186300004408471,-0.1165757799159965
0.841034158132132,0.0718712157341471,0.0974334387023565,0.0603103830300309,0.1840172603473603,-0.1191826225065128
0.8415248041772855,0.073344046140228,0.0964630445263764,0.0615163355371794,0.1816850622093459,-0.1217672762234478
0.8420248175993332,0.074797108487721,0.0954724594521512,0.0627034515856018,0.1793040223458894,-0.1243291134744698
0.8425339954451185,0.0762299227697485,0.0944619695987274,0.0638712715511233,0.1768747705876489,-0.1268675168077503
0.8430521297869572,0.0776420208579771,0.0934318692364124,0.0650193465719155,0.1743979513569878,-0.1293818812915076
0.8435790080571854,0.0790329470141135,0.0923824602477752,0.0661472390640749,0.1718742222130699,-0.1318716151008836
0.8441144135228527,0.0804022586717492,0.0913140513099919,0.0672545234528719,0.1693042517332668,-0.134336140616461
0.8446581253333876,0.0817495260376161,0.0902269579294265,0.0683407859457376,0.1666887194512129,-0.136774893425052
0.8452099195259487,0.0830743340263659,0.0891215005629045,0.0694056261859751,0.1640283111987556,-0.1391873255583794
0.8457695689762872,0.0843762814205197,0.087998004841649,0.070448656658401,0.1613237195121303,-0.1415729037655977
0.8463368432964058,0.085654980039959,0.0868568019109695,0.0714695021150817,0.1585756443267826,-0.1439311077586898
0.8469115105686462,0.0869100579939795,0.0856982250740008,0.0724678022564462,0.1557847847789698,-0.146261436012502
0.8474933364631366,0.0881411568644632,0.0845226116896114,0.0734432095522892,0.1529518436632385,-0.1485634004441098
0.8480820847317752,0.0893479321298667,0.0833303023095581,0.0743953896627746,0.1500775252522335,-0.1508365270217692
0.8486775184578426,0.0905300549586882,0.082121638273223,0.0753240229214848,0.1471625294005426,-0.1530803590380798
0.8492793988700504,0.0916872090159278,0.0808969642340366,0.0762288018836548,0.1442075575441809,-0.1552944509946167
0.8498874864400461,0.0928190919859391,0.0796566260631137,0.0771094325991445,0.141213307563726,-0.1574783713615859
0.8505015411297797,0.0939254152675804,0.0784009704666365,0.0779656344334372,0.1381804727822489,-0.1596317019404659
0.8511213228763529,0.0950059040742371,0.0771303441132174,0.0787971401978963,0.1351097397841865,-0.1617540380351657
0.8517465905289885,0.0960602948823843,0.0758450959364179,0.0796036942447635,0.1320017939153798,-0.1638449833970357
0.8523771029092635,0.0970883367160401,0.074545575095256,0.0803850535316671,0.128857314302917,-0.1659041526362496
0.8530126194629776,0.0980897915086109,0.0732321297501245,0.0811409879465605,0.1256769708405479,-0.1679311719446809
0.8536528995003376,0.0990644322117968,0.0719051087504462,0.0818712789263973,0.122461428227633,-0.169925675283719
0.8542977018279796,0.1000120417773762,0.070564862537873,0.0825757187738973,0.1192113481313438,-0.1718873021831159
0.8549467863604833,0.1009324150608498,0.0692117399359484,0.08325411214838,0.1159273813821159,-0.1738157015832884
0.8555999124292432,0.1018253558491329,0.067846091801087,0.083906273927754,0.112610176813439,-0.1757105256031217
0.8562568401257353,0.1026906783728502,0.0664682683685635,0.0845320304083326,0.1092603748215269,-0.1775714325774504
0.8569173292581843,0.103528205492211,0.0650786215813454,0.0851312180634362,0.1058786130323297,-0.1793980830854354
0.8575811395221787,0.1043377686829433,0.0636775048995938,0.0857036836436468,0.1024655258720751,-0.1811901396947377
0.8582480319113605,0.1051192094309031,0.0622652704797531,0.086249285251159,0.0990217377304883,-0.1829472699135025
0.8589177663899354,0.1058723761468283,0.0608422742559996,0.0867678902637496,0.0955478753934489,-0.1846691391597054
0.8595901037835383,0.1065971262216731,0.0594088721189282,0.0872593768933079,0.092044558800519,-0.186355415114362
0.8602648034774669,0.1072933233541233,0.0579654250044262,0.0877236324869118,0.0885124135691828,-0.1880057612779755
0.8609416258288507,0.1079608400835273,0.0565122939550919,0.0881605553897501,0.084952059043429,-0.1896198425179722
0.8616203302877274,0.1085995557497437,0.055049844342789,0.0885700537208728,0.081364118758365,-0.1911973199251595
0.8623006765933815,0.1092093576784769,0.0535784435242096,0.0889520463140731,0.0777492148611476,-0.192737853264346
0.8629824227609979,0.1097901394091782,0.0520984654294734,0.0893064617819311,0.0741079795746806,-0.1942410960509646
0.8636653268982244,0.1103418024936735,0.0506102868983298,0.0896332398596983,0.0704410464347274,-0.1957066994871079
0.8643491461597768,0.1108642557163556,0.0491142902102365,0.0899323311300417,0.0667490567693628,-0.1971343099032342
0.865033636444783,0.1113574151362733,0.0476108640445415,0.0902036973110326,0.0630326623801943,-0.1985235680955576
0.8657185529212,0.1118212047775429,0.0461004026422916,0.0904473119206611,0.0592925238219223,-0.199874110419107
0.8664036496642122,0.1122555566701886,0.0445833069195534,0.0906631605782442,0.0555293135389393,-0.2011855680768362
0.867088678490418,0.1126604105579823,0.0430599874065799,0.0908512412169477,0.0517437236081002,-0.2024575651170566
0.8677733904935923,0.1130357153619685,0.0415308612227905,0.091011565185145,0.0479364587401918,-0.2036897216745854
0.8684575354578278,0.1133814292569475,0.0399963537516903,0.0911441576363723,0.0441082409749151,-0.204881653111703
0.8691408616208528,0.1136975200918207,0.038456899575233,0.0912490581395831,0.0402598126156905,-0.2060329700140997
0.8698231154622994,0.1139839659216597,0.0369129433832703,0.0913263213816319,0.0363919391793124,-0.207143278389238
0.8705040414230151,0.1142407556138194,0.0353649410718367,0.0913760179515986,0.0325054129022652,-0.2082121799220067
0.871183382102216,0.114467889723612,0.0338133597851167,0.0913982352351507,0.0286010536800686,-0.2092392731376137
0.8718608790891393,0.1146653815427857,0.0322586765060905,0.09139307828185,0.0246797064042492,-0.2102241555128064
0.872536273015377,0.1148332578127273,0.0307013784138177,0.0913606705642019,0.0207422427821447,-0.2111664243544261
0.8732093039447664,0.1149715595450055,0.0291419624716202,0.0913011547284316,0.0167895612789695,-0.2120656782323529
0.8738797098161747,0.1150803425292548,0.0275809395519315,0.0912146935834454,0.0128225986505295,-0.2129215159887416
0.874547227070573,0.1151596785247348,0.0260188335645307,0.0911014710983022,0.0088423289603217,-0.2137335390554992
0.8752115923101826,0.1152096564164281,0.0244561781288321,0.0909616930551967,0.0048497563539817,-0.2145013548844101
0.8758725414605574,0.1152303829869643,0.0228935190641944,0.0907955880211334,0.0008459226925925,-0.215224577298236
0.8765298112109063,0.1152219839065367,0.0213314115295742,0.0906034078588554,-0.003168098404381,-0.2159028296245448
0.8771831414890342,0.115184604337591,0.0197704145925496,0.0903854275621144,-0.0071912142092203,-0.2165357484622487
0.8778322747249713,0.1151184093517319,0.0182110933533794,0.0901419457903896,-0.0112223061693694,-0.2171229838966722
0.8784769488415135,0.115023585681293,0.0166540363239726,0.0898732883708692,-0.0152601834155378,-0.2176641951289308
0.8791169059631234,0.1149003420802907,0.0150998350988111,0.0895798060656076,-0.0193036335955216,-0.2181590607469823
0.8797518930135808,0.1147489095185982,0.013549083205185,0.0892618744285174,-0.0233514245091766,-0.2186072803367404
0.880381662473004,0.1145695412311128,0.0120023745092889,0.0889198934527163,-0.0274023069284061,-0.219008576145431
0.8810059734644035,0.1143625125034891,0.0104603007370041,0.0885542868522783,-0.0314550197996125,-0.2193626947990129
0.881624592096717,0.1141281205088987,0.0089234507449978,0.0881655015703948,-0.0355082909332906,-0.2196694083970309
0.8822372919192767,0.1138666840477388,0.0073924094692584,0.0877540071376529,-0.0395608385740121,-0.2199285156672545
0.8828438554483049,0.1135785426667968,0.0058677541149957,0.0873202941337084,-0.043611380363372,-0.2201398434088525
0.8834440749359033,0.1132640557846362,0.0043500521112678,0.0868648728456949,-0.0476586378140432,-0.2203032472022489
0.8840377522200721,0.1129236021617623,0.0028398613151092,0.0863882724777413,-0.0517013348885942,-0.2204186117190685
0.8846246999577577,0.1125575785317952,0.0013377266511574,0.0858910391876062,-0.0557382061850038,-0.2204858512840977
0.8852047407198187,0.1121663993606997,-0.0001558178718863,0.0853737357328863,-0.0597679908276138,-0.220504909915502
0.8857777095249745,0.1117504942932709,-0.0016402560290325,0.0848369380392419,-0.0637894503803275,-0.2204757615263939
0.8863434796348983,0.1113102860827242,-0.0031151573537921,0.0842812076729183,-0.0678015538325577,-0.2203984046428782
0.8869019258158192,0.1108462138689397,-0.004580083142277,0.083707122889392,-0.0718032239582239,-0.2202728601153606
0.8874529169336357,0.1103587412814681,-0.0060345665901596,0.0831152875097654,-0.0757932811505793,-0.2200991774188698
0.8879963321964839,0.1098483441820851,-0.0074781552062603,0.082506314827235,-0.0797705577615761,-0.2198774346075197
0.8885320632714818,0.1093155075753407,-0.0089104169874317,0.0818808238026602,-0.0837339149543181,-0.2196077371889232
0.8890600126726264,0.1087607257784502,-0.0103309367836953,0.0812394392312913,-0.0876822327464869,-0.2192902180925731
0.889580094860813,0.1081844999829736,-0.0117393199056949,0.0805827888225532,-0.0916144201259359,-0.2189250363992929
0.8900922353735673,0.1075873377165697,-0.0131351904994594,0.0799115025361326,-0.0955294108046495,-0.2185123769255282
0.8905963704745953,0.1069697518695886,-0.0145181913003115,0.0792262113880047,-0.0994261628240779,-0.2180524496499866
0.8910924469769153,0.1063322595301461,-0.0158879838688174,0.0785275460477337,-0.1033036595880449,-0.2175454889763317
0.8915804222856781,0.1056753804876157,-0.0172442494579979,0.0778161350981577,-0.1071609127936314,-0.216991752631417
0.8920602635294422,0.1049996369315029,-0.01858668736391,0.0770926046129305,-0.1109969583049221,-0.2163915214819328
0.892531947449273,0.1043055522321907,-0.019915015357739,0.0763575767278203,-0.1148108579645157,-0.2157450986189857
0.8929954600771898,0.1035936499891719,-0.0212289695406659,0.0756116685234287,-0.1186016998504452,-0.2150528085876605
0.8934507963319853,0.1028644532285042,-0.0225283039593476,0.0748554910778893,-0.1223685979045981,-0.2143149967127102
0.8938979599818357,0.1021184830222659,-0.0238127912645978,0.0740896479388822,-0.1261106946533416,-0.2135320277734541
0.8943369624856494,0.1013562589899846,-0.0250822201433317,0.0733147355473123,-0.1298271545917541,-0.2127042865863275
0.8947678234330778,0.10057829721614,-0.0263363973149991,0.0725313410106277,-0.1335171708830748,-0.2118321758714086
0.8951905693690336,0.0997851109544272,-0.0275751448563137,0.0717400427370338,-0.1371799584565672,-0.2109161170498891
0.8956052341752687,0.0989772086226919,-0.0287983020227222,0.0709414083417583,-0.1408147603357183,-0.2099565480100411
0.8960118584863932,0.0981550935001192,-0.030005724261671,0.070135994303734,-0.1444208457878307,-0.2089539226578555
0.8964104893048807,0.0973192631318484,-0.03119728277636,0.0693243453382129,-0.1479975101077955,-0.2079087101103683
0.8968011792428059,0.0964702096087045,-0.0323728629376557,0.0685069946254684,-0.1515440709412725,-0.2068213949697391
0.897183987114824,0.0956084169811002,-0.0335323667307279,0.0676844612924396,-0.1550598767864983,-0.2056924738946283
0.8975589766170035,0.0947343628067116,-0.0346757094348046,0.0668572519085646,-0.158544298158258,-0.2045224573511743
0.8979262163720437,0.0938485168547002,-0.0358028203672313,0.0660258592433544,-0.1619967309789992,-0.2033118677367265
0.8982857799212198,0.0929513398050358,-0.036913643481871,0.0651907610776438,-0.1654165996385996,-0.2020612373002027
0.8986377448326266,0.0920432841437451,-0.0380081352224195,0.0643524210910308,-0.1688033516413235,-0.2007711090205978
0.8989821928925649,0.091124792456177,-0.0390862656796689,0.0635112873346343,-0.1721564623955274,-0.1994420338442753
0.8993192093497091,0.0901962981522139,-0.0401480167880694,0.0626677929809228,-0.1754754308738314,-0.198074571276436
0.8996488828502274,0.0892582244772926,-0.0411933826361153,0.0618223555045084,-0.1787597817961762,-0.1966692875009736
0.8999713051150892,0.0883109842130089,-0.0422223689502946,0.0609753765226604,-0.1820090652584972,-0.1952267544104416
0.900286570412272,0.0873549800727762,-0.0432349918841836,0.0601272422659768,-0.1852228541303262,-0.193747549675514
0.9005947757318292,0.0863906030539442,-0.044231279026224,0.0592783222450674,-0.1884007484565789,-0.1922322536323198
0.9008960199396236,0.0854182339239375,-0.0452112670993642,0.0584289707165881,-0.1915423693467143,-0.1906814509638179
0.901190403726403,0.0844382424149177,-0.0461750021703546,0.0575795261154093,-0.194647360767381,-0.1890957288495703
0.9014780294923056,0.0834509865756165,-0.0471225396405624,0.0567303106599147,-0.1977153906617402,-0.1874756752519173
0.9017590008570308,0.0824568134378172,-0.0480539429780398,0.0558816311065452,-0.2007461479746857,-0.1858218793057767
0.9020334225895734,0.0814560583453379,-0.0489692837922902,0.0550337783553656,-0.2037393439672819,-0.1841349295181639
0.9023014001952304,0.0804490455433608,-0.0498686407452417,0.0541870281433556,-0.2066947097119687,-0.1824154140327117
0.9025630398138482,0.0794360877323341,-0.050752099463379,0.0533416408604187,-0.2096119968016407,-0.1806639191578422
0.9028184475261448,0.0784174880031443,-0.0516197504177449,0.0524978633534865,-0.2124909712935249,-0.1788810320179928
0.9030677301603504,0.0773935359335562,-0.0524716918584275,0.051655925882451,-0.215331424342736,-0.1770673330324717
0.9033109939637436,0.0763645121874052,-0.053308025481957,0.0508160461389441,-0.2181331587120715,-0.1752234032178851
0.903548345226761,0.0753306853931494,-0.0541288587046568,0.0499784268716051,-0.220895997152095,-0.1733498179770658
0.9037798895810072,0.0742923145212774,-0.0549343023813876,0.0491432580356023,-0.2236197755543693,-0.1714471506245893
0.9040057321658586,0.0732496476756229,-0.0557244714821476,0.0483107160102442,-0.2263043459544635,-0.1695159695094095
0.9042259773200682,0.0722029229874994,-0.0564994841078228,0.0474809645249804,-0.2289495739096725,-0.167556838938179
0.904440728523847,0.0711523684653079,-0.0572594613527136,0.0466541547400897,-0.2315553386854958,-0.1655703182075709
0.9046500881052674,0.0700982030489624,-0.0580045263139941,0.0458304262750829,-0.2341215304749463,-0.1635569629213605
0.9048541573764626,0.0690406356177719,-0.0587348046034693,0.0450099066239175,-0.2366480527247876,-0.1615173224506228
0.9050530363936146,0.067979865873734,-0.0594504235129948,0.0441927120467439,-0.2391348198093514,-0.1594519409425258
0.9052468236907648,0.0669160855516023,-0.0601515110515056,0.0433789486851184,-0.2415817541670304,-0.1573613590644706
0.9054356165212616,0.065849476945364,-0.0608381967974141,0.0425687116104796,-0.2439887897149771,-0.1552461105243356
0.9056195106221984,0.0647802139892164,-0.0615106110254819,0.0417620858431617,-0.2463558692417699,-0.1531067235588813
0.9057985999591536,0.0637084636656714,-0.0621688837290413,0.0409591475839887,-0.2486829413385088,-0.1509437231943432
0.9059729771107932,0.062634383666617,-0.0628131459787715,0.0401599626267523,-0.2509699655430885,-0.1487576259871072
0.9061427327926526,0.0615581251676621,-0.0634435281160359,0.039364588610393,-0.253216906285888,-0.1465489450564532
0.9063079560202172,0.0604798318756677,-0.0640601602801855,0.0385730744627778,-0.2554237350352208,-0.144318187652603
0.9064687340160108,0.0593996406366287,-0.0646631719877949,0.0377854610089667,-0.2575904290637376,-0.142065855890714
0.906625152140748,0.0583176819790015,-0.0652526917887765,0.0370017815165974,-0.2597169704450355,-0.1397924474046643
0.9067772940030814,0.0572340794531482,-0.0658288475895096,0.0362220613638166,-0.2618033474302169,-0.1374984534908786
0.9069252413982648,0.0561489501108085,-0.0663917663320444,0.035446318539432,-0.2638495534951748,-0.1351843596273306
0.9070690741229994,0.0550624060136877,-0.0669415731891541,0.0346745648588124,-0.2658555845803518,-0.1328506482547079
0.9072088701438872,0.0539745532111664,-0.0674783920980653,0.0339068053589722,-0.2678214411662946,-0.1304977961995748
0.907344705565312,0.05288549213711,-0.0680023455339954,0.0331430387144396,-0.2697471275835968,-0.1281262751037922
0.9074766546070572,0.0517953179837513,-0.0685135543157537,0.0323832576268975,-0.2716326514134339,-0.1257365518384166
0.9076047895852206,0.0507041210987166,-0.0690121374198031,0.0316274492213302,-0.2734780228950008,-0.1233290890008447
0.9077291808806192,0.0496119875471655,-0.0694982117416052,0.030875595545655,-0.27528325411389,-0.1209043458127202
0.9078498971582988,0.0485189974470483,-0.0699718928397311,0.0301276725374557,-0.2770483618327569,-0.1184627740736851
0.9079670050592034,0.0474252279672462,-0.0704332936158827,0.0293836521938701,-0.2787733626395022,-0.1160048244907406
0.9080805694517052,0.046330751410355,-0.0708825251832726,0.0286435013544409,-0.2804582762122638,-0.1135309421053412
0.9081906534090434,0.0452356356532889,-0.071319696667322,0.0279071821105496,-0.2821031246169497,-0.111041566944298
0.908297318116152,0.0441399453927741,-0.0717449147212735,0.027174652740305,-0.2837079305057466,-0.1085371365523577
0.9084006229684808,0.0430437415452789,-0.0721582838025073,0.0264458673913363,-0.2852727181599429,-0.1060180843664783
0.9085006255477376,0.0419470818635524,-0.0725599059622611,0.0257207765790917,-0.2867975126959812,-0.1034848408639014
0.9085973817089686,0.0408500203684382,-0.0729498810826401,0.0249993268943935,-0.28828234095772,-0.1009378319979714
0.9086909455659354,0.0397526078433093,-0.073328306709049,0.024281461415808,-0.289727230872159,-0.0983774800812077
0.9087813695222232,0.0386548918422838,-0.0736952780674018,0.0235671197953329,-0.2911322114979561,-0.0958042035622768
0.9088687042528536,0.0375569173033564,-0.0740508878823395,0.0228562387338355,-0.2924973123057284,-0.0932184182337192
0.908952998731318,0.0364587266639964,-0.0743952263803614,0.0221487521240993,-0.2938225631560753,-0.0906205373015066
0.9090343002809896,0.0353603596322269,-0.074728381395906,0.0214445909710029,-0.295107994672285,-0.0880109706424479
0.9091126546349078,0.0342618527503543,-0.0750504385166845,0.0207436831834004,-0.2963536387680235,-0.0853901235536257
0.9091881058184976,0.0331632414524306,-0.0753614805032804,0.0200459549528589,-0.2975595263629326,-0.0827584014652979
0.9092606963701252,0.0320645573717318,-0.0756615881001334,0.0193513290994437,-0.2987256904771261,-0.0801162033281817
0.9093304671921498,0.0309658308768288,-0.0759508393292922,0.0186597267466049,-0.2998521634509908,-0.0774639274980573
0.9093974576063836,0.0298670908038825,-0.0762293096260201,0.0179710671993405,-0.3009389774154358,-0.0748019709562054
0.9094617054778312,0.0287683628811182,-0.0764970722647273,0.0172852670121849,-0.3019861659045401,-0.0721307253299402
0.9095232471327688,0.0276696714427586,-0.076754197933961,0.0166022411212686,-0.302993762149033,-0.0694505808747961
0.9095821174000296,0.0265710392369774,-0.0770007548244978,0.0159219027715676,-0.3039617993649396,-0.0667619258721279
0.9096383496252368,0.0254724876760692,-0.0772368086080861,0.0152441637188978,-0.3048903106150487,-0.0640651471057557
0.9096919757458743,0.0243740358417506,-0.0774624226751593,0.0145689336641674,-0.3057793296903195,-0.0613606272815465
0.9097430262532524,0.0232757016350668,-0.0776776579012394,0.0138961210112565,-0.3066288901385506,-0.0586487477097053
0.9097915302239676,0.0221775016438117,-0.0778825727071475,0.0132256328275469,-0.3074390254457886,-0.0559298878585429
0.9098375153543464,0.021079450844541,-0.0780772231356267,0.0125573747051066,-0.3082097692851589,-0.0532044244931599
0.9098810079378826,0.0199815636338592,-0.0782616626898077,0.0118912514297918,-0.308941154823432,-0.0504727341167447
0.909922032957306,0.0188838520332663,-0.0784359426603083,0.0112271659310814,-0.3096332159641108,-0.0477351883933611
0.9099606139918366,0.0177863285660849,-0.0786001116715622,0.0105650210645116,-0.3102859854949958,-0.0449921612021205
0.9099967733318722,0.0166890037688178,-0.0787542161113875,0.009904718140789,-0.3108994967408657,-0.0422440223339257
0.910030531954414,0.0155918872297364,-0.0788982999727399,0.0092461575925877,-0.3114737828854467,-0.0394911399720514
0.9100619095517372,0.0144949871319527,-0.079032404924613,0.0085892387363593,-0.312008877204404,-0.0367338794437085
0.9100909244851002,0.0133983124547805,-0.0791565700654071,0.0079338611238881,-0.312504812032172,-0.0339726086609027
0.9101175938912388,0.0123018697514813,-0.0792708323324126,0.007279922645762,-0.3129616203486443,-0.0312076899277124
0.9101419336263752,0.0112056655892557,-0.0793752262197538,0.0066273210247295,-0.3133793346079027,-0.0284394859842546
0.9101639582972264,0.0101097059737132,-0.0794697838710223,0.0059759535014268,-0.3137579870633533,-0.0256683584758694
0.910183681271472,0.0090139964626761,-0.0795545350870798,0.0053257169323275,-0.314097609756181,-0.0228946681569079
0.910201114699513,0.0079185415163358,-0.0796295073853299,0.0046765074345007,-0.3143982347119393,-0.0201187731613055
0.9102162695050272,0.0068233455382799,-0.0796947259277486,0.0040282210329873,-0.3146598936128587,-0.0173410315559499
0.910229155400021,0.0057284127084543,-0.0797502135569545,0.0033807535893716,-0.3148826179046552,-0.0145618008419626
0.9102397809016952,0.0046337461995558,-0.0797959908430634,0.0027340003668453,-0.315066438948889,-0.011781435887306
0.9102481533249512,0.0035393493982211,-0.0798320760284458,0.0020878567801642,-0.3152113877673275,-0.0090002919499499
0.910254278799268,0.0024452247860064,-0.0798584850802222,0.0014422177616901,-0.3153174952206571,-0.0062187217611218
0.9102581622630452,0.0013513757369682,-0.0798752316484632,0.0007969788492028,-0.3153847918104461,-0.0034370800210164
0.910259807480218,0.000257805063152,-0.0798823271231588,0.0001520353538194,-0.3154133078798573,-0.0006557196294476
0.9102592170399888,-0.0008354849363203,-0.0798797806211677,-0.000492717584241,-0.3154030735350253,0.0021250082628807
0.9102563920701208,-0.0019285716359207,-0.0798675977406813,-0.0011374316649617,-0.3153541136155314,0.0049049556295605
0.9102513310756796,-0.003021673783906,-0.0798457755495308,-0.0017823418995144,-0.3152664275401433,0.0076843342127891
0.9102440312832416,-0.0041147888132698,-0.0798143083860385,-0.0024275527480868,-0.3151400126228035,0.0104627929350797
0.9102344887531416,-0.0052079132458333,-0.0797731883497663,-0.0030731680721846,-0.3149748660508525,0.0132399785635167
0.91022269837315,-0.0063010436289506,-0.0797224052835669,-0.0037192916603668,-0.3147709848206464,0.0160155381654017
0.9102086538480404,-0.0073941768388944,-0.0796619467406897,-0.0043660273813472,-0.3145283656151658,0.0187891199502533
0.9101923477198468,-0.0084873081376535,-0.0795917980866985,-0.0050134780071948,-0.3142470052244128,0.0215603684139607
0.9101737713288428,-0.0095804337821474,-0.0795119423489131,-0.0056617467295808,-0.313926899954413,0.0243289310346656
0.9101529148521889,-0.0106735480881991,-0.0794223604026977,-0.0063109353922502,-0.3135680463890229,0.0270944509085838
0.9101297672310223,-0.0117666471073417,-0.0793230306809847,-0.0069611466446872,-0.3131704402425383,0.0298565761356892
0.9101043162603708,-0.0128597236521392,-0.0792139295857966,-0.007612480957445,-0.3127340780258655,0.0326149473185487
0.9100765484725944,-0.0139527724513229,-0.0790950310162664,-0.0082650396587785,-0.3122589551769305,0.0353692106716572
0.9100464492425868,-0.0150457852082118,-0.0789663068503813,-0.0089189219599293,-0.3117450680083441,0.0381190056353955
0.9100140026694576,-0.01613875493774,-0.0788277264718042,-0.0095742275125796,-0.311192411838798,0.0408639758936402
0.90997919165145,-0.0172316726930259,-0.0786792571267184,-0.0102310544214237,-0.3106009824421852,0.0436037612189257
0.909941997819416,-0.0183245294864453,-0.0785208636784711,-0.0108895003624067,-0.309970775093787,0.0463380023919285
0.9099024015650607,-0.0194173149588642,-0.078352508769743,-0.0115496617508567,-0.3093017852428517,0.0490663379552638
0.9098603820266464,-0.0205100175297405,-0.0781741528054366,-0.0122116337948498,-0.3085940084702261,0.051788404694931
0.9098159170329412,-0.0216026254635142,-0.077985753761601,-0.0128755111068,-0.307847439758236,0.0545038403940432
0.9097689831342676,-0.0226951255972757,-0.0777872673671718,-0.0135413868989649,-0.3070620742419812,0.0572122807579267
0.9097195556145072,-0.0237875028162237,-0.0775786472060866,-0.0142093526223083,-0.3062379076405075,0.0599133582334102
0.9096676084161456,-0.0248797414330209,-0.0773598444548351,-0.0148794987679963,-0.3053749352474282,0.0626067055407522
0.90961311411477,-0.0259718251915897,-0.0771308078335449,-0.0155519148372047,-0.3044731517720304,0.0652919557733429
0.90955604401104,-0.0270637350360266,-0.076891484052615,-0.0162266879277733,-0.3035325531288504,0.0679687370251893
0.90949636798572,-0.0281554516613713,-0.0766418172657619,-0.0169039042614524,-0.3025531343137222,0.0706366787880373
0.9094340545727828,-0.0292469536647634,-0.0763817494424045,-0.0175836480013925,-0.3015348908996685,0.0732954075331505
0.9093690709061214,-0.0303382181887172,-0.0761112202118224,-0.0182660016038134,-0.3004778184535592,0.0759445484214905
0.9093013827158276,-0.0314292206037988,-0.0758301669178002,-0.0189510455743122,-0.2993819127792279,0.0785837246645341
0.9092309542838608,-0.0325199348521733,-0.0755385245070865,-0.0196388586363941,-0.2982471695111635,0.0812125584925479
0.9091577484712788,-0.0336103326403035,-0.0752362257174232,-0.0203295171747532,-0.2970735848746187,0.0838306693473522
0.909081726652162,-0.0347003840934156,-0.0749232008813487,-0.021023095596701,-0.2958611549480989,0.086437675610021
0.9090028487422556,-0.0357900569591318,-0.0745993781242428,-0.0217196657749228,-0.2946098764564926,0.0890331928439606
0.9089210732094366,-0.0368793161885201,-0.0742646834871061,-0.0224192967185771,-0.2933197472617396,0.0916168329791273
0.9088363568716608,-0.0379681262647365,-0.0739190401836728,-0.023122056013441,-0.2919907635197566,0.0941882099992245
0.9087486551331764,-0.0390564476884691,-0.0735623696537252,-0.0238280075067194,-0.2906229237586736,0.096746931776522
0.9086579217569096,-0.0401442395982893,-0.0731945907215296,-0.0245372129332957,-0.289216225653632,0.0992926064548435
0.9085641089144564,-0.0412314586955793,-0.0728156198928019,-0.0252497311654712,-0.287770667187108,0.101824840076811
0.9084671673472507,-0.0423180571193625,-0.0724253720950515,-0.025965616747524,-0.2862862494724367,0.1043432318537991
0.9083670459539658,-0.0434039868275094,-0.072023759106945,-0.0266849227059163,-0.2847629707728348,0.1068473845515707
0.908263692240526,-0.0444891942230675,-0.0716106914649219,-0.0274076969388073,-0.2832008337511554,0.1093368922470462
0.9081570518516904,-0.0455736249358593,-0.0711860766801844,-0.0281339853081215,-0.281599838697555,0.1118113515824867
0.9080470688778284,-0.0466572201962928,-0.0707498205665927,-0.0288638291594274,-0.2799599885501462,0.1142703536411553
0.9079336857312496,-0.0477399178785693,-0.070301826843123,-0.0295972659317405,-0.2782812873642017,0.1167134866006276
0.907816843088228,-0.0488216527425294,-0.0698419970052557,-0.0303343292434513,-0.2765637398069324,0.1191403365154192
0.9076964799657524,-0.0499023554177143,-0.0693702307283893,-0.0310750481197398,-0.2748073526341751,0.1215504852828341
0.907572533623762,-0.0509819530402069,-0.0688864255834087,-0.0318194473385333,-0.2730121335839899,0.1239435123420848
0.9074449395829092,-0.0520603687970632,-0.068390477208987,-0.032567547032357,-0.271178091971791,0.1263189939220736
0.9073136316117508,-0.0531375217733808,-0.067882279363107,-0.0333193624911978,-0.2693052388222983,0.1286765029855604
0.9071785417069242,-0.0542133268596831,-0.067361723947708,-0.034074904004505,-0.2673935868927298,0.1310156093154665
0.907039600216346,-0.0552876935644082,-0.0668287015814528,-0.034834175925287,-0.2654431526896138,0.133335877250617
0.9068967356393692,-0.0563605274007795,-0.0662831009272149,-0.035597177539736,-0.2634539539010564,0.1356368690276168
0.9067498746353354,-0.0574317295266651,-0.0657248088289584,-0.0363639027206659,-0.261426009810062,0.1379181442891485
0.9065989423009488,-0.0585011945428664,-0.0651537114608094,-0.0371343382418031,-0.2593593453459191,0.1401792557407524
0.9064438618582236,-0.0595688126426237,-0.064569693229839,-0.0379084651967268,-0.257253986950613,0.1424197541074367
0.9062845547121754,-0.0606344689562299,-0.0639726370923878,-0.038686258425753,-0.2551099635940073,0.1446391870659502
0.9061209405965522,-0.0616980424170487,-0.063362425189422,-0.0394676855733895,-0.2529273088937982,0.1468370972481235
0.9059529376473706,-0.0627594052483993,-0.0627389391959494,-0.0402527065751221,-0.2507060621562867,0.1490130216178166
0.9057804621117824,-0.0638184247350692,-0.062102059316019,-0.0410412748371646,-0.2484462645816477,0.1511664955223819
0.9056034287256012,-0.064874960758189,-0.0614516657575623,-0.0418333352847847,-0.2461479642924483,0.1532970480527627
0.9054217504726156,-0.0659288672545236,-0.060787637907854,-0.042628825310299,-0.2438112131496179,0.155404205460575
0.9052353388047552,-0.0669799908696803,-0.0601098552040984,-0.0434276736284539,-0.2414360695593032,0.1574874888814414
0.9050441036974352,-0.068028170711302,-0.0594181973808415,-0.044229799937247,-0.2390225990234427,0.1595464143427611
0.9048479535519628,-0.0690732389446289,-0.0587125441584728,-0.0450351152248277,-0.2365708727207808,0.1615804944234967
0.9046467952946532,-0.0701150202834353,-0.0579927756411862,-0.0458435212385022,-0.234080968555584,0.1635892377215504
0.9044405345651508,-0.0711533311155861,-0.0572587730161633,-0.0466549096543794,-0.231552973196573,0.1655721476724364
0.9042290756221226,-0.0721879801359198,-0.0565104182291833,-0.0474691624122025,-0.2289869805410991,0.1675287242922856
0.9040123215896032,-0.0732187672821403,-0.0557475948627814,-0.048286150725335,-0.2263830942960117,0.1694584626789011
0.9037901744891088,-0.074245483825039,-0.0549701882335519,-0.049105734983784,-0.2237414278217973,0.1713608537511762
0.9035625352568142,-0.0752679125208905,-0.0541780854296084,-0.049927764714627,-0.2210621037576269,0.1732353850811386
0.9033293040563292,-0.0762858264763152,-0.0533711763616521,-0.0507520775060536,-0.2183452570405395,0.1750815393735377
0.9030903801130868,-0.0772989902142954,-0.0525493531317374,-0.0515784996984372,-0.2155910321946889,0.1768987969944971
0.9028456621186316,-0.0783071582667457,-0.0517125113610988,-0.0524068450786042,-0.212799587193336,0.1786866339977604
0.9025950483771296,-0.079310075035016,-0.050860550591679,-0.053236914582403,-0.2099710941228874,0.1804445225185861
0.9023384367056329,-0.0803074756468303,-0.0499933738365193,-0.0540684968310745,-0.2071057369991049,0.1821719328886772
0.902075724765244,-0.0812990850941382,-0.0491108885818632,-0.0549013672555955,-0.2042037143854165,0.1838683327068209
0.9018068101216962,-0.0822846185201395,-0.0482130068451941,-0.0557352881711473,-0.2012652388326804,0.1855331879332149
0.9015315907940336,-0.0832637797803235,-0.047299646837959,-0.0565700073916003,-0.1982905415268963,0.18716596107305
0.9012499651644328,-0.0842362624644897,-0.0463707324583113,-0.0574052589165622,-0.1952798697647009,0.1887661135583228
0.9009618320002908,-0.0852017504241599,-0.0454261931596261,-0.0582407632337479,-0.1922334856891418,0.1903331071849287
0.9006670911127477,-0.0861599162130426,-0.0444659658817464,-0.0590762258219362,-0.1891516716470061,0.1918664021475241
0.9003656432997115,-0.0871104220714276,-0.0434899945918928,-0.0599113378418586,-0.1860347277551243,0.1933654592580684
0.9000573907030838,-0.0880529195537311,-0.0424982311605721,-0.0607457756661449,-0.1828829737515525,0.1948297399249583
0.8997422368847371,-0.0889870501035508,-0.0414906352980806,-0.0615792012484534,-0.1796967478124284,0.1962587076119631
0.8994200874896657,-0.089912443931424,-0.0404671763423861,-0.062411260989752,-0.1764764111998174,0.1976518266700223
0.899090849981407,-0.0908287217099903,-0.0394278320493052,-0.0632415871254007,-0.173222343396189,0.1990085654635387
0.8987544343726482,-0.091735493401332,-0.038372590529115,-0.0640697965589269,-0.1699349471494302,0.2003283951008065
0.8984107532394524,-0.0926323592174669,-0.0373014498732665,-0.064895491620908,-0.1666146462168036,0.2016107913608304
0.8980597218627281,-0.0935189101785223,-0.0362144181769846,-0.0657182604979563,-0.163261884386916,0.2028552359126469
0.8977012589832295,-0.0943947271774468,-0.0351115154322305,-0.066537676286666,-0.1598771302528976,0.2040612154097484
0.8973352870410375,-0.095259381516844,-0.0339927737666675,-0.0673532974005913,-0.1564608768040727,0.2052282227080941
0.8969617317002702,-0.0961124370624359,-0.0328582354986946,-0.0681646695451989,-0.1530136344113173,0.2063557601242469
0.8965805233027961,-0.0969534478955737,-0.0317079570597129,-0.0689713234594094,-0.1495359417203581,0.2074433365852981
0.8961915963208267,-0.0977819607260599,-0.030542006775909,-0.0697727771658119,-0.1460283578031767,0.208490471148753
0.8957948901101405,-0.0985975143259936,-0.0293604665875497,-0.0705685354158329,-0.1424914663098738,0.2094966924940003
0.8953903491898395,-0.0993996401197938,-0.0281634322969955,-0.0713580902438221,-0.138925875140959,0.2104615399188613
0.894977923015763,-0.100187863740725,-0.0269510123153243,-0.0721409225071197,-0.1353322117076956,0.2113845653840074
0.8945575669611151,-0.1009617042103581,-0.0257233299650129,-0.0729165011066426,-0.131711128815755,0.2122653326338641
0.8941292429107469,-0.1017206741003654,-0.0244805245698415,-0.07368428314868,-0.1280633068509951,0.2131034176007375
0.8936929184800955,-0.1024642821277017,-0.0232227485446432,-0.0744437165944469,-0.1243894442740419,0.2138984114100267
0.8932485683800656,-0.1031920318887314,-0.0219501707191189,-0.0751942390416273,-0.1206902664988523,0.2146499189919953
0.8927961744282261,-0.1039034231211485,-0.0206629756903982,-0.075935279054237,-0.1169665230902879,0.2153575605235266
0.8923357253626052,-0.1045979531569932,-0.0193613626414217,-0.0766662577453773,-0.1132189835458017,0.2160209728697917
0.8918672186452611,-0.1052751153940184,-0.0180455497738849,-0.077386587237287,-0.1094484492888994,0.2166398081264144
0.8913906590886882,-0.1059344026420734,-0.0167157697327182,-0.0780956742507556,-0.1056557397371477,0.2172137368277984
0.8909060604313562,-0.1065753060506665,-0.0153722733568221,-0.0787929190557957,-0.1018417023892522,0.2177424468937726
0.8904134450747441,-0.1071973167842948,-0.0140153282399897,-0.0794777173389637,-0.0980072080517145,0.2182256451120479
0.8899128444690667,-0.1077999267463341,-0.0126452191195297,-0.0801494610788952,-0.094153151379498,0.2186630576768961
0.8894043003368605,-0.1083826284140878,-0.0112622505258413,-0.0808075384107899,-0.0902804577746478,0.2190544301567077
0.8888878640804542,-0.1089449169316873,-0.0098667444449978,-0.0814513360020202,-0.0863900762872473,0.2193995291199389
0.8883635968310716,-0.1094862912676059,-0.0084590397939179,-0.0820802404449726,-0.0824829777859354,0.2196981428563891
0.8878315711063005,-0.1100062537836314,-0.0070394962017618,-0.082693637791301,-0.0785601651117902,0.2199500812659107
0.8872918700370197,-0.1105043124493624,-0.0056084912350489,-0.083290916125918,-0.0746226650325935,0.2201551773243541
0.8867445874491137,-0.1109799820071033,-0.0041664199824561,-0.0838714669829727,-0.0706715269210698,0.2203132877340065
0.8861898294395408,-0.1114327839171229,-0.0027136985686353,-0.0844346852496511,-0.066707832229395,0.2204242932463695
0.8856277127738599,-0.1118622490814999,-0.0012507593055629,-0.0849799724596393,-0.0627326811200533,0.2204880999024694
0.8850583666891696,-0.112267917669394,0.0002219451819193,-0.0855067365294448,-0.0587472037284698,0.2205046393687217
0.8844819313364997,-0.112649341585314,0.0017039465777829,-0.0860143948191394,-0.0547525476897158,0.2204738697670077
0.8838985271175336,-0.1130061034946293,0.0031948394695734,-0.0865024004429631,-0.050749667801375,0.2203957706102085
0.883308299461049,-0.1133377862128283,0.0046941660546586,-0.0869702023495667,-0.0467396381386957,0.2202703423431029
0.8827114227273076,-0.1136439753920051,0.0062014078302561,-0.0874172469082645,-0.0427236725190557,0.2200976137060027
0.882108082509987,-0.1139242727035161,0.0077160316214287,-0.0878429951933926,-0.0387030006726109,0.21987764176343
0.8814984752472991,-0.1141782970019866,0.0092374909030096,-0.0882469245140014,-0.0346788652786553,0.2196105119744172
0.8808828081103643,-0.1144056852779622,0.010765226368931,-0.0886285296585139,-0.0306525210961571,0.2192963382694266
0.8802612980437039,-0.1146060938366561,0.012298668547041,-0.0889873245687131,-0.0266252287955096,0.2189352626027551
0.8796341715065711,-0.1147791990437375,0.0138372385899485,-0.0893228434015629,-0.0225982537233123,0.218527454648681
0.8790016638963468,-0.1149246980881126,0.0153803497926017,-0.0896346416743683,-0.0185728628318946,0.2180731112428202
0.8783640178581428,-0.115042309796446,0.0169274117346996,-0.0899222977480198,-0.0145503148823631,0.217572454785015
0.877721483675809,-0.1151317747842625,0.0184778292603091,-0.0901854130887613,-0.0105318642139133,0.2170257329387291
0.8770743181631953,-0.1151928558691017,0.0200310050632567,-0.0904236131655347,-0.0065187551488959,0.2164332172104752
0.8764227837505023,-0.1152253382329103,0.0215863417091838,-0.0906365480333883,-0.0025122179543866,0.2157952014521464
0.8757671466185675,-0.1152290293848319,0.0231432458344359,-0.090823892970441,0.0014865407111219,0.2151119991629884
0.8751076773679385,-0.1152037588493454,0.0247011262297586,-0.090985348119421,0.0054763315602336,0.2143839431524674
0.8744446403399998,-0.1151493769230579,0.0262594185758642,-0.0911206404145641,0.0094560445392644,0.2136113720725572
0.8737783048475922,-0.1150657539452422,0.027817558321281,-0.0912295198092771,0.0134245778160473,0.2127946407852224
0.8731089426982742,-0.1149527799685942,0.029374986187666,-0.0913117596952313,0.0173808507387799,0.211934116985559
0.8724368256409062,-0.1148103638357482,0.0309311536826889,-0.0913671567633876,0.0213238166363565,0.2110301769943825
0.871762225473615,-0.1146384324030937,0.032485522332781,-0.0913955302313676,0.0252524596118454,0.2100832046347277
0.8710854128519717,-0.1144369294500429,0.0340375659122779,-0.0913967211186321,0.0291657989777113,0.2090935883843093
0.8704066579708605,-0.1142058150300292,0.0355867683452689,-0.0913705913887151,0.0330628828054752,0.2080617211808637
0.8697262282735067,-0.1139450638609589,0.0371326284078214,-0.0913170230070656,0.0369427986649638,0.2069879958449667
0.8690443898746835,-0.1136546648536322,0.0386746559256734,-0.0912359170060448,0.0408046629984335,0.2058728060383806
0.8683614083962584,-0.1133346207771364,0.040212369401302,-0.0911271928303293,0.0446476142560087,0.2047165468386395
0.8676775473883854,-0.1129849469086789,0.0417452991091497,-0.0909907873947092,0.0484708197881587,0.2035196114285879
0.8669930682511588,-0.1126056701951447,0.043272986774285,-0.0908266541896286,0.0522734742061095,0.2022823901108117
0.8663082310364973,-0.1121968289879453,0.0447949833149048,-0.0906347626693505,0.0560547930055687,0.2010052710649911
0.8656232935046413,-0.1117584718756315,0.0463108505038843,-0.0904150972752424,0.0598140160182364,0.199688638069063
0.8649385114621273,-0.1112906572183807,0.0478201597779123,-0.0901676567525351,0.0635504038149507,0.1983328705528626
0.8642541395569805,-0.1107934531507281,0.049322490082158,-0.0898924537743086,0.0672632318084657,0.1969383447879189
0.8635704294447296,-0.1102669357462321,0.0508174315112132,-0.0895895135723628,0.0709517987442713,0.1955054298347899
0.8628876323606055,-0.109711190417415,0.0523045792942948,-0.0892588743693549,0.07461541138002,0.1940344925295916
0.862205997541261,-0.1091263103712255,0.0537835369151746,-0.0889005862067304,0.0782533917957392,0.1925258941199916
0.8615257730519341,-0.1085123969012173,0.0552539139779646,-0.0885147108224973,0.0818650717737138,0.1909799919312145
0.8608472056094995,-0.1078695589541564,0.0567153262861493,-0.0881013211283086,0.0854497926828909,0.1893971389985898
0.8601705410221697,-0.1071979133019864,0.0581673946054924,-0.0876605010819802,0.0890069021703857,0.1877776851722357
0.8594960241964033,-0.1064975844004853,0.0596097443834682,-0.0871923453870505,0.0925357532436755,0.1861219773455733
0.8588238986769037,-0.1057687037593436,0.0610420064735475,-0.0866969588653591,0.096035705837368,0.1844303585351847
0.8581544079931784,-0.1050114112946224,0.0624638140204278,-0.0861744571837631,0.0995061190267381,0.1827031715401545
0.8574877943001006,-0.1042258538336278,0.0638748051314686,-0.0856249656683299,0.1029463574146846,0.1809407559087041
0.8568242997400902,-0.1034121866630805,0.0652746197676372,-0.0850486202108102,0.1063557834242536,0.1791434518791784
0.8561641660756253,-0.1025705732499365,0.0666629003314191,-0.0844455669459949,0.1097337586479254,0.1773116000337986
0.8555076351303159,-0.101701185978356,0.068039290555018,-0.083815962654776,0.113079641074084,0.1754455431770951
0.8548549473958398,-0.1008042044854341,0.0694034382406463,-0.0831599734346289,0.1163927916947609,0.173545623039037
0.8542063438926194,-0.0998798183283343,0.0707549911854117,-0.0824777765123081,0.1196725645614098,0.1716121862575439
0.853562066042593,-0.0989282272696401,0.0720935973070282,-0.0817695603811354,0.122918307085939,0.1696455850558494
0.8529223532673873,-0.0979496380323667,0.0734189094754302,-0.0810355222815486,0.1261293717477539,0.167646170743687
0.8522874469795569,-0.0969442706236706,0.0747305770772279,-0.0802758728251017,0.1293050956510302,0.1656143069089825
0.8516575870243351,-0.0959123534249466,0.0760282532566666,-0.0794908322440338,0.1324448180958699,0.1635503594526771
0.8510330133736457,-0.094854126211241,0.0773115912633636,-0.0786806325713974,0.1355478717569072,0.1614547028967321
0.850413965507565,-0.093769839673309,0.0785802455953859,-0.0778455172044378,0.1386135854910645,0.1593277195234232
0.8498006835420333,-0.0926597580012999,0.0798338695625004,-0.0769857428259154,0.1416412785010558,0.1571698045239498
0.8491934058447715,-0.0915241552675348,0.0810721200407608,-0.0761015765424304,0.1446302718809731,0.1549813590155463
0.8485923711851292,-0.0903633199139046,0.0822946529487557,-0.0751932992862214,0.1475798777547716,0.1527627988731638
0.8479978166011657,-0.0891775514323986,0.0835011274733464,-0.0742612031634323,0.1504894095509485,0.1505145484185864
0.847409978957969,-0.0879671640386438,0.0846912027746035,-0.0733055942573439,0.1533581741323478,0.1482370475473569
0.846829093534806,-0.0867324846242115,0.0858645407346963,-0.0723267909568238,0.1561854785154068,0.1459307479191867
0.8462553941373135,-0.08547385363788,0.0870208056028739,-0.0713251245744385,0.1589706291067189,0.1435961147600301
0.8456891131106711,-0.0841916258763905,0.0881596638483108,-0.0703009399048704,0.1617129314507397,0.1412336284501726
0.8451304805761065,-0.0828861695414796,0.0892807855759376,-0.0692545944007125,0.1644116937482194,0.1388437829147489
0.8445797248729351,-0.0815578680205976,0.0903838435170284,-0.0681864595232802,0.167066224541196,0.1364270890414658
0.844037071399823,-0.080207117934018,0.0914685152330745,-0.0670969191018861,0.1696758381400059,0.1339840712663647
0.8435027424278717,-0.0788343292911334,0.0925344833615608,-0.0659863693709074,0.1722398553410357,0.1315152680838988
0.8429769571344824,-0.0774399262549672,0.0935814354253422,-0.0648552195033639,0.1747576031029018,0.129021233640503
0.8424599311068383,-0.0760243465635281,0.0946090647029012,-0.0637038910607445,0.1772284167817354,0.1265025369096898
0.8419518759213227,-0.0745880410320131,0.0956170709442567,-0.0625328175017921,0.1796516420007594,0.1239597610507616
0.8414529985440953,-0.0731314724129884,0.0966051614392939,-0.0613424431615716,0.1820266373727564,0.1213935016693749
0.8409635013874148,-0.0716551160357181,0.0975730507861248,-0.0601332236793939,0.1843527741037187,0.1188043682472215
0.8404835815675297,-0.0701594580550669,0.0985204622433278,-0.0589056244730573,0.1866294394098041,0.1161929813729377
0.8400134307546487,-0.0686449952882988,0.0994471279098997,-0.0576601205065818,0.1888560371220148,0.1135599728023786
0.8395532348046048,-0.0671122343039788,0.1003527893400007,-0.0563971954449323,0.1910319893413737,0.1109059842227913
0.839103173481079,-0.0655616906652508,0.1012371979815243,-0.0551173409337166,0.1931567376756653,0.1082316663082893
0.8386634200514661,-0.0639938875911476,0.1021001158659508,-0.0538210553972263,0.1952297450843251,0.1055376767918278
0.8382341411087068,-0.0624093552234063,0.1029413158573444,-0.0525088433345467,0.1972504966680949,0.1028246796042565
0.8378154964592758,-0.0608086300468734,0.1037605817774872,-0.0511812147453402,0.1992185001646047,0.100093344279866
0.8374076384795374,-0.059192252096774,0.1045577095758256,-0.0498386827199408,0.2011332889564304,0.0973443416014265
0.8370107125566552,-0.0575607661422859,0.105332506382295,-0.0484817643281592,0.2029944199955071,0.0945783460416116
0.8366248566273197,-0.0559147193090683,0.1060847913324394,-0.0471109785577931,0.2048014759861585,0.0917960321282873
0.836250201288404,-0.054254660800441,0.1068143952805939,-0.0457268459979394,0.2065540648975593,0.0889980743858579
0.8358868695915135,-0.0525811401598877,0.1075211611365833,-0.0443298873117575,0.2082518209736301,0.0861851448058289
0.8355349770843468,-0.0508947064048386,0.1082049437275894,-0.0429206224372995,0.2098944046012527,0.0833579117926417
0.8351946319339533,-0.049195907463432,0.1088656095085284,-0.0414995700469457,0.2114815018126697,0.0805170396054109
0.8348659350085459,-0.0474852893525163,0.1095030363606639,-0.0400672467966214,0.2130128239971263,0.0776631873501756
0.8345489798305278,-0.0457633945290102,0.110117113646531,-0.0386241658870886,0.2144881082248763,0.0747970065853423
0.8342438529850275,-0.0440307625436649,0.1107077413886784,-0.0371708375589815,0.2159071154621475,0.07191914275154
0.8339506340576212,-0.0422879281385728,0.1112748303679703,-0.0357077674525821,0.2172696309904574,0.0690302323231415
0.8336693959663725,-0.0405354214105014,0.1118183014642694,-0.0342354567044517,0.218575463000426,0.066130903381834
0.8334002051058613,-0.0387737668866179,0.1123380853674189,-0.0327544011381227,0.2198244420693084,0.0632217743621626
0.8331431216379074,-0.0370034834591056,0.1128341220103572,-0.0312650911819457,0.2210164199645014,0.0603034541992962
0.8328981996065996,-0.0352250831084015,0.1133063603466831,-0.0297680107739038,0.2221512692679446,0.0573765404577299
0.8326654874399384,-0.0334390723508284,0.1137547573873857,-0.0282636385648167,0.2232288812130897,0.054441621926455
0.8324450279865623,-0.0316459504469217,0.1141792781388042,-0.0267524464013917,0.2242491656801258,0.0514992758555044
0.8322368589746217,-0.0298462107896443,0.1145798947306842,-0.0252349004921683,0.2252120492371969,0.048550070401349
0.8320410129919853,-0.0280403384196031,0.1149565864693826,-0.0237114593144143,0.2261174753972718,0.0455945606968467
0.8318575180877501,-0.0262288129145245,0.1153093386981508,-0.0221825760570377,0.2269654019998954,0.0426332937098346
0.8316863978435547,-0.0244121069077917,0.115638142680408,-0.0206486973833168,0.2277558010436301,0.0396668059152094
0.8315276716364578,-0.0225906862452452,0.1159429951160693,-0.0191102635785817,0.2284886576285407,0.0366956236365087
0.8313813548600942,-0.0207650097898383,0.1162238977395824,-0.0175677084044939,0.2291639690870492,0.0337202627949266
0.8312474592746439,-0.0189355310599918,0.1164808566718479,-0.0160214605065951,0.2297817435150752,0.0307412316284838
0.8311259931116869,-0.0171026971485039,0.1167138822434937,-0.0144719425279841,0.2303419994283838,0.0277590289608548
0.831016961329581,-0.0152669496215359,0.1169229885293821,-0.0129195718987286,0.2308447647168885,0.0247741456841961
0.8309203657811108,-0.0134287244787552,0.1171081930514757,-0.0113647608346434,0.2312900759959603,0.0217870646990631
0.8308362054198348,-0.0115884530770826,0.1172695164071302,-0.00980791715336,0.2316779777708076,0.0187982624088293
0.8307644763924332,-0.0097465609949936,0.117406982115317,-0.0082494433503266,0.2320085221173471,0.0158082068579685
0.8307051722861274,-0.0079034707661217,0.1175206161647346,-0.0066897389500774,0.2322817676388809,0.0128173621444109
0.8306582841780988,-0.0060596007528683,0.1176104469403623,-0.0051291995935295,0.2324977793254852,0.0098261865544189
0.8306238007479507,-0.0042153652464881,0.1176765050278643,-0.0035682171636351,0.2326566281125694,0.0068351326847527
0.830601708394403,-0.0023711756661003,0.1177188230085013,-0.0020071808421884,0.2327583904095918,0.0038446493409948
0.8305919913007895,-0.0005274406750435,0.1177374353506084,-0.0004464772510836,0.2328031478540813,0.0008551816746842
0.8305914855320217,-8.525576078444176e-13,0.1177384040985028,6.0429035907139106e-12,0.2328054774240648,-2.0430447698199794e-12
