3.05094584063426
0.8351954955630976,-2.440676549828289e-27,0.1411476584409928,-1.0929531974133789e-15,0.2518544028995521,6.93791975143479e-15
0.8351971044942496,0.0009528845015868,0.1411447181778164,0.0008504935191926,0.2518477412582431,-0.0015542483289012
0.8352104313062283,0.0029030940987858,0.1411203635719133,0.0025911470111849,0.2517925620164513,-0.0047353526320856
0.8352372548526483,0.0048537371881909,0.1410713419796962,0.0043321909295718,0.2516814960711442,-0.0079175306225447
0.8352775928558605,0.0068044329121643,0.1409976172770093,0.0060732876111495,0.2515144621488094,-0.0111004084006142
0.8353314611292877,0.0087547861966632,0.1408991549302186,0.0078140865603301,0.2512913828540111,-0.0142835898526912
0.835398873480986,0.0107043973077737,0.1407759221570311,0.0095542329173717,0.2510121850169199,-0.0174666723116698
0.8354798417305533,0.0126528651055909,0.1406278878783121,0.0112933703009205,0.2506767995610239,-0.020649251939338
0.8355743755748061,0.0145997847892889,0.1404550229445668,0.0130311387333632,0.2502851619867323,-0.0238309201145727
0.8356824825215916,0.0165447484125903,0.1402573002361745,0.0147671750387036,0.2498372125624672,-0.0270112643386819
0.835804167727195,0.0184873436331244,0.1400346949383256,0.0165011116639049,0.2493328969049699,-0.0301898662483119
0.8359394338604008,0.0204271535723136,0.139787184765809,0.0182325764913692,0.2487721664392983,-0.0333663014334026
0.8360882810070406,0.0223637572821086,0.1395147501123786,0.019961193193111,0.2481549786811776,-0.0365401402415992
0.8362507064285821,0.0242967283479415,0.1392173744660569,0.0216865799214382,0.2474812981149431,-0.0397109455202287
0.8364267044369079,0.0262256353858903,0.1388950446109014,0.0234083496906187,0.2467510965807424,-0.0428782734482678
0.8366162660396333,0.0281500401223664,0.1385477512483046,0.0251261086010394,0.2459643546050819,-0.0460416703865336
0.8368193789594119,0.0300694997020518,0.1381754889329041,0.0268394578380678,0.2451210611715683,-0.0492006766569175
0.8370360271979844,0.0319835642810428,0.1377782568422231,0.0285479914630895,0.244221215373167,-0.0523548225612551
0.8372661908517209,0.0338917775511414,0.1373560590859571,0.030251296821795,0.2432648270143411,-0.0555036291952249
0.8375098458384912,0.0357936764743462,0.1369089051782666,0.0319489542485506,0.2422519175752055,-0.0586466079457287
0.8377669636571522,0.0376887913994396,0.1364368104511352,0.0336405371131344,0.2411825210349382,-0.0617832605987922
0.8380375109210212,0.0395766446727745,0.1359397968841683,0.0353256105249578,0.2400566856313176,-0.0649130769306809
0.8383214493307112,0.0414567525715642,0.1354178931294462,0.0370037330047901,0.2388744737897686,-0.0680355377755854
0.8386187351757507,0.0433286238664299,0.134871135403856,0.0386744551498814,0.2376359640104457,-0.071150112489519
0.8389293190936457,0.0451917603655706,0.1342995679114789,0.0403373200703239,0.2363412516839655,-0.0742562596687079
0.8392531457142829,0.0470456567582856,0.1337032434799807,0.0419918632028204,0.2349904503853046,-0.0773534266783286
0.8395901534060786,0.0488898011318372,0.1330822240135358,0.0436376127285447,0.2335836927457904,-0.0804410502760857
0.8399402737384906,0.0507236739971285,0.1324365814728377,0.0452740886637691,0.2321211325130992,-0.0835185547094287
0.8403034315370593,0.0525467505621157,0.1317663977679486,0.0469008048526812,0.2306029441430022,-0.0865853552242077
0.8406795442887909,0.0543584995019556,0.1310717658538544,0.0485172678381218,0.2290293251104354,-0.0896408556767421
0.841068521970255,0.0561583840292429,0.130352790052859,0.0501229777895876,0.2274004964646101,-0.0926844499703661
0.8414702668509886,0.0579458627231629,0.1296095864281602,0.0517174292209251,0.225716703496036,-0.0957155230699706
0.8418846730654588,0.0597203893092427,0.1288422835923644,0.0533001107773068,0.2239782173856229,-0.0987334502107675
0.842311626711137,0.0614814147247695,0.1280510225496931,0.0548705070666755,0.2221853346618983,-0.1017375999608248
0.8427510052905232,0.0632283862957662,0.1272359577601861,0.0564280979209324,0.220338379425061,-0.1047273323522869
0.8432026778433162,0.064960749791575,0.1263972569336988,0.0579723602298643,0.2184377026920855,-0.1077020018878489
0.8436665047343542,0.0666779499205595,0.1255351014691707,0.0595027683912002,0.2164836832036485,-0.1106609578789696
0.8441423376581172,0.0683794315928464,0.1246496865001331,0.0610187954511781,0.2144767273394534,-0.1136035460832221
0.8446300194691978,0.0700646404476639,0.1237412212720192,0.0625199135965422,0.2124172697872007,-0.1165291090621842
0.8451293845469106,0.071733025135465,0.1228099285328514,0.0640055962165522,0.2103057719774625,-0.1194369895761042
0.8456402584433151,0.0733840369827685,0.1218560452663234,0.0654753176402483,0.2081427235649454,-0.1223265294368884
0.8461624580211593,0.0750171313193982,0.1208798225218838,0.066928554362085,0.2059286418674527,-0.1251970712282103
0.8466957922019271,0.0766317704702292,0.1198815241095071,0.06836478775428,0.2036640687343504,-0.1280479629837459
0.8472400616739624,0.0782274232751385,0.1188614272434144,0.06978350369511,0.2013495718402807,-0.1308785567941256
0.8477950591093724,0.0798035661898723,0.11781982224405,0.0711841936114677,0.1989857438503751,-0.1336882101763349
0.8483605699724978,0.0813596858639163,0.1167570111341601,0.0725663568388503,0.1965731990822133,-0.1364762901137502
0.848936371949403,0.0828952776951808,0.1156733088291604,0.0739294994117974,0.1941125760632485,-0.1392421699388587
0.8495222367482811,0.0844098507338722,0.1145690398747493,0.0752731384978428,0.1916045299878941,-0.1419852376313811
0.8501179292955338,0.0859029253341838,0.1134445400840965,0.0765968003950204,0.1890497363051745,-0.1447048911391675
0.8507232083206306,0.0873740345734135,0.1123001555707425,0.0779000218809078,0.1864488884044703,-0.1474005404576601
0.8513378275768253,0.088822726936741,0.1111362405761115,0.0791823526829022,0.1838026925678941,-0.1500716121213703
0.8519615353725435,0.0902485647465146,0.1099531584910454,0.0804433541805066,0.1811118701895855,-0.1527175459491331
0.8525940754631807,0.0916511258459849,0.108751280308381,0.0816826009941179,0.1783771541663258,-0.155337797771489
0.8532351879096168,0.093030004929777,0.1075309831309084,0.0828996822583991,0.1755992854183614,-0.1579318416142001
0.8538846091210303,0.094384812957721,0.1062926502274209,0.0840942012025403,0.1727790129401108,-0.160499168351084
0.8545420720062081,0.0957151768701582,0.1050366708886417,0.0852657750016878,0.169917093407771,-0.1630392849001568
0.8552073073507953,0.0970207417091738,0.1037634379397022,0.0864140367472295,0.1670142854550828,-0.1655517180556869
0.8558800433926704,0.0983011689647581,0.1024733486889396,0.0875386340899896,0.1640713517843254,-0.1680360111834429
0.8565600068931937,0.0995561378925822,0.1011668030161976,0.0886392304996019,0.1610890547661017,-0.1704917266278826
0.8572469227553379,0.1007853440023084,0.0998442042441221,0.0897155040372658,0.1580681583941655,-0.1729184426740403
0.8579405154404985,0.1019885008421061,0.0985059565510576,0.0907671490186237,0.1550094223532956,-0.1753157569853063
0.858640508143253,0.1031653377064381,0.0971524666954697,0.0917938741042792,0.1519136059399177,-0.1776832820428363
0.8593466243826527,0.1043156015745699,0.0957841410788179,0.0927954040897248,0.1487814613374379,-0.180020649006066
0.8600585872567538,0.1054390550148596,0.0944013873166454,0.0937714781694073,0.1456137372039712,-0.1823275035374794
0.8607761202864681,0.1065354767945807,0.0930046127367587,0.0947218505619705,0.1424111752400021,-0.1846035070640082
0.8614989476218345,0.1076046613914457,0.091594224105206,0.0956462901745043,0.1391745095686488,-0.1868483358605235
0.8622267935955383,0.1086464176074276,0.0901706286291076,0.0965445794936381,0.1359044690573147,-0.1890616782131639
0.8629593845705571,0.1096605705051417,0.0887342304730485,0.0974165163427321,0.132601769342912,-0.1912432386260834
0.8636964469569821,0.1106469578613024,0.0872854347649627,0.0982619109094075,0.129267122066209,-0.1933927303929734
0.8644377087391568,0.1116054316941436,0.0858246447380678,0.0990805871500547,0.1259012283497922,-0.195509878923495
0.8651828998968406,0.1125358580800509,0.0843522610187253,0.0998723827072794,0.1225047771972873,-0.1975944215491702
0.8659317507992488,0.1134381145245584,0.082868684925258,0.1006371467514088,0.1190784531587869,-0.1996461017857245
0.8666839946529286,0.114312092429801,0.0813743137575803,0.1013747421600596,0.1156229255301953,-0.2016646749939764
0.8674393655496992,0.1151576941518289,0.0798695447874087,0.1020850430993319,0.1121388576390692,-0.2036499018541113
0.8681975999498164,0.1159748342349271,0.0783547724438664,0.1027679361468105,0.1086269004251234,-0.2056015513134603
0.8689584360959867,0.1167634382179684,0.0768303896033671,0.1034233193607799,0.1050876955141617,-0.2075193979612935
0.8697216133399188,0.1175234415453204,0.0752967890785122,0.1040511014575492,0.1015218787900772,-0.209403219446503
0.870486874138186,0.1182547911767502,0.0737543597465252,0.104651203221435,0.0979300715176841,-0.2112528005460663
0.8712539622145745,0.1189574433213129,0.072203490369698,0.105223555703309,0.0943128893478104,-0.2130679277053244
0.8720226235502331,0.1196313640695074,0.0706445677429079,0.1057681008216502,0.0906709381540825,-0.2148483906732306
0.8727926059103124,0.1202765286271114,0.0690779777890973,0.1062847908143454,0.0870048167443673,-0.2165939806092057
0.8735636597228051,0.1208929217464098,0.0675041039115437,0.1067735886575539,0.0833151131742678,-0.2183044913462621
0.8743355366671659,0.121480536286245,0.0659233300117403,0.1072344669916866,0.0796024119993994,-0.2199797155311483
0.8751079913413465,0.1220393742921092,0.0643360372315441,0.1076674090537273,0.0758672868384808,-0.2216194476770975
0.8758807796093264,0.1225694455112969,0.0627426074852915,0.1080724075889528,0.0721103088874965,-0.2232234799728357
0.8766536602777717,0.1230707684039293,0.0611434201647404,0.1084494657108782,0.0683320394012767,-0.2247916052774428
0.8774263936662765,0.1235433689624248,0.0595388552362372,0.1087985960721463,0.0645330372449331,-0.2263236136000581
0.8781987423179658,0.1239872810644477,0.0579292919355467,0.1091198212183862,0.0607138560971468,-0.2278192931135662
0.8789704707853522,0.1244025462114882,0.0563151093720904,0.1094131734746373,0.056875046177083,-0.2292784292836238
0.8797413456816504,0.1247892134663223,0.0546966865879564,0.1096786949849677,0.0530171547077005,-0.2307008045801785
0.8805111361212226,0.1251473395760718,0.0530744017963463,0.1099164378742723,0.0491407244373296,-0.2320861989062735
0.8812796133403079,0.1254769886854009,0.0514486333393524,0.1101264641262995,0.0452462962774125,-0.2334343885280489
0.8820465501786197,0.1257782321027535,0.0498197609633614,0.1103088455312696,0.0413344127582355,-0.2347451449145463
0.8828117220982484,0.1260511487216306,0.0481881638398336,0.110463664046452,0.0374056137082196,-0.2360182362831974
0.8835749068158372,0.1262958248237972,0.0465542215125923,0.1105910117517945,0.03346043895614,-0.2372534266987347
0.8843358833516449,0.1265123538292077,0.0449183161231148,0.110690990836186,0.0294994341919218,-0.2384504744128067
0.8850944337424368,0.1267008368879827,0.0432808289281346,0.1107637140128616,0.0255231430661787,-0.2396091345183615
0.8858503418439572,0.1268613825588159,0.0416421430509528,0.1108093044644311,0.0215321143739742,-0.2407291569382448
0.886603393993939,0.126994107064052,0.0400026422420882,0.1108278960745878,0.0175268996203722,-0.2418102874217575
0.8873533790146296,0.1270991343437884,0.0383627110536425,0.1108196335555605,0.013508054029163,-0.242852267509177
0.888100087518263,0.1271765960732641,0.0367227365504758,0.1107846726382729,0.009476141371888,-0.2438548336310619
0.8888433149042297,0.1272266320371486,0.0350831019026557,0.1107231800585273,0.0054317188504045,-0.244817721157694
0.8895828559511173,0.1272493897663988,0.0334441984699924,0.1106353340635417,0.0013753675355787,-0.2457406573665369
0.890318509039383,0.1272450251535126,0.0318064167259954,0.1105213244408894,-0.0026923291961888,-0.2466233673471955
0.891050125811368,0.1272136993769437,0.0301700350609499,0.1103813421265952,-0.0067710626598649,-0.247465629952771
0.8917777660456985,0.1271555543972373,0.0285348684107166,0.1102155320074009,-0.0108616839532398,-0.2482674323377398
0.8925012200986108,0.12707073950643,0.0269013381245626,0.1100240903663677,-0.0149635339336302,-0.2490284279132542
0.8932202811750999,0.1269594148706,0.0252698674078584,0.1098072278078785,-0.0190759411729614,-0.2497482699445065
0.8939347434685585,0.1268217521165998,0.0236408857814177,0.1095651701383303,-0.0231982096806835,-0.250426610264466
0.8946444046597293,0.1266579342902547,0.0220148236560073,0.109298157966594,-0.0273296314781108,-0.2510631024733146
0.8953490632069921,0.1264681567825122,0.0203921187644099,0.1090064480218943,-0.0314694691459663,-0.2516574002097616
0.8960485214822341,0.1262526270067606,0.0187732092199212,0.1086903123580913,-0.0356169722525068,-0.2522091608711348
0.8967425843204934,0.1260115650669928,0.0171585370529105,0.1083500392032706,-0.0397713671657202,-0.2527180451972852
0.897431059331726,0.1257452040872256,0.0155485477189808,0.1079859331983587,-0.0439318570235996,-0.2531837186050528
0.898113758434106,0.125453789961014,0.0139436867057481,0.1075983148695094,-0.0480976292397932,-0.2536058532743754
0.8987904969164918,0.1251375819726787,0.0123444018782635,0.1071875213093327,-0.0522678482099421,-0.2539841285198524
0.8994610947702002,0.1247968524808903,0.0107511404845936,0.1067539055837743,-0.0564416618374925,-0.2543182326883805
0.900125376028129,0.1244318874443208,0.0091643508275029,0.1062978372452984,-0.0606181959355566,-0.2546078638931731
0.9007831696613396,0.12404298618885,0.0075844802295471,0.1058197018537776,-0.0647965583027082,-0.2548527316537591
0.901434310242928,0.1236304611313903,0.0060119734835417,0.105319900474339,-0.0689758416358334,-0.2550525582569365
0.9020786375666328,0.1231946380876512,0.0044472737849106,0.1047988498849794,-0.0731551199024987,-0.2552070797549414
0.9027159977631564,0.1227358555888402,0.0028908200153433,0.1042569815769301,-0.0773334544462015,-0.2553160474342544
0.9033462434202284,0.1222544647068944,0.0013430463751098,0.1036947413854496,-0.0815098939530124,-0.2553792288594843
0.9039692339603872,0.1217508286441254,-0.00019561864882,0.103112588837693,-0.08568347625778,-0.2553964089490578
0.9045848350961968,0.1212253230361825,-0.0017247510654682,0.1025109973158948,-0.0898532240966037,-0.2553673910392876
0.905192926605948,0.1206783287305832,-0.0032439509812086,0.1018904456768393,-0.0940181979946094,-0.255291996911244
0.9057933938635604,0.1201102381349509,-0.0047528219582589,0.101251425456436,-0.0981774397055876,-0.2551700671098864
0.9063861255333696,0.1195214576340235,-0.0062509652881508,0.1005944432919462,-0.1023299552978394,-0.2550014632506183
0.9069710190746324,0.1189124023581877,-0.007737993989111,0.0999200147720653,-0.1064747528450261,-0.2547860683744063
0.9075479794243582,0.1182834969636373,-0.0092135298167498,0.0992286651196576,-0.110610833695586,-0.2545237879794063
0.9081169205825512,0.1176351733913118,-0.010677207669219,0.0985209265202013,-0.1147372044100694,-0.2542145500091959
0.9086777647928443,0.1169678710417079,-0.0121286739207656,0.0977973381339578,-0.1188528719103116,-0.253858305587467
0.9092304433565472,0.1162820350858613,-0.0135675889713883,0.0970584440689688,-0.1229568505845404,-0.2534550288644503
0.909774895579347,0.115578116941067,-0.0149936249933063,0.0963047937067048,-0.1270481558899386,-0.2530047179460436
0.910311070098597,0.1148565717573829,-0.0164064698964287,0.0955369388110054,-0.1311258157954646,-0.252507394010286
0.9108389237567398,0.1141178589234571,-0.0178058249218311,0.0947554338937963,-0.1351888641482065,-0.2519631021481094
0.9113584223137804,0.1133624401459739,-0.0191914070737667,0.0939608339928659,-0.1392363480413733,-0.2513719105608963
0.9118695396351766,0.1125907795698463,-0.0205629475433223,0.0931536946260473,-0.1432673237012464,-0.2507339111172106
0.91237225835725,0.1118033417393292,-0.021920194079705,0.0923345694811771,-0.147280863994619,-0.2500492181620955
0.9128665688131636,0.1110005921278398,-0.0232629087130255,0.09150401080805,-0.151276052402637,-0.2493179693337327
0.913352469837694,0.1101829947403971,-0.0245908705453142,0.0906625667713194,-0.1552519920483029,-0.2485403237918336
0.9138299678803607,0.109351012342525,-0.0259038739798353,0.0898107815491134,-0.1592078013329879,-0.2477164626360564
0.9142990764656672,0.108505106278237,-0.0272017278472866,0.0889491949934572,-0.1631426121861152,-0.2468465890554812
0.9147598167060076,0.107645734400869,-0.0284842574375698,0.0880783403784986,-0.1670555771887219,-0.2459309264767978
0.9152122167511976,0.106773350801991,-0.0297513036169205,0.0871987440119381,-0.1709458680358465,-0.2449697183479721
0.9156563113591996,0.1058884054031448,-0.0310027222506349,0.0863109247092913,-0.1748126749256267,-0.2439632277822656
0.9160921413655216,0.1049913438267375,-0.0322383833112944,0.0854153935522906,-0.1786552049781095,-0.2429117375113441
0.9165197541078,0.1040826053173815,-0.0334581726814572,0.084512651714871,-0.1824726890830618,-0.241815547478164
0.9169392025548846,0.1031626232757025,-0.0346619902867054,0.0836031909230209,-0.1862643774427959,-0.2406749753360531
0.9173505447197526,0.1022318253929922,-0.0358497489738173,0.082687493505259,-0.1900295373313812,-0.2394903565821898
0.9177538439613336,0.1012906318287153,-0.037021375929977,0.081766030527442,-0.193767458916669,-0.2382620421591758
0.918149168529464,0.1003394550077922,-0.0381768119264756,0.0808392615542639,-0.1974774543127959,-0.2369903979185882
0.9185365906873152,0.0993787005752933,-0.0393160092784708,0.0799076355372806,-0.2011588524392108,-0.2356758056693648
0.918916187005513,0.0984087656066317,-0.0404389331969447,0.0789715890365621,-0.2048110047512641,-0.2343186605335606
0.9192880379224132,0.0974300385485223,-0.0415455609893011,0.0780315461536425,-0.2084332841283575,-0.2329193704774544
0.9196522271395966,0.0964428997170455,-0.042635880724973,0.0770879190011263,-0.2120250819444855,-0.231478356658513
0.9200088415217836,0.09544772056023,-0.0437098913655824,0.0761411069906878,-0.2155858098875111,-0.2299960520013018
0.920357970824122,0.0944448633817253,-0.0447676023643342,0.0751914965818612,-0.2191149000604423,-0.2284729003427697
0.9206997075244744,0.0934346807932019,-0.0458090335606414,0.0742394607887658,-0.2226118060650551,-0.2269093550971777
0.9210341460271032,0.0924175170996961,-0.04683421312683,0.0732853605161534,-0.2260759975042901,-0.2253058808909313
0.9213613829462958,0.0913937065855036,-0.0478431787704976,0.072329542978173,-0.2295069653586844,-0.2236629504025255
0.921681516746256,0.0903635736705382,-0.048835976966167,0.0713723419029849,-0.2329042207799518,-0.2219810439753543
0.9219946471346512,0.0893274340023689,-0.0498126613778693,0.0704140786030588,-0.2362672910158593,-0.2202606508081335
0.922300875270492,0.088285592997482,-0.0507732937779976,0.0694550606812816,-0.2395957238290086,-0.2185022659669278
0.922600303098028,0.0872383472910795,-0.0517179422222513,0.068495583440333,-0.2428890824561196,-0.2167063921651119
0.9228930335329272,0.0861859833930025,-0.0526466818632324,0.0675359287196513,-0.2461469496311848,-0.2148735368547079
0.9231791700880624,0.0851287782657971,-0.05355959398889,0.0665763655142597,-0.249368925441286,-0.2130042125049284
0.9234588163905472,0.0840670004784812,-0.0544567646685289,0.0656171511042602,-0.2525546236699086,-0.2110989379933638
0.9237320766250758,0.0830009079375831,-0.0553382863409277,0.0646585290912571,-0.2557036785142492,-0.2091582338805163
0.9239990548394134,0.0819307499012285,-0.0562042557454081,0.063700731322804,-0.2588157383294973,-0.2071826252728828
0.9242598549208066,0.0808567665824645,-0.0570547739696447,0.0627439776297846,-0.2618904667840475,-0.2051726404344698
0.9245145803524024,0.0797791896625466,-0.0578899457680216,0.0617884763848212,-0.2649275413605693,-0.2031288110536942
0.9247633343811184,0.0786982411107886,-0.0587098802102803,0.0608344235626876,-0.267926656648195,-0.2010516692918777
0.9250062194278053,0.0776141352672768,-0.0595146888262269,0.0598820046951071,-0.2708875184752127,-0.1989417510278813
0.9252433374662876,0.0765270768024818,-0.0603044869203694,0.0589313931827524,-0.2738098495633482,-0.1967995912163058
0.9254747894273566,0.0754372630127202,-0.0610793916486043,0.0579827524272524,-0.2766933832589704,-0.1946257276314588
0.925700675468664,0.0743448822813391,-0.061839522950398,0.0570362345979845,-0.2795378677292621,-0.1924206971411378
0.9259210945641306,0.0732501157253742,-0.0625850021970419,0.0560919821814123,-0.2823430616485192,-0.1901850382871343
0.9261361446652292,0.0721531361797109,-0.0633159527424104,0.0551501272148158,-0.2851087369238906,-0.1879192885532803
0.9263459223915694,0.0710541095234487,-0.0640324988740693,0.0542107925452323,-0.2878346753769465,-0.1856239863959716
0.9265505231345926,0.0699531939877851,-0.064734766150541,0.0532740913476659,-0.2905206706003377,-0.1832996691600252
0.926750041098123,0.0688505397092736,-0.0654228815265847,0.0523401268701519,-0.2931665290268073,-0.1809468714138586
0.9269445688119092,0.0677462912540815,-0.0660969716477577,0.0514089946915145,-0.2957720639055197,-0.1785661296541052
0.9271341974954264,0.0666405855455832,-0.0667571640606174,0.0504807810746881,-0.2983371004170675,-0.1761579772734724
0.9273190166789708,0.0655335539517597,-0.0674035858510412,0.0495555648382846,-0.3008614708518184,-0.1737229484408767
0.9274991145533747,0.0644253201824376,-0.0680363648083752,0.0486334157052767,-0.3033450195514649,-0.1712615728928077
0.92767457757139,0.0633160026265858,-0.0686556279725336,0.0477143963703649,-0.3057875976261835,-0.168774380450406
0.927845490601738,0.0622057134488942,-0.0692615021036466,0.0467985618509618,-0.3081890651272735,-0.1662618984590312
0.9280119368009648,0.0610945594351651,-0.069854113156322,0.0458859602927299,-0.3105492892873479,-0.1637246531194914
0.9281739977554326,0.059982641098308,-0.0704335867072444,0.0449766323392671,-0.3128681465111755,-0.1611631668933718
0.9283317532423516,0.0588700543492527,-0.0710000470222585,0.044070612606071,-0.3151455189191314,-0.1585779617818918
0.9284852814386444,0.0577568891573196,-0.0715536177175179,0.0431679286848507,-0.3173812972263493,-0.1559695557165407
0.9286346586497388,0.0566432315968499,-0.0720944206954689,0.0422686029050892,-0.3195753766675646,-0.1533384668222936
0.9287799595989192,0.055529161882716,-0.0726225770966149,0.0413726508360521,-0.3217276610264043,-0.1506852083236665
0.9289212571492382,0.0544147565854664,-0.0731382061998135,0.0404800831693737,-0.3238380583407728,-0.1480102932967771
0.9290586225662836,0.0533000867773288,-0.0736414262822318,0.0395909043192454,-0.3259064845517564,-0.1453142297890542
0.929192125263301,0.0521852202167333,-0.0741323535929051,0.0387051142611036,-0.327932859428779,-0.142597525611835
0.9293218329937644,0.0510702200122266,-0.0746111029583798,0.0378227075482852,-0.329917109156171,-0.1398606846965721
0.9294478117835504,0.0499551453627177,-0.0750777874367479,0.0369436739876224,-0.3318591650033773,-0.1371042084591533
0.9295701259342092,0.048840051762608,-0.0755325182299848,0.0360679988818501,-0.3337589630314533,-0.1343285959067665
0.9296888380216924,0.0477249912704872,-0.0759754045788716,0.0351956633179343,-0.3356164437084007,-0.1315343439263404
0.929804008935731,0.0466100124095313,-0.0764065538097368,0.0343266441640789,-0.3374315521459173,-0.1287219466686603
0.929915697959732,0.0454951596182416,-0.0768260715362804,0.0334609137197621,-0.3392042389886464,-0.1258918937790177
0.9300239625759285,0.0443804754513705,-0.0772340608299654,0.0325984414986405,-0.3409344569314785,-0.1230446756251744
0.9301288587279596,0.0432659982537754,-0.0776306231081576,0.0317391924902894,-0.3426221644771453,-0.120180777065651
0.9302304406410928,0.042151764277682,-0.078015857361126,0.030883128867717,-0.3442673226602706,-0.1173006825242172
0.930328760964049,0.0410378065057557,-0.0783898605917049,0.0300302091422995,-0.3458698969014254,-0.114404872671116
0.9304238707919594,0.0399241546217614,-0.0787527278109821,0.0291803882111019,-0.3474298569812261,-0.1114938240105305
0.9305158194930953,0.0388108373728765,-0.0791045512839376,0.0283336192196896,-0.3489471737675251,-0.1085680147731983
0.9306046549868846,0.0376978796574886,-0.0794454214984773,0.0274898513969948,-0.3504218233432851,-0.1056279170381173
0.9306904236202772,0.0365853042535075,-0.0797754266056281,0.0266490314337896,-0.3518537845633358,-0.1026740009703748
0.9307731701981592,0.0354731318040267,-0.0800946524477099,0.0258111035243926,-0.3532430391245522,-0.0997067345423067
0.9308529379949342,0.034361381039647,-0.0804031825164347,0.0249760095855422,-0.3545895713280855,-0.0967265838919869
0.930929768792323,0.0332500686382005,-0.0807010980146013,0.0241436892005419,-0.3558933682890174,-0.0937340127224414
0.9310037029254646,0.0321392088955416,-0.080988477953459,0.0233140794237202,-0.3571544203039633,-0.0907294811815344
0.9310747792376572,0.0310288147452008,-0.0812653988974786,0.0224871155913161,-0.3583727196689787,-0.0877134483948135
0.9311430351635548,0.0299188968747206,-0.081531935210181,0.021662730707273,-0.3595482616902513,-0.0846863698703146
0.9312085066970768,0.0288094645775534,-0.0817881588541089,0.0208408561228927,-0.3606810437351516,-0.0816486996096936
0.93127122841497,0.0277005257984383,-0.0820341394091215,0.0200214216105909,-0.3617710652371587,-0.0786008900572518
0.931331233524599,0.0265920867001238,-0.0822699441888011,0.0192043550842521,-0.3628183281368871,-0.0755433907312308
0.9313885538744484,0.0254841518112611,-0.082495638213803,0.0183895827503695,-0.3638228366912833,-0.0724766484444445
0.931443219961638,0.0243767242489933,-0.082711284175538,0.0175770293114284,-0.364784597236905,-0.069401107746011
0.9314952609442034,0.0232698058730255,-0.0829169424207886,0.016766618116112,-0.3657036180440736,-0.0663172111882954
0.9315447046254908,0.0221633980943456,-0.0831126708281882,0.0159582717851164,-0.3665799086852839,-0.0632254014374991
0.931591577564618,0.0210574998596438,-0.0832985251863141,0.015151910772007,-0.3674134816495282,-0.0601261154996507
0.9316359049728627,0.0199521103796386,-0.0834745587271108,0.0143474553897485,-0.368204350176427,-0.0570197922040499
0.9316777108436628,0.0188472264697006,-0.0836408225872721,0.0135448239037153,-0.3689525302486968,-0.0539068646152522
0.9317170178715564,0.0177428449244149,-0.0837973654350238,0.0127439342923205,-0.3696580388408703,-0.0507877665679232
0.9317538475158318,0.0166389613532751,-0.083944233673707,0.0119447034290482,-0.3703208947585734,-0.0476629292737968
0.9317882200074374,0.0155355703373824,-0.0840814714228165,0.0111470472265653,-0.3709411184805204,-0.0445327816364712
0.931820154350108,0.0144326658203987,-0.0842091204781957,0.0103508809479353,-0.3715187319064824,-0.041397751242614
0.931849668341522,0.0133302408665829,-0.084327220354628,0.009556119058848,-0.3720537584788306,-0.0382582635651445
0.9318767785685396,0.0122282883285767,-0.0844358082272924,0.008762675735315,-0.3725462228481069,-0.035114743758899
0.9319015004427452,0.0111267999716164,-0.0845349190369932,0.0079704642579313,-0.3729961512825945,-0.0319676140635801
0.9319238482021264,0.0100257667013054,-0.0846245854624633,0.0071793972023016,-0.3734035714783064,-0.0288172943457977
0.931943834903986,0.0089251794030356,-0.0847048378597041,0.0063893870664257,-0.3737685122201849,-0.0256642044045156
0.9319614724532392,0.007825028048927,-0.0847757043457151,0.0056003456523667,-0.3740910037015487,-0.022508761324389
0.9319767715873342,0.006725303193164,-0.0848372107105377,0.0048121851617723,-0.3743710770654557,-0.0193513836743636
0.9319897419214778,0.0056259935039571,-0.0848893805740276,0.0040248164488266,-0.374608765062359,-0.0161924843381655
0.9320003919139128,0.0045270887875384,-0.0849322352236877,0.0032381512095618,-0.3748041012583361,-0.0130324791109077
0.9320087289039856,0.0034285775372265,-0.084965793747521,0.0024521002473364,-0.3749571205893762,-0.0098717795765993
0.932014759103448,0.0023304477719094,-0.0849900729812204,0.0016665740951215,-0.3750678590727276,-0.0067107954332447
0.9320184875945812,0.0012326889625735,-0.0850050874850621,0.0008814844137976,-0.3751363536559691,-0.0035499399622815
0.9320199183527534,0.0001352882676908,-0.0850108496215852,9.67413197533e-05,-0.3751626425286956,-0.0003896191138285
0.9320190542338556,-0.0009617659562856,-0.0850073694941733,-0.0006877440841609,-0.3751467648025536,0.0027697584626308
0.9320158963457764,-0.0020586485109714,-0.0849946524075791,-0.0014721772370765,-0.3750887488897781,0.0059282547080482
0.932010442692404,-0.0031556394226916,-0.0849726934048537,-0.0022568387980197,-0.3749885875654031,0.0090862347022851
0.93200269009833,-0.0042527505288057,-0.0849414850234284,-0.0030418176511709,-0.3748462733645117,0.0122432910964817
0.9319926342892432,-0.0053499922043578,-0.0849010176260906,-0.0038272016145169,-0.3746618001074694,0.0153990123452717
0.931980269876159,-0.006447375499344,-0.0848512793469817,-0.0046130789481612,-0.3744351626715265,0.0185529889375089
0.9319655903575824,-0.0075449110822941,-0.0847922561120996,-0.0053995375778165,-0.3741663571048535,0.0217048104353137
0.9319485881155044,-0.0086426092910223,-0.084723931637261,-0.0061866651099183,-0.3738553806403217,0.0248540657020115
0.9319292544196724,-0.0097404796420339,-0.0846462874615798,-0.0069745484579478,-0.3735022318732648,0.0280003415801603
0.9319075794140864,-0.0108385314381456,-0.0845593029117855,-0.0077632742557292,-0.3731069106267091,0.0311432247229981
0.9318835521086012,-0.0119367737634258,-0.0844629550894178,-0.0085529288319826,-0.3726694179234348,0.0342823016646836
0.9318571603825516,-0.0130352149520695,-0.0843572189085563,-0.0093435978059105,-0.3721897561897456,0.0374171573906191
0.9318283909724197,-0.0141338628492786,-0.0842420670717689,-0.0101353662510185,-0.3716679291804963,0.040547376178057
0.9317972294820004,-0.0152327241516792,-0.0841174701384033,-0.0109283181952125,-0.3711039423244852,0.0436725398159448
0.9317636603327532,-0.0163318058725992,-0.0839833963559286,-0.011722537653088,-0.3704978019988016,0.0467922318738266
0.9317276667988932,-0.0174311136967982,-0.0838398118325761,-0.0125181074142305,-0.3698495163506249,0.04990603312064
0.93168923095508,-0.018530653325298,-0.0836866803630344,-0.0133151099896351,-0.3691590945512961,0.0530135254447093
0.9316483337319528,-0.0196304285035065,-0.0835239636866009,-0.0141136261569367,-0.3684265480040251,0.0561142863836924
0.9316049548516384,-0.0207304426294416,-0.0833516212689373,-0.0149137360967815,-0.3676518894025418,0.0592078937936603
0.9315590728201488,-0.0218306984978579,-0.0831696103134684,-0.0157155191813143,-0.3668351328295905,0.0622939252313313
0.9315106649316685,-0.0229311978262414,-0.0829778858220863,-0.0165190536010867,-0.365976294076788,0.0653719567385619
0.9314597072928712,-0.0240319404669949,-0.082776400736697,-0.0173244157576339,-0.3650753913235336,0.0684415607774509
0.9314061747022692,-0.025132926726056,-0.0825651055098329,-0.0181316819281175,-0.3641324432634868,0.0715023128321106
0.9313500407683682,-0.0262341544513697,-0.0823439486221616,-0.0189409261040703,-0.3631474714669834,0.074553783420749
0.9312912778177108,-0.0273356207021422,-0.0821128762711291,-0.0197522211789091,-0.3621204990356235,0.0775955428969619
0.9312298568837398,-0.0284373215580089,-0.0818718323822324,-0.0205656387766643,-0.3610515507030381,0.0806271610515684
0.931165747730578,-0.0295392513601807,-0.081620758759101,-0.0213812486575426,-0.3599406535484365,0.0836482051718814
0.9310989187975116,-0.0306414033899618,-0.0813595949244033,-0.0221991191825072,-0.3587878363372047,0.0866582420682498
0.9310293372000962,-0.0317437694887812,-0.0810882781855957,-0.0230193169965079,-0.3575931298594691,0.0896568371866136
0.9309569687596538,-0.0328463393148593,-0.0808067438124019,-0.0238419064353896,-0.3563565677535774,0.0926435527653421
0.9308817779018164,-0.0339491016267967,-0.0805149247063469,-0.0246669504414977,-0.3550781850936149,0.0956179515018936
0.9308037277121688,-0.0350520430920094,-0.0802127516847108,-0.0254945096352019,-0.3537580196788706,0.0985795935001311
0.9307227798680804,-0.0361551489781201,-0.0799001532850106,-0.0263246427896697,-0.3523961112152482,0.1015280383265952
0.930638894697712,-0.0372584020390193,-0.0795770560638302,-0.0271574059496231,-0.3509925026532067,0.1044628422267735
0.9305520310448292,-0.0383617840285038,-0.0792433841481218,-0.0279928535267962,-0.3495472382673522,0.1073835623678592
0.9304621463815952,-0.039465273902943,-0.0788990597445479,-0.0288310368975272,-0.3480603658987931,0.1102897522661264
0.9303691966965928,-0.0405688489738017,-0.0785440027851398,-0.0296720052255126,-0.3465319354418748,0.1131809650692146
0.9302731365674208,-0.04167248373776,-0.0781781312829808,-0.0305158045225763,-0.3449620003977496,0.116056750710413
0.9301739190352992,-0.0427761510729615,-0.077801360932958,-0.0313624785094666,-0.3433506161710087,0.1189166592787558
0.930071495647246,-0.043879821420161,-0.077413605355096,-0.0322120679410991,-0.3416978411304365,0.1217602391094923
0.9299658164745062,-0.044983462334676,-0.0770147762460385,-0.0330646102056963,-0.340003737255094,0.1245870358944839
0.929856830044219,-0.0460870389665186,-0.0766047832036327,-0.0339201396370664,-0.338268369380602,0.1273965941916761
0.9297444833488492,-0.0471905136869721,-0.0761835338478194,-0.0347786871692585,-0.3364918057032841,0.1301884567386569
0.9296287218306216,-0.0482938459966021,-0.075750933847707,-0.0356402802049907,-0.3346741178742388,0.1329621645075938
0.9295094893601232,-0.0493969924855372,-0.075306886928128,-0.0365049425234044,-0.3328153809991388,0.1357172569001715
0.9293867282251892,-0.0504999066928085,-0.0748512949158186,-0.0373726941075213,-0.3309156737960174,0.138453271697369
0.929260379168309,-0.0516025385554068,-0.0743840579653305,-0.0382435506445786,-0.328975079486983,0.1411697440162593
0.9291303812340382,-0.0527048355224546,-0.0739050740827435,-0.0391175243391039,-0.3269936837614208,0.1438662093829136
0.928996671886395,-0.0538067412760334,-0.0734142396505146,-0.0399946228380975,-0.3249715768959341,0.1465422008961817
0.9288591870357042,-0.0549081953582355,-0.0729114496115939,-0.0408748488583184,-0.3229088544186191,0.1491972487021604
0.9287178609329884,-0.056009133864818,-0.0723965971687452,-0.0417582006640445,-0.320805615769401,0.151830882051558
0.928572626170686,-0.0571094892205897,-0.0718695738768726,-0.0426446718173365,-0.3186619645784163,0.1544426291085823
0.9284234136686724,-0.0582091900820418,-0.0713302696812523,-0.0435342510277785,-0.3164780087077635,0.1570320170802795
0.9282701528202956,-0.0593081601087782,-0.0707785735306484,-0.0444269210803521,-0.3142538625929911,0.1595985697226202
0.92811277134439,-0.0604063189416069,-0.0702143729242151,-0.0453226595428381,-0.3119896452390643,0.1621418100757147
0.9279511952781838,-0.0615035820747901,-0.0696375539718359,-0.0462214385862358,-0.309685480302626,0.1646612605536593
0.9277853490797272,-0.0625998600202593,-0.0690480018420014,-0.0471232242201528,-0.3073414976955051,0.1671564414398024
0.9276151556688964,-0.0636950579806593,-0.0684456009815548,-0.0480279759331588,-0.3049578342273171,0.1696268706209108
0.9274405361999962,-0.0647890772262048,-0.0678302343856951,-0.0489356477439763,-0.3025346304815293,0.1720720671482777
0.927261410407577,-0.0658818127990763,-0.067201784893653,-0.0498461862170482,-0.3000720356836978,0.174491546528126
0.927077696317918,-0.0669731552793025,-0.0665601342390429,-0.0507595318365974,-0.2975702036762946,0.1768848251577444
0.9268893105987724,-0.0680629886321131,-0.0659051643390445,-0.051675617120046,-0.2950292976575095,0.1792514160629144
0.9266961682271108,-0.0691511921696786,-0.0652367561927329,-0.0525943681672466,-0.2924494855532146,0.1815908337058165
0.9264981828663004,-0.0702376383692917,-0.0645547912466051,-0.0535157027340265,-0.289830944958216,0.183902589757176
0.926295266625362,-0.0713221942772645,-0.0638591506071988,-0.0544395313202044,-0.2871738597020037,0.1861861966572035
0.9260873303098784,-0.0724047201740101,-0.0631497159475914,-0.0553657559434186,-0.2844784229177849,0.1884411653049889
0.9258742832501176,-0.0734850705550967,-0.0624263689540311,-0.0562942708801897,-0.2817448344894974,0.1906670076624753
0.9256560336952344,-0.074563092204611,-0.061688992694251,-0.0572249609167636,-0.2789733057601362,0.1928632333219735
0.9254324884057694,-0.0756386263699202,-0.0609374702544367,-0.0581577031231826,-0.2761640538806013,0.1950293545408868
0.9252035532561416,-0.0767115059397888,-0.0601716867837049,-0.0590923643191197,-0.2733173089501242,0.1971648810717001
0.9249691329337124,-0.0777815571236902,-0.0593915284750703,-0.0600288024247928,-0.2704333096017469,0.1992693241758999
0.9247291309247814,-0.0788485996300381,-0.0585968825209444,-0.0609668665329902,-0.2675123022788335,0.201342197486338
0.9244834501696834,-0.0799124439599116,-0.0577876392648946,-0.0619063944365699,-0.2645545485151986,0.2033830123272858
0.924231992520696,-0.0809728941077753,-0.0569636903698053,-0.0628472149028503,-0.2615603175042385,0.2053912835878749
0.9239746591643332,-0.0820297459594119,-0.056124930173398,-0.0637891461744786,-0.2585298903757958,0.2073665271922367
0.9237113508873284,-0.0830827865598827,-0.0552712564911275,-0.0647319952169126,-0.255463562319183,0.2093082593821844
0.9234419677325046,-0.0841317958602218,-0.0544025694256617,-0.0656755591874437,-0.2523616375045321,0.2112160005699319
0.9231664096551464,-0.0851765444722885,-0.0535187734091126,-0.0666196233373462,-0.2492244355947143,0.2130892717990535
0.9228845762243412,-0.0862167952673233,-0.0526197761352969,-0.0675639623609181,-0.2460522870575299,0.214927598273698
0.9225963669634656,-0.0872523024891165,-0.0517054895421867,-0.0685083395182681,-0.2428455357841328,0.2167305083253296
0.9223016816328004,-0.0882828112269845,-0.0507758305736611,-0.0694525060720878,-0.2396045408190331,0.2184975331093592
0.92200042012397,-0.0893080583065867,-0.0498307206944411,-0.0703962020249889,-0.2363296736914399,0.2202282087404333
0.9216924829769412,-0.0903277710408515,-0.0488700873504534,-0.0713391549022189,-0.2330213224947561,0.2219220747388222
0.9213777712278668,-0.0913416683395282,-0.0478938633027358,-0.0722810807047537,-0.2296798885341931,0.223578676480724
0.921056186808621,-0.0923494599786981,-0.0469019876725119,-0.0732216831758202,-0.2263057888733212,0.2251975645169937
0.9207276327084232,-0.0933508467409356,-0.0458944062152591,-0.0741606538730465,-0.2228994561639794,0.2267782953549405
0.9203920132610456,-0.094345520212715,-0.0448710719587169,-0.0750976719268057,-0.2194613396771144,0.2283204316720083
0.9200492341700298,-0.0953331634089605,-0.0438319450183415,-0.0760324045840086,-0.2159919035348396,0.2298235437937968
0.9196992029000044,-0.096313450337105,-0.0427769935105656,-0.0769645067637404,-0.212491628618521,0.2312872094804112
0.9193418290824013,-0.0972860456471803,-0.0417061944686601,-0.077893620689644,-0.2089610143958482,0.2327110138977362
0.9189770244194446,-0.0982506057108164,-0.0406195332273086,-0.0788193768931309,-0.205400575660457,0.2340945516673974
0.9186047031511548,-0.0992067781610381,-0.0395170044818823,-0.0797413937632988,-0.2018108448141039,0.2354374265760525
0.9182247824030564,-0.1001542018665811,-0.0383986129515619,-0.0806592775114678,-0.1981923727739955,0.2367392519492665
0.9178371823912764,-0.10109250732535,-0.0372643735938537,-0.0815726225484998,-0.1945457283982722,0.2379996515831569
0.9174418267661968,-0.1020213167493521,-0.0361143122043157,-0.0824810115745174,-0.1908714991526182,0.2392182602032157
0.9170386426625938,-0.1029402448765944,-0.034948465140001,-0.0833840163905192,-0.1871702889746458,0.2403947248300492
0.9166275613426932,-0.1038488984352294,-0.0337668807434438,-0.0842811974017503,-0.1834427215658085,0.2415287043365432
0.916208518354043,-0.104746876814847,-0.0325696193256559,-0.0851721043085528,-0.1796894390596029,0.242619870568706
0.915781453699877,-0.1056337726921341,-0.0313567531770087,-0.0860562767719016,-0.1759111008319432,0.2436679093005448
0.9153463123297986,-0.1065091720078063,-0.0301283674718743,-0.0869332444459427,-0.1721083851240978,0.2446725203529373
0.9149030447112636,-0.1073726538959776,-0.0288845613600138,-0.0878025269611604,-0.1682819911914294,0.2456334176957997
0.914451606640126,-0.1082237921548778,-0.0276254468961483,-0.0886636354664603,-0.1644326348004305,0.2465503312404666
0.9139919598722056,-0.1090621550884969,-0.0263511502712338,-0.0895160725516071,-0.1605610508849929,0.2474230066990601
0.9135240720854308,-0.1098873066568194,-0.0250618111553413,-0.0903593335010611,-0.156667990445393,0.2482512068219705
0.9130479176659932,-0.1106988061484982,-0.0237575843099759,-0.0911929060559661,-0.152754224379492,0.2490347110425938
0.912563477790128,-0.1114962091870431,-0.0224386392269893,-0.0920162715386091,-0.1488205413386383,0.2497733164818415
0.9120707407475888,-0.1122790683028665,-0.0211051604295587,-0.0928289055477493,-0.1448677476544718,0.2504668384285448
0.9115697020899468,-0.1130469337967703,-0.0197573472906384,-0.0936302789664578,-0.1408966658909825,0.2511151110193046
0.911060364861624,-0.1137993544526962,-0.0183954140775171,-0.0944198588273843,-0.1369081341523905,0.2517179876935198
0.910542739799582,-0.1145358782928654,-0.0170195899118603,-0.0951971092327063,-0.13290300521723,0.2522753416144524
0.9100168461473108,-0.1152560524976398,-0.0156301203505599,-0.0959614913949931,-0.1288821504293512,0.2527870654456382
0.9094827109244508,-0.1159594255027913,-0.0142272648684015,-0.0967124659866845,-0.1248464517494914,0.2532530726953589
0.9089403693022572,-0.1166455474252787,-0.0128112973116183,-0.0974494937466219,-0.1207968026119644,0.2536732976340851
0.9083898656300844,-0.1173139697676574,-0.0113825080246348,-0.0981720352986887,-0.1167341135520993,0.2540476948624259
0.9078312526827568,-0.1179642473952834,-0.0099412013303878,-0.0988795534119804,-0.1126593046007956,0.2543762402604105
0.9072645912986486,-0.1185959397993452,-0.0084876941043693,-0.0995715145308236,-0.1085733010645614,0.2546589311976783
0.9066899517037404,-0.1192086104451682,-0.0070223186927988,-0.1002473882131037,-0.1044770416170637,0.2548957858212348
0.9061074119154776,-0.1198018293585088,-0.0055454183557805,-0.1009066501167011,-0.1003714654600365,0.2550868437578193
0.9055170596620384,-0.1203751718780645,-0.0040573517126304,-0.1015487807693162,-0.0962575247876583,0.2552321652062507
0.9049189902646304,-0.120928221547731,-0.0025584869561992,-0.1021732689289372,-0.0921361688494322,0.2553318314079812
0.9043133075801888,-0.1214605697637851,-0.0010492038799975,-0.1027796113546999,-0.0880083498957638,0.2553859439016104
0.9037001240388848,-0.1219718163888556,0.0004701063885679,-0.1033673136366599,-0.0838750227657763,0.2553946241700653
0.9030795596430072,-0.1224615711461768,0.0019990441857562,-0.1039358919318505,-0.0797371377120718,0.2553580131811865
0.902451733069401,-0.1229294604419292,0.0035372232954923,-0.1044848811612335,-0.0755955819702697,0.2552762691891066
0.9018167779923206,-0.123375114715916,0.0050842309138524,-0.1050138204939745,-0.0714512888613281,0.2551495677973855
0.9011748367480654,-0.1237981744780745,0.006639643673206,-0.1055222603463018,-0.0673051945978484,0.2549781020165388
0.9005260588030926,-0.1241982918189251,0.0082030315831519,-0.1060097642700238,-0.0631582284032215,0.2547620814444112
0.8998706009888595,-0.1245751305487254,0.0097739576073245,-0.1064759092308945,-0.0590113144517909,0.254501731638718
0.8992086249237896,-0.1249283678422358,0.011351983928362,-0.1069202877657472,-0.0548653562576864,0.2541972922578348
0.8985402992930893,-0.125257692964759,0.0129366665125804,-0.1073425065482879,-0.0507212520547035,0.2538490170034452
0.8978657970986732,-0.1255628087468539,0.0145275616673519,-0.1077421883777755,-0.0465798786250657,0.2534571714193102
0.8971852975458827,-0.1258434305933008,0.0161242215303769,-0.1081189710476641,-0.042442104203747,0.2530220329040215
0.8964989837104231,-0.1260992874573388,0.0177261995126155,-0.1084725087533468,-0.0383087754262558,0.2525438884297349
0.8958070435581663,-0.1263301212342595,0.0193330477972901,-0.1088024714352512,-0.0341807249903896,0.2520230341875872
0.8951096691570565,-0.1265356869222256,0.0209443190722514,-0.1091085451284366,-0.0300587683174492,0.2514597741824046
0.8944070556943152,-0.1267157526754142,0.0225595686476512,-0.1093904322212903,-0.0259436993185944,0.2508544185071474
0.8936994019006602,-0.1268700993844371,0.0241783532921593,-0.1096478510250361,-0.0218362945683436,0.25020728274561
0.8929869092185757,-0.1269985205915341,0.0258002329484536,-0.1098805358453546,-0.0177373101056616,0.2495186863834273
0.8922697822037002,-0.1271008220996737,0.0274247696057431,-0.1100882365554009,-0.0136474854414565,0.2487889523639713
0.8915482273461914,-0.1271768218449092,0.0290515297527835,-0.1102707186506672,-0.0095675384959743,0.2480184051548619
0.8908224543351349,-0.1272263494200194,0.0306800812873659,-0.1104277625839213,-0.0054981744582807,0.2472073713629272
0.8900926731828123,-0.1272492459686693,0.03230999973342,-0.1105591640711246,-0.0014400713002399,0.2463561759017721
0.8893590969586035,-0.1272453636134862,0.0339408618402064,-0.1106647330908281,0.0026061031729785,0.2454651443745139
0.888621891466978,-0.1272145623402496,0.035572356506731,-0.1107442982769295,0.0066399642497249,0.2445345381192807
0.8878809806548883,-0.1271566820817323,0.0372047098901488,-0.1107977083576083,0.010662450796847,0.2435642828538333
0.8871365695166936,-0.1270715676953822,0.0388375290470104,-0.1108247787508643,0.0146729678196613,0.2425546331723855
0.886388866521809,-0.1269590725985589,0.0404704202987036,-0.1108253364954209,0.0186709226576642,0.2415058420638442
0.8856380820487462,-0.1268190584935831,0.0421029924876299,-0.1107992201595141,0.0226557322924677,0.240418158661776
0.8848844271355427,-0.1266513948548708,0.0437348594637808,-0.1107462794617849,0.0266268286680387,0.2392918261044712
0.8841281164288824,-0.1264559593319057,0.045365633473464,-0.1106663751636121,0.0305836418976837,0.238127085678155
0.8833693667963878,-0.1262326374577868,0.0469949280044197,-0.1105593789180745,0.0345256066294677,0.2369241748494366
0.8826083980683035,-0.1259813228234052,0.0486223560139529,-0.1104251732555198,0.0384521571941224,0.235683328493241
0.8818454317917479,-0.1257019166714595,0.050247532422952,-0.1102636512890355,0.0423627331001143,0.2344047769986555
0.8810806911165557,-0.125394327720377,0.0518700741530254,-0.1100747164739155,0.046256778569366,0.2330887460604247
0.8803144018888084,-0.1250584725372349,0.053489597614997,-0.1098582827239588,0.0501337360071544,0.2317354586481226
0.8795467923941288,-0.1246942755052315,0.0551057190918894,-0.1096142743256762,0.0539930464913064,0.2303451348419693
0.8787780920441114,-0.1243016681997688,0.0567180573245205,-0.1093426254249313,0.0578341555101649,0.2289179896582887
0.8780085332380739,-0.1238805902957837,0.0583262294158093,-0.1090432805440874,0.0616565027754789,0.2274542366723946
0.8772383493818173,-0.1234309885913912,0.059929854811972,-0.1087161938157327,0.0654595313247293,0.2259540846195814
0.8764677771768576,-0.1229528183473972,0.0615285503531895,-0.1083613298543685,0.0692426754081282,0.2244177421058655
0.8756970545551718,-0.1224460422123227,0.0631219344159796,-0.1079786629006353,0.0730053699935135,0.2228454140085077
0.8749264215677609,-0.1219106308199585,0.0647096248933032,-0.1075681771670485,0.0767470456590077,0.2212373035764995
0.8741561201004014,-0.1213465627277913,0.0662912396207296,-0.1071298667082863,0.080467129310899,0.2195936122890481
0.8733863945432876,-0.1207538250685027,0.0678663948452994,-0.1066637358461247,0.0841650403165148,0.2179145417778003
0.8726174909579895,-0.1201324131366298,0.0694347067847047,-0.1061697987715279,0.0878401939284427,0.2162002925968806
0.8718496573997317,-0.1194823308115817,0.0709957908109688,-0.1056480797926505,0.0914919991322806,0.2144510654552889
0.8710831441945213,-0.1188035910410389,0.0725492607416252,-0.1050986136452968,0.0951198567809258,0.2126670624798518
0.870318203277693,-0.1180962155322387,0.0740947300377082,-0.1045214451659784,0.0987231622013552,0.2108484863520728
0.8695550883628518,-0.1173602351344614,0.0756318113099518,-0.1039166295158598,0.102301303852897,0.2089955413302199
0.8687940556244053,-0.1165956908182334,0.077160114804886,-0.103284232907088,0.105853659641084,0.2071084356562743
0.8680353628453815,-0.11580263321873,0.0786792499866105,-0.1026243321530694,0.10937960045479,0.2051873803022661
0.867279269579185,-0.1149811231297106,0.0801888250698469,-0.1019370149941066,0.112878488938012,0.203232590152672
0.8665260377063987,-0.1141312325279357,0.0816884457764853,-0.10122238087666,0.1163496764867969,0.2012442863480074
0.8657759297910402,-0.1132530431564236,0.0831777184764315,-0.1004805396824606,0.1197925104085247,0.1992226928834652
0.8650292113303498,-0.1123466495385129,0.0846562455790045,-0.0997116141852254,0.1232063231558569,0.1971680435444383
0.8642861486224781,-0.1114121570144195,0.0861236296417424,-0.0989157383163989,0.126590441741309,0.1950805772417986
0.8635470103331436,-0.1104496841658346,0.0875794701387494,-0.0980930591410404,0.1299441801950175,0.1929605434034237
0.8628120650369114,-0.1094593601968365,0.0890233681786133,-0.0972437345382656,0.1332668503662639,0.1908081960919044
0.862081584621655,-0.1084413300023047,0.0904549196764733,-0.0963679374549535,0.1365577461386172,0.1886238050216769
0.8613558402909656,-0.1073957494057401,0.0918737230817087,-0.0954658517385411,0.1398161611621641,0.1864076451011906
0.8606351058872692,-0.1063227904026299,0.093279372734286,-0.0945376765598945,0.1430413735333724,0.1841600076168495
0.8599196554065988,-0.1052226383557123,0.0946714636059272,-0.093583623914322,0.1462326566573009,0.1818811941234326
0.8592097636990152,-0.1040954936724731,0.0960495897994699,-0.0926039199800363,0.1493892757705814,0.1795715199316283
0.8585057058650829,-0.1029415715950129,0.0974133455941081,-0.0915988048460183,0.1525104903171166,0.177231313614582
0.8578077575709422,-0.1017611034613983,0.0987623247057055,-0.0905685335182333,0.1555955522423672,0.1748609195349801
0.8571161949968474,-0.1005543375029177,0.1000961202654844,-0.0895133765279615,0.1586437059467688,0.1724606993568284
0.8564312932581964,-0.0993215369303206,0.1014143277383114,-0.0884336181661164,0.1616541949601214,0.1700310282079656
0.8557533269498144,-0.0980629815898919,0.1027165437341561,-0.0873295578316441,0.1646262592302707,0.1675722980370715
0.8550825704567278,-0.0967789694420629,0.1040023652850877,-0.0862015112356153,0.1675591334955419,0.1650849204950977
0.8544192961921004,-0.0954698141060195,0.1052713930962823,-0.0850498081502725,0.170452054730172,0.1625693221925382
0.8537637754359578,-0.0941358472506767,0.1065232298018903,-0.0838747944106067,0.1733042581980886,0.1600259494277777
0.8531162771282428,-0.092777417045958,0.1077574821409962,-0.0826768304547407,0.1761149824559854,0.1574552653073512
0.8524770681425493,-0.0913948895210741,0.1089737602997319,-0.0814562924221649,0.1788834679041688,0.1548577524718118
0.8518464121426955,-0.0899886469378703,0.1101716799551805,-0.0802135706209755,0.181608961499038,0.1522339101882424
0.8512245697098729,-0.0885590887837766,0.1113508618964355,-0.078949070305933,0.1842907159561064,0.149584256429956
0.8506117973619812,-0.0871066302668188,0.1125109337511049,-0.0776632102510462,0.186927993752587,0.1469093253137698
0.8500083473022746,-0.0856317023117606,0.1136515303239218,-0.0763564226486189,0.1895200679792826,0.144209667394748
0.8494144674710008,-0.0841347523264034,0.1147722933676928,-0.0750291536950943,0.1920662219133311,0.1414858513634479
0.8488304003984471,-0.0826162419445564,0.1158728736200543,-0.0736818615002231,0.1945657537481864,0.1387384602459095
0.8482563827693341,-0.0810766462660664,0.1169529314916682,-0.0723150153222632,0.1970179782647286,0.1359680904291649
0.8476926452559197,-0.0795164537239472,0.1180121372517705,-0.0709290953636349,0.1994222273700757,0.1331753518411293
0.8471394122568444,-0.0779361656779828,0.119050171396827,-0.06952459232904,0.2017778510616768,0.1303608676401074
0.846596900801696,-0.0763362934551083,0.1200667265862899,-0.0681020047178329,0.2040842219549459,0.1275252693987879
0.8460653208987272,-0.074717359302532,0.1210615068723501,-0.0666618395974516,0.2063407336770055,0.1246691993053923
0.8455448750038848,-0.0730798947815788,0.1220342285853219,-0.0652046111084392,0.2085468030257716,0.12179330780815
0.8450357573806634,-0.0714244385231206,0.1229846214242922,-0.0637308384050234,0.2107018725999697,0.1188982501961288
0.8445381542744654,-0.0697515363697039,0.1239124280305627,-0.0622410457252122,0.2128054099943418,0.1159846873965135
0.8440522434895967,-0.0680617395157242,0.1248174046843766,-0.0607357606856112,0.2148569095482343,0.113053283265174
0.8435781943742103,-0.0663556038244304,0.1256993212465556,-0.0592155136301178,0.2168558923868342,0.1101047039476887
0.8431161673422675,-0.0646336873324028,0.1265579619685017,-0.0576808353701283,0.2188019084348877,0.1071396141133515
0.8426663143676295,-0.0628965511224887,0.1273931245011313,-0.0561322579328919,0.2206945343515032,0.1041586790109036
0.8422287784554237,-0.0611447563328867,0.1282046208132924,-0.0545703118733523,0.2225333757954637,0.1011625598543787
0.8418036940898914,-0.0593788647158525,0.1289922763034929,-0.0529955267564175,0.2243180655976455,0.0981519153105258
0.8413911868232161,-0.0575994356707432,0.1297559305130812,-0.0514084285024418,0.2260482655632986,0.0951273969415065
0.8409913739028215,-0.0558070274274129,0.1304954359221517,-0.0498095404401098,0.2277236639299907,0.0920896517190323
0.8406043639734365,-0.0540021942489655,0.1312106584670274,-0.0481993808155928,0.2293439767254767,0.0890393177420563
0.8402302576069269,-0.0521854871508037,0.1319014765328793,-0.0465784634440236,0.2309089456690778,0.0859770259095711
0.8398691472259401,-0.0503574518064596,0.1325677810745113,-0.0449472958571899,0.2324183386265832,0.0829033968077375
0.8395211176868278,-0.0485186295790142,0.1332094745262331,-0.0433063802453289,0.2338719473187903,0.0798190428453493
0.8391862462708595,-0.046669555630511,0.133826470810644,-0.0416562117968921,0.2352695875156764,0.076724565440654
0.8388646030996427,-0.0448107591242928,0.1344186945703633,-0.0399972789105046,0.2366110974658374,0.0736205557049298
0.8385562512279084,-0.0429427616177172,0.1349860809997173,-0.0383300617963478,0.2378963376800044,0.070507592072118
0.8382612473267778,-0.0410660789401605,0.1355285745945144,-0.0366550341921391,0.2391251882583364,0.0673862437165446
0.8379796417509656,-0.039181219573059,0.1360461290407455,-0.0349726619608928,0.2402975487917129,0.0642570680996949
0.8377114788156682,-0.0372886841236139,0.1365387067206106,-0.0332834026678903,0.2414133373899178,0.0611206103273972
0.837456797287959,-0.035388966384763,0.1370062778281575,-0.0315877065764529,0.2424724888189551,0.0579774051080552
0.8372156305637597,-0.0334825523474373,0.1374488200657568,-0.029886015818524,0.2434749539472595,0.0548279752859766
0.836988007024939,-0.0315699205022208,0.1378663180120622,-0.0281787647183594,0.2444206984407517,0.0516728324897147
0.8367739504502559,-0.0296515428799001,0.1382587623936061,-0.0264663807776928,0.2453097012324406,0.0485124789682093
0.8365734801251284,-0.027727883661948,0.1386261499103263,-0.024749283493388,0.2461419542395854,0.0453474053962208
0.8363866112270506,-0.0257994001925313,0.1389684825566081,-0.0230278853200837,0.2469174609307724,0.0421780926211648
0.8362133551192348,-0.023866543541875,0.1392857671116131,-0.0213025922334753,0.247636235269134,0.0390050126432136
0.8360537194989603,-0.0219297576304395,0.1395780148960558,-0.0195738030098357,0.2482983012518718,0.0358286272141245
0.835907708681635,-0.0199894798109243,0.1398452412803606,-0.0178419098075115,0.2489036918792945,0.0326493888166366
0.8357753239465222,-0.0180461428853163,0.1400874650799398,-0.0161073000298177,0.2494524478608934,0.0294677439725252
0.8356565635332105,-0.0161001726252657,0.1403047085890808,-0.0143703541745468,0.2499446177610179,0.0262841291694595
0.8355514230328226,-0.0141519911080492,0.1404969968916641,-0.0126314488746483,0.2503802564991755,0.02309897629945
0.8354598953541458,-0.0122020135937333,0.140664357948538,-0.0108909541739373,0.2507594256028875,0.0199127075159919
0.8353819710693284,-0.0102506522835217,0.1408068219894014,-0.0091492369447967,0.2510821918780271,0.0167257413351169
0.8353176384548098,-0.0082983151698743,0.1409244214607201,-0.0074066599247539,0.2513486273321162,0.0135384906998827
0.8352668836034202,-0.0063454059744278,0.1410171908418818,-0.005663581723829,0.2515588087924708,0.0103513628194119
0.8352296905529265,-0.004392325063507,0.1410851664296599,-0.0039203577041662,0.2517128174459997,0.0071647605971965
0.8352060413741599,-0.0024394702136903,0.1411283861948296,-0.0021773407254804,0.2518107385360294,0.0039790838080182
0.8351959162252489,-0.0004872365259795,0.1411468896989122,-0.0004348811302041,0.2518526611890143,0.0007947288821142
0.8351954955641471,-2.749248853746445e-13,0.141147658440927,1.8361420240156634e-12,0.2518544028983915,-7.405109511693375e-13
