2.99826628551142
0.8785260306315831,3.082851382753356e-26,0.1927398437257861,-5.0041847265579114e-14,0.2263406479120826,1.5042504116417846e-13
0.8785281002624438,0.0008541105762582,0.1927365198351049,0.0010968970423686,0.2263342168332948,-0.0017616540404237
0.8785451337527934,0.0025947264317704,0.1927091629927797,0.003332381766437,0.2262812863563538,-0.0053521050418622
0.8785793825317751,0.004335683344876,0.1926541544452873,0.0055685698497135,0.2261748530907736,-0.0089442507183009
0.8786308701979483,0.006076588109864,0.1925714504722209,0.0078051349404888,0.2260148287908661,-0.012537947941377
0.8786996182950049,0.007817043210464,0.1924610077004572,0.0100417456524599,0.2258011240045144,-0.016133047519736
0.8787856463017388,0.0095566495403116,0.192322783096271,0.0122780690300179,0.2255336480137545,-0.0197294000931839
0.8788889715450717,0.0112950053946055,0.1921567340782289,0.0145137692222196,0.2252123089971968,-0.0233268543299582
0.8790096091813341,0.0130317071772857,0.1919628185176048,0.0167485083602329,0.2248370139627077,-0.0269252586672715
0.8791475719815194,0.014766347277672,0.1917409950511296,0.0189819437908748,0.2244076692722544,-0.0305244571847778
0.8793028703684036,0.0164985159601283,0.1914912229862642,0.0212137304700696,0.2239241803656141,-0.0341242937822071
0.8794755121179312,0.018227798960332,0.1912134627437239,0.0234435178259338,0.2233864525111484,-0.0377246074436662
0.8796655020898845,0.0199537766173278,0.1909076762510248,0.0256709485872112,0.2227943914490529,-0.0413252306472754
0.8798728421628749,0.0216760250787548,0.1905738270053161,0.0278956602796464,0.222147903381205,-0.0449259920752061
0.8800975310393151,0.0233941160227969,0.1902118803433949,0.030117284806998,0.2214468953485295,-0.0485267162289906
0.880339563628878,0.0251076136429752,0.1898218043895781,0.032335444479741,0.2206912769077799,-0.0521272172630672
0.8805989313008041,0.0268160784084993,0.1894035696029136,0.0345497567966829,0.2198809590817503,-0.0557273069898549
0.8808756206418707,0.0285190605351375,0.1889571507326951,0.0367598258928621,0.2190158579610366,-0.0593267812144433
0.8811696139507954,0.0302161055720099,0.1884825259750238,0.0389652496671529,0.2180958928696554,-0.0629254315126183
0.8814808882334517,0.0319067502332516,0.1879796785477211,0.0411656142539107,0.2171209892023153,-0.0665230364064528
0.8818094147615673,0.0335905224573401,0.1874485973592499,0.043360493950419,0.2160910794933294,-0.0701193613584409
0.8821551586143317,0.0352669414492605,0.1868892777078185,0.0455494511073946,0.2150061045305809,-0.0737141586720514
0.8825180778426667,0.0369355161069457,0.1863017225949112,0.0477320338885868,0.2138660156485577,-0.0773071638434907
0.882898123173722,0.0385957463054413,0.1856859431701535,0.0499077777381884,0.2126707753241783,-0.0808980979458573
0.8832952365108296,0.0402471190419293,0.1850419611340912,0.0520762000920585,0.2114203615612986,-0.0844866588086582
0.8837093510372575,0.0418891119633499,0.1843698085516084,0.0542368047283626,0.2101147672397592,-0.0880725280177391
0.8841403893195089,0.0435211887053423,0.1836695309192681,0.056389075339426,0.2087540057736444,-0.091655360005729
0.8845882629248862,0.0451428009345589,0.1829411877908623,0.0585324778624625,0.2073381120227932,-0.0952347855233133
0.8850528711533101,0.0467533870595829,0.1821848548552618,0.0606664583929193,0.2058671460208429,-0.0988104076817532
0.8855340998563548,0.0483523717246469,0.18140062589209,0.0627904420761735,0.2043411964661233,-0.1023817994753397
0.8860318203495436,0.0499391659248567,0.1805886145966151,0.0649038327744422,0.2027603839607232,-0.1059485024613621
0.8865458875962546,0.0515131651371269,0.1797489576178141,0.0670060100344624,0.2011248666184768,-0.1095100207177525
0.887076139689492,0.0530737518726471,0.1788818155065632,0.0690963318898025,0.1994348416156963,-0.1130658244780882
0.8876223953750852,0.0546202924956723,0.1779873768940677,0.0711741299492363,0.1976905530507109,-0.1166153405146978
0.8881844535729839,0.0561521403700523,0.1770658594406084,0.0732387128832341,0.1958922935345517,-0.1201579565656015
0.8887620912196258,0.0576686343243288,0.1761175135689888,0.0752893635785688,0.1940404112391645,-0.1236930147760467
0.8893550624495284,0.0591691010981492,0.175142624046454,0.0773253415860773,0.1921353127860282,-0.1272198139716002
0.8899630967764622,0.0606528552372659,0.1741415132520806,0.0793458820731407,0.1901774694684837,-0.1307376057099778
0.8905858980114802,0.0621192010806444,0.1731145432830051,0.0813501975493998,0.1881674212598124,-0.134245594880814
0.8912231432363052,0.0635674348550996,0.1720621180169022,0.0833374797066086,0.18610578079355,-0.1377429403179353
0.8918744818981694,0.0649968470052862,0.1709846850234682,0.0853069015527054,0.1839932371143659,-0.1412287557420719
0.8925395352330727,0.066406725143986,0.1698827369824937,0.0872576203833327,0.1818305585350774,-0.1447021120172346
0.8932178959098304,0.0677963572656721,0.1687568127836669,0.0891887811213315,0.1796185949474544,-0.1481620399369356
0.893909128157649,0.0691650356675463,0.1676074978686079,0.0910995206621207,0.1773582787272649,-0.1516075347278001
0.8946127684564552,0.0705120615512807,0.1664354236745401,0.0929889732272569,0.1750506239545465,-0.1550375623703325
0.8953283262426872,0.0718367491250959,0.1652412670822185,0.094856275103294,0.1726967257230564,-0.1584510648730212
0.8960552853769634,0.0731384305911847,0.1640257486181621,0.0967005707248013,0.1702977570770895,-0.1618469680992799
0.8967931064040028,0.0744164618290036,0.1627896293418653,0.0985210198945419,0.1678549634223927,-0.1652241919295088
0.8975412285427162,0.0756702268038181,0.161533708181527,0.1003168033735453,0.1653696578813658,-0.1685816577383491
0.8982990723792086,0.0768991424577785,0.1602588180829586,0.1020871293369976,0.162843214357785,-0.171918297813429
0.89906604335023,0.0781026640431268,0.1589658208025027,0.1038312406931504,0.160277057949765,-0.1752330668723866
0.8998415347824595,0.0792802888688773,0.1576556024064581,0.1055484203597427,0.1576726567795854,-0.178524950269455
0.9006249316350049,0.0804315603736578,0.156329067537031,0.1072379972494152,0.1550315113816336,-0.1817929740931929
0.901415613874928,0.0815560708722081,0.1549871342378929,0.1088993505704627,0.1523551451893033,-0.1850362126361321
0.902212960371027,0.0826534643747587,0.1536307278344602,0.1105319144755245,0.1496450931120292,-0.1882537971417551
0.9030163522214896,0.083723437961487,0.1522607756985108,0.1121351808148305,0.1469028918300352,-0.1914449214764455
0.9038251760997108,0.0847657426880333,0.1508782019059088,0.113708701396541,0.1441300698237032,-0.1946088473874307
0.9046388272214372,0.0857801835728103,0.1494839224610437,0.1152520890581777,0.1413281384735299,-0.1977449079271665
0.905456712256152,0.0867666191923113,0.1480788405373958,0.1167650183077185,0.1384985831200846,-0.2008525104983996
0.9062782514084146,0.0877249600340705,0.1466638430653692,0.118247224199916,0.1356428567570954,-0.2039311367206227
0.9071028805339284,0.0886551668049578,0.1452397971927776,0.1196985012259953,0.1327623733973864,-0.2069803426294729
0.9079300528053792,0.0895572481635803,0.1438075474535473,0.1211187013799968,0.1298585027896357,-0.2099997574455883
0.9087592399535928,0.0904312580150712,0.1423679136110211,0.1225077315704349,0.1269325664272753,-0.2129890811514491
0.9095899331645376,0.091277292542855,0.140921689046605,0.1238655506119921,0.12398583459731,-0.2159480812740454
0.9104216435654604,0.0920954869783599,0.1394696398198363,0.1251921657633556,0.1210195247365491,-0.2188765887082165
0.911253902972902,0.0928860128115624,0.1380125032330098,0.126487629927141,0.1180347987188909,-0.2217744949820462
0.912086263458076,0.0936490740561212,0.1365509884301603,0.1277520372433345,0.1150327642504341,-0.2246417458988431
0.9129182976633192,0.0943849044946935,0.1350857756615904,0.12898552018289,0.1120144734990407,-0.2274783383681754
0.9137495980916218,0.0950937642175765,0.1336175173320586,0.1301882453718044,0.1089809253516794,-0.2302843142098083
0.9145797775461904,0.0957759374111819,0.1321468370081258,0.1313604114045771,0.1059330634351198,-0.233059758363231
0.9154084676892896,0.0964317287706197,0.1306743317358317,0.1325022442117358,0.10287178094917,-0.2358047912020507
0.9162353193610034,0.0970614616305851,0.1292005712414316,0.1336139952338459,0.0997979190362402,-0.2385195672071274
0.9170600010933736,0.0976654748653509,0.1277261003319431,0.134695937342972,0.0967122717815876,-0.241204268033096
0.9178821992525265,0.0982441212735009,0.1262514384002728,0.1357483632376968,0.0936155851794919,-0.243859101316496
0.9187016167161643,0.098797765055033,0.1247770815452931,0.1367715821093085,0.090508561553958,-0.2464842950115404
0.9195179731888364,0.0993267806213183,0.1233035017572983,0.1377659186119035,0.0873918578119172,-0.2490800973067349
0.9203310026751568,0.0998315496863564,0.1218311512292782,0.1387317085125163,0.0842660945161381,-0.2516467677249944
0.9211404548391174,0.100312461070967,0.12036045966815,0.1396692992941048,0.081131850175801,-0.2541845808455753
0.9219460934709702,0.1007699087208626,0.1188918368223743,0.140579047335431,0.0779896665461937,-0.2566938209878001
0.9227476960140552,0.1012042905573266,0.1174256731069915,0.1414613165444521,0.0748400499173206,-0.2591747804595487
0.9235450526985248,0.1016160072239363,0.1159623409535987,0.1423164766796865,0.0716834739616845,-0.2616277567389629
0.9243379662884392,0.1020054612731739,0.1145021950467853,0.1431449024646476,0.0685203801981789,-0.2640530516914611
0.9251262513414128,0.102373056178457,0.1130455734586816,0.1439469722631688,0.0653511803891394,-0.2664509693912342
0.9259097339177792,0.1027191956536191,0.1115927979636495,0.144723067317958,0.0621762571685496,-0.2688218154201773
0.9266882504808012,0.1030442826873941,0.1101441758595549,0.145473570265137,0.0589959679669695,-0.2711658938024612
0.9274616485831152,0.103348719415443,0.1086999984788614,0.1461988654687354,0.0558106416933388,-0.2734835094057591
0.928229785139932,0.1036329060242452,0.1072605441914546,0.1468993370693081,0.0526205852673308,-0.2757749631255963
0.9289925267370016,0.1038972405731338,0.1058260776318968,0.147575369066038,0.0494260818793741,-0.2780405532575674
0.9297497493157604,0.1041421185680134,0.1043968500817437,0.1482273448080698,0.0462273917604106,-0.280280575017606
0.9305013372738732,0.1043679323988124,0.102973100964009,0.1488556460368882,0.0430247554514761,-0.2824953183758354
0.9312471835045952,0.1045750711375683,0.1015550575770348,0.1494606527958972,0.0398183931531533,-0.2846850687075807
0.9319871887566726,0.1047639201511482,0.1001429361166855,0.150042742788999,0.0366085069622301,-0.2868501054585368
0.9327212614730896,0.1049348608916507,0.0987369417979576,0.1506022911728588,0.0333952810883375,-0.2889907022421204
0.9334493175581816,0.1050882706784355,0.0973372691131616,0.1511396703001231,0.030178882365302,-0.2911071267348287
0.9341712798477444,0.1052245224424997,0.0959441026662849,0.1516552492671093,0.0269594620878296,-0.2931996397205485
0.9348870779013816,0.1053439845746254,0.0945576173973688,0.1521493937349813,0.0237371564630437,-0.2952684950858394
0.9355966480689958,0.105447020820841,0.0931779782747136,0.1526224659384562,0.0205120858050643,-0.297313940606597
0.9362999325612672,0.1055339900404196,0.0918053419247034,0.1530748240349048,0.0172843582456843,-0.29933621586377
0.9369968795980124,0.105605246165819,0.0904398561805361,0.1535068222182853,0.0140540686165043,-0.3013355532778796
0.9376874434536804,0.1056611381193566,0.089081659820714,0.1539188107303591,0.0108212977204648,-0.3033121788326374
0.9383715834209596,0.1057020096545902,0.0877308844393848,0.1543111352366423,0.0075861166744892,-0.3052663097003572
0.939049264259742,0.1057281993544961,0.0863876534084685,0.1546841371253315,0.0043485843628111,-0.3071981561231062
0.9397204555208304,0.1057400405482715,0.0850520830570174,0.1550381531424849,0.001108750167145,-0.3091079200679206
0.9403851321908644,0.1057378612789669,0.0837242812321645,0.1553735157511732,-0.00213334963172,-0.3109957976410922
0.941043347743372,0.1057219816734117,0.0824042003234612,0.1556905874341096,-0.0053780545412307,-0.3128621866149744
0.9416954858135757,0.1056926923225398,0.0810911264139516,0.1559898649321289,-0.0086273608949041,-0.3147083973136527
0.9423415353345818,0.1056502756532404,0.0797851342194351,0.1562716343318079,-0.0118813415423254,-0.3165345990324747
0.9429814859197756,0.1055950090598686,0.0784862987902925,0.1565361754473647,-0.0151400639852297,-0.3183409445360341
0.9436153304535672,0.105527164890726,0.0771946902187352,0.156783763164519,-0.0184036034329629,-0.3201275778521726
0.9442430649820568,0.1054470104716433,0.0759103737523946,0.1570146674506491,-0.0216720426188655,-0.3218946343920073
0.9448646885519192,0.1053548081381309,0.0746334100165068,0.1572291533458131,-0.0249454713423553,-0.3236422409130826
0.9454802027780994,0.1052508153232265,0.0733638558013566,0.1574274808751312,-0.0282239845382667,-0.3253705147113048
0.9460896118275922,0.1051352846031114,0.0721017640049949,0.1576099051242796,-0.0315076824771703,-0.3270795639742979
0.946692922735143,0.1050084636593195,0.0708471828823909,0.1577766763897377,-0.0347966728109722,-0.3287694890506127
0.9472901446571238,0.104870595446075,0.0696001574973109,0.1579280400135256,-0.0380910668829697,-0.3304403807304165
0.9478812891348604,0.1047219181741653,0.0683607290890235,0.1580642365270885,-0.0413909814493623,-0.3320923213471639
0.948466369782898,0.1045626654134368,0.0671289356361547,0.1581855016320207,-0.0446965372672686,-0.3337253842569541
0.9490454025742608,0.1043930660420184,0.0659048111696825,0.1582920663131276,-0.0480078610221831,-0.3353396349747146
0.9496184052293564,0.1042133444398839,0.0646883869753928,0.158384156764488,-0.0513250821858175,-0.3369351297977185
0.9501853972112432,0.1040237205390839,0.063479691531142,0.1584619944640438,-0.0546483332213146,-0.338511916114438
0.9507463999095626,0.1038244097956626,0.0622787500377267,0.1585257962555876,-0.0579777509387448,-0.3400700332251791
0.9513014362976828,0.1036156233325108,0.0610855850726896,0.1585757743511178,-0.0613134747754371,-0.3416095116865904
0.9518505313837838,0.1033975677921345,0.0599002155432,0.1586121364129332,-0.0646556498132314,-0.3431303748494953
0.9523937110304171,0.1031704458227418,0.0587226591568609,0.158635085509764,-0.0680044199130769,-0.3446326358650532
0.9529310028924598,0.1029344557516488,0.0575529303339296,0.158644820244477,-0.0713599336316443,-0.3461163005540259
0.9534624358619952,0.1026897918346642,0.056391041337547,0.1586415347624599,-0.0747223411053,-0.3475813661279291
0.953988040291462,0.1024366441843726,0.0552370017207134,0.1586254187965549,-0.0780917957114026,-0.3490278220537744
0.9545078477457336,0.1021751989037299,0.0540908188002037,0.1585966577004696,-0.081468452787984,-0.3504556496082694
0.9550218908095628,0.1019056382137654,0.0529524980200873,0.1585554325033364,-0.0848524686201772,-0.3518648215799695
0.9555302029784212,0.1016281405520413,0.051822043139025,0.1585019199734556,-0.0882439999084699,-0.3532553021951385
0.9560328186912176,0.1013428805959278,0.0506994561050763,0.1584362926689515,-0.0916432041644131,-0.3546270474243522
0.9565297735121536,0.1010500291850811,0.0495847365922912,0.158358718949259,-0.0950502411737548,-0.3559800056834951
0.957021103653446,0.1007497536231465,0.0484778830136855,0.1582693630778168,-0.0984652699726545,-0.3573141167292403
0.9575068463460438,0.1004422174891588,0.0473788916381718,0.158168385202591,-0.1018884515900719,-0.3586293128580604
0.9579870393319044,0.1001275809787934,0.0462877576852152,0.1580559414873979,-0.1053199457058915,-0.3599255177103673
0.9584617212521108,0.0998060006898414,0.0452044743995656,0.1579321840697402,-0.1087599135643761,-0.3612026474966847
0.9589309312396964,0.0994776299152487,0.044129033928953,0.157797261188144,-0.1122085152560239,-0.3624606100650544
0.9593947091333348,0.0991426185294103,0.0430614267928387,0.1576513171634944,-0.1156659114280899,-0.3636993056372196
0.9598530952286216,0.0988011131896159,0.0420016424090249,0.1574944925026291,-0.1191322616264868,-0.3649186262950039
0.9603061304941936,0.0984532572035454,0.0409496685527682,0.1573269238571978,-0.1226077260869084,-0.3661184567021154
0.9607538559995056,0.098099190994188,0.0399054926446713,0.1571487442640363,-0.1260924615068581,-0.3672986727280903
0.9611963134985708,0.0977390516844552,0.0388691003592279,0.156960082966378,-0.1295866256415769,-0.368459143131652
0.9616335450881436,0.0973729733814624,0.0378404763793362,0.1567610655634957,-0.1330903748443788,-0.3695997287810684
0.962065593105954,0.0970010872940869,0.0368196046027279,0.1565518140926989,-0.1366038633535779,-0.3707202825145694
0.9624925001260276,0.0966235217733367,0.0358064681233153,0.1563324470719586,-0.1401272433266526,-0.371820649252043
0.9629143091365254,0.0962404021810928,0.0348010487764205,0.1561030794357784,-0.1436606664229836,-0.3729006665658851
0.963331063324948,0.0958518510996518,0.0338033276144787,0.1558638226643636,-0.1472042821710183,-0.3739601642301599
0.963742805843988,0.0954579885866655,0.0328132854424024,0.1556147849580045,-0.1507582360194976,-0.3749989637361114
0.9641495801065424,0.0950589319348832,0.0318309020866824,0.1553560711052876,-0.1543226718869975,-0.3760168791484299
0.964551429841328,0.0946547956285192,0.0308561562274911,0.155087782454777,-0.1578977328084007,-0.3770137173273472
0.9649483985629704,0.0942456918979044,0.0298890266564947,0.1548100172893163,-0.161483556313724,-0.3779892767016445
0.9653405300918748,0.0938317302284758,0.028929490993872,0.1545228705123033,-0.1650802790821258,-0.3789433486515106
0.9657278681396352,0.0934130178099953,0.027977526673435,0.1542264339584291,-0.1686880332699201,-0.3798757165713055
0.9661104564105284,0.0929896594676839,0.0270331106774911,0.1539207963611388,-0.1723069474145767,-0.3807861562114139
0.9664883386745134,0.0925617576074646,0.0260962193358169,0.1536060433202064,-0.1759371471567897,-0.3816744359326152
0.9668615585887752,0.0921294124412737,0.0251668287472487,0.1532822574726089,-0.1795787535643391,-0.3825403163619576
0.9672301598341246,0.0916927218601818,0.0242449144235833,0.1529495184069205,-0.183231884446602,-0.3833835507916897
0.9675941858932908,0.0912517817216478,0.0233304518259823,0.152607902887643,-0.186896652168962,-0.3842038847456799
0.9679536801626326,0.0908066857522332,0.0224234160728111,0.1522574847927955,-0.1905731647004971,-0.3850010563209902
0.968308686080662,0.090357525408398,0.0215237815973608,0.1518983350068827,-0.1942615269487684,-0.3857747965385692
0.968659246647426,0.0899043905092874,0.0206315233507301,0.1515305219320332,-0.1979618357492006,-0.386524828367202
0.9690054049828968,0.0894473685603432,0.01974661537484,0.1511541109556539,-0.2016741856073405,-0.3872508680196678
0.9693472038327892,0.0889865454157193,0.0188690320465338,0.1507691649930848,-0.2053986634523332,-0.3879526239663386
0.9696846858855994,0.088522004893321,0.0179987472583063,0.1503757441810489,-0.2091353519369453,-0.3886297976863181
0.9700178935145672,0.0880538291503566,0.0171357350704187,0.1499739061987555,-0.2128843265522006,-0.3892820832166122
0.9703468688997006,0.0875820985507406,0.0162799693896605,0.149563706167424,-0.2166456568474255,-0.3899091674904325
0.970671654035966,0.0871068916779028,0.0154314239379584,0.1491451966671895,-0.2204194064509508,-0.390510730430111
0.9709922906778528,0.0866282854401793,0.0145900723877752,0.1487184278357239,-0.2242056323460513,-0.3910864449228781
0.9713088203114048,0.0861463551420652,0.0137558884287967,0.1482834474406794,-0.2280043844184676,-0.3916359768613173
0.971621284045244,0.085661174686003,0.0129288460514912,0.1478403010746133,-0.2318157039757239,-0.3921589850613625
0.9719297228902676,0.0851728161714732,0.0121089188028128,0.1473890318007143,-0.2356396269924143,-0.3926551218371457
0.9722341774930854,0.0846813503314351,0.0112960804842846,0.1469296805581181,-0.2394761807543801,-0.3931240326427072
0.9725346881483948,0.0841868465534317,0.0104903051190149,0.1464622861985477,-0.2433253837800094,-0.3935653562232669
0.972831294916424,0.0836893727196642,0.0096915666344534,0.1459868853485626,-0.2471872471314826,-0.3939787249091652
0.9731240375530976,0.0831889953466969,0.0088998390446792,0.1455035125512465,-0.2510617733755114,-0.3943637646203841
0.9734129554205576,0.0826857797719522,0.0081150966911274,0.1450122004611176,-0.2549489551875153,-0.3947200948825581
0.9736980876624004,0.0821797898828157,0.0073373137660594,0.1445129795955629,-0.2588487774841237,-0.3950473291857124
0.9739794731445156,0.0816710882378431,0.0065664644673936,0.1440058784612047,-0.2627612165036685,-0.3953450750186507
0.974257150223492,0.0811597365190341,0.0058025236331972,0.1434909240216988,-0.2666862363503212,-0.3956129337782377
0.9745311570472762,0.0806457950232618,0.0050454659189103,0.1429681412097873,-0.2706237929213217,-0.3958505012544452
0.9748015314762548,0.0801293228231645,0.0042952660089718,0.1424375530985009,-0.2745738326643998,-0.3960573676747645
0.97506831088699,0.0796103781736322,0.0035518991618105,0.1418991813373336,-0.2785362894665067,-0.3962331177277445
0.9753315324965682,0.0790890179189276,0.0028153403089653,0.1413530455603198,-0.2825110891757047,-0.3963773309791444
0.9755912330816512,0.0785652980615975,0.0020855648359025,0.1407991639920644,-0.2864981452351538,-0.3964895818507669
0.9758474490247768,0.078039273713556,0.0013625484574687,0.1402375534247823,-0.2904973590408257,-0.3965694398834055
0.9761002164307478,0.0775109988893858,0.0006462668911994,0.1396682290209641,-0.2945086214844092,-0.3966164699887293
0.976349571156274,0.0769805264595692,-6.33042301519e-05,0.1390912042778541,-0.2985318132653697,-0.3966302326223138
0.976595548564216,0.0764479086977406,-0.0007661886594728,0.138506491643807,-0.3025668006977177,-0.3966102839780773
0.9768381841804544,0.075913195877296,-0.0014624114138618,0.1379141009964571,-0.3066134462924383,-0.3965561761309624
0.9770775130859084,0.075376437575939,-0.0021519970479958,0.1373140410767702,-0.310671598808167,-0.396467457174336
0.9773135696824236,0.0748376832603644,-0.0028349689678465,0.1367063201859754,-0.3147410887921869,-0.3963436716686147
0.9775463880507962,0.0742969815411111,-0.0035113504512683,0.1360909453975763,-0.3188217341699015,-0.3961843608843422
0.977776001968996,0.0737543801521284,-0.0041811647007784,0.1354679225599988,-0.3229133403366544,-0.3959890630423945
0.9780024448755628,0.0732099260585281,-0.0048444347365798,0.1348372564470986,-0.32701569928048,-0.3957573136060662
0.9782257498323148,0.072663665574928,-0.0055011832847864,0.1341989509276807,-0.33112858862649,-0.3954886456229062
0.9784459495972128,0.0721156442168466,-0.0061514329887841,0.1335530088263414,-0.3352517726907802,-0.3951825899582308
0.9786630765906568,0.0715659068056522,-0.006795206309059,0.1328994320781249,-0.3393850016223718,-0.3948386756390191
0.978877162993656,0.0710144972395911,-0.0074325258138418,0.1322382214876766,-0.3435280130557766,-0.3944564300001272
0.9790882405377038,0.0704614590532636,-0.0080634135533357,0.1315693774321138,-0.3476805278384449,-0.3940353793671597
0.9792963407703772,0.0699068347547962,-0.0086878918491595,0.1308928991015538,-0.3518422549439047,-0.3935750489157125
0.9795014948461278,0.0693506663890351,-0.0093059826693476,0.1302087852133425,-0.3560128871756917,-0.3930749634056734
0.979703733640782,0.0687929952579416,-0.0099177079692781,0.1295170337117601,-0.3601921032031528,-0.3925346473069744
0.9799030877159132,0.0682338620338212,-0.0105230895838753,0.1288176419441329,-0.3643795666501963,-0.3919536252347627
0.9800995873141504,0.0676733067935596,-0.0111221492116131,0.1281106067443657,-0.368574925781078,-0.3913314223458376
0.9802932624350262,0.0671113688186838,-0.0117149086450095,0.1273959242200101,-0.372777814941395,-0.390667564469195
0.9804841427279004,0.0665480869172943,-0.0123013894432767,0.1266735901991088,-0.3769878520976202,-0.3899615788275883
0.9806722575384538,0.0659834993130929,-0.0128816130717543,0.1259436001358682,-0.3812046396231773,-0.3892129943130288
0.9808576359430476,0.0654176435580405,-0.0134556010068693,0.1252059490407281,-0.385427764909883,-0.3884213417530994
0.9810403067197144,0.0648505566327253,-0.0140233746460652,0.1244606316530308,-0.3896567995826703,-0.3875861544266524
0.9812202983957496,0.0642822748118331,-0.0145849554549561,0.1237076423080949,-0.3938913004734847,-0.3867069682561789
0.9813976390830362,0.0637128342016396,-0.0151403644516575,0.122946975697399,-0.3981308055956513,-0.3857833230595058
0.981572356787382,0.0631422697703703,-0.0156896231722409,0.1221786256264221,-0.4023748413523523,-0.3848147614337865
0.9817444790686808,0.0625706164507157,-0.0162327526056442,0.1214025865341306,-0.4066229143217527,-0.3838008309575239
0.981914033221202,0.0619979085843277,-0.0167697737548283,0.1206188528069841,-0.4108745154002767,-0.3827410837694014
0.9820810463787568,0.0614241795662422,-0.0173007079712785,0.119827418333994,-0.415129122449108,-0.3816350762904573
0.9822455452411598,0.0608494627862537,-0.017825576086151,0.1190282778491904,-0.4193861933302256,-0.3804823714351059
0.982407556261726,0.0602737910149631,-0.0183443990011835,0.1182214261484253,-0.4236451705009933,-0.3792825379646862
0.9825671056220108,0.0596971964990086,-0.0188571976075449,0.117406858271714,-0.4279054803509878,-0.3780351511192604
0.9827242191893948,0.0591197111289369,-0.0193639926473209,0.116584569796149,-0.4321665320195764,-0.3767397934636239
0.9828789225624366,0.0585413662923528,-0.0198648048565231,0.1157545566870784,-0.4364277185533488,-0.3753960550737529
0.9830312410219216,0.0579621930719619,-0.0203596548041783,0.1149168156405881,-0.440688415531806,-0.3740035344992469
0.9831811995521114,0.0573822221891919,-0.020848562957155,0.1140713440674503,-0.4449479815876221,-0.3725618391826888
0.9833288228818108,0.0568014838616581,-0.0213315498112712,0.1132181399465436,-0.4492057595689578,-0.3710705856302622
0.9834741354142412,0.056220008093292,-0.0218086356593522,0.1123572023118647,-0.4534610745420135,-0.3695294006791185
0.9836171612240964,0.0556378247178987,-0.0222798405760652,0.1114885313903961,-0.457713233632494,-0.3679379222269212
0.9837579241172616,0.0550549631836753,-0.0227451846099416,0.1106121283522963,-0.4619615277753272,-0.3662957992457601
0.9838964475875844,0.0544714527508218,-0.023204687637231,0.1097279956746636,-0.466205230461666,-0.364602692905742
0.984032754813312,0.0538873225372576,-0.0236583693449534,0.1088361372863407,-0.4704435976243645,-0.3628582773398034
0.984166868663092,0.0533026015253664,-0.0241062492455665,0.1079365586558305,-0.4746758678304636,-0.3610622403119629
0.9842988117281388,0.052717318450562,-0.0245483467797394,0.1070292666958272,-0.4789012633480237,-0.35921428351177
0.984428606247396,0.0521315021635772,-0.0249846810608291,0.1061142704025299,-0.4831189878158339,-0.357314124348179
0.9845562741606918,0.0515451814367336,-0.0254152710466698,0.1051915806420951,-0.4873282279660023,-0.3553614960550298
0.9846818371232686,0.0509583849292723,-0.0258401355838736,0.1042612101763442,-0.4915281542112134,-0.3533561482456056
0.9848053164765308,0.0503711413573725,-0.0262592933040913,0.1033231740138265,-0.4957179197939539,-0.3512978481731326
0.9849267332040011,0.0497834797529853,-0.0266727624678121,0.1023774899159843,-0.4998966593548652,-0.3491863824008042
0.9850461080309144,0.0491954290344135,-0.0270805612966921,0.1014241778014332,-0.5040634924367292,-0.3470215560415858
0.9851634613413288,0.0486070184510166,-0.0274827076858937,0.1004632605516189,-0.5082175207933536,-0.3448031951000049
0.9852788132626692,0.0480182772123966,-0.0278792194874472,0.0994947635010761,-0.5123578315225503,-0.342531145861458
0.9853921835679462,0.0474292350304716,-0.0282701141692919,0.098518715418248,-0.5164834937882963,-0.3402052777217009
0.9855035917536922,0.0468399217812816,-0.0286554090766737,0.0975351480497156,-0.5205935617953783,-0.3378254827049913
0.9856130570204522,0.0462503676561596,-0.0290351213598522,0.0965440964643847,-0.5246870743484043,-0.3353916768332434
0.9857205982934024,0.0456606031055484,-0.0294092680403052,0.0955455990547814,-0.5287630559027774,-0.3329038006815856
0.9858262341822932,0.0450706591162103,-0.0297778658660954,0.0945396981030906,-0.5328205153525934,-0.3303618213424673
0.9859299830316566,0.0444805669989968,-0.0301409314810467,0.0935264395219678,-0.5368584482527848,-0.327765732350665
0.9860318629463548,0.043890358294138,-0.0304984815102288,0.092505872781849,-0.5408758382370813,-0.3251155540100102
0.9861318917284168,0.043300065192195,-0.0308505323342001,0.091478051730069,-0.5448716549698361,-0.3224113360361222
0.986230086967979,0.0427097200657034,-0.0311971004040406,0.0904430338733096,-0.5488448581996972,-0.3196531562135257
0.9863264659670756,0.0421193559780288,-0.0315382019692726,0.0894008813543486,-0.5527943952235208,-0.3168411234743594
0.9864210458401426,0.0415290061355978,-0.031873853429187,0.0883516600782056,-0.5567192055147759,-0.3139753760538811
0.986513843443562,0.040938704371902,-0.0322040710807084,0.0872954406478386,-0.5606182184587645,-0.3110560844701356
0.9866048754234382,0.0403484849126454,-0.0325288712844697,0.0862322980319799,-0.5644903559501029,-0.3080834510867817
0.9866941582476868,0.0397583822154841,-0.0328482705772858,0.0851623113479709,-0.5683345344809055,-0.3050577099032182
0.9867817081821731,0.0391684311698783,-0.0331622855853159,0.0840855642884999,-0.57214966489741,-0.301979128120588
0.9868675413323142,0.038578666865317,-0.0334709331713974,0.0830021447628924,-0.5759346550060525,-0.2988480054713559
0.9869516736303344,0.0379891247147004,-0.0337742303883098,0.0819121451761432,-0.5796884098898195,-0.2956646753204175
0.9870341208317516,0.0373998405251123,-0.0340721944645104,0.0808156626138309,-0.5834098326219779,-0.292429505504078
0.987114898602746,0.0368108499065903,-0.0343648431191251,0.0797127977836136,-0.5870978291588606,-0.2891428954434776
0.9871940224526096,0.036222188771344,-0.0346521943180057,0.0786036559710162,-0.5907513063262627,-0.285805279129473
0.987271507749238,0.0356338932584649,-0.0349342663285957,0.0774883469326058,-0.5943691735082471,-0.2824171249996131
0.987347369810022,0.0350459990578543,-0.03521107805078,0.0763669836289995,-0.5979503479748354,-0.2789789321898575
0.9874216238254304,0.0344585419858173,-0.0354826487394199,0.075239683314686,-0.6014937524725265,-0.2754912338680534
0.9874942848977925,0.0338715576951602,-0.0357489981454245,0.0741065669865149,-0.6049983181721326,-0.271954595575764
0.9875653680782012,0.033285081363409,-0.0360101466514904,0.0729677587640611,-0.6084629876483155,-0.2683696132359287
0.9876348883136816,0.0326991481057797,-0.0362661150784781,0.0718233866629458,-0.6118867135310552,-0.264736915476798
0.9877028605299988,0.0321137922634091,-0.0365169249898716,0.0706735811750211,-0.6152684637783409,-0.26105715900667
0.987769299602331,0.0315290475953003,-0.036762598584661,0.0695184755856762,-0.6186072215313797,-0.257331029372684
0.987834220316979,0.0309449475805584,-0.0370031585551203,0.0683582065186591,-0.6219019844163914,-0.2535592424932021
0.987897637435785,0.0303615248083663,-0.0372386283241399,0.0671929126685347,-0.6251517690113021,-0.249742540294007
0.9879595657061664,0.0297788108026894,-0.0374690320824968,0.0660227343636454,-0.628355612663081,-0.2458816888924313
0.9880200197947728,0.0291968365696524,-0.0376943945410442,0.0648478145762854,-0.6315125713092152,-0.2419774815347094
0.9880790143747112,0.0286156316953763,-0.0379147412536623,0.0636682970141297,-0.6346217252169893,-0.2380307318646854
0.9881365640173444,0.0280352253109069,-0.0381300982114748,0.0624843279689547,-0.6376821745116856,-0.2340422796207379
0.9881926832989408,0.0274556449565916,-0.0383404922382502,0.0612960539044969,-0.6406930459481067,-0.2300129820810807
0.9882473867217322,0.0268769172681095,-0.0385459506920831,0.0601036227332504,-0.6436534898679901,-0.2259437178137671
0.9883006888038408,0.0262990669171655,-0.0387465017993002,0.0589071815098552,-0.646562686160267,-0.2218353782499787
0.9883526039287276,0.0257221181005079,-0.0389421740842964,0.0577068793726902,-0.6494198371446672,-0.2176888771532474
0.9884031464706816,0.0251460930790651,-0.0391329968361153,0.056502864391296,-0.6522241753872815,-0.2135051392182095
0.9884523307011888,0.0245710130844726,-0.0393189997500876,0.0552952853087245,-0.6549749595131692,-0.209285105445161
0.988500170854435,0.023996897441612,-0.0395002131688062,0.0540842895634758,-0.6576714787343161,-0.2050297256204761
0.9885466810424332,0.0234237644296726,-0.0396766677541342,0.0528700249521508,-0.6603130489339515,-0.2007399634746
0.9885918753005112,0.0228516306187001,-0.0398483946515365,0.0516526380886876,-0.6628990159766449,-0.1964167906333215
0.9886357675970756,0.0222805105683448,-0.0400154255196331,0.050432273602361,-0.6654287570245886,-0.192061183054355
0.9886783717351946,0.0217104179482052,-0.0401777921471307,0.04920907637702,-0.6679016755297554,-0.1876741283312142
0.9887197014292244,0.021141364415536,-0.0403355267347389,0.0479831890088616,-0.6703172062074021,-0.1832566159742781
0.9887597702449004,0.0205733602577441,-0.0404886616571761,0.0467547530310681,-0.6726748120892629,-0.1788096411167814
0.9887985916098068,0.0200064141149494,-0.040637229492549,0.045523908171572,-0.6749739855718432,-0.1743342011941047
0.988836178825819,0.019440532623461,-0.0407812630594523,0.04429079142591,-0.6772142495632938,-0.1698312918937413
0.9888725449707652,0.01887572174296,-0.0409207950289174,0.0430555398043557,-0.6793951519485866,-0.1653019165430874
0.9889077029945524,0.0183119851808075,-0.0410558582809399,0.0418182867611805,-0.6815162715647535,-0.1607470724578877
0.988941665638017,0.017749325484474,-0.0411864855813951,0.0405791644394167,-0.6835772135533474,-0.1561677585315046
0.98897444545356,0.0171877435924681,-0.0413127096488185,0.0393383025562083,-0.6855776107297467,-0.1515649705544891
0.9890060548135228,0.0166272385121559,-0.0414345631744445,0.038095827552854,-0.6875171242026114,-0.1469396974503938
0.9890365058166642,0.0160678088360423,-0.0415520784489894,0.0368518658294651,-0.6893954376688811,-0.1422929327546054
0.989065810389932,0.0155094508139382,-0.0416652877420255,0.0356065393516596,-0.6912122636330005,-0.1376256577238399
0.9890939802024252,0.0149521597604988,-0.0417742229572597,0.0343599686548382,-0.6929673380545975,-0.1329388520003182
0.9891210266905164,0.0143959294756772,-0.0418789157163741,0.0331122714438599,-0.6946604217807804,-0.1282334878796876
0.9891469610207037,0.0138407528805127,-0.0419793972022087,0.031863563911432,-0.6962912980696195,-0.1235105348013142
0.989171794130013,0.0132866210512667,-0.0420756983021825,0.0306139584664093,-0.6978597749324593,-0.1187709503100755
0.98919553666782,0.0127335243403089,-0.042167849369956,0.0293635661557977,-0.6993656812511838,-0.1140156887716951
0.9892181990257288,0.0121814516179673,-0.0422558803283421,0.0281124948652193,-0.7008088683988043,-0.1092456941406935
0.989239791303518,0.0116303909617979,-0.0423398205243888,0.0268608507897525,-0.7021892077903296,-0.1044619051583905
0.9892603233096396,0.0110803296071522,-0.0424196987185969,0.0256087382465587,-0.7035065905865617,-0.0996652542927239
0.9892798045866422,0.0105312531579133,-0.0424955431715014,0.0243562577996036,-0.7047609289909889,-0.0948566601968621
0.9892982443721254,0.0099831464988028,-0.0425673814797249,0.0231035082593613,-0.7059521533935957,-0.0900370350193302
0.9893156515874734,0.0094359941318314,-0.0426352405200548,0.0218505873914376,-0.7070802112548705,-0.0852072868483132
0.9893320348918234,0.0088897783915275,-0.042699146648252,0.0205975877658565,-0.7081450702143908,-0.0803683034167764
0.9893474025807396,0.0083444826369112,-0.0427591252926745,0.0193446040129765,-0.7091467111152668,-0.0755209798200309
0.9893617626834282,0.0078000880053783,-0.0428152013224591,0.0180917253264848,-0.7100851339057761,-0.0706661893226658
0.9893751228933412,0.0072565757121993,-0.0428673987661926,0.0168390406902906,-0.7109603527082621,-0.0658048033145206
0.989387490601313,0.0067139257939596,-0.0429157409310234,0.0155866359430642,-0.7117723975577771,-0.0609376797252546
0.989398872867318,0.006172118224312,-0.0429602502824697,0.0143345963074049,-0.7125213121270914,-0.0560656726342119
0.9894092764433774,0.0056311318827979,-0.0430009485244905,0.0130830039712532,-0.7132071548045348,-0.0511896226816564
0.9894187077525676,0.0050909454988447,-0.04303785650837,0.0118319402325522,-0.7138299968898842,-0.0463103652329555
0.989427172899106,0.0045515371632214,-0.0430709942635218,0.0105814843379571,-0.7143899228364027,-0.0414287256967553
0.9894346776661876,0.0040128843670903,-0.0431003809808292,0.0093317135419519,-0.7148870296924634,-0.0365455195974646
0.9894412275043674,0.0034749648986618,-0.0431260349593792,0.0080827051613193,-0.7153214259205164,-0.0316615604667961
0.9894468275479458,0.0029377557748703,-0.0431479736632812,0.0068345340731453,-0.7156932320783532,-0.0267776499429665
0.9894514826091744,0.0024012335510809,-0.0431662136921029,0.0055872734094129,-0.7160025800411796,-0.0218945803576713
0.9894551971749516,0.0018653747263933,-0.0431807707614733,0.0043409954791717,-0.7162496123957536,-0.0170131382357554
0.9894579754094954,0.0013301557006526,-0.04319165970755,0.0030957716516512,-0.7164344822415599,-0.0121341037397481
0.9894598211571768,0.0007955524155368,-0.0431988944925689,0.0018516715049475,-0.7165573530141472,-0.0072582472396414
0.9894607379406548,0.0002615408876939,-0.0432024881924275,0.0006087640516503,-0.7166183980072885,-0.0023863340270644
0.9894607289638532,-0.0002719028362433,-0.043202453003683,-0.0006328823788212,-0.7166178002291205,0.002480876226392
0.989459797088746,-0.0008048124851963,-0.0431988001483298,-0.0018732229735775,-0.716555750526895,0.0073427190431362
0.989457940542324,-0.001338200449959,-0.0431915230432079,-0.0031144909155166,-0.7164321615356042,0.0122074598500043
0.9894551564039414,-0.0018720897111864,-0.0431806109727109,-0.0043566158583987,-0.7162469000848938,0.0170743320926692
0.9894514414430362,-0.0024065031551359,-0.0431660523764592,-0.0055995266612205,-0.715999843257296,0.0219425638932708
0.9894467921138536,-0.0029414639892197,-0.0431478348328897,-0.0068431523706009,-0.7156908783211993,0.0268113819903791
0.9894412045572994,-0.0034769951252589,-0.0431259450712082,-0.0080874208028889,-0.7153199031485594,0.0316800062802866
0.9894346745963776,-0.0040131195329656,-0.0431003689586352,-0.0093322593837469,-0.7148868262164256,0.036547653204638
0.9894271977496132,-0.0045498591150638,-0.0430710915585174,-0.0105775925567621,-0.7143915678103142,0.0414135257290863
0.9894187692136736,-0.0050872361452499,-0.0430380970682086,-0.0118233451450139,-0.713834059192596,0.0462768266089463
0.9894093838700928,-0.0056252725540162,-0.0430013688518052,-0.013069440715113,-0.7132142433789314,0.0511367521118802
0.989399036284065,-0.0061639899743986,-0.0429608894422274,-0.014315801708617,-0.7125320753953125,0.0559924926634537
0.989387720711416,-0.006703409382891,-0.0429166405757082,-0.0155623486394922,-0.7117875230797752,0.060843229865098
0.989375431088343,-0.0072435516233132,-0.0428686031592843,-0.0168090013361761,-0.7109805667531875,0.0656881414854345
0.9893621610414888,-0.0077844369042565,-0.0428167573182258,-0.0180556778121656,-0.7101112002333009,0.0705263972258123
0.989347903884406,-0.0083260849874138,-0.0427610823906379,-0.0193022947369351,-0.7091794309546007,0.0753571607287163
0.9893326526277662,-0.0088685148269804,-0.0427015569761211,-0.0205487666449771,-0.7081852809876726,0.080179586702727
0.9893163999673292,-0.0094117450517013,-0.0426381588979717,-0.0217950070868106,-0.7071287866045309,0.0849928255836312
0.9892991382826212,-0.0099557939541639,-0.042570865207656,-0.0230409286437543,-0.7060099985490675,0.0897960237843488
0.989280859676966,-0.0105006782780195,-0.0424996523507571,-0.0242864401994095,-0.7048289849756786,0.0945883134079596
0.9892615559438795,-0.0110464143964656,-0.0424244960460711,-0.0255314496958507,-0.7035858295993966,0.0993688231395524
0.9892412185724688,-0.0115930181260237,-0.0423453713172719,-0.0267758637576046,-0.70228063238123,0.1041366770355878
0.9892198387612036,-0.0121405043782837,-0.0422622525573791,-0.0280195869550645,-0.7009135107347086,0.1088909919657652
0.9891974074163524,-0.0126888872675587,-0.0421751135337712,-0.0292625221130659,-0.6994845997295753,0.1136308790887834
0.989173915193568,-0.013238179201525,-0.0420839275609568,-0.0305045683221672,-0.697994055019372,0.1183554365993793
0.989149352423645,-0.0137883927356141,-0.0419886672238049,-0.0317456252096149,-0.6964420483875163,0.1230637663284842
0.9891237091814264,-0.0143395389701288,-0.0418893046569684,-0.0329855893821589,-0.6948287723841317,0.1277549605233006
0.9890969752896168,-0.0148916276310832,-0.0417858115712999,-0.0342243546998272,-0.693154440767722,0.1324281032962523
0.9890691402945452,-0.0154446676804695,-0.0416781591719482,-0.0354618137339446,-0.6914192871752607,0.1370822765264141
0.9890401934999632,-0.015998666703851,-0.0415663183013486,-0.0366978564812514,-0.689623567406816,0.1417165554077623
0.9890101239314744,-0.0165536316835483,-0.0414502593140124,-0.0379323721822291,-0.6877675573559939,0.1463300156883029
0.9889789204000428,-0.0171095678790619,-0.0413299523341703,-0.0391652469199511,-0.6858515570527887,0.1509217251034489
0.9889465714844085,-0.0176664793021784,-0.0412053671998521,-0.0403963647875057,-0.6838758896194032,0.1554907482322724
0.9889130655289368,-0.0182243688491857,-0.0410764734668502,-0.0416256082845288,-0.6818409011668884,0.1600361484390653
0.988878390677616,-0.0187832378355134,-0.04094324055166,-0.0428528574004164,-0.6797469628447042,0.1645569849720935
0.9888425348507048,-0.019343086498803,-0.0408056376535962,-0.0440779908366332,-0.677594469355855,0.169052317993371
0.9888054857883412,-0.0199039134149134,-0.0406636339341064,-0.0453008848422619,-0.6753838414736493,0.1735212048171546
0.9887672310101624,-0.0204657162333538,-0.0405171983735317,-0.0465214149405284,-0.6731155234650328,0.1779627067704907
0.9887277578871212,-0.0210284907116716,-0.0403663000576953,-0.0477394539471203,-0.670789987159688,0.1823758825056766
0.9886870536503678,-0.0215922307736275,-0.040210908222138,-0.048954872240999,-0.668407732147858,0.1867597896268373
0.9886451052999212,-0.0221569298918759,-0.0400509919141924,-0.0501675408737349,-0.665969280112478,0.1911134964814027
0.9886018997451408,-0.022722579255499,-0.0398865205396977,-0.0513773277461546,-0.6634751826784338,0.1954360689409598
0.9885574237483502,-0.023289168704727,-0.0397174636572539,-0.0525840997634778,-0.6609260176416178,0.1997265787969062
0.9885116639358268,-0.0238566866997165,-0.0395437910296491,-0.053787722898118,-0.6583223891154825,0.2039841045663404
0.9884646068071232,-0.0244251203167658,-0.0393654726684043,-0.0549880623124014,-0.6556649275187121,0.2082077325154632
0.9884162388269272,-0.024994454288818,-0.039182479189796,-0.0561849804769728,-0.6529542941094281,0.2123965506875974
0.9883665462382868,-0.0255646733500287,-0.0389947811156167,-0.0573783422431536,-0.6501911698077382,0.2165496672988948
0.9883155152901508,-0.0261357596617448,-0.0388023497416693,-0.0585680095579883,-0.6473762672367914,0.2206661928119485
0.9882631321292976,-0.0267076942306757,-0.0386051567350196,-0.0597538445854906,-0.6445103238348684,0.2247452514831846
0.9882093828464528,-0.0272804565081773,-0.0384031743139475,-0.0609357090002779,-0.641594103551408,0.2287859794961015
0.9881542534458144,-0.0278540248363545,-0.0381963751386654,-0.0621134650383582,-0.638628394280022,0.2327875291420397
0.9880977299117254,-0.0284283758607304,-0.0379847325663001,-0.063286974413055,-0.6356140105013236,0.2367490656884167
0.9880397981247576,-0.0290034855042079,-0.0377682203404449,-0.0644561004309625,-0.6325517877828823,0.2406697750905818
0.9879804440028456,-0.0295793276553312,-0.037546813122523,-0.0656207054343832,-0.6294425892233046,0.2445488559085947
0.9879196533889796,-0.0301558754106868,-0.0373204860740023,-0.0667806534488491,-0.62628729837101,0.2483855287327248
0.9878574120882306,-0.0307331007897056,-0.037089214997332,-0.067935809700409,-0.6230868200830425,0.2521790349988417
0.987793705871995,-0.0313109747830687,-0.0368529763533898,-0.0690860408098889,-0.6198420795934145,0.2559286380654046
0.9877285204924532,-0.0318894673084579,-0.0366117473160361,-0.0702312147976021,-0.6165540220618532,0.2596336236460266
0.9876618416947928,-0.0324685471943139,-0.0363655058172898,-0.0713712011422686,-0.6132236119513872,0.2632933004081749
0.9875936551657474,-0.0330481827046945,-0.0361142303570005,-0.0725058718934544,-0.6098518292210475,0.2669070038973763
0.987523946573668,-0.0336283412481253,-0.0358579001507163,-0.0736351011611557,-0.6064396701187958,0.2704740951736937
0.9874527015631518,-0.0342089894908858,-0.035596495108627,-0.0747587654007756,-0.6029881456555088,0.2739939619944717
0.9873799057400048,-0.0347900935355868,-0.0353299957789563,-0.0758767438112594,-0.5994982796282368,0.2774660202874557
0.9873055446698388,-0.0353716189750129,-0.0350583833413888,-0.0769889184786043,-0.5959711073294669,0.2808897147621425
0.9872296038616752,-0.0359535310551713,-0.0347816395455607,-0.078095174717875,-0.5924076735610038,0.2842645200808918
0.9871520687592588,-0.0365357947633509,-0.0344997466779748,-0.0791954012578587,-0.5888090310568651,0.2875899414779492
0.9870729247921974,-0.0371183744710337,-0.0342126877456982,-0.0802894895812701,-0.5851762416691205,0.2908655128073379
0.986992157284494,-0.037701234638709,-0.0339204461416314,-0.0813773352607174,-0.581510370968223,0.2940908005694803
0.986909751488728,-0.0382843395604135,-0.0336230057671777,-0.0824588374652355,-0.5778124887414068,0.297265402335922
0.9868256925532034,-0.0388676535983268,-0.03332035091171,-0.0835338993801245,-0.5740836664419714,0.3003889478728054
0.9867399655418212,-0.039451141035718,-0.0330124663226234,-0.0846024279089034,-0.5703249770529166,0.3034610981069923
0.9866525553943366,-0.0400347663408063,-0.0326993370607001,-0.0856643341262539,-0.566537492337556,0.3064815462415549
0.9865634469304472,-0.0406184941167438,-0.0323809485137992,-0.086719533142296,-0.5627222820964002,0.3094500171103354
0.9864726248262868,-0.0412022892323951,-0.0320572863118503,-0.0877679442896896,-0.5588804122704949,0.3123662674192203
0.9863800736069744,-0.0417861168377955,-0.0317283362999261,-0.0888094910922498,-0.5550129438046179,0.3152300853226464
0.9862857776642588,-0.0423699422230637,-0.0313940846003698,-0.0898441009520181,-0.5511209325843112,0.3180412892131117
0.9861897212046437,-0.0429537311104767,-0.0310545174282728,-0.0908717056025592,-0.5472054265249499,0.3207997285841045
0.9860918882228928,-0.0435374497639946,-0.030709620999123,-0.0918922412198333,-0.5432674638581272,0.3235052838691056
0.985992262541449,-0.0441210647026645,-0.0303593816692677,-0.0929056478364661,-0.5393080741248394,0.3261578644127855
0.9858908277655208,-0.0447045429236883,-0.0300037857786924,-0.0939118696493268,-0.5353282757841733,0.3287574088204966
0.9857875673190792,-0.0452878516474194,-0.029642819778764,-0.0949108544924512,-0.5313290770953533,0.3313038830997831
0.9856824643573852,-0.0458709587665518,-0.0292764699279406,-0.0959025545190373,-0.5273114722255808,0.3337972818984334
0.9855755018259376,-0.0464538324555377,-0.0289047225008113,-0.0968869254357937,-0.5232764431319512,0.3362376260048812
0.985466662398106,-0.0470364414622491,-0.028527563573691,-0.0978639269030751,-0.5192249568028043,0.3386249628069629
0.98535592853409,-0.0476187547349761,-0.0281449792325111,-0.0988335218095734,-0.515157967133861,0.3409593639455522
0.985243282391872,-0.0482007418439184,-0.0277569552679338,-0.0997956768806494,-0.5110764113244556,0.3432409262337228
0.9851287058916436,-0.0487823725849557,-0.0273634774021849,-0.1007503619178809,-0.5069812120062666,0.3454697692438968
0.9850121806672608,-0.0493636171803129,-0.02696453112561,-0.1016975500346391,-0.5028732752473848,0.3476460353042678
0.9848936880838628,-0.0499444461352376,-0.0265601017616966,-0.1026372173218872,-0.4987534910029144,0.3497698881388964
0.9847732092383796,-0.0505248301887418,-0.0261501744727896,-0.10356934267373,-0.4946227329507018,0.3518415119085809
0.984650724927812,-0.0511047404186437,-0.0257347341565592,-0.1044939078607765,-0.4904818572625467,0.3538611108030018
0.9845262155988757,-0.0516841484198519,-0.0253137652815444,-0.1054108977110251,-0.4863317008672467,0.3558289088202316
0.9843996615427014,-0.0522630253506586,-0.0248872525504882,-0.1063202985061563,-0.4821730878671688,0.3577451457539072
0.9842710426358025,-0.0528413430958394,-0.0244551800291436,-0.1072220997326469,-0.478006820830838,0.3596100804049969
0.9841403385050516,-0.0534190734534504,-0.0240175317093736,-0.1081162927042011,-0.4738336862676481,0.3614239870756512
0.9840075284793964,-0.0539961883188195,-0.0235742913508033,-0.1090028707668325,-0.4696544529944657,0.3631871554835068
0.9838725916170104,-0.0545726595291097,-0.0231254425760816,-0.1098818289755775,-0.4654698729731074,0.3648998895888841
0.983735506634458,-0.0551484591296401,-0.0226709686399504,-0.1107531644178066,-0.4612806791155948,0.3665625077019062
0.9835962519870676,-0.0557235589926772,-0.0222108527017265,-0.1116168755496389,-0.4570875878130633,0.3681753406697687
0.9834548058329958,-0.0562979309402286,-0.0217450777099772,-0.1124729623070366,-0.452891297836332,0.369738731607821
0.9833111460009852,-0.0568715468386202,-0.0212736263016154,-0.1133214261672061,-0.4486924894522207,0.3712530354993513
0.98316525008685,-0.0574443781806159,-0.0207964811233539,-0.1141622694546413,-0.4444918273136041,0.3727186174628765
0.9830170953441107,-0.0580163964951302,-0.0203136244767997,-0.1149954958766439,-0.4402899573158733,0.3741358532439824
0.9828666587725774,-0.0585875729700381,-0.0198250386126382,-0.115821109898637,-0.4360875092342181,0.3755051276578334
0.9827139170272468,-0.0591578787754578,-0.0193307054381735,-0.1166391171460642,-0.4318850942386208,0.3768268348134663
0.9825588465508712,-0.0597272845393804,-0.018830606951051,-0.1174495235835029,-0.4276833086624145,0.3781013763247394
0.982401423491505,-0.0602957606430305,-0.018324724974026,-0.1182523358822248,-0.4234827317565338,0.3793291615128628
0.9822416236171098,-0.0608632774968638,-0.0178130408858709,-0.1190475617416484,-0.4192839235821237,0.3805106074343174
0.9820794225299426,-0.0614298047491928,-0.0172955363128234,-0.1198352087151697,-0.4150874308130385,0.3816461366883695
0.9819147955349758,-0.061995311748993,-0.0167721927072534,-0.1206152848116124,-0.4108937832855244,0.3827361779658604
0.981747717581956,-0.0625597677163788,-0.0162429911681333,-0.1213877986684377,-0.4067034927059696,0.3837811658586519
0.9815781634155416,-0.0631231412089057,-0.0157079129208765,-0.1221527587622328,-0.4025170565973676,0.3847815393740901
0.9814061075081774,-0.0636854003423633,-0.015166939104748,-0.1229101736665925,-0.3983349566643133,0.3857377419514758
0.981231523981822,-0.0642465130248766,-0.0146200505299676,-0.1236600523140002,-0.3941576570577589,0.386650221404595
0.9810543867163406,-0.064806446581353,-0.014067228021638,-0.1244024034383558,-0.3899856071837343,0.3875194288422145
0.9808746693735722,-0.0653651676727099,-0.0135084524942748,-0.1251372354281898,-0.3858192423349388,0.3883458181857465
0.9806923453121028,-0.0659226425535818,-0.0129437046866119,-0.1258645566252905,-0.3816589818045509,0.3891298461900693
0.9805073875059928,-0.0664788372920604,-0.0123729649144364,-0.1265843755586567,-0.3775052272811268,0.3898719723076919
0.9803197688746308,-0.0670337167600242,-0.0117962140904485,-0.1272966995934931,-0.3733583704339089,0.3905726569562833
0.9801294618312124,-0.0675872459746402,-0.0112134323325286,-0.1280015366254854,-0.3692187829453814,0.3912323629413846
0.9799364386200335,-0.0681393890703714,-0.0106246000053935,-0.1286988937115894,-0.3650868242455261,0.3918515537399415
0.9797406712116292,-0.0686901096022012,-0.0100296973973256,-0.1293887774259907,-0.3609628393092335,0.3924306935771671
0.979542131267064,-0.0692393706288113,-0.0094287046130928,-0.1300711939254454,-0.3568471580975483,0.3929702471713449
0.9793407902726536,-0.06978713432613,-0.0088216019821544,-0.1307461484337184,-0.3527400985219431,0.3934706790360427
0.9791366192461126,-0.0703333627744466,-0.0082083691725226,-0.131413646178247,-0.3486419606145656,0.3939324538973242
0.9789295890818976,-0.0708780169989142,-0.0075889862338122,-0.1320736911714184,-0.3445530337946846,0.394356035495108
0.978719670255197,-0.0714210577473334,-0.0069634327083211,-0.1327262871296527,-0.3404735911091898,0.3947418869541761
0.978506833094704,-0.071962444755406,-0.0063316884478228,-0.1333714365508465,-0.3364038948250537,0.3950904699221934
0.9782910475284924,-0.0725021373891076,-0.0056937328563306,-0.1340091414568726,-0.3323441916817186,0.395402244754948
0.9780722831749912,-0.0730400943806302,-0.0050495451648542,-0.1346394030402193,-0.328294714949326,0.3956776700157073
0.9778505095512868,-0.0735762733063914,-0.0043991050430376,-0.1352622210285071,-0.3242556884381373,0.395917201976018
0.9776256956305548,-0.0741106316496245,-0.0037423912985075,-0.135877594897369,-0.32022731857464,0.3961212948760679
0.9773978102760218,-0.0746431257243873,-0.0030793831523537,-0.1364855225890757,-0.3162098025804774,0.3962904001651148
0.9771668219509786,-0.0751737113528084,-0.0024100593903727,-0.1370860012710325,-0.3122033234438844,0.3964249665485125
0.9769326988097552,-0.0757023436202202,-0.0017343986318322,-0.1376790270241143,-0.3082080518352313,0.3965254396305666
0.9766954087987794,-0.0762289766296637,-0.0010523796206137,-0.1382645945449392,-0.3042241480335739,0.396592261653037
0.97645491950126,-0.0767535638335707,-0.0003639807767722,-0.1388426974958929,-0.3002517594880295,0.3966258713462625
0.9762111982158578,-0.0772760578324922,0.0003308195754362,-0.1394133282559733,-0.2962910224023399,0.3966267036719592
0.9759642118771688,-0.0777964105217753,0.0010320434333574,-0.139976478058297,-0.2923420606823356,0.3965951896103584
0.9757139265489628,-0.0783145740973312,0.0017397145418324,-0.1405321380357302,-0.2884049783387457,0.3965317557613777
0.9754603085177596,-0.0788304987257116,0.0024538552868806,-0.141080296678992,-0.2844798772170181,0.396436824291523
0.9752033238734876,-0.0793441334468859,0.0031744878996327,-0.1416209408193245,-0.2805668502141909,0.3963108128479256
0.9749429383974988,-0.0798554263869886,0.0039016347745169,-0.1421540558411635,-0.276665979706913,0.3961541343690179
0.9746791175517516,-0.0803643247533871,0.0046353184989843,-0.142679625658001,-0.2727773376239085,0.3959671969018746
0.974411826468432,-0.080870774826338,0.0053755618814063,-0.1431976326845491,-0.2689009855372858,0.3957504034209174
0.9741410300293238,-0.081374721782665,0.0061223877313602,-0.1437080576395006,-0.2650369760352277,0.3955041517343578
0.9738666927267412,-0.0818761099305136,0.006875819244186,-0.1442108797683778,-0.2611853509401863,0.3952288342134285
0.973588778917227,-0.0823748822174378,0.0076358793041406,-0.144706076333729,-0.2573461450962114,0.3949248378977426
0.9733072525762768,-0.0828709806589014,0.008402591161195,-0.1451936230340744,-0.2535193830863892,0.3945925441303796
0.9730220773243003,-0.0833643462532477,0.009175978357022,-0.1456734938991997,-0.249705079873438,0.3942323284236053
0.9727332166045894,-0.0838549186456509,0.0099560642432661,-0.1461456609492253,-0.2459032433845736,0.3938445605561931
0.972440633518336,-0.0843426363913344,0.0107428724323922,-0.1466100944407522,-0.2421138724621199,0.3934296042586675
0.9721442909297692,-0.0848274367491292,0.0115364265155635,-0.1470667626557449,-0.2383369584358398,0.3929878172390535
0.9718441513208536,-0.0853092558919591,0.0123367504541645,-0.1475156320881739,-0.2345724834472848,0.3925195508587875
0.9715401770233922,-0.0857880285011849,0.013143867961598,-0.1479566670518199,-0.2308204235680606,0.3920251503794065
0.9712323301013744,-0.0862636879372233,0.0139578028236652,-0.1483898298338598,-0.2270807474258254,0.3915049547013352
0.9709205723396388,-0.0867361662281965,0.014778578931752,-0.1488150806734494,-0.2233534162305434,0.3909592962474655
0.9706048652958624,-0.0872053939623518,0.0156062201496883,-0.1492323776543267,-0.2196383845512255,0.390388500961513
0.9702851703017829,-0.0876713002616717,0.0164407503164018,-0.1496416766735197,-0.2159356004500036,0.3897928882298599
0.96996144846605,-0.0881338127520722,0.0172821932444918,-0.1500429314070632,-0.2122450056336958,0.3891727708074147
0.969633660748882,-0.0885928574331737,0.0181305725335993,-0.1504360931903391,-0.2085665364021718,0.3885284548875924
0.9693017676457626,-0.0890483590902884,0.0189859123941757,-0.1508211113604372,-0.2049001202341588,0.3878602393972662
0.9689657297379752,-0.0895002404985838,0.019848236230727,-0.1511979325680162,-0.2012456820535043,0.3871684170089572
0.968625507330406,-0.0899484229068633,0.0207175675886141,-0.1515665011863097,-0.1976031402357165,0.3864532733627751
0.9682810605626316,-0.0903928258556007,0.0215939298754287,-0.1519267591487426,-0.1939724079356341,0.3857150872151492
0.9679323493845744,-0.0908333671807647,0.0224773464320494,-0.1522786459440416,-0.1903533929102972,0.3849541303166907
0.9675793337811246,-0.0912699627073334,0.0233678399754354,-0.1526220983662195,-0.186745999891663,0.3841706678401638
0.96722197337036,-0.0917025267264015,0.0242654336259449,-0.1529570508863631,-0.1831501264965764,0.3833649574309361
0.9668602277080284,-0.0921309715797557,0.0251701501460792,-0.153283435311755,-0.1795656664586878,0.3825372497993429
0.9664940563432856,-0.0925552075752231,0.0260820118169878,-0.1536011807186365,-0.1759925101717185,0.3816877887925012
0.966123418818878,-0.0929751429704173,0.0270010404559186,-0.1539102134385738,-0.1724305446596853,0.3808168113404616
0.9657482745033658,-0.0933906841378705,0.0279272578473481,-0.1542104571730324,-0.1688796519769431,0.3799245469954191
0.9653685828030564,-0.0938017352960782,0.0288606852318858,-0.1545018327863791,-0.1653397112708547,0.3790112183579009
0.9649843029946988,-0.0942081986664138,0.0298013437348539,-0.1547842584102661,-0.1618105972121848,0.3780770406069127
0.96459539450206,-0.0946099741494522,0.0307492537046104,-0.1550576492073454,-0.1582921825557765,0.3771222220959532
0.9642018166842956,-0.0950069595258568,0.0317044352503981,-0.1553219175044917,-0.154784336163173,0.3761469637687796
0.9638035291408256,-0.0953990501211475,0.0326669075212973,-0.1555769725595109,-0.1512869257045725,0.3751514598377325
0.9634004913634492,-0.0957861391307435,0.0336366895712402,-0.1558227207685232,-0.1477998145240544,0.3741358968439912
0.9629926628688136,-0.0961681174476991,0.0346138000538372,-0.1560590655344476,-0.1443228628460095,0.3731004538948228
0.9625800035377744,-0.0965448733200774,0.0355982564327231,-0.1562859070454491,-0.1408559306103425,0.3720453034435191
0.9621624732876244,-0.0969162926384965,0.0365900757937721,-0.1565031424465265,-0.1373988745841101,0.3709706103760431
0.9617400323454652,-0.0972822586602596,0.0375892742181074,-0.1567106656619622,-0.1339515505928515,0.3698765326195269
0.9613126410826262,-0.0976426521331214,0.0385958672030384,-0.1569083674574731,-0.1305138120613855,0.3687632206240245
0.9608802600587556,-0.0979973512228134,0.0396098695819487,-0.1570961353809281,-0.1270855103318801,0.3676308173735712
0.960442850217364,-0.0983462313238914,0.0406312950936062,-0.1572738536464951,-0.1236664961354859,0.3664794587950449
0.9600003728377764,-0.0986891650792718,0.0416601565279604,-0.1574414031351689,-0.1202566190805782,0.3653092735298142
0.9595527895451752,-0.0990260223459662,0.0426964657343815,-0.1575986613621129,-0.116855727624499,0.364120382848987
0.959100062233002,-0.0993566702209621,0.0437402338316454,-0.1577455024673727,-0.1134636683990064,0.3629129003281673
0.9586421535324192,-0.0996809726710903,0.0447914701596544,-0.1578817970330659,-0.1100802896094137,0.3616869329781143
0.9581790262142316,-0.0999987909413112,0.0458501836932841,-0.1580074122448809,-0.1067054364331106,0.3604425795222888
0.9577106438031614,-0.1003099830872565,0.0469163816669189,-0.158122211671559,-0.1033389554486121,0.3591799319067292
0.9572369702110396,-0.1006144042033552,0.0479900704531436,-0.1582260553368858,-0.0999806918033237,0.357899074178283
0.9567579701839344,-0.1009119061013596,0.0490712545862887,-0.1583187995809953,-0.0966304922652552,0.3566000835469899
0.9562736089030536,-0.1012023375398703,0.0501599377088892,-0.1584002971151625,-0.0932882022350042,0.3552830291569325
0.9557838523660408,-0.1014855439541631,0.0512561217516289,-0.1584703969070879,-0.0899536682750094,0.3539479729616318
0.9552886675208418,-0.1017613673645893,0.0523598066844332,-0.1585289441427969,-0.0866267387929298,0.3525949699300836
0.9547880217606082,-0.1020296466317454,0.053470991689326,-0.1585757802525771,-0.0833072604651828,0.3512240664969662
0.9542818834753388,-0.1022902171089044,0.0545896739734546,-0.1586107427947958,-0.0799950818116117,0.3498353018893755
0.9537702221687008,-0.1025429105683296,0.0557158485669674,-0.1586336654273487,-0.0766900537096804,0.3484287082672295
0.9532530080753924,-0.102787555366812,0.0568495092186516,-0.1586443778919246,-0.0733920267077173,0.3470043094809136
0.9527302125382072,-0.103023976221217,0.0579906476147387,-0.1586427059462976,-0.070100853297613,0.3455621219063089
0.952201808049296,-0.1032519941658807,0.059139253345647,-0.158628471329309,-0.0668163879474598,0.3441021543528606
0.9516677679806314,-0.1034714266326764,0.0602953145451341,-0.1586014917034221,-0.0635384852399228,0.342624407102527
0.9511280672017188,-0.103682087153529,0.0614588166050064,-0.1585615806263481,-0.0602670034979619,0.341128873393265
0.9505826815727538,-0.1038837855361717,0.0626297433309638,-0.1585085474776953,-0.0570018014582652,0.3396155377848445
0.9500315890907322,-0.1040763274093719,0.0638080745431333,-0.1584421975233422,-0.0537427449069509,0.3380843790989589
0.9494747687101408,-0.1042595146421058,0.0649937886770865,-0.1583623317683516,-0.0504896993378968,0.3365353669005071
0.9489122007816913,-0.1044331451273963,0.0661868618970121,-0.1582687469242724,-0.0472425324238448,0.3349684624533418
0.9483438675083328,-0.1045970126068318,0.0673872671939601,-0.1581612354302317,-0.0440011164172047,0.3333836197232472
0.9477697526906196,-0.1047509067253801,0.0685949749977981,-0.158039585366883,-0.0407653264062813,0.3317807843941626
0.9471898422530796,-0.1048946128607575,0.0698099521413317,-0.1579035805164064,-0.037535043023831,0.3301598950528198
0.9466041233732606,-0.1050279123115496,0.0710321637591654,-0.1577530001074243,-0.0343101473261078,0.3285208804602959
0.9460125856256432,-0.1051505819728619,0.0722615709616743,-0.157587619016362,-0.0310905269324267,0.326863662443488
0.9454152206691812,-0.1052623943990034,0.0734981315730769,-0.1574072076549355,-0.0278760739644845,0.3251881547103012
0.9448120219699828,-0.1053631178128645,0.0747418007793725,-0.1572115318147018,-0.0246666833167394,0.3234942617459102
0.9442029855791292,-0.1054525159272762,0.0759925295980175,-0.1570003528392552,-0.021462256570371,0.3217818806598875
0.9435881098546168,-0.1055303479731542,0.0772502655389596,-0.1567734274860265,-0.0182627001944839,0.3200509000630489
0.9429673955840208,-0.1055963686445728,0.078514952434823,-0.1565305078984576,-0.0150679259240649,0.3183012000565067
0.9423408462836952,-0.1056503280341874,0.0797865299169989,-0.1562713416555752,-0.0118778520168406,0.3165326527094197
0.941708467750073,-0.1056919716352705,0.0810649344124122,-0.1559956715128021,-0.008692400692401,0.3147451204153257
0.9410702692308228,-0.1057210402199698,0.0823500968608309,-0.1557032358281853,-0.0055115037737736,0.3129384588131005
0.9404262624827144,-0.1057372698800401,0.08364194471531,-0.1553937680910153,-0.0023350976192599,0.311112513728043
0.9397764624317972,-0.1057403919487227,0.0849404007000717,-0.1550669971322117,0.0008368738412647,0.3092671226284779
0.9391208874366264,-0.1057301329802651,0.0862453823846833,-0.154722647194068,0.0040044581516455,0.3074021149560462
0.938459204351507,-0.1057061982531439,0.0875575047944895,-0.1543602394878417,0.0071693838988544,0.305516299165549
0.937791330848,-0.1056682755148819,0.0888768795936482,-0.1539794023396063,0.0103321392799706,0.3036091739174375
0.9371172967702776,-0.1056160480869743,0.0902033969366561,-0.1535798150294943,0.0134926798731898,0.301680536705225
0.9364371357773124,-0.1055491942267639,0.0915369416871785,-0.1531611519705265,0.0166509551166769,0.29973017530667
0.9357508863473928,-0.1054673871882056,0.0928773915647626,-0.1527230832209775,0.0198069039227073,0.297757870098616
0.9350585920374764,-0.1053702952802725,0.0942246167787262,-0.1522652746126331,0.0229604539003159,0.2957633942470373
0.934360301425868,-0.1052575818878662,0.0955784802812255,-0.151787387674264,0.0261115220235783,0.2937465129792332
0.9336560685163846,-0.1051289055584479,0.0969388371229734,-0.1512890798583831,0.0292600131881161,0.2917069841783476
0.9329459528954808,-0.1049839200707945,0.0983055342955742,-0.1507700046198548,0.0324058199141071,0.2896445582649042
0.9322300196880816,-0.1048222744597811,0.0996784109602852,-0.1502298113410834,0.0355488229221653,0.2875589774858978
0.9315083405319292,-0.1046436132815226,0.1010572967268052,-0.1496681460338068,0.0386888872430657,0.2854499781687868
0.9307809933366068,-0.1044475766484356,0.1024420122760612,-0.1490846511689066,0.0418258637257604,0.2833172894487434
0.9300480620663438,-0.1042338002232401,0.1038323699216112,-0.1484789654701753,0.0449595903395883,0.2811606320411292
0.9293096377444856,-0.1040019155635725,0.1052281718508411,-0.1478507247079521,0.0480898882270001,0.2789797206013238
0.9285658188999052,-0.1037515503900716,0.1066292094493581,-0.1471995621221954,0.0512165602639963,0.2767742644812661
0.9278167113372966,-0.1034823286485167,0.1080352639027065,-0.1465251082737791,0.0543393924692175,0.2745439664929818
0.9270624284345198,-0.1031938707320568,0.1094461057974333,-0.1458269913347219,0.0574581531431081,0.2722885232269191
0.9263030917035768,-0.1028857938380939,0.1108614942357302,-0.1451048376557874,0.0605725909409112,0.2700076261785354
0.9255388313052574,-0.1025577123676908,0.1122811760497479,-0.1443582723535342,0.0636824331927036,0.2677009627752047
0.9247697863140262,-0.1022092382677131,0.113704885488686,-0.1435869197045892,0.0667873852721749,0.2653682166870353
0.9239961043992934,-0.1018399811124998,0.1151323449819774,-0.1427904029554386,0.0698871322879829,0.2630090663794586
0.9232179434307408,-0.101449549114909,0.1165632623495511,-0.1419683461217638,0.0729813330406261,0.260623189551054
0.9224354711711336,-0.1010375493323116,0.117997331561233,-0.1411203739339088,0.0760696217313269,0.2582102618275308
0.9216488659339576,-0.100603588363768,0.1194342317151272,-0.1402461128064349,0.079151605788579,0.2557699584403636
0.920858317082596,-0.1001472730470361,0.1208736263173664,-0.1393451917248444,0.0822268643613541,0.2533019555010929
0.9200640254893562,-0.0996682112049175,0.1223151626413771,-0.1384172431640779,0.0852949469871932,0.250805931234528
0.9192662035711816,-0.0991660121921061,0.12375847185634,-0.1374619035720016,0.0883553738887003,0.2482815659595161
0.9184650772135532,-0.0986402887158538,0.1252031657454376,-0.1364788162065943,0.0914076290420541,0.2457285481534795
0.917660884912039,-0.0980906570386962,0.1266488384711444,-0.1354676307883969,0.0944511639692855,0.2431465718736176
0.9168538791467836,-0.0975167386771026,0.1280950643025628,-0.1344280059269272,0.0974853929605394,0.2405353413790244
0.9160443272151272,-0.0969181619438677,0.129541396341516,-0.1333596111044772,0.1005096904463913,0.2378945742687051
0.915232510825864,-0.096294562697648,0.1309873674634454,-0.1322621271642252,0.1035233929955164,0.2352240007703921
0.9144187280528986,-0.0956455869801008,0.1324324870463502,-0.1311352500748256,0.1065257925020482,0.2325233709488159
0.9136032935530464,-0.0949708925900979,0.1338762408149668,-0.1299786926553158,0.109516135907618,0.2297924565671368
0.9127865387432064,-0.0942701507330647,0.1353180907460739,-0.1287921863705591,0.1124936250160514,0.2270310530379551
0.911968813258512,-0.0935430489448466,0.1367574727101353,-0.1275754851926672,0.1154574116199765,0.224238986014596
0.9111504847957606,-0.0927892928786859,0.1381937969690809,-0.1263283674065655,0.1184065985294872,0.2214161129306614
0.910331940571064,-0.0920086097503479,0.1396264458287241,-0.1250506400815842,0.1213402347266571,0.218562330457778
0.9095135871605088,-0.0912007505922138,0.1410547741325515,-0.1237421414316417,0.1242573163553059,0.215677576899271
0.9086958516895804,-0.0903654940481416,0.1424781073855219,-0.1224027455879402,0.1271567828350091,0.2127618397807553
0.9078791812283684,-0.0895026486873293,0.1438957430007005,-0.121032364854454,0.1300375193343787,0.2098151576772411
0.9070640433639154,-0.0886120567280028,0.1453069494717175,-0.1196309541532318,0.1328983549722492,0.2068376267283624
0.9062509262926725,-0.0876935975948464,0.1467109663666714,-0.1181985150826004,0.1357380626708852,0.2038294060993694
0.9054403383665222,-0.086747191147798,0.1481070052420869,-0.11673509937634,0.1385553608345314,0.2007907220637895
0.9046328079795738,-0.0857728015602673,0.1494942499380034,-0.1152408133040849,0.1413489137331695,0.1977218739856291
0.9038288817949036,-0.0847704394422865,0.150871859689516,-0.1137158193265043,0.1441173375118048,0.1946232346321404
0.9030291242640512,-0.0837401656340223,0.1522389699652868,-0.1121603403148661,0.1468592015543609,0.1914952558729539
0.9022341156748904,-0.0826820933312683,0.1535946957815687,-0.1105746612200509,0.1495730347714753,0.1883384692655967
0.9014444502573832,-0.0815963902669252,0.1549381348526303,-0.1089591308837056,0.1522573314863072,0.1851534871793548
0.9006607333061073,-0.080483279473358,0.1562683723479387,-0.10731416181264,0.1549105604628927,0.1819410001905574
0.8998835792188076,-0.0793430411414454,0.157584484020814,-0.1056402316918194,0.1575311706144973,0.1787017782610919
0.8991136076637477,-0.0781760115783195,0.1588855424423998,-0.1039378807395612,0.1601176028466117,0.175436664196189
0.8983514405870767,-0.0769825829193221,0.1601706217309591,-0.1022077103652278,0.1626682988353014,0.1721465701773313
0.8975976979059131,-0.0757632003004673,0.1614388044254901,-0.1004503783287862,0.1651817140157521,0.1688324681445862
0.8968529944862972,-0.074518360365214,0.1626891861182882,-0.0986665960663385,0.1676563260788371,0.1654953848995832
0.8961179354562403,-0.0732486063345278,0.1639208828227169,-0.0968571212983868,0.17009064886231,0.1621363888983991
0.8953931132113458,-0.0719545249849483,0.1651330354347203,-0.0950227536376331,0.1724832404698918,0.1587565832959736
0.8946791034813922,-0.070636741169601,0.1663248157228742,-0.0931643269232885,0.1748327144194547,0.1553570934303738
0.8939764622065483,-0.0692959127618301,0.1674954309217774,-0.0912827024084566,0.1771377480459799,0.15193905644184
0.8932857225655078,-0.0679327249150244,0.1686441280457577,-0.0893787612056336,0.1793970903852139,0.1485036099954209
0.8926073926377806,-0.0665478845676219,0.1697701971317069,-0.0874533972809671,0.1816095679929834,0.1450518823989234
0.8919419536508236,-0.0651421152441805,0.1708729735102488,-0.0855075110285329,0.1837740889123983,0.1415849840554564
0.8912898581637949,-0.0637161508663266,0.1719518401916495,-0.0835420016190124,0.1858896469307707,0.1381039969583252
0.8906515296299896,-0.062270731718881,0.1730062279876649,-0.0815577624493664,0.1879553214639919,0.1346099698611647
0.890027361713451,-0.0608065993175987,0.1740356160733107,-0.0795556751504076,0.1899702783824645,0.1311039109274374
0.889417718383084,-0.0593244924640753,0.1750395313001725,-0.0775366052877021,0.1919337684657824,0.1275867833765901
0.8888229345165464,-0.0578251441587038,0.1760175467141021,-0.075501399254904,0.1938451243775757,0.1240595031272756
0.8882433166032105,-0.0563092785276992,0.1769692799579303,-0.0734508811837366,0.1957037574889279,0.1205229363325011
0.8876791437704317,-0.0547776083940755,0.1778943911909359,-0.0713858507138805,0.197509153824077,0.1169778982483618
0.8871306689502508,-0.053230833146956,0.1787925808266272,-0.0693070811362842,0.1992608697120604,0.1134251525610059
0.8865981206067741,-0.0516696382404791,0.1796635864009189,-0.0672153196815322,0.2009585257968397,0.1098654141682839
0.8860817039144425,-0.0500946933200231,0.1805071803869835,-0.0651112859045982,0.202601802941515,0.1062993484751895
0.8855816024615132,-0.0485066520170322,0.1813231671936554,-0.0629956722530274,0.2041904365795711,0.102727574199145
0.885097979811866,-0.0469061516411833,0.182111380437291,-0.0608691444280159,0.2057242116325138,0.0991506655869198
0.8846309813176717,-0.045293814080636,0.1828716798429164,-0.0587323432816619,0.207202956732721,0.0955691569907891
0.8841807349825873,-0.0436702438273611,0.1836039497253988,-0.0565858828371443,0.2086265415394624,0.0919835407360332
0.8837473535800406,-0.0420360306434507,0.1843080954564269,-0.0544303544025876,0.2099948701506541,0.0883942750244923
0.8833309355213863,-0.0403917482891707,0.1849840419931306,-0.0522663254059331,0.2113078785333093,0.0848017828141425
0.8829315664299614,-0.0387379561671766,0.185631731281221,-0.0500943420305668,0.2125655297701829,0.0812064568911633
0.8825493203039338,-0.03707519993455,0.1862511203469496,-0.0479149304293603,0.2137678106465242,0.0776086624119316
0.8821842604387662,-0.0354040114415871,0.1868421797949968,-0.0457285970117947,0.214914729022078,0.0740087377929997
0.8818364406700833,-0.0337249104787459,0.187404891801312,-0.0435358310570962,0.2160063102177429,0.0704069993251885
0.8815059059894645,-0.0320384040677166,0.1879392491330881,-0.0413371040739954,0.2170425953882748,0.0668037403272083
0.881192693723476,-0.030344988825627,0.1884452532668196,-0.0391328731397861,0.2180236381362947,0.0631992367502971
0.8808968339749063,-0.0286451500588441,0.1889229137072784,-0.0369235799392432,0.2189495034453492,0.0595937456480289
0.8806183505311111,-0.0269393636017953,0.1893722465572283,-0.0347096533534188,0.2198202651484993,0.0559875093956147
0.88035726154136,-0.0252280970421578,0.1897932734655569,-0.0324915112150274,0.2206360041189508,0.0523807584676688
0.8801135797515672,-0.0235118084056691,0.1901860212922168,-0.0302695587496316,0.2213968078366399,0.0487737087794323
0.8798873131806926,-0.0217909477961915,0.19055052106253,-0.0280441908342943,0.2221027685644609,0.0451665652071418
0.8796784656272584,-0.020065958569956,0.1908868071972272,-0.0258157936273319,0.222753982045782,0.0415595240326724
0.879487037019263,-0.0183372778089282,0.1911949169952474,-0.0235847452742583,0.22335054667808,0.0379527738553532
0.8793130235409483,-0.0166053348362825,0.1914748904750954,-0.0213514140780201,0.2238925633671038,0.034346492388477
0.87915641828483,-0.0148705549022669,0.1917267693700325,-0.0191161633293244,0.2243801337293104,0.0307408539984085
0.8790172113197132,-0.0131333581514885,0.19195059706202,-0.0168793500345573,0.2248133600986471,0.0271360273552806
0.8788953898404906,-0.0113941589210943,0.1921464183819246,-0.0146413240699392,0.2251923452609485,0.0235321737751689
0.8787909385600401,-0.009653368716071,0.1923142790185555,-0.0124024320608867,0.2255171914182973,0.0199294531613202
0.8787038397419726,-0.0079113952113431,0.192454225502873,-0.010163016138649,0.2257880002538401,0.0163280216793305
0.8786340733194992,-0.0061686420073728,0.1925663050511166,-0.0079234136656821,0.2260048727108632,0.0127280309946782
0.878581617068449,-0.0044255099652967,0.1926505653183284,-0.0056839589869911,0.2261679085861154,0.0091296307627448
0.8785464467094353,-0.0026823990873291,0.1927070542630059,-0.0034449858761651,0.2262772063260201,0.0055329722267535
0.8785285358713572,-0.0009397051475727,0.1927358202316198,-0.0012068232363759,0.2263328632362934,0.0019382009800692
0.8785260306312903,-1.5350849931483612e-13,0.1927398437258442,-6.33743058031655e-13,0.2263406479123163,4.411868006343189e-13
