3.15171486300449
0.8239576744722108,6.083377525629946e-28,0.0529256122510785,2.1120404414988817e-15,0.1629186710870933,2.276376991817537e-15
0.8239587014524495,0.0006355027263979,0.052923978073644,0.000526546379448,0.1629128261956613,-0.0008378674505136
0.8239679257985723,0.0020076886479413,0.0529092993482364,0.001663396472767,0.162860326145263,-0.0026470527774397
0.8239867299724165,0.00337955292306,0.0528793732726513,0.0027997437791357,0.1627532962474498,-0.0044559723801859
0.8240151143966377,0.0047507205324142,0.0528341931278145,0.0039351159971067,0.1625917205698454,-0.0062642402579196
0.8240530732536856,0.0061206866200899,0.0527737590377236,0.0050689333989481,0.1623756117641366,-0.0080712993675579
0.8241005947779906,0.0074889430787932,0.0526980775052487,0.0062006139345296,0.1621050093733082,-0.0098765884654267
0.8241576611595561,0.0088549791873722,0.0526071615710354,0.0073295739869659,0.1617799803505842,-0.0116795428901603
0.824224248366809,0.0102182803583269,0.0525010311061334,0.0084552275721507,0.1614006200392451,-0.0134795928451919
0.824300326060946,0.0115783294743946,0.0523797129643653,0.0095769876857802,0.1609670526334571,-0.0152761650906797
0.8243858573669048,0.0129346053684377,0.0522432413691534,0.0106942652990455,0.1604794324593431,-0.0170686808554463
0.8244807988597216,0.0142865852484074,0.0520916579631631,0.0118064716153998,0.1599379440330949,-0.0188565589516073
0.8245851003072786,0.0156337429676534,0.0519250122532223,0.0129130169089458,0.1593428035135657,-0.0206392133910516
0.8246987046177755,0.0169755505959436,0.0517433617357056,0.0140133120888428,0.15869425899508,-0.022416055354606
0.8248215476668355,0.018311478150412,0.0515467722215658,0.0151067687551009,0.1579925914955114,-0.024186492718791
0.824953558301812,0.0196409952909793,0.0513353178856984,0.0161928008688203,0.1572381149426581,-0.0259499321753665
0.8250946581619939,0.0209635707950566,0.0511090816187777,0.0172708246058379,0.156431177223246,-0.0277057784004019
0.8252447615163911,0.0222786725003447,0.0508681553600973,0.0183402586044479,0.1555721611463784,-0.0294534338288519
0.8254037756087065,0.0235857714354821,0.050612639624624,0.0194005276161198,0.1546614825182516,-0.031192303988342
0.8255716002816379,0.0248843392416723,0.0503426441944311,0.0204510606916992,0.1536995923544486,-0.0329217939150677
0.8257481281967126,0.0261738507673678,0.0500582878629169,0.021491293574664,0.1526869757007738,-0.0346413114353137
0.825933244954439,0.0274537852945229,0.0497596983458975,0.0225206699662664,0.1516241510381465,-0.0363502686301171
0.8261268292400917,0.0287236276585357,0.0494470121583638,0.0235386426915552,0.1505116695553136,-0.0380480831582936
0.8263287528479333,0.0299828683947116,0.0491203746947442,0.0245446740741522,0.1493501151366049,-0.0397341782760957
0.8265388808929649,0.0312310050151402,0.0487799400136133,0.0255382372091472,0.1481401032900995,-0.0414079843643629
0.826757072266685,0.0324675443750074,0.048425870231851,0.0265188180776719,0.1468822786837702,-0.0430689419252336
0.8269831797609886,0.0336920027347453,0.0480583354601313,0.0274859158004701,0.1455773146041302,-0.0447165014985706
0.827217050376249,0.0349039067958523,0.0476775134446478,0.0284390436511067,0.1442259113691602,-0.0463501248858834
0.8274585257715111,0.0361027952258292,0.0472835889798708,0.0293777304264629,0.1428287939306357,-0.0479692870442765
0.8277074422279282,0.0372882175895929,0.0468767541175679,0.0303015197624543,0.1413867123036893,-0.0495734744864551
0.8279636316438511,0.0384597381894786,0.0464572066933518,0.0312099732641942,0.1399004360351097,-0.0511621903227112
0.8282269215815282,0.0396169349732518,0.0460251503991912,0.032102669743098,0.1383707541630688,-0.0527349526572907
0.8284971355645141,0.0407593997331916,0.045580794449095,0.032979205456149,0.1367984737395924,-0.0542912947274493
0.8287740936691658,0.0418867394483636,0.0451243527601905,0.0338391951987646,0.1351844166479389,-0.0558307666104116
0.8290576126660049,0.0429985756104592,0.0446560438716571,0.0346822718248901,0.1335294190423125,-0.057352934196348
0.8293475070848328,0.0440945471162578,0.0441760893352681,0.0355080884507283,0.1318343253983412,-0.0588573830543816
0.8296435885103179,0.0451743062080043,0.0436847150265761,0.0363163153714366,0.130099992897208,-0.0603437127875022
0.8299456667595795,0.0462375217280749,0.0431821493431508,0.0371066425019388,0.1283272848231113,-0.0618115414136669
0.8302535497156467,0.0472838772179573,0.0426686236233626,0.0378787779100173,0.1265170718184242,-0.0632605026833562
0.8305670443580502,0.0483130732284546,0.0421443705691048,0.0386324494655451,0.1246702261127803,-0.0646902492189854
0.8308859560183015,0.0493248236080683,0.0416096256255864,0.0393674020351217,0.1227876261903092,-0.0661004473214162
0.831210089620122,0.0503188584621762,0.0410646250432278,0.040083399574969,0.1208701497785839,-0.0674907810311118
0.831539249433482,0.0512949221793683,0.0405096064179259,0.0407802235908695,0.118918675585443,-0.0688609493515287
0.8318732391084903,0.0522527725793523,0.0399448087672113,0.041457672443208,0.1169340834088723,-0.0702106650107949
0.8322118624444707,0.053192182196909,0.0393704713597947,0.0421155621583099,0.1149172498805595,-0.0715396562363133
0.8325549230645524,0.0541129363960699,0.0387868343892616,0.0427537249819796,0.112869050705832,-0.0728476640756094
0.8329022248745912,0.0550148338009159,0.0381941383197211,0.0433720095761436,0.1107903582495131,-0.0741344429782665
0.833253571960705,0.055897685222495,0.0375926241819035,0.0439702801656682,0.1086820424718704,-0.0753997592482767
0.8336087690572198,0.0567613141140846,0.0369825328936263,0.0445484167360651,0.1065449684554676,-0.0766433916755464
0.8339676210832513,0.0576055547492786,0.0363641061744163,0.0451063136965163,0.1043799995310206,-0.0778651288981106
0.834329933973037,0.0584302536058651,0.0357375852375182,0.0456438806976811,0.1021879926290624,-0.0790647713752071
0.8346955144203576,0.0592352681061503,0.0351032113422671,0.0461610416728469,0.099969800162209,-0.0802421295614184
0.8350641698363648,0.0600204660025971,0.0344612259852155,0.0466577343381326,0.0977262706496324,-0.0813970229897458
0.8354357084368899,0.0607857251145879,0.0338118708683857,0.0471339099323743,0.0954582485722352,-0.0825292798586595
0.8358099396411359,0.0615309337017524,0.0331553873193432,0.0475895333468869,0.0931665723263351,-0.0836387375687405
0.8361866738464295,0.0622559895572067,0.032492016798492,0.0480245824556574,0.0908520759872167,-0.084725241370691
0.8365657225856287,0.0629607999483258,0.0318220007396856,0.0484390479872654,0.0885155887537482,-0.0857886442580447
0.836946898523663,0.0636452812643548,0.0311455806726957,0.0488329332224194,0.0861579353878724,-0.0868288064222446
0.8373300159468804,0.0643093595530698,0.0304629974682909,0.0492062542005101,0.0837799336078236,-0.0878455960641761
0.837714890230598,0.0649529692461947,0.0297744923958558,0.0495590388885346,0.0813823978096535,-0.0888388874525965
0.8381013383197035,0.065576053726844,0.0290803063827735,0.0498913274145068,0.0789661365316012,-0.0898085617813141
0.8384891787115444,0.0661785650061907,0.0283806801542803,0.0502031717854055,0.0765319529986684,-0.0907545066787277
0.8388782316033866,0.0667604636882288,0.0276758540771311,0.0504946357641207,0.0740806446464211,-0.0916766161647374
0.8392683188576531,0.0673217186649184,0.0269660683304448,0.0507657946085713,0.0716130037935652,-0.0925747901865898
0.8396592642978242,0.0678623073075573,0.0262515624742864,0.0510167350559449,0.0691298162306066,-0.0934489349479284
0.840050893763165,0.0683822152808146,0.0255325754491433,0.0512475551061975,0.066631861318265,-0.094298962654192
0.8404430349787413,0.068881436143475,0.0248093459153214,0.0514583637226603,0.0641199132758084,-0.0951247909028736
0.8408355181494552,0.0693599718871553,0.0240821112556304,0.051649280932864,0.0615947378360105,-0.0959263436257754
0.8412281756371369,0.0698178322710054,0.0233511082592467,0.0518204373970045,0.0590570947500051,-0.096703550064954
0.8416208424003144,0.0702550351198836,0.0226165723930687,0.0519719743747184,0.0565077353954136,-0.0974563453543303
0.8420133558746123,0.0706716059344997,0.0218787381038502,0.0521040434093733,0.0539474039725194,-0.098184669960179
0.8424055563296381,0.071067578036719,0.0211378382246002,0.0522168061959729,0.0513768355995826,-0.0988884700490503
0.8427972867149375,0.0714429921555929,0.0203941043331868,0.052310434256292,0.0487967577204629,-0.09956769689599
0.8431883931796704,0.0717978966815365,0.0196477658302955,0.0523851087916844,0.0462078870762341,-0.1002223074959604
0.8435787247017884,0.0721323470470153,0.0188990506985503,0.0524410202994436,0.0436109325157697,-0.1008522636158736
0.8439681335971096,0.0724464059313876,0.0181481845813191,0.0524783683769526,0.0410065919832768,-0.1014575323580037
0.8443564755456193,0.0727401429816028,0.0173953907674622,0.0524973613859,0.0383955526539307,-0.1020380858690023
0.8447436096432702,0.0730136345640635,0.0166408901222741,0.052498216124834,0.0357784908872124,-0.1025939011089437
0.8451293984095232,0.0732669634929002,0.0158849010995993,0.0524811575048314,0.0331560724657243,-0.1031249595735729
0.8455137080923933,0.0735002189473401,0.0151276391629003,0.0524464182023621,0.0305289507869973,-0.1036312474260255
0.8458964087160781,0.0737134961776684,0.0143693166946032,0.0523942382806787,0.0278977667509627,-0.1041127552307729
0.846277373868036,0.0739068960861525,0.0136101434190373,0.0523248648623613,0.0252631504314614,-0.1045694773903041
0.8466564812000175,0.0740805251937447,0.0128503254009427,0.0522385516904803,0.0226257178062048,-0.1050014124718241
0.8470336121244809,0.0742344951602405,0.0120900656317235,0.0521355587986719,0.019986072996292,-0.1054085625295476
0.8474086519322491,0.0743689225449686,0.011329563775466,0.0520161521268169,0.0173448075904423,-0.1057909329692429
0.8477814901284386,0.0744839286018798,0.010569015455177,0.0518806030253749,0.0147024983700337,-0.1061485325874043
0.848152020099395,0.0745796388233283,0.0098086128859371,0.0517291879610192,0.0120597097099399,-0.1064813729185596
0.8485201391273794,0.0746561826513487,0.0090485448066735,0.0515621881492071,0.0094169935435443,-0.1067894679926765
0.8488857488386137,0.0747136932439416,0.0082889955021499,0.0513798889578861,0.0067748861602586,-0.1070728344159045
0.8492487545268018,0.0747523070138069,0.00753014614213,0.0511825798266899,0.0041339130571145,-0.1073314905204232
0.8496090656554027,0.0747721634070122,0.0067721736794511,0.0509705536468706,0.0014945852991061,-0.1075654564966562
0.8499665955788225,0.0747734045412767,0.006015251360712,0.0507441065154319,-0.0011425985157249,-0.1077747539004235
0.8503212616699608,0.074756174894887,0.0052595483838897,0.0505035372758075,-0.0037771532638039,-0.1079594054597503
0.850673286753437,0.074720582514271,0.0045045812271379,0.0502489222993511,-0.0064108707931107,-0.1081195619062171
0.8510226078015362,0.074666725265503,0.0037504727925881,0.0499805147794437,-0.0090434306793325,-0.1082551907451827
0.8513691423693586,0.0745947042772747,0.0029973916394466,0.0496985867502137,-0.0116743527210424,-0.1083662478499443
0.8517128108964849,0.074504623300056,0.0022455046101899,0.0494034142510623,-0.0143031618402103,-0.1084526897218034
0.8520535369230401,0.0743965884934568,0.0014949763419004,0.0490952769146894,-0.0169293895885415,-0.1085144734514439
0.8523912468057419,0.0742707083409801,0.000745969866886,0.04877445797867,-0.0195525718458657,-0.1085515565538586
0.852725869880198,0.0741270934534788,-1.3537650589e-06,0.0484412439156133,-0.022172249938789,-0.1085638969266449
0.8530573385274307,0.0739658563641521,-0.0007468356674997,0.0480959241154306,-0.0247879710756749,-0.1085514527447056
0.8533855919399961,0.0737871091720765,-0.0014903277188384,0.0477387864318698,-0.02739931837717,-0.1085141817585128
0.8537105720582586,0.0735909647941761,-0.0022316836129969,0.0473701207349974,-0.0300058793608477,-0.108452040617431
0.8540322196519877,0.0733775395267714,-0.0029707498602824,0.0469902234075527,-0.0326072140631029,-0.1083649859958064
0.8543504782561998,0.0731469511107403,-0.0037073746406094,0.0465993931082593,-0.0352028858867891,-0.1082529745536462
0.8546652940151475,0.0728993187190346,-0.0044414074756105,0.0461979307390777,-0.0377924602437505,-0.1081159629672007
0.8549766153293585,0.0726347631695543,-0.0051726984250399,0.0457861397130166,-0.0403755015088523,-0.1079539081444046
0.8552843936383238,0.0723534061938653,-0.0059010999479471,0.045364324730485,-0.0429515793834513,-0.1077667668828183
0.8555885823841881,0.0720553712365961,-0.006626464498073,0.0449327929452099,-0.0455202601943749,-0.1075544964595673
0.8558891373504068,0.0717407831721578,-0.0073486453284747,0.0444918533690009,-0.0480811095147311,-0.107317054628541
0.8561860166479871,0.0714097682887927,-0.0080674964802354,0.0440418167117065,-0.0506336919082022,-0.1070543997646882
0.8564791805544896,0.0710624544529261,-0.0087828724134264,0.0435829954488604,-0.0531775694007694,-0.1067664911682279
0.856768591293743,0.0706989714138905,-0.0094946274778029,0.0431157040235912,-0.0557122993706605,-0.1064532895332016
0.8570542130896516,0.070319450828691,-0.0102026160440198,0.0426402586410423,-0.0582374347792411,-0.1061147572196076
0.8573360121087982,0.0699240264246595,-0.0109066923659164,0.0421569772301945,-0.0607525234447216,-0.1057508586544682
0.8576139560477021,0.0695128347284571,-0.0116067095414251,0.0416661800492535,-0.0632571040839979,-0.1053615613001011
0.8578880144056207,0.0690860148971495,-0.0123025201744958,0.0411681891445022,-0.0657507084192536,-0.1049468358427084
0.8581581582444958,0.068643709290627,-0.012993975755674,0.0406633286877152,-0.0682328587038914,-0.104506657090005
0.8584243599954171,0.0681860640872466,-0.0136809261370284,0.0401519252881847,-0.0707030655657091,-0.1040410049826171
0.8586865934708957,0.0677132296316538,-0.0143632195233953,0.0396343079456759,-0.0731608276915485,-0.1035498653901548
0.8589448338043348,0.067225360937471,-0.0150407022764544,0.0391108081414094,-0.0756056308350843,-0.1030332310991943
0.8591990573842232,0.0667226182547458,-0.0157132187002886,0.0385817599520886,-0.0780369467499998,-0.1024911029149601
0.8594492415720113,0.066205168156344,-0.0163806102423378,0.0380475006461635,-0.0804542299955589,-0.1019234913842462
0.8596953648937091,0.0656731837672201,-0.0170427159396487,0.0375083703162819,-0.0828569192332316,-0.1013304176540901
0.8599374069029926,0.0651268456822884,-0.0176993719997712,0.0369647121906507,-0.0852444353931867,-0.1007119151181196
0.8601753482031431,0.064566342622256,-0.0183504118036739,0.036416872615402,-0.0876161813638705,-0.1000680308326792
0.8604091702962295,0.0639918725560367,-0.018995665437754,0.0358652014384528,-0.0899715399636052,-0.0993988275227282
0.860638855601941,0.0634036435244797,-0.0196349596840785,0.035310052027658,-0.0923098735728303,-0.0987043853167565
0.8608643877806319,0.0628018736832547,-0.020268118876894,0.0347517805194357,-0.0946305269485172,-0.097984802593255
0.8610857513991924,0.0621867930551447,-0.0208949639443457,0.0341907466371924,-0.0969328234114171,-0.0972401988889788
0.8613029323080087,0.0615586434673281,-0.0215153134496733,0.0336273127613925,-0.0992160683642183,-0.0964707157005881
0.8615159175597307,0.0609176796987164,-0.0221289833718607,0.0330618440942542,-0.1014795482133605,-0.0956765187623257
0.8617246957413095,0.0602641694250177,-0.0227357880917704,0.0324947077180735,-0.1037225337531123,-0.0948577988798417
0.8619292570155513,0.0595983939411523,-0.0233355405860287,0.0319262723461574,-0.1059442806728639,-0.0940147737228675
0.862129593370896,0.0589206481825544,-0.0239280532605321,0.0313569074578796,-0.1081440324676299,-0.0931476887485284
0.8623256987870135,0.0582312408957895,-0.0245131385866548,0.0307869825835963,-0.1103210226732293,-0.0922568182939511
0.8625175696220463,0.0575304938814826,-0.02509061045147,0.0302168658557987,-0.1124744798197363,-0.091342465439592
0.8627052047135733,0.0568187420355736,-0.0256602847160075,0.0296469232809325,-0.1146036295126445,-0.0904049628467577
0.8628886058257959,0.056096331908381,-0.0262219808762371,0.029077516875192,-0.1167077007032148,-0.0894446715943072
0.8630677777387693,0.055363621331266,-0.0267755227079693,0.0285090037549249,-0.1187859282513674,-0.0884619813254309
0.8632427285709747,0.0546209778976687,-0.0273207396808016,0.0279417344091432,-0.1208375584475393,-0.0874573087888638
0.8634134701167856,0.0538687769941544,-0.0278574684963228,0.0273760507673485,-0.1228618551059001,-0.0864310956358779
0.8635800178625284,0.0531074008830672,-0.028385553683356,0.0268122851971686,-0.1248581021983498,-0.0853838075158334
0.8637423913144201,0.052337236116209,-0.0289048492229781,0.0262507583741789,-0.1268256104551669,-0.0843159307692644
0.8639006140225671,0.0515586719526315,-0.0294152192676873,0.0256917780560899,-0.1287637206348789,-0.0832279703434597
0.8640547136926902,0.0507720980799277,-0.0299165391749918,0.0251356374834266,-0.1306718080568972,-0.0821204466087905
0.8642047221168034,0.049977902942421,-0.030408695985287,0.0245826143552774,-0.1325492850906827,-0.0809938928842157
0.8643506751742739,0.0491764714814167,-0.030891589142441,0.0240329695157729,-0.1343956046212794,-0.0798488520081947
0.8644926128777859,0.0483681823130472,-0.0313651313831033,0.0234869454061037,-0.1362102642189684,-0.0786858719546965
0.8646305788455739,0.0475534079635767,-0.0318292477112359,0.0229447667052912,-0.1379928030085485,-0.077505505723902
0.8647646204043232,0.0467325115000407,-0.0322838764455586,0.0224066386058483,-0.1397428064862682,-0.0763083059741163
0.8648947881944803,0.0459058458833081,-0.0327289685858207,0.0218727470257727,-0.1414599049065772,-0.0750948234716275
0.8650211359541331,0.0450737522838977,-0.0331644877388619,0.0213432581907469,-0.143143773808233,-0.0738656039748131
0.8651437200111924,0.0442365603489928,-0.0335904089959395,0.0208183195124689,-0.1447941304702558,-0.0726211879434994
0.8652625991725363,0.0433945859762597,-0.0340067191239864,0.020298058908031,-0.1464107354174812,-0.071362106534668
0.8653778343663002,0.04254813072343,-0.0344134158638613,0.0197825852127778,-0.147993390452566,-0.0700888799595976
0.8654894880450137,0.0416974832521938,-0.0348105063138278,0.019271989816954,-0.1495419330747275,-0.0688020189127485
0.8655976241058603,0.040842917235215,-0.0351980070720078,0.0187663461308606,-0.1510562376908902,-0.0675020206950989
0.8657023074219342,0.039984692296654,-0.0355759429508619,0.0182657108947866,-0.1525362112254585,-0.0661893699004599
0.8658036035067352,0.0391230542899046,-0.035944346095939,0.0177701250428275,-0.1539817902435845,-0.064864538144519
0.8659015781976072,0.0382582357125194,-0.0363032551133349,0.017279614611352,-0.1553929380536232,-0.0635279840366891
0.8659962974452787,0.0373904554499101,-0.0366527145319502,0.016794191236408,-0.1567696430751052,-0.0621801521428751
0.8660878271178689,0.0365199185235021,-0.0369927742782281,0.0163138526469134,-0.1581119172168315,-0.0608214719602494
0.8661762325695122,0.0356468183458281,-0.0373234882280316,0.0158385845050053,-0.159419790563048,-0.0594523608391175
0.8662615784679346,0.0347713369821099,-0.037644913662309,0.015368361065348,-0.1606933095643778,-0.0580732238726827
0.8663439287703566,0.0338936439988883,-0.0379571112526758,0.0149031450644513,-0.1619325372964852,-0.0566844515710905
0.8664233463264219,0.0330138993769426,-0.0382601436073059,0.0144428897544762,-0.1631375479742008,-0.0552864239752942
0.8664998929146529,0.032132252167504,-0.0385540754205704,0.0139875386183657,-0.1643084277846804,-0.0538795080969052
0.866573629061178,0.0312488415618979,-0.0388389727769168,0.0135370263482949,-0.1654452723367253,-0.0524640591921073
0.8666446138267008,0.030363798724779,-0.0391149022980816,0.0130912801504432,-0.1665481834427108,-0.0510404233213669
0.8667129048319385,0.0294772459964737,-0.0393819311897128,0.012650219668609,-0.1676172694594085,-0.0496089357327764
0.866778558124201,0.0285892981237291,-0.0396401266595804,0.0122137579177287,-0.1686526430985743,-0.0481699225196299
0.8668416281904602,0.0277000617444071,-0.0398895558938476,0.0117818013199964,-0.1696544214487537,-0.0467236994871666
0.8669021677852676,0.0268096375426423,-0.0401302852924789,0.0113542510234929,-0.1706227230049714,-0.0452705753770273
0.866960228013722,0.0259181190043425,-0.04036238070115,0.010931002535466,-0.1715576686797661,-0.0438108495964101
0.8670158581902391,0.0250255945026899,-0.0405859067475293,0.0105119469427361,-0.1724593791995174,-0.0423448153934208
0.8670691059545332,0.0241321455579005,-0.0408009271990746,0.0100969702922882,-0.1733279766006533,-0.0408727567918774
0.8671200171190111,0.0232378494040746,-0.0410075042403811,0.0096859549859295,-0.1741635813582112,-0.0393949526090647
0.8671686356744985,0.0223427793211766,-0.0412056983784278,0.0092787800821613,-0.1749663120303013,-0.0379116768460641
0.8672150038958351,0.0214470030458201,-0.0413955687580666,0.008875320724206,-0.1757362865599077,-0.0364231958943584
0.8672591622669314,0.020550584400409,-0.041577172744717,0.0084754490337289,-0.1764736206046667,-0.0349297710742568
0.8673011494893005,0.0196535835883983,-0.041750565844659,0.008079034369792,-0.1771784272234546,-0.0334316589909595
0.8673410024927604,0.0187560574844797,-0.0419158016360785,0.0076859435743696,-0.1778508166012368,-0.0319291118934852
0.8673787564846569,0.0178580590237897,-0.0420729318630372,0.007296040817902,-0.1784908964332003,-0.0304223765307803
0.8674144449156934,0.0169596384701997,-0.0422220061865715,0.0069091882599478,-0.179098770909736,-0.0289116961616313
0.867448099490083,0.016060843881702,-0.0423630721206911,0.0065252463372082,-0.1796745404480721,-0.0273973112415812
0.8674797502303688,0.0151617200752238,-0.042496175201995,0.0061440734063846,-0.180218302375556,-0.0258794575858363
0.8675094254413822,0.0142623102378554,-0.0426213587410194,0.0057655265137462,-0.1807301499040933,-0.0243583689950525
0.8675371517652374,0.0133626551045529,-0.0427386639593813,0.0053894611191095,-0.181210172677405,-0.0228342757870557
0.8675629542020741,0.0124627928907284,-0.0428481299886515,0.0050157311444728,-0.1816584567535088,-0.0213074045984189
0.8675868560959856,0.0115627604609947,-0.0429497937256241,0.0046441895291852,-0.1820750839974436,-0.0197779802905327
0.8676088791387913,0.0106625942579945,-0.0430436897664535,0.0042746886674765,-0.1824601317943762,-0.0182462274667495
0.8676290434700812,0.009762327135369,-0.0431298507568758,0.0039070791653803,-0.1828136744693013,-0.0167123650193329
0.8676473676192454,0.008861991211989,-0.0432083070745826,0.0035412110760273,-0.1831357819687764,-0.015176610915717
0.8676638685175702,0.0079616185667518,-0.0432790868134152,0.0031769342266457,-0.1834265197780902,-0.0136391833322532
0.8676785615489727,0.0070612397809796,-0.04334221593879,0.0028140976735901,-0.1836859495423274,-0.0121002981138837
0.867691460565298,0.0061608836318968,-0.0433977182970952,0.0024525496322616,-0.1839141290888399,-0.0105601681902165
0.8677025778724916,0.0052605788259487,-0.0434456155044609,0.0020921382221824,-0.1841111119536498,-0.0090190064849711
0.8677119242595005,0.0043603531177156,-0.0434859270240635,0.0017327111559427,-0.1842769476829117,-0.0074770243596594
0.8677195089966666,0.0034602348027291,-0.0435186701171971,0.0013741163781911,-0.1844116816158579,-0.0059344341213178
0.8677253398690384,0.0025602506108326,-0.0435438599499804,0.0010162012672293,-0.1845153553085193,-0.0043914453651181
0.8677294231701852,0.0016604271216888,-0.0435615095346424,0.0006588132425059,-0.1845880062774146,-0.0028482673504278
0.8677317637124934,0.0007607907983005,-0.0435716297467536,0.0003017998181701,-0.1846296680561224,-0.0013051090119097
0.8677323648353263,-0.0001386327553243,-0.0435742293381371,-5.49916510838e-05,-0.1846403702346516,0.0002378223603584
0.8677312284092311,-0.001037816434752,-0.0435693149375462,-0.0004117129939754,-0.1846201384489985,0.0017803171195308
0.8677283542783376,-0.001936870228875,-0.0435568886275574,-0.000768570215644,-0.1845689843939475,0.0033224010064624
0.8677237401598806,-0.0028358404775088,-0.0435369475085754,-0.0011257439756175,-0.1844869040232784,0.0048639906779739
0.8677173823413936,-0.0037346992247547,-0.0435094867203469,-0.001483385344078,-0.1843738899881922,0.00640487546919
0.8677092756351498,-0.0046334203239714,-0.0434744992563039,-0.0018416459523232,-0.1842299308728982,0.0079448479946889
0.867699413385281,-0.0055319767281239,-0.0434319760104264,-0.002200676875824,-0.1840550113878807,0.0094836995483079
0.8676877874668958,-0.0064303404726768,-0.0433819057941666,-0.0025606285839029,-0.1838491124402539,0.0110212201234282
0.8676743882688882,-0.0073284835585394,-0.0433242752878438,-0.0029216512502071,-0.1836122109350205,0.0125571999735345
0.8676592046903762,-0.008226377360504,-0.043259069055639,-0.003283894474063,-0.1833442798384246,0.0140914286475561
0.8676422241431635,-0.0091239919705366,-0.0431862695910115,-0.0036475069704371,-0.1830452883664132,0.0156236939190596
0.8676234325147925,-0.0100212975936336,-0.0431058571978249,-0.0040126370893942,-0.1827152014985418,0.0171537842212868
0.8676028141979065,-0.0109182623741101,-0.0430178101604555,-0.0043794318879128,-0.182353980678897,0.0186814849905071
0.8675803520318307,-0.0118148545206867,-0.0429221045428361,-0.0047480379464906,-0.1819615829937649,0.0202065823442499
0.867556027332421,-0.0127110402779154,-0.042818714369652,-0.0051186004910512,-0.1815379619176993,0.0217288596812728
0.867529819858085,-0.0136067847615084,-0.0427076115393342,-0.0054912636805993,-0.1810830669588048,0.0232480991647726
0.8675017078228457,-0.0145020509452254,-0.042588765941577,-0.0058661701296312,-0.1805968441417076,0.0247640800668165
0.867471667833564,-0.015396801143796,-0.0424621452581715,-0.0062434614684392,-0.1800792351938012,0.0262765813468491
0.8674396749311277,-0.0162909950818911,-0.042327715208149,-0.0066232774734483,-0.179530178548988,0.0277853784496678
0.8674057025742571,-0.0171845900189289,-0.0421854395528528,-0.0070057560437195,-0.1789496093663085,0.0292902435994754
0.8673697224839079,-0.0180775441443308,-0.0420352795242917,-0.0073910345937149,-0.1783374571973701,0.0307909515852002
0.8673317048930042,-0.0189698095760467,-0.0418771949526882,-0.0077792469760638,-0.1776936505833956,0.0322872680572259
0.8672916182884645,-0.0198613384250311,-0.0417111432742881,-0.0081705260077584,-0.1770181130037061,0.0337789598171221
0.86724942957497,-0.0207520783603812,-0.0415370803023977,-0.0085650014613722,-0.1763107660096131,0.0352657874670649
0.867205103926399,-0.0216419754964553,-0.0413549597034725,-0.0089628012369204,-0.1755715270824833,0.0367475103432935
0.8671586049070497,-0.0225309714046411,-0.0411647335913587,-0.0093640499387875,-0.174800312034971,0.0382238816354644
0.8671098942586416,-0.0234190068366675,-0.0409663517516744,-0.009768870446725,-0.173997031849103,0.0396946546872967
0.8670589321580068,-0.024306016417512,-0.0407597627945119,-0.0101773814068131,-0.173161597328619,0.0411595743045333
0.8670056769936331,-0.0251919324849209,-0.0405449133419162,-0.0105896988486554,-0.1722939157806781,0.0426183832550508
0.8669500855507873,-0.0260766815783672,-0.0403217488776539,-0.0110059344342335,-0.1713938944197859,0.0440708166124785
0.8668921128592696,-0.0269601867915117,-0.040090213230501,-0.0114261964009233,-0.1704614382401777,0.0455166057898969
0.8668317121988056,-0.0278423672824436,-0.039850248700197,-0.0118505891991394,-0.1694964504842412,0.0469554778760279
0.8667688353186103,-0.028723134925592,-0.0396017970260764,-0.0122792117133159,-0.1684988364835199,0.0483871503509599
0.8667034321602666,-0.0296023982769859,-0.0393447983792633,-0.0127121589864515,-0.1674684995413423,0.049811337744938
0.866635451141202,-0.030480058524633,-0.0390791925735889,-0.0131495200595272,-0.166405345721617,0.0512277452538762
0.8665648390292281,-0.0313560113159373,-0.0388049186523058,-0.0135913786443662,-0.1653092821000119,0.0526360719344013
0.8664915410712201,-0.0322301452101157,-0.0385219154673046,-0.0140378121228022,-0.1641802189809847,0.054036008443986
0.8664155009908411,-0.0331023419488158,-0.0382301217361186,-0.0144888914277273,-0.1630180700066051,0.0554272377393622
0.8663366611460986,-0.0339724749510397,-0.0379294767030381,-0.0149446799918188,-0.1618227546552398,0.0568094329563118
0.8662549624712169,-0.0348404104060316,-0.0376199199585478,-0.0154052340157299,-0.1605941973669929,0.0581822594572414
0.8661703447133517,-0.0357060052018121,-0.0373013923688893,-0.0158706010611184,-0.1593323310621495,0.0595453718694628
0.8660827464322809,-0.036569107624692,-0.0369738360820764,-0.01634082006761,-0.1580370969617725,0.0608984155521495
0.8659921052622929,-0.0374295555203565,-0.0366371954989527,-0.0168159199794793,-0.1567084482036749,0.0622410240907499
0.8658983578654226,-0.03828717767659,-0.0362914170640693,-0.0172959200957713,-0.1553463487603092,0.0635728218727113
0.8658014402889334,-0.0391417914907037,-0.0359364505331424,-0.0177808283503199,-0.1539507781555736,0.0648934208838402
0.8657012881084432,-0.0399932029934588,-0.035572249402138,-0.0182706408372713,-0.1525217328263758,0.0662024212359367
0.8655978365558867,-0.0408412070988793,-0.0351987712529184,-0.0187653414568479,-0.1510592271267449,0.0674994120503324
0.8654910208334385,-0.0416855864724769,-0.0348159787364438,-0.0192649007373762,-0.1495632967939603,0.0687839702447582
0.8653807762978202,-0.0425261117293571,-0.0344238400406766,-0.019769275391144,-0.1480340003496097,0.0700556613943819
0.8652670388572508,-0.0433625402001664,-0.0340223300710784,-0.0202784069878917,-0.1464714232381832,0.0713140384471603
0.8651497452051815,-0.0441946162477815,-0.033611430992322,-0.0207922215129745,-0.1448756794201545,0.0725586428289073
0.8650288331202608,-0.0450220712558836,-0.0331911329569234,-0.0213106287184634,-0.1432469136529794,0.0737890050599275
0.864904241703336,-0.0458446242191364,-0.0327614345652526,-0.0218335218423779,-0.1415853026905566,0.0750046462725921
0.8647759119402532,-0.0466619803744832,-0.0323223443948827,-0.0223607760717522,-0.1398910605750929,0.0762050768421697
0.8646437869475638,-0.0474738322433194,-0.0318738813648513,-0.0228922485007271,-0.1381644393664525,0.0773897986148068
0.8645078121460154,-0.0482798611216305,-0.0314160748180967,-0.0234277784298843,-0.1364057287688315,0.0785583077390645
0.8643679358308141,-0.049079736271936,-0.030948965897599,-0.0239671861757728,-0.1346152607065248,0.0797100941261201
0.8642241094643484,-0.0498731160259127,-0.0304726079180128,-0.0245102731332096,-0.1327934099942737,0.0808446436928175
0.8640762876828216,-0.0506596504166974,-0.02998706576032,-0.0250568229584288,-0.1309405912697972,0.0819614427163483
0.8639244289508092,-0.0514389802522347,-0.0294924173763818,-0.0256066003728673,-0.1290572639900881,0.0830599770402512
0.8637684955374225,-0.0522107399194183,-0.0289887530159489,-0.0261593525865304,-0.1271439287196668,0.0841397365474559
0.863608453825948,-0.0529745582975417,-0.0284761755354621,-0.0267148095044063,-0.1252011275690695,0.0852002168503276
0.8634442741824123,-0.0537300617054382,-0.0279547992783297,-0.0272726854957728,-0.1232294392393616,0.0862409237186487
0.8632759313134211,-0.0544768743186685,-0.027424750529479,-0.0278326794428897,-0.1212294800784238,0.087261373875346
0.8631034041912519,-0.0552146205075758,-0.0268861665878301,-0.0283944762864514,-0.1192018999405627,0.088261098358542
0.8629266758900141,-0.0559429272284532,-0.0263391945997069,-0.0289577487715363,-0.1171473772227488,0.0892396457969452
0.8627457335723411,-0.0566614254731907,-0.0257839909025363,-0.0295221586186755,-0.1150666158984304,0.0901965842687584
0.8625605683943466,-0.0573697518369162,-0.0252207201481453,-0.0300873578978828,-0.1129603417906275,0.0911315032084736
0.8623711751574382,-0.0580675507631729,-0.0246495537067053,-0.0306529910770975,-0.110829296238379,0.0920440160765445
0.8621775522420443,-0.0587544753905285,-0.024070668990234,-0.0312186960884889,-0.1086742332926467,0.0929337610523333
0.8619797012309166,-0.0594301892871626,-0.0234842478956041,-0.0317841062200718,-0.1064959137085128,0.0938004027855078
0.8617776266918445,-0.0600943673005849,-0.022890475796671,-0.0323488514001465,-0.1042951010757883,0.0946436328837956
0.861571335955387,-0.0607466962092875,-0.0222895405784767,-0.0329125593949217,-0.1020725581813906,0.0954631700708406
0.8613608387331481,-0.0613868756567708,-0.0216816312686025,-0.0334748573290072,-0.0998290419586368,0.0962587606236058
0.8611461469863404,-0.0620146180862148,-0.0210669374595391,-0.0340353724077602,-0.0975653014348671,0.0970301774924896
0.8609272744767846,-0.0626296494674734,-0.0204456478713748,-0.0345937333832021,-0.095282072571087,0.0977772203619165
0.8607042368430384,-0.0632317083555891,-0.0198179504683125,-0.0351495705592206,-0.0929800788788698,0.0984997136344918
0.860477051174194,-0.0638205463095687,-0.0191840311829731,-0.0357025170261803,-0.0906600269576598,0.0991975060746054
0.8602457359684539,-0.0643959271421675,-0.0185440737746945,-0.0362522088391147,-0.0883226062404963,0.0998704690297123
0.8600103109815708,-0.0649576264513197,-0.0178982594036443,-0.0367982854311865,-0.0859684877218235,0.1005184950155079
0.8597707969375761,-0.0655054314196879,-0.0172467658625192,-0.0373403902807912,-0.083598321468003,0.101141496619659
0.8595272156836611,-0.0660391395491494,-0.0165897680486613,-0.0378781705117408,-0.0812127386664355,0.1017394042092292
0.8592795901049748,-0.066558558033131,-0.015927437781785,-0.0384112770538932,-0.0788123512899203,0.1023121644329609
0.8590279441880604,-0.0670635028412887,-0.0152599440313662,-0.038939364465481,-0.0763977532523802,0.1028597384495311
0.8587723026124071,-0.0675537987716125,-0.0145874519041037,-0.0394620917256119,-0.0739695170844485,0.1033821012466325
0.8585126912904675,-0.068029277640632,-0.0139101241525512,-0.0399791210296063,-0.0715281997282013,0.1038792389903972
0.8582491371260745,-0.0684897781306261,-0.0132281206025715,-0.0404901182485982,-0.0690743407915822,0.1043511482384971
0.8579816680218636,-0.068935145148138,-0.0125415982510908,-0.040994752845293,-0.0666084632295059,0.1047978346562535
0.8577103131451684,-0.0693652288248414,-0.0118507120203162,-0.0414926973207464,-0.0641310763714521,0.1052193114357626
0.8574351027230541,-0.0697798843684276,-0.0111556142966618,-0.0419836275665867,-0.061642674572981,0.1056155986234019
0.857156068607406,-0.0701789707736243,-0.0104564564182896,-0.0424672218340757,-0.0591437428404216,0.1059867213911621
0.8568732436648622,-0.0705623513624351,-0.0097533871872943,-0.0429431618167262,-0.056634751793206,0.1063327101063914
0.8565866625114269,-0.0709298923966152,-0.009046554759354,-0.0434111313805154,-0.0541161646988662,0.1066535986257368
0.8562963612538886,-0.071281463196048,-0.0083361060284704,-0.0438708170553694,-0.051588435538649,0.1069494240497904
0.8560023776714247,-0.0716169356705182,-0.0076221871086817,-0.0443219077775959,-0.0490520109855065,0.1072202259689594
0.8557047513533955,-0.0719361839839404,-0.0069049436921838,-0.0447640947424548,-0.0465073319270938,0.1074660458802787
0.8554035237796273,-0.072239084337911,-0.0061845212576396,-0.0451970713702974,-0.0439548344461645,0.1076869267449221
0.8550987384083961,-0.0725255147849601,-0.0054610652906532,-0.0456205332772745,-0.0413949508367253,0.107882912603327
0.8547904408457565,-0.072795355010556,-0.0047347216885704,-0.0460341781559097,-0.0388281112639241,0.1080540482103437
0.8544786784836044,-0.0730484865956453,-0.0040056359126935,-0.0464377063707355,-0.036254740993911,0.1082003789959349
0.8541635015456513,-0.073284792132232,-0.0032739554371792,-0.0468308197205419,-0.0336752692594055,0.1083219503683418
0.8538449620631479,-0.0735041560878065,-0.002539827340719,-0.0472132229241558,-0.0310901209698261,0.1084188080881557
0.8535231147256405,-0.0737064641699563,-0.0018034002797492,-0.0475846226905565,-0.02849972388263,0.108490997798886
0.8531980167281367,-0.0738916035379551,-0.0010648241085733,-0.0479447281075087,-0.0259045074642868,0.1085385650770115
0.8528697277028677,-0.0740594629142071,-0.0003242497087262,-0.0482932508919011,-0.0233049024943638,0.1085615554054665
0.852538310045275,-0.074209932501236,0.0004181702915471,-0.048629905222768,-0.0207013437929706,0.1085600141338125
0.852203828096175,-0.0743429044293453,0.0011622833604991,-0.0489544087407455,-0.018094263959194,0.1085339864530151
0.8518663422597156,-0.0744582745195541,0.0019079499791091,-0.0492664878865852,-0.0154840483989281,0.1084835160822687
0.8515259230916364,-0.074555936938095,0.0026550123553972,-0.0495658645281655,-0.0128711451076987,0.1084086465946463
0.8511826440415381,-0.0746357878658898,0.0034033107672593,-0.0498522637344321,-0.0102560075234795,0.1083094217581372
0.8508365813981461,-0.0746977256707461,0.0041526837041227,-0.0501254140476354,-0.0076390942247876,0.1081858856185739
0.8504878143987217,-0.0747416510436871,0.0049029676480249,-0.0503850476181419,-0.005020869888909,0.1080380826364054
0.850136425087378,-0.0747674671807456,0.0056539973950974,-0.0506309005353275,-0.0024018043628784,0.1078660577381725
0.8497824986152889,-0.0747750799220529,0.0064056054262642,-0.0508627128381827,0.0002176249489097,0.1076698565750892
0.8494261228956805,-0.0747643979487949,0.0071576226560511,-0.0510802289838484,0.0028369355042285,0.1074495254826185
0.8490671972500576,-0.0747353125526378,0.0079102784444182,-0.0512833020425584,0.005457031559868,0.1072049752046214
0.8487056722822889,-0.0746876870842829,0.0086636899214339,-0.0514717315671008,0.0080784241807681,0.1069361074708037
0.8483416371904159,-0.0746213879507372,0.0094176851822738,-0.0516452348923543,0.010700617723029,0.10664290418665
0.847975184877934,-0.0745362843107661,0.0101720888852828,-0.0518035328126803,0.0133231046901525,0.1063253485640451
0.8476064121174745,-0.0744322483962444,0.0109267219685508,-0.051946349856799,0.0159453645645679,0.1059834255091987
0.8472354194768309,-0.0743091557961869,0.0116814018548003,-0.0520734146812598,0.0185668643349232,0.1056171218285004
0.8468623114680244,-0.0741668858092489,0.0124359421954756,-0.0521844603824225,0.0211870574197853,0.1052264266502694
0.8464871966390528,-0.0740053218159624,0.0131901527347257,-0.0522792248628235,0.0238053830072008,0.1048113318394847
0.8461101871904279,-0.0738243514414719,0.0139438401213182,-0.0523574513127373,0.0264212686827411,0.1043718318839392
0.8457313995246061,-0.0736238671266602,0.0146968068398409,-0.0524188884612313,0.02903412652703,0.1039079248242479
0.8453509535448199,-0.0734037661143256,0.015448852639009,-0.0524632910994074,0.0316433578797974,0.103419611748634
0.8449689732657859,-0.073163951092762,0.0161997733368022,-0.0524904203553978,0.0342483489996201,0.1029068978547306
0.8445855862286762,-0.0729043301914675,0.0169493619923596,-0.0525000441474138,0.0368484749364013,0.1023697920342273
0.8442009237198039,-0.0726248174199329,0.0176974084773111,-0.0524919375204455,0.0394430978509488,0.1018083074685597
0.843815120570928,-0.0723253328504842,0.0184436998642623,-0.0524658830161849,0.0420315681709672,0.1012224616771117
0.8434283152941662,-0.0720058030425354,0.0191880201571458,-0.0524216710455458,0.0446132234661657,0.1006122770581403
0.8430406496049326,-0.0716661609738409,0.0199301511948269,-0.0523591001998082,0.0471873913954206,0.0999777804859308
0.8426522687598659,-0.0713063466234818,0.0206698719752599,-0.0522779776312644,0.0497533871790194,0.0993190041752334
0.8422633211552527,-0.0709263069371286,0.0214069593946458,-0.052178119339185,0.0523105159828743,0.0986359853784588
0.8418739582056033,-0.0705259959886112,0.0221411884342884,-0.0520593504507328,0.0548580733921871,0.0979287664909596
0.8414843345792751,-0.0701053755230926,0.0228723316706186,-0.051921505620389,0.0573953435418946,0.0971973958298693
0.8410946075477349,-0.0696644145738734,0.0236001604477502,-0.0517644291404907,0.0599216030218278,0.096441926793207
0.8407049370996993,-0.0692030898293192,0.0243244445955217,-0.0515879752463192,0.0624361197425841,0.0956624183735608
0.8403154861167116,-0.0687213861413034,0.0250449520396944,-0.0513920085098246,0.0649381514325013,0.0948589358841628
0.8399264196848618,-0.0682192959829549,0.0257614500076231,-0.051176403811122,0.0674269496820804,0.0940315499320371
0.839537905396044,-0.0676968200736719,0.0264737043888553,-0.0509410467495458,0.0699017575911455,0.0931803373738702
0.8391501129410261,-0.0671539671238938,0.0271814804006346,-0.0506858336897448,0.0723618119563433,0.0923053808138418
0.838763214104489,-0.0665907540756385,0.0278845425051224,-0.0504106720042145,0.0748063428693882,0.0914067689371147
0.838377382707963,-0.0660072062955828,0.0285826544212643,-0.0501154803013298,0.0772345736528478,0.0904845967639259
0.8379927943161223,-0.0654033574070933,0.0292755795602837,-0.0498001884649673,0.0796457222794188,0.0895389653421752
0.8376096261696444,-0.0647792494333877,0.0299630810432598,-0.0494647378332366,0.0820390013491437,0.0885699819515839
0.8372280571406567,-0.064134932993601,0.0306449216769293,-0.0491090814080925,0.0844136179310512,0.0875777603915485
0.8368482675565058,-0.0634704672884916,0.0313208641629536,-0.0487331839494448,0.0867687742281084,0.0865624209481408
0.836470439139974,-0.0627859202777021,0.0319906710952935,-0.0483370221689321,0.089103667515459,0.0855240906648872
0.8360947546864813,-0.0620813683761008,0.0326541054204826,-0.0479205846398173,0.0914174917037334,0.0844629028922329
0.8357213984400226,-0.0613568974484429,0.033310929659899,-0.0474838724661171,0.0937094345966532,0.0833789988027473
0.8353505552287904,-0.06061260146853,0.0339609073188691,-0.0470268985641784,0.0959786827875728,0.0822725253977296
0.8349824114147966,-0.0598485847052569,0.0346038011022704,-0.0465496890686211,0.0982244154239232,0.0811436387948821
0.8346171538301501,-0.0590649599625134,0.0352393746655662,-0.0460522823423521,0.1004458103221072,0.0799925016294228
0.8342549700394729,-0.0582618494151106,0.0358673920327585,-0.0455347295552803,0.1026420419521732,0.0788192843383811
0.8338960483817461,-0.0574393850973147,0.0364876174071224,-0.0449970950764466,0.1048122808013593,0.0776241659081331
0.8335405779790589,-0.056597709393481,0.0370998150425615,-0.0444394568848285,0.106955692958404,0.0764073346127108
0.8331887480911777,-0.0557369739778175,0.0377037502383682,-0.0438619059475367,0.1090714436437209,0.0751689865162761
0.8328407486223669,-0.0548573414763969,0.03829918834627,-0.0432645473953514,0.1111586937931364,0.0739093279181259
0.8324967698218586,-0.0539589853137678,0.0388858951698206,-0.0426475005151437,0.1132166015249877,0.0726285751583596
0.83215700173331,-0.0530420888094369,0.0394636377823808,-0.0420108981994135,0.1152443250926453,0.0713269533781537
0.8318216348715715,-0.0521068475479031,0.0400321832530258,-0.0413548886546524,0.1172410185090016,0.0700046999394495
0.8314908596974852,-0.0511534686965697,0.040591299424205,-0.040679635027071,0.1192058343772096,0.0686620634828842
0.8311648660815906,-0.050182170111853,0.0411407556945126,-0.0399853148345425,0.121137926760194,0.0672993027233025
0.830843844227835,-0.0491931838110005,0.0416803213382964,-0.0392721225155701,0.1230364454014456,0.0659166913734404
0.83052798325589,-0.0481867525628095,0.0422097677728023,-0.0385402670702524,0.124900543836649,0.0645145134041736
0.8302174719056284,-0.0471631328312514,0.0427288672461021,-0.037789974239944,0.1267293749319463,0.0630930672194696
0.829912497886285,-0.046122593631741,0.0432373938036949,-0.0370214857471116,0.1285220944500944,0.0616526641098072
0.829613248137224,-0.0450654183826171,0.0437351227267155,-0.0362350607191394,0.13027785924601,0.0601936308725032
0.8293199079133738,-0.043991902760602,0.0442218319272434,-0.0354309741534158,0.1319958323744339,0.0587163069041911
0.829032661192171,-0.0429023571505026,0.0446973011398197,-0.034609518778435,0.1336751804388957,0.0572210476482499
0.8287516901078462,-0.0417971057392437,0.0451613127304094,-0.0337710044197291,0.1353150766565809,0.0557082234071359
0.8284771746659803,-0.0406764865365085,0.0456136520345546,-0.0329157580344396,0.1369147022763853,0.0541782194459594
0.8282092924553672,-0.0395408513711258,0.0460541076975476,-0.0320441237143636,0.1384732480158957,0.0526314360687941
0.8279482183593719,-0.0383905658704889,0.0464824720134475,-0.031156462662627,0.1399899155053501,0.0510682886773868
0.8276941245206809,-0.0372260106097617,0.046898540848053,-0.0302531540665527,0.1414639172675029,0.0494892094193595
0.8274471793897578,-0.0360475780792563,0.0473021150616061,-0.0293345927160807,0.1428944820194613,0.0478946431685341
0.8272075479425559,-0.0348556747977042,0.0476930000129024,-0.028401190580761,0.1442808531894346,0.0462850505012098
0.8269753910557849,-0.0336507195366057,0.0480710064432373,-0.0274533753561814,0.1456222923286758,0.0446609054029417
0.8267508654928273,-0.032433144448241,0.0484359503631297,-0.0264915912607626,0.1469180789942609,0.043022696906845
0.8265341233455558,-0.031203393375394,0.0487876538267179,-0.0255162976046163,0.1481675137859302,0.0413709269337841
0.8263253115509129,-0.0299619201373378,0.0491259455820685,-0.024527967297404,0.1493699209503396,0.0397061081234755
0.8261245718553303,-0.0287091891952897,0.0494506609967212,-0.0235270872231191,0.1505246484128127,0.0380287648679295
0.8259320405318047,-0.0274456749152982,0.0497616423886808,-0.0225141574937201,0.1516310692483344,0.0363394324588041
0.8257478480010411,-0.0261718599555219,0.050058739514808,-0.0214896899789222,0.1526885837123468,0.0346386550710692
0.8255721187002472,-0.0248882350163862,0.0503418096625152,-0.0204542079076679,0.1536966198580233,0.0329269855749166
0.8254049708837266,-0.0235952980329866,0.0506107178566591,-0.0194082450107422,0.154654634558239,0.0312049846013761
0.8252465163357886,-0.0222935523967672,0.0508653372120813,-0.0183523438609945,0.1555621150407797,0.0294732183182741
0.8250968602763973,-0.020983506293215,0.0511055489810882,-0.017287055098337,0.1564185793295742,0.0277322576964487
0.8249561013401907,-0.0196656725772152,0.0513312424898041,-0.0162129370861096,0.1572235762795356,0.0259826784859401
0.8248243314262264,-0.0183405673620012,0.0515423152886171,-0.0151305545147777,0.1579766863636154,0.0242250594788793
0.8247016355600765,-0.0170087081763794,0.0517386732887187,-0.0140404766385832,0.1586775223990388,0.0224599802016443
0.824588092124768,-0.0156706158209792,0.0519202303151867,-0.0129432785338565,0.159325728177759,0.0206880235055616
0.8244837725433977,-0.0143268100699615,0.052086908544683,-0.0118395373176157,0.1599209802397048,0.018909769995536
0.8243887416283625,-0.0129778127383025,0.0522386378837539,-0.0107298343990763,0.1604629858490481,0.0171258022102099
0.8243030574255307,-0.0116241447024482,0.0523753561617904,-0.0096147527745381,0.1609514838629092,0.0153367007876095
0.8242267712989161,-0.0102663252760257,0.0524970089460318,-0.0084948762500496,0.1613862442344313,0.0135430437458907
0.8241599281149883,-0.0089048734382581,0.0526035492045737,-0.0073707901975394,0.1617670669554148,0.0117454082025232
0.8241025662368519,-0.0075403057568932,0.0526949372790798,-0.0062430795899325,0.1620937820884629,0.0099443677187624
0.8240547177146943,-0.0061731380757894,0.0527711405506844,-0.0051123301474181,0.1623662486852965,0.0081404946088781
0.8240164082930428,-0.0048038830261501,0.0528321334036624,-0.0039791260381345,0.1625843547521641,0.0063343567297124
0.8239876576058794,-0.0034330528249108,0.0528778968953956,-0.0028440519557205,0.1627480161479026,0.0045265212406122
0.8239684791802044,-0.0020611558637331,0.0529084187366213,-0.0017076900641508,0.1628571765742771,0.0027175501662397
0.8239588805955836,-0.0006886993866394,0.0529236930283164,-0.0005706219867324,0.162911806679035,0.0009080039854717
0.8239576744832362,-3.3293992562910546e-12,0.0529256122502414,2.783219162950934e-11,0.1629186710749778,-5.123580596247401e-12
