3.00401256586156
0.9123320098108028,2.9313630320426156e-27,0.2068734502296374,3.2986806082444043e-16,0.1555396143184353,-5.454840399416224e-14
0.9123337836277856,0.0006041042531655,0.2068698621811422,0.0009134014660905,0.1555345421352601,-0.0018476208419578
0.912349311865882,0.0018865641803797,0.2068384507445783,0.0028525706011521,0.1554901375666943,-0.005770540444391
0.9123808456653952,0.0031689949545929,0.2067746558709425,0.0047920004808886,0.1553999525386485,-0.0096951766958886
0.9124284008843612,0.0044510662607294,0.2066784323128823,0.0067313996359753,0.1552639193320354,-0.0136217517305936
0.9124919919506148,0.0057324317648763,0.2065497309795576,0.0086704531566933,0.155081962829196,-0.0175504438884167
0.912571631906498,0.0070127434158834,0.2063884987978691,0.0106088444409583,0.1548540002498204,-0.0214814324302362
0.9126673322752707,0.0082916501854954,0.2061946789268765,0.0125462534098897,0.1545799413650106,-0.0254148946421848
0.9127791031661392,0.0095688002884802,0.2059682104813554,0.0144823599938084,0.154259687995518,-0.0293510136403254
0.912906952921228,0.0108438374470652,0.2057090291755368,0.0164168385948737,0.1538931347886839,-0.0332899678575349
0.9130508882552648,0.0121164036112432,0.2054170669613874,0.0183493623304514,0.1534801685504045,-0.0372319403983014
0.9132109137408378,0.0133861351060253,0.2050922529866085,0.0202795973022538,0.1530206694195278,-0.041177108086124
0.9133870319353576,0.0146526652022415,0.2047345132450292,0.0222072066091581,0.1525145101679358,-0.045125650352007
0.9135792427275232,0.0159156204747151,0.2043437718053952,0.0241318449118666,0.1519615577076143,-0.0490777388075615
0.9137875433485194,0.0171746226751196,0.2039199506861088,0.0260531613724845,0.1513616726553398,-0.053033543913624
0.9140119276394896,0.0184292857864321,0.2034629712381821,0.0279707952428264,0.1507147110037877,-0.0569932265328013
0.9142523857671648,0.0196792165237173,0.2029727546161391,0.0298843766841486,0.1500205244734303,-0.0609569401571847
0.914508903232268,0.020924011345571,0.2024492236910149,0.0317935222271652,0.1492789628769112,-0.0649248219787327
0.914781460289893,0.022163256409783,0.2018923041300579,0.0336978346952693,0.148489875274305,-0.068896993046077
0.9150700310375236,0.0233965262330695,0.2013019261623267,0.0355969011079831,0.1476531120696088,-0.0728735541121874
0.9153745818321376,0.0246233802528552,0.2006780277324302,0.0374902872915554,0.1467685290457037,-0.076854574358871
0.9156950701475636,0.025843362235387,0.2000205567780886,0.0393775367903273,0.145835990130507,-0.0808400888202472
0.9160314425074796,0.0270559967795095,0.199329475433014,0.0412581652079982,0.144855372867703,-0.084830085867052
0.91638363235881,0.0282607868553484,0.1986047643996843,0.0431316560176226,0.1438265741089214,-0.0888244972881375
0.916751557868936,0.0294572120622134,0.1978464275352871,0.0449974573545848,0.1427495159927359,-0.0928231899490513
0.9171351182409814,0.0306447231987698,0.1970544995659125,0.0468549728898351,0.1416241563592146,-0.0968259441116323
0.9175341902930456,0.0318227394398649,0.1962290533630191,0.0487035565219979,0.1404504985518018,-0.1008324389775553
0.9179486245822256,0.032990645472276,0.1953702082813988,0.0505425067630375,0.1392286027480228,-0.1048422366181816
0.9183782403575445,0.0341477868316529,0.1944781410744631,0.0523710579953965,0.1379586009969343,-0.1088547579138159
0.918822820123785,0.0352934660777809,0.1935530978107171,0.0541883726710183,0.1366407137516303,-0.1128692590433637
0.9192821045347016,0.0364269414709683,0.1925954053261114,0.0559935370814354,0.1352752658372161,-0.1168848142783409
0.9197557854550276,0.0375474225958676,0.1916054867459665,0.0577855518539874,0.1338627083501368,-0.1209002853802785
0.9202435005589772,0.0386540714175736,0.1905838741006861,0.0595633306274918,0.1324036365895165,-0.1249143072693051
0.9207448272898976,0.039746002819995,0.1895312225843731,0.0613256974899253,0.1308988105414672,-0.128925269208185
0.9212592782393751,0.0408222890988355,0.1884483221669939,0.063071390375163,0.1293491718346464,-0.132931307766248
0.921786297916262,0.0418819674044564,0.1873361065947408,0.064799068960351,0.1277558572376168,-0.1369303088366308
0.922325261597015,0.0429240507032112,0.1861956582784551,0.066507328166634,0.1261202065634098,-0.1409199218995734
0.9228754768611088,0.0439475424106682,0.1850282077146419,0.0681947177648244,0.1244437630283128,-0.1448975886323848
0.9234361884665758,0.0449514547867424,0.1838351259320161,0.0698597685507584,0.1227282638618734,-0.1488605881517605
0.9240065863139572,0.045934829500731,0.1826179103455441,0.0715010228126538,0.1209756216444674,-0.1528060948462429
0.9245858170502956,0.0468967604163405,0.1813781626720926,0.073117069513329,0.1191878943363559,-0.1567312511207309
0.9251729973276308,0.0478364145483259,0.1801175629715575,0.0747065777161429,0.1173672497294039,-0.160633240622925
0.925767229081716,0.0487530517613782,0.1788378388960921,0.0762683293436174,0.1155159228855202,-0.1645093651506913
0.9263676151474272,0.0496460406266003,0.1775407336378856,0.0778012469803629,0.1136361714788951,-0.1683571151037588
0.9269732737811536,0.0505148689254953,0.1762279756042532,0.0793044140224214,0.1117302333387515,-0.1721742263977055
0.927583351800808,0.0513591493234885,0.1749012504501809,0.0807770878185765,0.1098002870539649,-0.1759587246067114
0.9281970345036444,0.0521786186601719,0.1735621795133775,0.0822187027698211,0.1078484214993354,-0.1797089474132217
0.9288135535103912,0.0529731336189093,0.1722123022635628,0.0836288677721813,0.1058766108426112,-0.1834235550882046
0.929432191994518,0.0537426628627224,0.1708530640421832,0.0850073578235158,0.1038866969210184,-0.1871015273562108
0.9300522859255554,0.0544872748102762,0.1694858122461878,0.0863540978945804,0.1018803836839365,-0.1907421400792318
0.9306732253254788,0.0552071266700732,0.1681117923037735,0.087669148793159,0.0998592311236692,-0.1943449465052316
0.9312944516980568,0.0559024503196446,0.1667321519873828,0.0889526868968811,0.0978246612829447,-0.1979097406000971
0.9319154564705407,0.0565735410259509,0.1653479434792878,0.090204988457427,0.0957779608744296,-0.2014365308654513
0.9325357772525076,0.0572207452337526,0.1639601303041407,0.0914264115672802,0.0937202910138645,-0.2049255056375203
0.9331549938272692,0.0578444496836276,0.1625695949564136,0.0926173798474728,0.0916526979979162,-0.2083770006943422
0.933772725384639,0.0584450731644587,0.161177143844187,0.0937783704351889,0.0895761201172463,-0.2117914769227551
0.9343886256433824,0.0590230573451612,0.1597835170851999,0.0949098995550919,0.0874914017262348,-0.2151694888095008
0.9350023807020386,0.0595788613445483,0.1583893922816248,0.0960125146740168,0.0853992983999333,-0.2185116701776124
0.9356137046963162,0.0601129550704429,0.1569953933622347,0.097086783726858,0.0833004897185071,-0.2218187094910877
0.9362223374647448,0.0606258152008872,0.1556020949988814,0.0981332890198933,0.0811955855054722,-0.2250913374972952
0.9368280417994206,0.0611179213561961,0.1542100280605217,0.0991526211188921,0.0790851336777795,-0.2283303135474228
0.9374306013883348,0.0615897533441516,0.1528196835793729,0.1001453745466008,0.0769696259107344,-0.2315364163655348
0.9380298183416113,0.0620417884704345,0.1514315177621732,0.1011121432800089,0.0748495049502957,-0.2347104331246184
0.938625511477141,0.062474499799015,0.1500459553391848,0.1020535179292192,0.0727251694694435,-0.2378531529595493
0.9392175152400862,0.0628883550987891,0.148663391499949,0.1029700841847645,0.0705969767973968,-0.2409653640393713
0.939805677823518,0.0632838153953336,0.14728419574375,0.1038624202152476,0.0684652486233613,-0.2440478465598949
0.940389859821941,0.0636613341066688,0.1459087145592658,0.1047310951277766,0.0663302749693041,-0.2471013686447844
0.9409699337394404,0.0640213568474901,0.144537272138761,0.1055766688212313,0.0641923151481393,-0.2501266867226878
0.9415457826563738,0.0643643207556071,0.1431701731057095,0.1063996906500577,0.0620516018640163,-0.2531245414681022
0.9421172996149376,0.0646906543571371,0.141807703588033,0.1072006992266003,0.0599083427751575,-0.2560956574507651
0.942684386809897,0.065000777354518,0.1404501327811369,0.1079802219728262,0.0577627228394816,-0.2590407416933623
0.9432469546910128,0.0652951004243877,0.139097714759207,0.1087387745994029,0.055614907088071,-0.261960481689893
0.9438049218485092,0.0655740254640365,0.1377506884346566,0.1094768616670441,0.0534650404857361,-0.264855547394268
0.944358214039569,0.0658379453957584,0.1364092796004733,0.1101949759809843,0.0513132511071883,-0.2677265886497291
0.94490676430905,0.0660872445339533,0.1350737003524521,0.1108935994341112,0.0491596491469408,-0.2705742381978711
0.9454505117938746,0.0663222983287431,0.1337441517198596,0.1115732021303746,0.0470043310858634,-0.2733991077565033
0.9459894020990496,0.0665434738456684,0.1324208224944125,0.1122342435179482,0.0448473777537709,-0.2762017921570275
0.9465233864014416,0.0667511296671295,0.1311038911716914,0.1128771718869373,0.0426888574194657,-0.278982866781045
0.947052421181267,0.0669456160886001,0.1297935263835174,0.1135024246619665,0.0405288264672835,-0.2817428881587099
0.9475764685217704,0.0671272754965431,0.1284898859239047,0.1141104293237664,0.0383673277369784,-0.2844823974502635
0.9480954950056047,0.0672964422260433,0.1271931192623134,0.1147016026544657,0.0362043946165547,-0.2872019165228228
0.9486094720244428,0.0674534429345939,0.1259033665680842,0.1152763516369708,0.0340400493899812,-0.289901951319185
0.9491183751718616,0.0675985966493797,0.1246207600240987,0.1158350732693894,0.0318743053819315,-0.292582990357307
0.9496221844336078,0.0677322150577151,0.1233454231517705,0.1163781552591669,0.0297071657742002,-0.2952455073431977
0.9501208835226498,0.0678546025412884,0.1220774722970763,0.1169059757547738,0.0275386260657276,-0.2978899592133036
0.9506144600146604,0.06796605643195,0.1208170161072766,0.1174189039388293,0.0253686731406634,-0.3005167883288873
0.9511029050930054,0.0680668671460566,0.1195641559974986,0.117917300172469,0.0231972860032435,-0.3031264225551434
0.9515862131465812,0.0681573182955641,0.1183189870098177,0.118401515986866,0.021024437212635,-0.3057192744824941
0.9520643819984548,0.0682376869197941,0.1170815970594419,0.1188718946999177,0.0188500915172964,-0.308295743966129
0.9525374123513328,0.0683082435575536,0.1158520682012096,0.1193287712268569,0.0166742080034913,-0.3108562164192092
0.9530053079293184,0.0683692524435617,0.1146304761084691,0.1197724725743567,0.0144967391230054,-0.313401064792388
0.9534680751551028,0.0684209716196246,0.1134168907594235,0.1202033178627614,0.0123176318394229,-0.3159306490044379
0.9539257229966692,0.0684636530756348,0.1122113766949465,0.1206216185085525,0.010136828032824,-0.3184453162314787
0.9543782629211331,0.0684975428950228,0.1110139929997749,0.1210276784921241,0.0079542644029387,-0.3209454017416452
0.9548257088891944,0.0685228813887209,0.1098247931756557,0.1214217946416484,0.0057698721550448,-0.3234312299287654
0.955268077140085,0.0685399032061803,0.1086438255723653,0.1218042567157725,0.0035835776943795,-0.3259031141556636
0.955705385598486,0.0685488374489532,0.1074711348471916,0.1221753471683693,0.0013953052673297,-0.3283613544106123
0.9561376545872546,0.0685499078238397,0.106306759939288,0.1225353420264054,-0.0007950268635959,-0.3308062422354604
0.9565649061073282,0.0685433327391068,0.1051507358755583,0.1228845105214615,-0.0029875031481252,-0.3332380576091373
0.9569873094139322,0.0685293193106108,0.1040026971181442,0.1232232309684137,-0.0051829725214036,-0.3356579065307643
0.9574049154320436,0.0685080664747657,0.1028625952431626,0.123551773092956,-0.0073816909177538,-0.3380662132773953
0.9578177522846284,0.068479768363459,0.1017304435626444,0.1238703804599879,-0.0095837948501513,-0.3404632555547312
0.9582258491686558,0.0684446142834398,0.1006062525926851,0.1241792904083005,-0.0117894233537733,-0.3428493006694705
0.9586292365048454,0.0684027888219408,0.0994900295625074,0.1244787343827802,-0.013998719027852,-0.3452246071069951
0.959027945512824,0.0683544720000744,0.0983817795116488,0.1247689378251164,-0.0162118259547681,-0.3475894227153477
0.9594220086836148,0.068299839327951,0.0972815039065561,0.1250501207214896,-0.0184288925336753,-0.3499439881501276
0.9598114591645348,0.0682390619794965,0.0961892022775939,0.1253224973440193,-0.0206500683064051,-0.3522885338636135
0.9601963310864632,0.0681723068503289,0.0951048712403597,0.1255862766715123,-0.0228755060057825,-0.3546232826575092
0.9605766592310224,0.068099736704051,0.0940285053633933,0.1258416623323679,-0.0251053598821626,-0.3569484482668218
0.96095247913019,0.0680215102507718,0.0929600968281441,0.1260888528456197,-0.0273397864775849,-0.3592642365169787
0.9613238270198644,0.0679377822411831,0.091899635498383,0.1263280417501427,-0.0295789445811208,-0.36157084559171
0.961690739678672,0.0678487035864575,0.0908471093222215,0.1265594176561709,-0.0318229944739514,-0.3638684655598547
0.9620532545168776,0.0677544214201647,0.0898025040234768,0.1267831644530627,-0.034072098671913,-0.3661572794326554
0.9624114093728472,0.0676550792274582,0.0887658036337859,0.1269994613262499,-0.0363264208795726,-0.3684374623737053
0.9627652424596508,0.0675508169430204,0.0877369906023877,0.1272084828695044,-0.0385861258172129,-0.370709181807072
0.9631147926142284,0.0674417709510364,0.0867160450238133,0.127410399365929,-0.0408513810081503,-0.3729725994696014
0.9634600988697803,0.0673280742818068,0.0857029458354034,0.1276053766639552,-0.0431223542421333,-0.375227869102793
0.9638012006356208,0.0672098566310388,0.0846976702537784,0.1277935764104874,-0.0453992148925058,-0.3774751380161112
0.9641381375572984,0.0670872444739418,0.0837001941452816,0.1279751560927072,-0.0476821331710672,-0.3797145465725529
0.964470949656451,0.0669603610794064,0.0827104915734103,0.1281502692292804,-0.0499712812518868,-0.3819462295054642
0.964799677014328,0.0668293266903448,0.0817285357008258,0.1283190653130436,-0.0522668312867256,-0.3841703141807221
0.9651243599689424,0.0666942585139712,0.08075429817183,0.1284816900255967,-0.0545689569035641,-0.3863869222627362
0.9654450390309138,0.0665552708112167,0.0797877493284394,0.1286382852954766,-0.0568778328040025,-0.3885961695022562
0.9657617548276703,0.0664124749774221,0.0788288583469329,0.1287889893704166,-0.059193634528984,-0.3907981656880749
0.9660745480280182,0.0662659796339717,0.0778775934385351,0.1289339368794604,-0.0615165380531452,-0.3929930144359777
0.9663834594200974,0.0661158906479121,0.0769339215864627,0.1290732589637915,-0.0638467205047191,-0.3951808140363012
0.9666885297224672,0.0659623112761864,0.0759978090971583,0.1292070832814655,-0.066184358891419,-0.397361656412414
0.9669897997723212,0.0658053421262655,0.0750692210019269,0.1293355341799109,-0.0685296316600019,-0.3995356287345218
0.9672873103407912,0.0656450812975322,0.0741481216000801,0.1294587326979456,-0.0708827174324301,-0.4017028123775204
0.967581102179344,0.0654816244082154,0.0732344742969993,0.1295767966685761,-0.0732437954870418,-0.4038632835077726
0.9678712159674372,0.065315064671758,0.0723282417474534,0.1296898407764264,-0.0756130454719261,-0.4060171129494492
0.9681576923280686,0.0651454929348952,0.0714293857897457,0.1297979766403074,-0.0779906476551452,-0.408164366537151
0.9684405717372154,0.0649729977767959,0.0705378677137381,0.1299013128527943,-0.0803767822945297,-0.4103051046654143
0.9687198946247202,0.0647976654932409,0.0696536479291065,0.1299999550892802,-0.0827716305965979,-0.4124393832656209
0.9689957012256672,0.0646195802306315,0.0687766864202706,0.1300940061226839,-0.0851753735762793,-0.4145672528902343
0.9692680316850012,0.0644388239631266,0.0679069424033485,0.1301835659274554,-0.0875881930603053,-0.4166887597102099
0.9695369258972864,0.0642554766390275,0.0670443748258547,0.1302687316905453,-0.0900102703839135,-0.4188039444631025
0.96980242369159,0.064069616097556,0.0661889417656678,0.1303495979340644,-0.09244178813868,-0.4209128440794596
0.9700645646404013,0.0638813182367306,0.0653406010337511,0.1304262565139391,-0.0948829285656452,-0.4230154903616408
0.9703233880583224,0.063690657058545,0.0644993101751049,0.1304987966817754,-0.0973338735908564,-0.4251119101150537
0.9705789331035798,0.0634977046337838,0.0636650261335997,0.1305673051711296,-0.0997948058615186,-0.4272021261200761
0.9708312387910594,0.0633025311229736,0.0628377051990093,0.1306318662517347,-0.1022659090125588,-0.429286157415216
0.9710803437607234,0.0631052049900595,0.0620173037604634,0.1306925617222244,-0.1047473654976099,-0.4313640175338938
0.9713262864027384,0.0629057929476779,0.0612037778975513,0.1307494709979013,-0.1072393578352208,-0.4334357156439817
0.9715691049379822,0.0627043599243021,0.0603970831094212,0.1308026711776047,-0.1097420695212521,-0.4355012573637104
0.9718088372494889,0.0625009692343822,0.0595971748699348,0.1308522370525312,-0.1122556833987094,-0.4375606434650511
0.972045521046741,0.0622956824742318,0.0588040080798244,0.1308982411881324,-0.1147803834320718,-0.4396138713906062
0.9722791936236764,0.0620885597618245,0.0580175378751711,0.130940753920445,-0.1173163522187479,-0.4416609332742716
0.972509892011994,0.0618796596412198,0.0572377191181235,0.1309798434331442,-0.1198637726348681,-0.4437018173483221
0.972737653085056,0.0616690390143678,0.0564645060425747,0.1310155758139057,-0.1224228290961815,-0.4457365089824184
0.9729625132436844,0.0614567534583934,0.0556978533195237,0.1310480150434738,-0.1249937041254275,-0.4477649879841978
0.9731845085997392,0.0612428570938083,0.054937715442163,0.1310772230692498,-0.1275765803891285,-0.4497872302873507
0.973403675095032,0.0610274024945536,0.0541840463179514,0.1311032598561192,-0.1301716421823649,-0.4518032091351927
0.9736200481828088,0.0608104410259034,0.0534368003643414,0.1311261833830381,-0.1327790717496864,-0.4538128922425096
0.973833663066112,0.0605920226441369,0.0526959316973912,0.1311460497109693,-0.1353990520935032,-0.4558162440299974
0.9740445546815478,0.0603721959350325,0.0519613941882266,0.1311629130122715,-0.1380317668816351,-0.4578132255615144
0.9742527575549336,0.0601510082907627,0.0512331419702766,0.1311768255922345,-0.1406773986956994,-0.4598037932386347
0.9744583059544508,0.0599285057783261,0.0505111289123766,0.1311878379347251,-0.1433361309671015,-0.4617879002976158
0.974661233691266,0.0597047333810786,0.0497953093246964,0.1311959987226243,-0.1460081454395778,-0.463765494935401
0.9748615743578876,0.0594797347677817,0.049085637128857,0.1312013548819008,-0.1486936252703277,-0.4657365226479529
0.9750593611634768,0.059253552496919,0.0483820664437892,0.1312039516027301,-0.1513927529215095,-0.4677009246761482
0.975254626960914,0.0590262280154042,0.0476845515001794,0.1312038323715226,-0.1541057105010446,-0.4696586382872244
0.9754474043191992,0.0587978015992526,0.0469930463898297,0.1312010389987901,-0.156832680787203,-0.4716095975284918
0.9756377253939952,0.0585683125301931,0.0463075055374058,0.1311956116471429,-0.159573845429493,-0.4735537319468684
0.9758256220893174,0.0583377989278107,0.0456278831288503,0.1311875888547908,-0.1623293872547209,-0.4754909682465341
0.976011125856072,0.0581062980178695,0.0449541338472168,0.1311770075676842,-0.1650994873553276,-0.4774212282390304
0.976194267856831,0.0578738459570975,0.0442862122885141,0.1311639031593402,-0.1678843274689385,-0.4793444305375869
0.9763750789179876,0.0576404779132926,0.0436240731432073,0.1311483094554569,-0.1706840893019425,-0.4812604900787936
0.976553589497818,0.0574062281301447,0.0429676713237064,0.1311302587601858,-0.1734989540253185,-0.483169317783865
0.9767298297146736,0.0571711299150438,0.0423169618725551,0.1311097818771159,-0.1763291026861582,-0.4850708208493103
0.9769038292935304,0.0569352157345488,0.04167190017164,0.131086908138402,-0.1791747153165185,-0.4869649021573587
0.9770756177507952,0.0566985169857687,0.0410324412678423,0.1310616654013515,-0.1820359739458061,-0.4888514622796718
0.9772452241309548,0.0564610643754039,0.04039854086058,0.1310340801034721,-0.1849130582766448,-0.4907303965976485
0.9774126772102444,0.0562228876641783,0.0397701545574338,0.1310041772546664,-0.1878061490110365,-0.4926015975079523
0.977578005360738,0.0559840158783137,0.039147238393576,0.1309719804783281,-0.1907154255238644,-0.4944649528982435
0.9777412366606232,0.0557444771751526,0.0385297484306644,0.1309375120111064,-0.193641067722719,-0.4963203473508398
0.9779023988240352,0.0555042989646521,0.0379176410326629,0.1309007927339353,-0.1965832547939978,-0.4981676613291951
0.9780615192365038,0.0552635078793488,0.0373108727447947,0.130861842182852,-0.1995421657855964,-0.500006771545971
0.9782186249618255,0.0550221297836107,0.036709400279129,0.1308206785635312,-0.2025179797092215,-0.501837551013401
0.9783737426985124,0.0547801898611001,0.0361131806940047,0.1307773187791928,-0.2055108746700619,-0.5036598684990138
0.9785268988577908,0.0545377125144569,0.0355221711077025,0.1307317784255265,-0.2085210293076903,-0.505473589398178
0.9786781194760548,0.0542947215219281,0.0349363290478556,0.1306840718306007,-0.2115486210550191,-0.50727857466328
0.9788274302983372,0.0540512399255282,0.0343556121426553,0.1306342120453034,-0.2145938277170903,-0.509074681745288
0.9789748567328408,0.0538072901221979,0.0337799783091213,0.1305822108709202,-0.2176568265266753,-0.510861764009379
0.9791204237778942,0.0535628940081663,0.0332093860540524,0.1305280789020406,-0.220737792500379,-0.5126396697836914
0.9792641562300464,0.0533180726518242,0.0326437936734826,0.1304718254650891,-0.2238369027286713,-0.5144082448369963
0.979406078544866,0.0530728465404991,0.0320831598078889,0.1304134586783907,-0.226954333457589,-0.5161673306458554
0.9795462147908316,0.0528272356834385,0.0315274436405097,0.130352985487315,-0.230090258931407,-0.5179167637489166
0.9796845888003356,0.0525812593690238,0.030976604313931,0.1302904116139365,-0.2332448546427979,-0.5196563775606787
0.9798212240439894,0.0523349364017649,0.0304306014408941,0.1302257416216042,-0.2364182944706452,-0.5213860007467785
0.9799561437000512,0.0520882849992014,0.0298893948426506,0.1301589788965955,-0.2396107521464912,-0.5231054580255013
0.9800893706455852,0.0518413228245028,0.0293529445969183,0.1300901256620651,-0.2428224009881937,-0.5248145699946232
0.9802209274037952,0.0515940671034931,0.0288212112643397,0.1300191830171323,-0.2460534125155775,-0.5265131523827924
0.9803508362775256,0.051346534392912,0.0282941553632538,0.129946150876358,-0.2493039596116349,-0.5282010176985934
0.9804791191840608,0.051098740908869,0.0277717380511401,0.1298710280690653,-0.2525742123620139,-0.5298779730246113
0.980605797830211,0.05085070221071,0.0272539204278493,0.1297938122504528,-0.255864342335921,-0.5315438222180389
0.9807308935244978,0.0506024335823743,0.0267406643146908,0.1297145000220024,-0.2591745176706743,-0.5331983633764534
0.9808544273847616,0.0503539496433415,0.0262319314195024,0.1296330868141022,-0.2625049083509707,-0.5348413914896275
0.9809764201736504,0.0501052646899501,0.0257276840238574,0.1295495669969755,-0.2658556817840691,-0.5364726961911439
0.9810968923740327,0.0498563925647254,0.0252278846883174,0.1294639338432125,-0.2692270046399567,-0.5380920626697762
0.9812158642259048,0.0496073465948269,0.0247324961116093,0.1293761795076705,-0.2726190438029057,-0.5396992720892165
0.9813333556590508,0.0493581397471252,0.0242414814230482,0.1292862950825105,-0.2760319643758223,-0.5412941006011495
0.9814493863090172,0.0491087846145461,0.0237548041312249,0.1291942705962035,-0.2794659299444245,-0.5428763194685386
0.9815639755554252,0.0488592933511188,0.023272427977188,0.1291000949915297,-0.2829211035586329,-0.5444456955002444
0.9816771425121996,0.0486096777075467,0.022794316987809,0.1290037561387585,-0.2863976473397117,-0.5460019908345498
0.9817889059941116,0.0483599491219593,0.0223204356308195,0.1289052408718839,-0.2898957212952481,-0.5475449623893941
0.9818992845967784,0.0481101185583191,0.0218507484894059,0.1288045349260155,-0.2934154856548553,-0.5490743628756772
0.9820082966121312,0.0478601967107927,0.0213852206335412,0.1287016230179749,-0.2969570980832003,-0.5505899395411065
0.982115960075311,0.047610193916131,0.0209238174349374,0.1285964888127897,-0.3005207149656013,-0.5520914347246835
0.982222292780338,0.0473601201320164,0.0204665045123909,0.1284891149135715,-0.3041064917874181,-0.5535785859855238
0.9823273122662288,0.04710998498373,0.0200132478036397,0.1283794828798176,-0.3077145825355584,-0.5550511258186575
0.9824310357919256,0.0468597978407616,0.0195640136871525,0.1282675732610883,-0.3113451386395227,-0.5565087812090892
0.9825334803754612,0.0466095677404821,0.0191187688266762,0.1281533655637653,-0.3149983101104511,-0.5579512740865016
0.9826346628047172,0.0463593033756967,0.0186774801364592,0.1280368382431063,-0.3186742457779562,-0.5593783213851962
0.9827345996234848,0.0461090131427368,0.0182401148539139,0.1279179687230243,-0.3223730926355936,-0.5607896347551372
0.9828333070968304,0.0458587052452759,0.0178066407047109,0.127796733445221,-0.3260949943282941,-0.5621849199780126
0.9829308012709344,0.0456083875610352,0.0173770256541045,0.1276731078054982,-0.3298400931394215,-0.563563877718521
0.9830270980147672,0.0453580675450084,0.0169512377334352,0.1275470661005063,-0.3336085314985213,-0.5649262040219744
0.983122212875548,0.045107752617947,0.0165292456905553,0.1274185817196596,-0.3374004461693676,-0.5662715881761061
0.9832161612140558,0.0448574498331336,0.0161110184055125,0.1272876269782885,-0.3412159732521489,-0.5675997145323703
0.9833089581228704,0.0446071661061803,0.0156965252653388,0.1271541732336388,-0.3450552447099739,-0.5689102612584577
0.9834006185129291,0.0443569079989989,0.0152857357907315,0.1270181907697581,-0.348918391664903,-0.5702029014708988
0.9834911570772604,0.0441066818283926,0.0148786198082531,0.1268796488501535,-0.3528055427594783,-0.5714773026304775
0.9835805882689462,0.043856493742177,0.014475147561606,0.1267385157581498,-0.3567168229626659,-0.5727331261424178
0.983668926313398,0.043606349702444,0.0140752896693995,0.126594758787829,-0.3606523537939764,-0.5739700274433486
0.9837561852273412,0.0433562554474259,0.0136790170513906,0.1264483442209842,-0.3646122538950518,-0.575187656182148
0.9838423788326564,0.0431062164648465,0.0132863008766062,0.1262992373081953,-0.3685966394385248,-0.5763856563262668
0.9839275207389224,0.0428562380551533,0.0128971126536072,0.1261474023028534,-0.3726056231053751,-0.5775636658325713
0.9840116243287712,0.042606325390405,0.0125114243094962,0.1259928024963323,-0.376639313091834,-0.5787213163654803
0.9840947027960782,0.0423564834168916,0.0121292080268266,0.1258354001575983,-0.3806978146237095,-0.5798582337468494
0.9841767691406708,0.0421067168830805,0.0117504362782188,0.1256751565470394,-0.3847812294735944,-0.5809740378015917
0.9842578361195452,0.0418570305038158,0.0113750820632227,0.1255120320217493,-0.3888896532092707,-0.5820683416235148
0.98433791633876,0.0416074286946587,0.0110031184950994,0.1253459858638215,-0.393023179476609,-0.5831407527528781
0.984417022200788,0.0413579157448643,0.0106345190541276,0.1251769763891712,-0.3971818971149547,-0.5841908723879377
0.984495165904671,0.0411084958329445,0.0102692575984293,0.1250049609591343,-0.4013658898085282,-0.5852182953269742
0.9845723594882568,0.0408591729059528,0.009907308177222,0.1248298958966398,-0.4055752380329291,-0.5862226104613013
0.9846486147578688,0.0406099509195644,0.0095486453707098,0.1246517366533504,-0.4098100149273314,-0.5872033997977578
0.9847239433897242,0.0403608335235346,0.0091932438246172,0.1244704375879368,-0.4140702915219025,-0.5881602397194723
0.98479835683527,0.0401118243839212,0.0088410787053441,0.1242859521957929,-0.4183561311745456,-0.5890926997133917
0.9848718663633784,0.0398629270618927,0.0084921255127353,0.1240982330267318,-0.4226675914973497,-0.5900003428793085
0.9849444831026636,0.0396141448826486,0.0081463598886627,0.1239072315855608,-0.4270047265329634,-0.5908827264041969
0.9850162179890928,0.0393654811246985,0.007803757874983,0.1237128984744264,-0.4313675833773155,-0.5917394008695094
0.9850870817807492,0.0391169389853755,0.0074642958539321,0.1235151833712479,-0.4357562026362743,-0.5925699104104062
0.9851570850762872,0.0388685215300468,0.0071279504695047,0.1233140349921789,-0.4401706191928675,-0.5933737929075197
0.9852262383043948,0.0386202317418815,0.0067946986872292,0.123109401133451,-0.4446108612019035,-0.5941505798383746
0.9852945517310728,0.0383720725095846,0.0064645177686502,0.1229012286651916,-0.4490769501677638,-0.5948997963460801
0.985362035451782,0.0381240466696746,0.0061373853186914,0.1226894635713514,-0.4535689000365955,-0.5956209611462695
0.9854286994167938,0.037876156927055,0.0058132791720606,0.1224740508870357,-0.4580867184815422,-0.5963135867979484
0.9854945534080952,0.0376284059527616,0.0054921775141038,0.1222549347868846,-0.4626304049800163,-0.5969771794577924
0.9855596070573496,0.0373807963310238,0.0051740588025959,0.1220320585460063,-0.46719995161029,-0.5976112390818707
0.9856238698261982,0.0371333306479044,0.0048589018730019,0.1218053646271347,-0.4717953412443501,-0.5982152592560844
0.9856873510634048,0.0368860112846019,0.0045466856669594,0.1215747944990351,-0.476416551211985,-0.5987887277612381
0.9857500599424336,0.036638840669648,0.0042373895465466,0.1213402888741898,-0.4810635484511751,-0.5993311260100737
0.9858120054930224,0.0363918211716519,0.0039309931482631,0.1211017876218094,-0.4857362913012046,-0.5998419293966615
0.9858731966290444,0.0361449549988861,0.0036274762528084,0.1208592296774906,-0.4904347312368511,-0.6003206075568683
0.9859336420870788,0.035898244457964,0.0033268190973332,0.1206125533050439,-0.4951588077729855,-0.6007666239278141
0.9859933504776088,0.0356516917626773,0.0030290021302805,0.1203616959242463,-0.4999084518786301,-0.6011794362398634
0.9860523302894514,0.0354052990251866,0.0027340059962274,0.120106594109583,-0.5046835859769087,-0.6015584965933837
0.986110589874249,0.0351590683310355,0.0024418116205365,0.1198471836775179,-0.5094841223097387,-0.6019032514200213
0.9861681374451292,0.0349130017581892,0.0021524002239536,0.1195833997220159,-0.5143099623491396,-0.602213141577574
0.9862249810791176,0.0346671013806404,0.0018657533183829,0.1193151766359963,-0.5191609964986148,-0.6024876024835746
0.9862811287452722,0.0344213691585786,0.0015818525722533,0.1190424480070726,-0.5240371060476683,-0.6027260643607842
0.9863365882892337,0.0341758070144805,0.0013006798948636,0.1187651467130918,-0.5289381614791603,-0.6029279522525861
0.9863913674163856,0.0339304169205943,0.0010222175290936,0.1184832050403609,-0.5338640204929432,-0.6030926861043758
0.986445473733444,0.0336852007258409,0.000746447847286,0.1181965545060053,-0.5388145312435071,-0.6032196810473038
0.986498914717477,0.0334401603047002,0.0004733535151257,0.1179051260465229,-0.5437895291398569,-0.6033083474375136
0.9865516977396392,0.0331952974610929,0.0002029173773277,0.1176088499263575,-0.5487888385582904,-0.6033580910718259
0.9866038300513776,0.0329506140021975,-6.48774655315e-05,0.1173076558464294,-0.5538122711215445,-0.6033683133258231
0.9866553187907732,0.0327061117210254,-0.0003300476829086,0.1170014729476584,-0.5588596258157322,-0.6033384113522625
0.9867061710895382,0.0324617918909292,-0.0005926102610496,0.1166902291862174,-0.5639306992764463,-0.6032677780886075
0.9867563938935562,0.0322176561247064,-0.0008525815734581,0.11637385242618,-0.5690252678610551,-0.6031558024973761
0.9868059940588034,0.0319737059326947,-0.0011099778681011,0.1160522699169065,-0.5741430965103687,-0.6030018697552116
0.9868549783069124,0.0317299429511328,-0.0013648150310255,0.1157254086191886,-0.5792839337337267,-0.6028053615969835
0.9869033532758638,0.0314863687047387,-0.0016171088432511,0.1153931949231078,-0.5844475163434916,-0.6025656564105386
0.9869511254969224,0.031242984729815,-0.0018668748555113,0.1150555548386219,-0.5896335666449496,-0.6022821295397945
0.9869983014082854,0.0309997925156171,-0.0021141284538299,0.1147124139458278,-0.5948417934485105,-0.6019541534676518
0.9870448873816008,0.0307567933736336,-0.0023588849938653,0.1143636972336669,-0.6000718946766062,-0.6015810978257691
0.9870908896660656,0.0305139887349288,-0.0026011595026414,0.1140093295503681,-0.6053235507734137,-0.6011623300419088
0.9871363144364984,0.0302713799101016,-0.0028409669255874,0.1136492352943998,-0.6105964296352517,-0.6006972152531653
0.9871811677780196,0.0300289681761748,-0.0030783220413585,0.1132833385685047,-0.615890184537852,-0.6001851166742399
0.9872254556929342,0.0297867547474788,-0.0033132394933886,0.1129115631682251,-0.6212044545623437,-0.5996253957953604
0.987269184098614,0.0295447407942989,-0.0035457337740507,0.1125338326421856,-0.6265388639861716,-0.5990174126787339
0.9873123588229348,0.0293029274764684,-0.003775819195591,0.1121500703802364,-0.6318930213335371,-0.5983605263280761
0.9873549856342037,0.0290613157824934,-0.0040035100451687,0.1117601993916889,-0.6372665227435623,-0.5976540945201203
0.987397070206809,0.0288199067277073,-0.0042288203975735,0.1113641426525459,-0.6426589473984183,-0.5968974746054581
0.987438618143236,0.0285787012376115,-0.0044517642281966,0.1109618229564394,-0.6480698599164972,-0.5960900234803085
0.9874796349559604,0.0283377002595659,-0.0046723553115982,0.1105531631379632,-0.653498807661661,-0.5952310982567973
0.987520126115618,0.0280969044859866,-0.0048906074763758,0.1101380856406576,-0.6589453267992734,-0.5943200555754682
0.9875600969824172,0.027856314764064,-0.0051065342320694,0.1097165132517215,-0.6644089328861739,-0.5933562533851396
0.987599552874329,0.027615931697251,-0.0053201491324732,0.1092883684567714,-0.6698891297053663,-0.592339049768516
0.987638499027706,0.0273757558844197,-0.0055314655594881,0.1088535738903247,-0.6753854036964637,-0.5912678041534708
0.987676940607766,0.0271357878635736,-0.0057404967756244,0.1084120522810533,-0.6808972250640596,-0.5901418774383443
0.9877148827035316,0.0268960281500017,-0.0059472558924302,0.1079637265662482,-0.6864240467397377,-0.5889606325249648
0.9877523303454594,0.026656477131048,-0.0061517559626171,0.1075085197396779,-0.6919653066539133,-0.5877234341572177
0.9877892884960856,0.0264171351286901,-0.0063540099255734,0.1070463550078334,-0.6975204261622533,-0.5864296495442354
0.9878257620594691,0.0261780023427452,-0.0065540306554117,0.1065771557225112,-0.7030888112321254,-0.5850786483920459
0.987861755850336,0.0259390790588431,-0.0067518307879805,0.1061008458356629,-0.7086698474658415,-0.5836698044529314
0.987897274639228,0.0257003653579767,-0.0069474229647313,0.105617349377416,-0.7142629067368742,-0.582202494267834
0.9879323231131508,0.0254618613824234,-0.0071408196128966,0.1051265910333188,-0.7198673408634855,-0.58067609911167
0.9879669059141396,0.0252235670815922,-0.007332033154273,0.1046284956784986,-0.7254824874533136,-0.579090003822711
0.988001027598582,0.0249854824946582,-0.0075210757771166,0.1041229890115972,-0.7311076631557795,-0.5774435990302552
0.9880346926735626,0.0247476075071301,-0.0077079596333315,0.1036099971025056,-0.7367421692940486,-0.5757362799862865
0.9880679055875148,0.0245099419174801,-0.0078926967836499,0.1030894465768101,-0.742385290222925,-0.5739674473714608
0.9881006706887668,0.0242724857430606,-0.008075298963104,0.1025612653507672,-0.7480362859699019,-0.5721365100899604
0.9881329923043282,0.0240352386612994,-0.0082557780158608,0.1020253814624327,-0.7536944054377195,-0.5702428815511124
0.98816487467102,0.0237982005118643,-0.0084341455082999,0.1014817242399754,-0.7593588744070446,-0.568285983952739
0.9881963219649332,0.0235613710929645,-0.0086104128893284,0.1009302239196084,-0.7650289003211036,-0.5662652472770271
0.9882273383013178,0.0233247501682691,-0.0087845914863958,0.1003708117237055,-0.7707036720852645,-0.564180109845224
0.988257927733204,0.0230883374840912,-0.0089566924943636,0.0998034199661984,-0.7763823596307513,-0.5620300189866498
0.988288094240614,0.0228521328619343,-0.0091267269112113,0.0992279823476567,-0.7820641116742376,-0.5598144324627281
0.9883178417397408,0.0226161361387549,-0.0092947055859385,0.0986444338924086,-0.7877480571460012,-0.5575328185655434
0.9883471740864102,0.0223803471483801,-0.0094606392346931,0.0980527109778725,-0.7934333056545869,-0.5551846565391402
0.9883760950633864,0.0221447658337038,-0.009624538365473,0.097452751696313,-0.7991189448139072,-0.5527694383367451
0.9884046083874723,0.0219093922032376,-0.0097864133145598,0.096844495837727,-0.8048040413368184,-0.5502866689207236
0.9884327177262248,0.0216742262027814,-0.0099462743381365,0.096227884640072,-0.8104876442086248,-0.5477358655623267
0.9884604266495728,0.0214392681320772,-0.0101041313337364,0.0956028619713292,-0.8161687747106621,-0.5451165630756528
0.9884877386859008,0.0212045181915558,-0.0102599941555247,0.094969373244157,-0.821846437489204,-0.5424283097227999
0.988514657288911,0.0209699767736357,-0.0104138724224494,0.0943273662796358,-0.8275196136584563,-0.5396706711704239
0.988541185851432,0.0207356443606645,-0.0105657755935181,0.0936767911397882,-0.8331872634382761,-0.5368432301811534
0.9885673276890988,0.0205015216855612,-0.0107157128709569,0.0930176006820897,-0.8388483224700587,-0.5339455894169318
0.9885930860567296,0.0202676096066704,-0.0108636932904709,0.0923497503313365,-0.8445017050790318,-0.5309773708795723
0.98861846414158,0.0200339091859115,-0.011009725679298,0.0916731984153562,-0.8501463026551739,-0.5279382178000513
0.988643465070766,0.0198004216399937,-0.0111538186956406,0.0909879061450597,-0.8557809851392867,-0.5248277949707061
0.9886680919024476,0.0195671484418872,-0.0112959807747362,0.0902938380334972,-0.8614045989200336,-0.5216457910634483
0.98869234762911,0.0193340913136589,-0.011436220144458,0.0895909620102155,-0.8670159674012501,-0.5183919196129746
0.9887162351739776,0.019101252285563,-0.0115745448013495,0.0888792497382781,-0.8726138900210841,-0.5150659209477688
0.9887397574063184,0.0188686335716498,-0.0117109625961407,0.0881586763740242,-0.8781971457317239,-0.5116675615287298
0.9887629171307242,0.0186362376968497,-0.011845481168844,0.0874292210907989,-0.8837644904761623,-0.5081966368429491
0.9887857170943948,0.0184040674503241,-0.0119781079881191,0.0866908670778342,-0.8893146588964296,-0.5046529718650286
0.9888081599731238,0.018172126055813,-0.0121088502668894,0.0859436022308596,-0.8948463609098017,-0.5010364248435877
0.988830248400908,0.0179404168958516,-0.0122377151319711,0.0851874184195042,-0.9003582889989914,-0.4973468842436014
0.9888519849362596,0.0177089438892632,-0.0123647094251525,0.0844223128577743,-0.9058491099786572,-0.4935842758621436
0.988873372099294,0.0174777111320304,-0.0124898399170068,0.0836482870870921,-0.911317474367522,-0.4897485583459279
0.9888944123531216,0.0172467231201113,-0.0126131131960315,0.0828653478521713,-0.916762011968302,-0.4858397279250925
0.9889151081053728,0.0170159847666194,-0.0127345356751,0.0820735073213348,-0.9221813324296564,-0.481857819995904
0.988935461724552,0.0167855012507356,-0.0128541136852017,0.0812727827210265,-0.9275740298115466,-0.4778029077335065
0.9889554755229948,0.016555278238768,-0.0129718533733844,0.080463197245993,-0.9329386784748792,-0.473675107115462
0.9889751517812012,0.0163253216386326,-0.0130877608438214,0.0796447793524127,-0.9382738399632958,-0.4694745737676371
0.9889944927238244,0.0160956379085083,-0.0132018420146718,0.0788175639928478,-0.9435780570287376,-0.465201509691149
0.989013500558695,0.0158662336284063,-0.0133141028464079,0.0779815912245993,-0.948849864818453,-0.4608561564989972
0.9890321774399748,0.0156371159668655,-0.0134245491229647,0.0771369080236655,-0.9540877814177928,-0.4564388051610572
0.9890505255080394,0.015408292229372,-0.0135331866858367,0.0762835667693651,-0.9592903196097832,-0.4519497884896588
0.9890685468743018,0.0151797700642208,-0.0136400213433523,0.0754216261024508,-0.9644559835346226,-0.447389485901287
0.9890862436070532,0.0149515576760856,-0.0137450587853068,0.0745511518600437,-0.9695832653885984,-0.4427583287110174
0.9891036177741862,0.0147236633086321,-0.0138483048352337,0.0736722152245776,-0.9746706586306908,-0.4380567906101411
0.9891206714243124,0.0144960955014663,-0.0139497653377269,0.0727848937705619,-0.979716653678774,-0.4332853934147171
0.989137406575926,0.0142688632640508,-0.014049446092915,0.0718892722412964,-0.98471973569766,-0.4284447114994578
0.9891538252595434,0.0140419755292676,-0.0141473531065607,0.0709854404779339,-0.989678398290252,-0.4235353608189602
0.9891699294872762,0.0138154415771373,-0.0142434924083842,0.0700734951292582,-0.9945911357314338,-0.418558008253364
0.989185721265576,0.0135892708812378,-0.0143378701273001,0.0691535391007779,-0.9994564480293286,-0.4135133687724326
0.9892012026065566,0.0133634729585849,-0.0144304925586046,0.068225680971813,-1.004272845788437,-0.4084022023103568
0.9892163755161704,0.0131380575495261,-0.0145213660928646,0.0672900357440423,-1.0090388479835444,-0.4032253179145813
0.9892312420160287,0.012913034304066,-0.0146104973461384,0.0663467235476741,-1.0137529902486686,-0.3979835666090695
0.9892458041418366,0.0126884127960295,-0.0146978931505219,0.0653958696566235,-1.0184138260405051,-0.3926778413748519
0.98926006392334,0.0124642028326287,-0.0147835604334725,0.0644376057682942,-1.0230199217753604,-0.3873090842199881
0.9892740234093008,0.0122404140720126,-0.014867506367258,0.0634720683512459,-1.027569866352765,-0.3818782768816232
0.9892876846634228,0.0120170560743081,-0.0149497383443038,0.0624993987884055,-1.0320622715177878,-0.3763864414530959
0.9893010497619144,0.0117941383317234,-0.0150302639621914,0.0615197434328118,-1.0364957726863178,-0.3708346405252821
0.9893141208089432,0.0115716699950052,-0.0151090911164715,0.0605332523106599,-1.0408690357270176,-0.3652239696198672
0.9893268999295116,0.0113496599622588,-0.0151862279575559,0.0595400793808782,-1.0451807563369278,-0.3595555583610219
0.9893393892504092,0.0111281171935325,-0.0152616827752476,0.0585403838326076,-1.0494296551994715,-0.353830577633012
0.9893515909408628,0.0109070499734715,-0.0153354642437235,0.0575343266415143,-1.0536144933566032,-0.3480502195984464
0.98936350718193,0.0106864664105603,-0.0154075812363107,0.0565220726488497,-1.0577340634923078,-0.3422157092157813
0.9893751401687269,0.0104663743763297,-0.0154780428381869,0.0555037901481582,-1.0617871921609707,-0.336328301560773
0.9893864921217748,0.0102467812583285,-0.0155468584144005,0.0544796495807171,-1.0657727452315884,-0.3303892739300657
0.9893975652818398,0.0100276940099055,-0.015614037577968,0.0534498235723571,-1.06968962761134,-0.3243999256306065
0.9894083619106032,0.0098091190885828,-0.01567959019317,0.0524144864483332,-1.0735367849271007,-0.3183615747366888
0.989418884292149,0.0095910623694233,-0.0157435263837618,0.0513738136123779,-1.0773132054630532,-0.3122755540175777
0.9894291347114682,0.0093735295404622,-0.0158058564013563,0.0503279832316229,-1.0810179137338096,-0.3061432203608265
0.989439115468884,0.0091565257674573,-0.0158665907118319,0.0492771744515537,-1.0846499767993687,-0.2999659439385795
0.9894488288934608,0.0089400553311634,-0.0159257400758917,0.0482215654048529,-1.0882085103712094,-0.2937450960100012
0.9894582773144877,0.0087241221801357,-0.0159833153743353,0.0471613356579112,-1.0916926695429208,-0.2874820628196327
0.9894674630578496,0.008508729981364,-0.0160393275843668,0.046096666278581,-1.095101648317409,-0.2811782456217699
0.9894763884812257,0.0082938812325146,-0.0160937879927833,0.0450277352288611,-1.0984346935765374,-0.274835032949168
0.9894850559286988,0.0080795782483622,-0.0161467079177622,0.0439547220025436,-1.1016910891067004,-0.2684538275813293
0.9894934677460612,0.007865822751929,-0.0161980988004633,0.0428778054016891,-1.1048701619519563,-0.2620360329608182
0.9895016262802506,0.0076526158159604,-0.0162479721999475,0.0417971630190076,-1.1079712828700987,-0.2555830496573411
0.9895095338690884,0.0074399580599635,-0.0162963397287011,0.0407129720198059,-1.1109938630041134,-0.2490962796003273
0.989517192847081,0.0072278494325684,-0.0163432130862769,0.0396254078300667,-1.1139373565579715,-0.2425771178237256
0.9895246055355282,0.0070162894091314,-0.0163886039969157,0.0385346449373166,-1.1168012574099966,-0.2360269568431963
0.9895317742506298,0.0068052766901487,-0.0164325242572566,0.0374408551349811,-1.119585102558711,-0.2294471757146805
0.989538701290629,0.0065948094886535,-0.0164749856556806,0.0363442087989943,-1.1222884674100817,-0.2228391472932426
0.9895453889262632,0.0063848857715951,-0.016515999911685,0.0352448759749229,-1.1249109621634317,-0.2162042444474234
0.9895518394089268,0.0061755029671705,-0.0165555787238232,0.0341430246891832,-1.1274522350417135,-0.209543829559941
0.989558054978397,0.0059666576247157,-0.0165937338151096,0.0330388189682383,-1.1299119753935327,-0.2028592421819172
0.9895640378497924,0.0057583457367037,-0.0166304768510034,0.0319324203397325,-1.1322899085564857,-0.1961518077300417
0.9895697901980682,0.0055505632266762,-0.0166658193420528,0.0308239902750503,-1.134585789555543,-0.1894228520052555
0.9895753141697444,0.0053433055114433,-0.0166997727137593,0.02971368773402,-1.1367994075487222,-0.182673686054671
0.9895806118818022,0.0051365674666282,-0.0167323482977317,0.028601668828592,-1.138930585181011,-0.1759056038353233
0.9895856854260184,0.0049303431584061,-0.0167635573563176,0.0274880852239394,-1.1409791800929312,-0.1691198721841927
0.9895905368357488,0.0047246271324481,-0.0167934108762076,0.0263730909703892,-1.1429450711889009,-0.1623177722037418
0.989595168128138,0.0045194126405113,-0.0168219198260351,0.0252568328064934,-1.1448281753189635,-0.1555005399411872
0.9895995812625396,0.0043146933348833,-0.0168490948985113,0.0241394592229442,-1.146628430047088,-0.1486694214541525
0.989603778168782,0.0041104619914059,-0.0168749466824022,0.0230211134234081,-1.14834580469249,-0.141825629642551
0.9896077607358884,0.0039067109038666,-0.016899485591175,0.0219019353491411,-1.1499802953122176,-0.1349703563838108
0.9896115307932464,0.0037034328291115,-0.0169227217450346,0.0207820667912962,-1.1515319164686304,-0.1281048036963864
0.9896150901467884,0.0035006190375242,-0.0169446651919962,0.0196616405828658,-1.1530007155879398,-0.1212301173489873
0.9896184405304465,0.0032982619137588,-0.0169653256068558,0.0185407948566985,-1.1543867524461422,-0.1143474741391927
0.9896215836468064,0.0030963526665213,-0.0169847125399935,0.017419660341084,-1.15569011537776,-0.1074580038412473
0.9896245211466096,0.002894882412792,-0.0170028352893046,0.0162983662732145,-1.15691091227564,-0.1005628253453852
0.989627254628369,0.0026938422177255,-0.0170197028961218,0.0151770405738741,-1.1580492698512834,-0.0936630476411769
0.9896297856400786,0.0024932229795414,-0.0170353241541472,0.0140558091604156,-1.1591053337682264,-0.0867597655038865
0.9896321156795418,0.0022930153765582,-0.0170497076099073,0.0129347956034787,-1.1600792682034649,-0.079854057290835
0.9896342461955792,0.0020932096957502,-0.0170628615687242,0.0118141201195502,-1.1609712557800589,-0.0729469786450952
0.989636178580326,0.0018937965197849,-0.0170747940457131,0.0106939033855114,-1.1617814937651607,-0.066039585931194
0.9896379141799432,0.0016947656623536,-0.0170855128305393,0.0095742605300317,-1.1625101979808838,-0.0591328991310687
0.9896394542814284,0.0014961075377682,-0.017095025404656,0.0084553087994906,-1.163157596701884,-0.0522279490586927
0.9896408001233558,0.0012978119931235,-0.0171033390063713,0.007337160967753,-1.163723934594887,-0.0453257366661832
0.9896419528898438,0.0010998690101561,-0.017110460592405,0.0062199292625814,-1.1642094696271856,-0.0384272572211424
0.9896429137130052,0.0009022683940593,-0.0171163968518871,0.0051037235937489,-1.1646144735450694,-0.0315334893342661
0.9896436836713348,0.0007050001188676,-0.0171211541953309,0.003988653487162,-1.1649392306529325,-0.0246454068705843
0.989644263791832,0.0005080539562604,-0.0171247387667477,0.0028748259744589,-1.165184038176796,-0.0177639658874089
0.9896446550495136,0.0003114194091682,-0.0171271564396873,0.0017623452029256,-1.1653492055383394,-0.0108901021945756
0.9896448583661392,0.0001150863449114,-0.0171284128084866,0.000651316007852,-1.16543505330779,-0.00402475340665
0.989644874612049,-8.09556231519e-05,-0.0171285131988027,-0.0004581595927557,-1.165441913482192,0.0028311627315651
0.9896447046064744,-0.000276716245595,-0.0171274626687707,-0.0015659773684515,-1.1653701291318668,0.0096767172806989
0.9896443480006776,-0.0004726928754662,-0.0171252591070166,-0.0026747928778025,-1.165219582489862,0.0165280356679192
0.9896438039739496,-0.0006689417891521,-0.0171218975339319,-0.0037847643266669,-1.1649899891016504,0.0233858091080324
0.989643071673145,-0.0008654730240338,-0.017117372818441,-0.0048957870566822,-1.1646810838542223,0.0302491023665076
0.989642150196128,-0.0010622962408127,-0.0171116795764859,-0.0060077531112311,-1.1642926144238384,0.0371169577547029
0.9896410385891696,-0.0012594213900281,-0.0171048121557563,-0.0071205550174724,-1.163824340625047,0.0439884185219527
0.9896397358474204,-0.0014568584001869,-0.017096764639497,-0.0082340840365229,-1.163276035068618,0.0508625180734403
0.9896382409179116,-0.0016546167720206,-0.0170875308659866,-0.0093482278949372,-1.162647484890091,0.0577382660052981
0.9896365526919704,-0.001852706607079,-0.0170771043826815,-0.0104628766012173,-1.1619384890339768,0.0646146840426599
0.9896346700130771,-0.0020511374887624,-0.0170654784958184,-0.0115779161600119,-1.1611488620422046,0.0714907672846304
0.9896325916752876,-0.0022499188170309,-0.017052646261765,-0.012693230489932,-1.1602784338733334,0.0783654961013218
0.9896303164139644,-0.002449060624525,-0.0170386004309936,-0.0138087060237934,-1.1593270465202097,0.0852378645316554
0.989627842923329,-0.0026485719404736,-0.0170233335576714,-0.0149242225629707,-1.1582945618562257,0.0921068239756722
0.989625169842966,-0.0028484620824832,-0.0170068379176421,-0.0160396605587671,-1.157180856485423,0.0989713281409172
0.989622295762858,-0.003048740189868,-0.0169891055408573,-0.017154898531873,-1.1559858243528836,0.1058303172085801
0.9896192192197846,-0.0032494154744554,-0.0169701281905813,-0.0182698145076897,-1.1547093757539482,0.1126827267357782
0.9896159387092126,-0.0034504964607422,-0.0169498974382102,-0.0193842818401436,-1.1533514427692884,0.1195274620752151
0.9896124526705636,-0.0036519919740671,-0.0169284045739107,-0.0204981747532503,-1.151911973646971,0.1263634325324841
0.9896087594988864,-0.0038539104109178,-0.0169056406802029,-0.0216113643434878,-1.1503909381336055,0.1331895269034443
0.9896048575429198,-0.0040562599156907,-0.0168815966216317,-0.0227237196267206,-1.1487883271439523,0.1400046200315071
0.989600745108993,-0.0042590482257098,-0.0168562630704595,-0.0238351067583478,-1.1471041548219107,0.1468075681670852
0.9895964204504316,-0.0044622832240611,-0.0168296304431386,-0.0249453921349382,-1.1453384546554364,0.1535972280904348
0.989591881780851,-0.0046659722979384,-0.0168016889839845,-0.0260544389476195,-1.1434912853677506,0.1603724361485533
0.9895871272735934,-0.0048701224413674,-0.0167724287634891,-0.0271621078414097,-1.1415627310821408,0.1671320124737317
0.9895821550582355,-0.0050747404512057,-0.0167418396586713,-0.0282682580724316,-1.139552900291927,0.1738747682252532
0.9895769632266802,-0.0052798327058937,-0.0167099113924458,-0.0293727464035464,-1.1374619286958532,0.1805994990340861
0.9895715498304968,-0.0054854053203761,-0.0166766335191789,-0.0304754280458461,-1.135289978456497,0.1873049909415726
0.9895659128843104,-0.0056914640501285,-0.0166419954474784,-0.0315761562475631,-1.1330372398734574,0.1939900181002153
0.9895600503724652,-0.005898014102319,-0.016605986483087,-0.0326747814073513,-1.1307039343020877,0.2006533376245098
0.9895539602416183,-0.0061050604562713,-0.0165685957853613,-0.0337711529102777,-1.128290311415505,0.2072937009815883
0.989547640412366,-0.0063126075057139,-0.0165298124406463,-0.0348651173565125,-1.1257966540047422,0.2139098435032037
0.9895410887728666,-0.0065206593330981,-0.0164896254251249,-0.0359565201552208,-1.1232232755733629,0.220500494314382
0.9895343031814652,-0.0067292196603901,-0.0164480236229496,-0.0370452053974046,-1.1205705214762256,0.2270643758231853
0.989527281467472,-0.0069382918632151,-0.0164049958330647,-0.0381310160682156,-1.1178387692808824,0.2336002052741844
0.9895200214655012,-0.0071478780284817,-0.0163605309815348,-0.0392137893322285,-1.115028442043772,0.2401066667234271
0.9895125209687016,-0.0073579804167831,-0.016314617836847,-0.0402933643041909,-1.1121399899811306,0.2465824581601757
0.9895047777479108,-0.0075686009084417,-0.0162672451293709,-0.0413695793046819,-1.1091738978451011,0.2530262752510805
0.9894967895732592,-0.0077797404779809,-0.0162184016854201,-0.0424422693554941,-1.1061306929600203,0.2594367967061226
0.9894885541921632,-0.0079913998606991,-0.0161680762944397,-0.0435112697757636,-1.1030109364643226,0.265812706191148
0.989480069354907,-0.0082035789397062,-0.0161162578672232,-0.0445764132585435,-1.0998152326605517,0.272152675241138
0.989471332790128,-0.008416277433131,-0.0160629352878715,-0.0456375335296178,-1.0965442192785129,0.2784553854634574
0.9894623422367675,-0.0086294941550936,-0.0160080976106285,-0.0466944618329545,-1.093198578969214,0.284719508016129
0.9894530954196,-0.0088432276759667,-0.0159517339121244,-0.0477470304284451,-1.0897790295099934,0.2909437248001763
0.9894435900665406,-0.0090574759565038,-0.0158938333986158,-0.0487950709608802,-1.086286329603819,0.2971267191692835
0.9894338239146064,-0.0092722362818474,-0.0158343854437196,-0.0498384143541664,-1.082721280255426,0.3032671757576143
0.9894237946939132,-0.0094875056717835,-0.0157733794924058,-0.0508768930103324,-1.0790847180707324,0.3093637938534515
0.9894135001635926,-0.0097032801592507,-0.0157108052808598,-0.051910337523953,-1.0753775273759494,0.315415268522036
0.989402938079882,-0.0099195555412276,-0.015646652643522,-0.0529385805221244,-1.071600627578516,0.3214203136075513
0.98939210620634,-0.0101363271965436,-0.0155809115765215,-0.0539614559599479,-1.067754975862914,0.3273776579651021
0.9893810023363724,-0.0103535896900539,-0.0155135723754085,-0.0549787974565135,-1.0638415740081757,0.3332860362077335
0.9893696242572894,-0.0105713375358956,-0.0154446254180433,-0.0559904420801804,-1.05986145442953,0.3391442111477093
0.9893579697932164,-0.0107895644035147,-0.0153740614257131,-0.0569962268155477,-1.0558156940132386,0.3449509536781621
0.9893460367896394,-0.0110082634825617,-0.0153018713699634,-0.0579959904807168,-1.0517054071964078,0.3507050543589813
0.9893338230802426,-0.011227428118266,-0.0152280462728517,-0.0589895767818,-1.047531733226032,0.3564053413294334
0.9893213265540108,-0.0114470506257182,-0.0151525776134242,-0.0599768290664354,-1.0432958577773452,0.3620506504970113
0.989308545102897,-0.0116671232829009,-0.0150754570116836,-0.0609575950139628,-1.03899899344034,0.3676398528646972
0.9892954766548708,-0.0118876377808587,-0.0149966764286312,-0.0619317243058369,-1.0346423893898342,0.3731718415289573
0.9892821191415454,-0.0121085858101397,-0.0149162279713192,-0.0628990713722424,-1.0302273189385371,0.3786455476334436
0.9892684705302962,-0.0123299585444286,-0.0148341040867885,-0.0638594932319804,-1.0257550886574844,0.384059928377727
0.9892545287971848,-0.0125517471160123,-0.0147502973991802,-0.0648128516931459,-1.0212270277834443,0.3894139797431213
0.989240291945776,-0.0127739423290193,-0.0146648008231847,-0.0657590122032998,-1.0166444927827258,0.3947067302286778
0.989225758003254,-0.0129965347492287,-0.0145776075406325,-0.066697844343109,-1.0120088643658105,0.3999372438742449
0.9892109249989828,-0.0132195150461283,-0.0144887108719855,-0.0676292233403509,-1.007321539036335,0.4051046288642204
0.9891957909898288,-0.0134428736143619,-0.0143981044283912,-0.068553028527414,-1.0025839355845894,0.4102080290613308
0.9891803540448504,-0.013666600819473,-0.0143057820198136,-0.0694691444283769,-0.9977974885880404,0.4152466301817263
0.9891646122436658,-0.0138906870250492,-0.0142117376453864,-0.0703774608968897,-0.992963646367054,0.4202196606167155
0.9891485636700932,-0.0141151226827789,-0.014115965455552,-0.071277873491174,-0.988083867542952,0.4251263935080773
0.9891322064255236,-0.0143398981444745,-0.0140184598319627,-0.07217028272125,-0.983159623629868,0.4299661426464703
0.9891155385987318,-0.0145650040766204,-0.0139192152075745,-0.0730545956905294,-0.9781923884789466,0.4347382713602231
0.9890985582972316,-0.0147904310230413,-0.0138182262537243,-0.0739307243333421,-0.9731836463453556,0.4394421828874484
0.989081263606692,-0.0150161699422085,-0.0137154876387795,-0.074798587482155,-0.968134878508411,0.4440773314167518
0.98906365262291,-0.0152422117679163,-0.0136109942186999,-0.0756581090996542,-0.9630475715015424,0.4486432124353717
0.989045723418189,-0.0154685478338955,-0.0135047408377202,-0.0765092198457726,-0.9579232061297452,0.4531393709237185
0.9890274740689852,-0.015695169502618,-0.0133967224928642,-0.0773518555890634,-0.9527632643559296,0.4575653932398069
0.9890089026222348,-0.0159220685725198,-0.0132869341349611,-0.0781859588511905,-0.9475692186473932,0.4619209145141003
0.988990007116774,-0.0161492369893336,-0.0131753707962136,-0.07901147762876,-0.9423425371224056,0.4662056121739114
0.988970785555157,-0.0163766671664538,-0.0130620274244783,-0.0798283664576738,-0.9370846748357626,0.4704192111876171
0.9889512359252876,-0.0166043516995394,-0.0129468990119905,-0.0806365852541941,-0.9317970790073894,0.4745614777088153
0.9889313561814986,-0.0168322835683279,-0.0128299804847582,-0.0814360999224179,-0.9264811830986752,0.4786322218773705
0.9889111442392546,-0.017060456167122,-0.0127112666727774,-0.0822268823166486,-0.9211384048439368,0.482631297210354
0.9888905979950112,-0.0172888630544431,-0.0125907524279799,-0.0830089092369068,-0.915770150941519,0.486558595121929
0.9888697152910872,-0.0175174983222703,-0.0124684324193624,-0.0837821635665755,-0.9103778072922992,0.4904140502613617
0.988848493932781,-0.0177463563727865,-0.0123443012352125,-0.0845466333478946,-0.9049627431606346,0.4941976353974365
0.9888269316844904,-0.0179754319356618,-0.0122183533619555,-0.0853023116994252,-0.8995263097853373,0.4979093605848027
0.9888050262644266,-0.0182047200979849,-0.0120905831550235,-0.0860491967680235,-0.894069838739357,0.5015492724781354
0.9887827753441302,-0.01843421628198,-0.0119609848379468,-0.0867872915048082,-0.8885946415839597,0.5051174527705357
0.9887601765336198,-0.0186639163691169,-0.0118295524180018,-0.0875166039070758,-0.8831020060850193,0.5086140188695383
0.9887372274042582,-0.0188938164379324,-0.0116962798215211,-0.0882371460259417,-0.8775932017164658,0.5120391186314083
0.9887139254633122,-0.0191239129971891,-0.0115611607481505,-0.0889489345597402,-0.8720694733940618,0.5153929327390451
0.9886902681604725,-0.0193542028900472,-0.011424188711362,-0.0896519903923178,-0.8665320431190466,0.518675671988526
0.9886662529121456,-0.0195846830362965,-0.0112853571813245,-0.0903463376699811,-0.8609821156036686,0.5218875725291559
0.988641877029422,-0.0198153511007972,-0.011144659170936,-0.0910320056751001,-0.8554208616493432,0.5250289040613255
0.9886171378038244,-0.0200462046440828,-0.0110020877343713,-0.091709026118643,-0.8498494381168722,0.528099956815889
0.9885920324409008,-0.0202772417325678,-0.0108576355861961,-0.0923774348300334,-0.8442689727990358,0.531101048875193
0.9885665581093886,-0.020508460456977,-0.0107112953875481,-0.0930372702083893,-0.8386805756587967,0.5340325186792463
0.9885407118926268,-0.0207398593584349,-0.0105630594694316,-0.0936885743251694,-0.8330853282016314,0.5368947295239228
0.9885144908165312,-0.0209714371483153,-0.0104129199968061,-0.094331391981226,-0.8274842899464262,0.5396880648667586
0.988487891854786,-0.0212031926470782,-0.0102608690009994,-0.0949657704256063,-0.8218784996528727,0.5424129267006143
0.988460911903402,-0.0214351249892416,-0.0101068982371668,-0.0955917598025574,-0.8162689701451811,0.5450697370544159
0.9884335477983656,-0.0216672334486994,-0.0099509992885457,-0.0962094125497567,-0.8106566923536812,0.5476589349548349
0.9884057963110636,-0.0218995174620728,-0.0097931635434289,-0.0968187833535586,-0.8050426345991167,0.5501809758347457
0.9883776541453272,-0.0221319766366327,-0.0096333821816059,-0.0974199290606491,-0.7994277422807777,0.5526363307497981
0.9883491179524904,-0.0223646106113071,-0.0094716462630423,-0.0980129082176169,-0.7938129411393554,0.5550254841053962
0.9883201843138776,-0.022597419188529,-0.0093079466315392,-0.0985977813180836,-0.7881991340008209,0.5573489343012069
0.988290849721783,-0.0228304024675543,-0.0091422738109884,-0.0991746110257813,-0.78258719752701,0.55960719417157
0.988261110639108,-0.0230635603544436,-0.0089746183458302,-0.0997434608610045,-0.7769779940038406,0.5618007854369018
0.9882309634451356,-0.0232968929846031,-0.0088049704977473,-0.1003043961717431,-0.7713723611515642,0.5639302422004294
0.9882004044774584,-0.0235304003832029,-0.0086333204852943,-0.1008574832237802,-0.765771120304867,0.5659961071042113
0.9881694299811642,-0.0237640828461006,-0.0084596582014652,-0.1014027900329327,-0.760175067295784,0.5679989341401086
0.9881380361603088,-0.0239979405348524,-0.008283973506327,-0.1019403853257773,-0.7545849822171392,0.5699392844290966
0.9881062191362258,-0.0242319737825629,-0.0081062559965605,-0.1024703391835844,-0.7490016221544775,0.5718177282858597
0.9880739749707844,-0.0244661829080628,-0.0079264951393881,-0.102992722536319,-0.7434257257116881,0.5736348430491391
0.9880412996788523,-0.0247005681204424,-0.0077446803450407,-0.1035076068931095,-0.7378580153526675,0.5753912118884713
0.9880081892033408,-0.0249351296939596,-0.0075608008308124,-0.1040150646733548,-0.7322991933217419,0.5770874246898083
0.987974639403423,-0.0251698680383799,-0.0073748455596941,-0.1045151692830645,-0.7267499401026515,0.5787240779605808
0.9879406461101994,-0.0254047833006217,-0.0071868035525202,-0.1050079942034891,-0.721210923954166,0.5803017715523914
0.9879062050726206,-0.0256398757397385,-0.0069966635912097,-0.1054936137434891,-0.7156827921458198,0.58182111090287
0.9878713119832032,-0.0258751455399647,-0.0068044143647677,-0.105972102586544,-0.7101661755031481,0.5832827052954936
0.987835962463058,-0.0261105929063623,-0.0066100443900962,-0.10644353593628,-0.70466168629074,0.5846871680620314
0.9878001520715168,-0.0263462179925726,-0.0064135420686478,-0.1069079893168205,-0.6991699200502877,0.5860351157129677
0.9877638763256736,-0.0265820207694984,-0.0062148957966742,-0.1073655382741509,-0.6936914587853436,0.5873271668671441
0.9877271306466824,-0.0268180013708678,-0.0060140936743088,-0.1078162590060147,-0.6882268630667482,0.5885639438196173
0.987689910426627,-0.0270541596536073,-0.0058111238751285,-0.1082602274658464,-0.6827766823942083,0.5897460697885661
0.9876522109547649,-0.0272904956655606,-0.005605974246693,-0.1086975202122364,-0.6773414445251122,0.5908741710159419
0.9876140274775432,-0.0275270092563402,-0.0053986326418007,-0.1091282136286238,-0.6719216646356747,0.5919488744309964
0.9875753551771972,-0.0277637002107492,-0.0051890868048903,-0.1095523841415008,-0.6665178423862195,0.5929708080559442
0.9875361891675524,-0.0280005682693821,-0.0049773243528409,-0.1099701082188016,-0.6611304616177658,0.5939406007865563
0.9874965244910616,-0.028237613140306,-0.0047633327627243,-0.1103814623504654,-0.6557599902652846,0.5948588821200413
0.9874563561299,-0.0284748344272344,-0.0045470994353533,-0.1107865228867257,-0.6504068821620774,0.5957262815802563
0.9874156789841048,-0.028712231753806,-0.0043286115812072,-0.1111853662161081,-0.6450715744102686,0.5965434288981263
0.9873744879025784,-0.0289498045759209,-0.0041078563909377,-0.111578068412677,-0.639754491790362,0.5973109530664105
0.987332777659556,-0.0291875523160543,-0.0038848209123186,-0.1119647054339473,-0.6344560439077922,0.5980294825788409
0.9872905429621668,-0.0294254743140329,-0.0036594920946073,-0.1123453530068517,-0.629176626481624,0.5986996450096183
0.9872477784172962,-0.029663570006357,-0.003431856615944,-0.1127200868792108,-0.6239166175694796,0.5993220672357874
0.9872044785879583,-0.0299018386032119,-0.0032019011879979,-0.1130889822733292,-0.6186763849236735,0.5998973742898938
0.9871606379568688,-0.0301402792893591,-0.002969612365334,-0.1134521141813229,-0.6134562817140419,0.600426189716356
0.987116250911132,-0.0303788912983304,-0.0027349764689391,-0.113809557442428,-0.6082566451268594,0.6009091354519387
0.9870713117971488,-0.0306176736103155,-0.0024979798807659,-0.1141613862606743,-0.6030778031538968,0.601346830976562
0.9870258148577868,-0.0308566252854327,-0.00225860871545,-0.1145076746808243,-0.5979200675140567,0.6017398938004666
0.9869797542528174,-0.0310957453443168,-0.0020168489332541,-0.1148484963769267,-0.5927837364833228,0.6020889389634564
0.986933124056077,-0.0313350327753254,-0.0017726863297295,-0.1151839246352418,-0.5876690949518937,0.6023945788271752
0.9868859182670802,-0.0315744864681432,-0.0015261066009935,-0.1155140322365241,-0.5825764160482334,0.6026574227932509
0.986838130807897,-0.0318141052252076,-0.0012770953314159,-0.1158388914529613,-0.5775059610783715,0.6028780771641786
0.9867897555055666,-0.0320538878435163,-0.0010256379064318,-0.1161585741372736,-0.5724579779944978,0.6030571450439762
0.9867407860954188,-0.0322938330888184,-0.0007717195349705,-0.1164731516617866,-0.5674327021649294,0.6031952261080877
0.9866912162196216,-0.0325339396942839,-0.0005153252469586,-0.1167826948932348,-0.5624303566188374,0.6032929164158065
0.986641039433012,-0.0327742063243442,-0.0002564399284561,-0.117087274124886,-0.5574511530099034,0.6033508082259653
0.9865902491935667,-0.0330146316130583,4.9517226269e-06,-0.117386959106245,-0.5524952910235549,0.6033694898548108
0.98653883885776,-0.033255214176923,0.0002688652150324,-0.1176818190376456,-0.5475629583316224,0.6033495455070536
0.986486801659859,-0.0334959527004199,0.0005353163644345,-0.1179719226510617,-0.5426543290759813,0.6032915550787398
0.9864341307083389,-0.0337368459375779,0.0008043213047889,-0.1182573381828671,-0.5377695641074008,0.6031960939281549
0.9863808190648377,-0.0339778923418898,0.0010758960794636,-0.118538132918434,-0.5329088186983503,0.6030637328879567
0.986326859706884,-0.0342190902375963,0.0013500568284154,-0.1188143733959793,-0.5280722391789597,0.6028950381996723
0.9862722454710292,-0.0344604380655829,0.0016268200716231,-0.1190861256735689,-0.5232599582033449,0.6026905712251054
0.9862169691109632,-0.034701934112893,0.0019062024076021,-0.1193534550018651,-0.5184721003900468,0.6024508884973807
0.9861610232560598,-0.0349435766877245,0.0021882207178439,-0.1196164260090914,-0.5137087790207214,0.602176541476144
0.9861044004327936,-0.0351853640154681,0.0024728920522858,-0.1198751025710992,-0.5089700983076152,0.601868076533257
0.986047093052198,-0.0354272942839543,0.0027602336865658,-0.1201295478491774,-0.5042561526894688,0.6015260348103539
0.9859890934006734,-0.0356693656714741,0.0030502631615503,-0.1203798243058656,-0.499567026489039,0.6011509520714712
0.985930393633976,-0.0359115763595195,0.0033429983063059,-0.1206259937030842,-0.4949027938810809,0.6007433585653724
0.985870985813197,-0.0361539243739287,0.0036384570520315,-0.1208681169297199,-0.4902635221419258,0.600303779206294
0.9858108618770124,-0.0363964076919997,0.0039366575646163,-0.1211062541050109,-0.485649269742188,0.5998327333489757
0.9857500136037686,-0.0366390243824591,0.0042376184251512,-0.1213404647028083,-0.4810600838907058,0.5993307344137755
0.9856884326776948,-0.0368817723274188,0.0045413582944689,-0.1215708072693975,-0.4764960060070337,0.5987982903550554
0.9856261106780282,-0.0371246492613628,0.0048478959617875,-0.1217973394623167,-0.4719570710951135,0.5982359035868706
0.9855630389760344,-0.0373676531602224,0.005157250843631,-0.1220201184036024,-0.4674433006580989,0.5976440700068415
0.9854992088490254,-0.0376107817818654,0.0054694424143866,-0.1222392002387363,-0.4629547114931163,0.5970232799641088
0.9854346114625376,-0.0378540327306368,0.0057844902884544,-0.1224546401994472,-0.4584913145851412,0.5963740181275472
0.985369237824304,-0.0380974036218106,0.0061024144379184,-0.1226664927466802,-0.4540531122258468,0.5956967630248249
0.9853030787754664,-0.0383408920983197,0.0064232352260851,-0.1228748115736736,-0.449640097909714,0.5949919869080851
0.9852361250472618,-0.038584495608935,0.0067469731241903,-0.1230796494093119,-0.4452522605216699,0.5942601563432426
0.9851683672321246,-0.0388282115070874,0.0070736488449009,-0.1232810581038839,-0.4408895826512087,0.5935017319317106
0.9850997957411608,-0.0390720371909549,0.0074032835388725,-0.1234790887395299,-0.4365520382383211,0.5927171678336441
0.9850304008640636,-0.0393159698755101,0.007735898497437,-0.1236737914379718,-0.4322395967956999,0.5919069124474297
0.984960172730639,-0.0395600067194896,0.0080715153299257,-0.1238652154635378,-0.4279522212607811,0.5910714079996634
0.9848891013333312,-0.0398041447350549,0.0084101558475314,-0.1240534091497326,-0.4236898697110567,0.5902110908347409
0.9848171764823834,-0.0400483809306184,0.0087518422686956,-0.124238420008317,-0.4194524929845777,0.589326390903517
0.9847443878424168,-0.0402927121717647,0.0090965970356578,-0.1244202946191605,-0.4152400372359482,0.5884177322313642
0.9846707249187602,-0.0405371352168928,0.0094444428710986,-0.1245990786578585,-0.4110524434146451,0.5874855327934279
0.9845961770517856,-0.0407816467239206,0.0097954027960315,-0.1247748168999694,-0.4068896472549255,0.5865302044840711
0.9845207334302926,-0.0410262431946629,0.010149500057988,-0.1249475531811585,-0.4027515803183387,0.585552153335091
0.9844443830785252,-0.0412709210065847,0.0105067581836015,-0.1251173304215615,-0.3986381695336893,0.5845517794030145
0.9843671148019374,-0.0415156765718705,0.0108672012222563,-0.1252841907337582,-0.3945493346345527,0.5835294761014347
0.9842889172913056,-0.0417605059920676,0.0112308532498701,-0.1254481751845058,-0.3904849940415455,0.5824856316233233
0.9842097790404496,-0.0420054053093799,0.0115977387444976,-0.1256093239701828,-0.3864450607131803,0.5814206279218144
0.9841296883871756,-0.0422503703656448,0.0119678823862923,-0.1257676763229641,-0.382429444562666,0.5803348413164126
0.9840486334938976,-0.0424953968517793,0.0123413091385541,-0.125923270546554,-0.378438051691609,0.579228642301481
0.9839666023071788,-0.0427404804159905,0.0127180444238088,-0.1260761440846531,-0.3744707827038585,0.5781023950564034
0.9838835826231778,-0.0429856164530144,0.0130981138123774,-0.1262263333884488,-0.3705275361974688,0.5769564584071376
0.9837995620294738,-0.0432308002660077,0.0134815432799463,-0.1263738740201384,-0.3666082061878908,0.5757911851010579
0.9837145279647072,-0.0434760268789607,0.0138683589250688,-0.1265188005409747,-0.3627126851608771,0.5746069227056168
0.9836284676379922,-0.0437212912589243,0.0142585873267705,-0.1266611466468149,-0.3588408605619386,0.573404012565657
0.9835413680744294,-0.043966588169174,0.0146522553261567,-0.1268009450809146,-0.3549926171872796,0.572182790509941
0.9834532161460786,-0.0442119120721763,0.0150493898774848,-0.1269382275833704,-0.3511678387116498,0.5709435873682271
0.983363998483423,-0.0444572573656357,0.0154500184378159,-0.1270730250274445,-0.3473664040136406,0.5696867278090741
0.9832737015515952,-0.0447026181563632,0.0158541686127355,-0.1272053672942524,-0.3435881907302349,0.5684125314909043
0.9831823115833488,-0.0449479884317348,0.016261868446887,-0.1273352833693142,-0.3398330726138325,0.5671213122002392
0.983089814615649,-0.0451933619452463,0.0166731462487205,-0.1274628012814115,-0.3361009213199939,0.5658133784500982
0.9829961964753356,-0.0454387322421486,0.0170880306438802,-0.1275879481186262,-0.3323916060175496,0.5644890333621424
0.982901442829066,-0.0456840925172126,0.0175065503439642,-0.1277107499592933,-0.3287049955259785,0.5631485754582705
0.9828055390991802,-0.0459294358230699,0.0179287345090647,-0.127831231981106,-0.325040955153947,0.5617922975551732
0.9827084704780028,-0.0461747550158302,0.0183546126717886,-0.1279494184326909,-0.3213993475381576,0.5604204870522751
0.9826102219938276,-0.0464200425755245,0.0187842144370492,-0.1280653325493267,-0.3177800352919058,0.5590334269500278
0.982510778389828,-0.0466652908974326,0.0192175700016576,-0.1281789966941609,-0.3141828766711649,0.5576313942254411
0.982410124256818,-0.0469104919471083,0.0196547095626897,-0.12829043219681,-0.3106077306424469,0.5562146617922651
0.9823082439286728,-0.0471556375072152,0.0200956637632447,-0.1283996594711496,-0.3070544532171019,0.5547834971109725
0.9822051215061754,-0.0474007191025575,0.0205404635760259,-0.1285066979802704,-0.3035228985354272,0.5533381626130113
0.982100740885523,-0.0476457279188416,0.0209891401691714,-0.1286115662023107,-0.3000129200002524,0.5518789161861012
0.9819950857340616,-0.047890654848263,0.0214417250003934,-0.1287142816526406,-0.2965243695677569,0.5504060109175776
0.9818881394847022,-0.0481354904886065,0.0218982498294841,-0.1288148608842275,-0.2930570977166608,0.5489196951012195
0.9817798853085562,-0.0483802251905824,0.0223587468229288,-0.1289133195067128,-0.2896109527386032,0.5474202119434489
0.981670306196122,-0.0486248488600005,0.0228232481968703,-0.1290096721070214,-0.2861857834728201,0.5459078007722491
0.9815593848385716,-0.0488693512117807,0.0232917867103638,-0.129103932351663,-0.2827814356729101,0.5443826954765959
0.9814471037403376,-0.0491137215040379,0.0237643951762902,-0.129196112881747,-0.2793977556707358,0.5428451261433036
0.9813334451115766,-0.0493579487611953,0.0242411069040975,-0.1292862253990569,-0.276034587201022,0.5412953176596195
0.9812183909489666,-0.049602021582568,0.0247219553473449,-0.1293742805926138,-0.2726917739884852,0.539733490902807
0.9811019230161784,-0.049845928173226,0.0252069741756819,-0.1294602881514995,-0.2693691592285082,0.5381598625462275
0.980984022765738,-0.050089656492201,0.0256961975879838,-0.1295442568154363,-0.2660665834957301,0.5365746440841471
0.9808646714719838,-0.0503331939604372,0.0261896597474268,-0.1296261942711754,-0.2627838886338774,0.534978043703084
0.9807438500882314,-0.0505765277420353,0.0266873953627315,-0.1297061072482961,-0.2595209138535375,0.5333702644360285
0.9806215393529136,-0.0508196445113751,0.0271894392366623,-0.129784001438075,-0.2562774987881327,0.531751505660974
0.980497719702336,-0.0510625306140287,0.0276958266136386,-0.1298598815442845,-0.2530534812395431,0.5301219620135372
0.9803723713719736,-0.0513051718516962,0.0282065927528375,-0.129933751212576,-0.2498486999413424,0.5284818247960215
0.9802454742675042,-0.0515475537198758,0.0287217734436534,-0.1300056131018127,-0.2466629913011997,0.5268312803514967
0.980117008082478,-0.051789661164196,0.0292414045139838,-0.1300754688063103,-0.2434961925151225,0.5251705116744373
0.9799869522191564,-0.052031478718389,0.0297655221409972,-0.1301433188944749,-0.2403481396322982,0.5234996974421172
0.9798552857855188,-0.0522729904916247,0.030294162849715,-0.1302091628995745,-0.2372186676183305,0.5218190120507568
0.979721987664389,-0.0525141800260176,0.0308273632235768,-0.1302729992764311,-0.2341076120832201,0.5201286265624726
0.9795870364126,-0.0527550304657788,0.031365160297419,-0.1303348254428233,-0.2310148069659723,0.5184287074809335
0.979450410306079,-0.0529955244565212,0.0319075913633639,-0.1303946377458767,-0.227940085719124,0.5167194173949292
0.9793120874141144,-0.0532356440010669,0.032454693665733,-0.1304524314220742,-0.224883283010397,0.5150009159575847
0.979172045463284,-0.0534753706836151,0.033006504930036,-0.1305082006475158,-0.2218442317178515,0.513273358237937
0.9790302618763664,-0.0537146855810658,0.0335630631943869,-0.1305619385074094,-0.2188227639373846,0.5115368952767035
0.9788867138164488,-0.0539535691715363,0.0341244066243332,-0.1306136369682556,-0.2158187119957317,0.5097916746818046
0.9787413781817804,-0.0541920013294347,0.0346905735233167,-0.1306632868711663,-0.2128319083531817,0.5080378406050458
0.9785942315649632,-0.0544299613770736,0.0352616024810324,-0.1307108779354938,-0.2098621848005624,0.506275533292732
0.9784452502708012,-0.0546674280377703,0.0358375322919892,-0.1307563987403696,-0.2069093728924958,0.5045048893500741
0.9782944103058432,-0.0549043794356332,0.0364184019846915,-0.1307998367158389,-0.2039733037891268,0.5027260416601973
0.9781416873914754,-0.0551407930577328,0.0370042507599204,-0.1308411781264573,-0.2010538085602433,0.5009391195803364
0.9779870568527276,-0.0553766459062393,0.0375951184043979,-0.1308804080864283,-0.1981507161441507,0.4991442476907324
0.9778304939002668,-0.0556119140490856,0.038191044201077,-0.1309175104733901,-0.1952638587086971,0.4973415491115779
0.977671973288641,-0.0558465731250134,0.0387920682250829,-0.1309524680023669,-0.1923930652511674,0.4955311415641961
0.9775114695858144,-0.0560805979181384,0.0393982303053341,-0.1309852621456805,-0.1895381666419394,0.4937131405162844
0.9773489569816776,-0.0563139626253859,0.0400095707412589,-0.1310158731618864,-0.1866989921591359,0.4918876570152951
0.977184409390115,-0.0565466406865628,0.0406261299049112,-0.1310442800575697,-0.1838753713749869,0.4900547988826215
0.9770178004064805,-0.056778604827551,0.0412479483909719,-0.1310704605800157,-0.1810671334306798,0.4882146702567869
0.976849103355487,-0.0570098269748669,0.0418750668277552,-0.1310943911933275,-0.1782741078685545,0.4863673721432422
0.9766782912209862,-0.0572402783343615,0.0425075261291513,-0.1311160470725106,-0.1754961234717735,0.484513001657137
0.9765053366822756,-0.0574699293204056,0.0431453673484885,-0.1311354020795944,-0.1727330089098745,0.4826516524440014
0.976330212149817,-0.0576987494903441,0.0437886315380199,-0.1311524287425629,-0.1699845933077403,0.4807834150703472
0.9761528897489852,-0.057926707549506,0.0444373598015303,-0.1311670982407422,-0.1672507059585735,0.4789083768438341
0.9759733411716234,-0.0581537715196866,0.045091593826466,-0.1311793803962287,-0.1645311740782411,0.4770266202600809
0.975791537923144,-0.0583799084009676,0.0457513749706416,-0.131189243633438,-0.1618258266270577,0.4751382256196103
0.9756074511175536,-0.058605084412382,0.0464167450016459,-0.1311966549740209,-0.1591344911849963,0.4732432688704276
0.9754210517037334,-0.0588292646926173,0.0470877452691772,-0.1312015800054638,-0.1564569972853437,0.4713418239411756
0.9752323102046706,-0.0590524135990522,0.0477644176400772,-0.1312039828705668,-0.1537931725888912,0.4694339600443863
0.9750411968383046,-0.0592744945349626,0.0484468040509424,-0.1312038262376745,-0.1511428446931383,0.4675197429260024
0.9748476815358588,-0.0594954699071593,0.0491349464353642,-0.1312010712779318,-0.1485058413731763,0.4655992350318864
0.9746517340115782,-0.0597153010282458,0.0498288864713335,-0.1311956776449449,-0.1458819914776564,0.4636724961641972
0.9744533235808148,-0.0599339483015306,0.0505286662207001,-0.1311876034471759,-0.1432711224458658,0.4617395816564823
0.9742524192636138,-0.0601513710776161,0.0512343277522745,-0.1311768052223258,-0.1406730617350896,0.4598005433873912
0.974048989838498,-0.0603675275752639,0.0519459129480554,-0.1311632379153431,-0.1380876374759454,0.4578554302607559
0.9738430037528796,-0.0605823749561366,0.0526634638127511,-0.1311468548472825,-0.1355146772822331,0.4559042873021195
0.9736344292075584,-0.0607958692119337,0.053387022173107,-0.1311276076934302,-0.1329540092967521,0.4539471564260213
0.9734232340213084,-0.0610079652794704,0.0541166301429238,-0.1311054464423801,-0.1304054604983403,0.4519840751207981
0.9732093858013472,-0.0612186168410588,0.0548523295264807,-0.131080319381644,-0.1278688587745581,0.4500150780047935
0.9729928519175648,-0.061427776331517,0.0555941619078078,-0.1310521730682526,-0.1253440325162222,0.4480401965085913
0.9727735994046768,-0.0616353950089475,0.0563421689833106,-0.1310209522854712,-0.1228308094281654,0.4460594579202204
0.9725515949889856,-0.0618414228991184,0.0570963924637888,-0.1309866000110652,-0.1203290168482608,0.4440728855876215
0.9723268052538602,-0.0620458086172661,0.0578568735106611,-0.1309490574103252,-0.1178384835580905,0.442080500327661
0.9720991963604012,-0.0622484995995679,0.0586236536819156,-0.1309082637574624,-0.1153590366053837,0.4400823178619809
0.9718687343004674,-0.0624494418431298,0.0593967740723141,-0.1308641564402806,-0.1128905040919923,0.4380783509978379
0.9716353848186634,-0.0626485799527052,0.0601762755788557,-0.1308166709125075,-0.1104327142290904,0.4360686088415852
0.9713991133791996,-0.0628458571405825,0.0609621990108573,-0.1307657406488549,-0.1079854949413711,0.4340530964294612
0.9711598852473168,-0.0630412151292094,0.0617545848187598,-0.1307112971228721,-0.1055486746650296,0.4320318153350613
0.9709176654486688,-0.0632345941579216,0.0625534732316712,-0.1306532697590567,-0.1031220818528809,0.4300047632179753
0.9706724187377536,-0.0634259329769973,0.0633589043620074,-0.1305915858826529,-0.1007055446126679,0.4279719334640905
0.9704241097572502,-0.0636151686932407,0.0641709176847008,-0.1305261707168387,-0.0982988922136185,0.425933316397779
0.9701727028147372,-0.0638022369127201,0.0649895527731616,-0.1304569472818136,-0.0959019528265179,0.4238888973198776
0.9699181621189348,-0.0639870715283981,0.0658148485299888,-0.1303838364107176,-0.0935145557529193,0.4218386583309141
0.9696604517026371,-0.0641696047508035,0.0666468434468876,-0.1303067566848038,-0.0911365305718459,0.4197825775544916
0.9693995353149468,-0.0643497671497373,0.0674855759567483,-0.1302256243512755,-0.0887677060870472,0.417720628152542
0.969135376725891,-0.0645274874090749,0.0683310834598308,-0.1301403533668166,-0.086407913026966,0.4156527805989842
0.9688679393803152,-0.0647026925327356,0.0691834034446456,-0.1300508552388752,-0.0840569808122913,0.4135789997931579
0.9685971866795372,-0.064875307617471,0.0700425725926133,-0.1299570390611746,-0.0817147400115849,0.4114992471229622
0.9683230818191438,-0.0650452559247994,0.0709086273053853,-0.1298588114050734,-0.079381020817022,0.409413479040512
0.9680455879170932,-0.0652124587614869,0.0717816033076204,-0.1297560763059752,-0.0770556540727889,0.4073216478834262
0.967764668085632,-0.0653768354037514,0.0726615354359285,-0.129648735234339,-0.0747384717466436,0.4052237022211886
0.9674802852356402,-0.0655383031763291,0.0735484582663687,-0.1295366869619833,-0.0724293051987325,0.4031195851991371
0.967192402283192,-0.0656967772909457,0.0744424054798062,-0.1294198275771173,-0.0701279867975004,0.4010092358956509
0.9669009820905524,-0.0658521708431468,0.0753434100633171,-0.1292980503985046,-0.0678343493126241,0.3988925886721146
0.9666059875464204,-0.066004394729817,0.0762515040790857,-0.1291712459428722,-0.0655482264311781,0.3967695735421186
0.9663073814060424,-0.0661533576900543,0.0771667191740905,-0.1290393017871955,-0.0632694514063364,0.3946401148019665
0.9660051265309916,-0.0662989661377223,0.0780890858599756,-0.1289021025997409,-0.0609978588069405,0.3925041325322957
0.9656991858444,-0.0664411241455284,0.0790186336746867,-0.1287595300504648,-0.0587332840190236,0.3903615420206375
0.9653895222300906,-0.066579733446086,0.0799553915097428,-0.128611462687204,-0.0564755623829285,0.3882122528115914
0.9650760987693722,-0.0667146932769784,0.0808993869146154,-0.1284577759681174,-0.0542245308125568,0.386056170104128
0.9647588785407568,-0.0668459004237471,0.0818506467275073,-0.1282983420849472,-0.0519800262012224,0.3838931930920197
0.964437824838477,-0.0669732490764237,0.0828091964425086,-0.1281330299853979,-0.0497418868631635,0.3817232161924029
0.9641129010776848,-0.0670966308209946,0.0837750605230514,-0.1279617052399502,-0.047509951712491,0.3795461281031884
0.9637840708901904,-0.0672159345499048,0.0847482621450072,-0.1277842300008977,-0.0452840607918513,0.3773618121513416
0.9634512981637536,-0.067331046397356,0.0857288231129449,-0.1276004629320162,-0.0430640553810313,0.3751701462348916
0.9631145469897106,-0.0674418497038127,0.0867167640474499,-0.1274102590836467,-0.0408497774966563,0.3729710021528562
0.9627737816571867,-0.0675482249567057,0.0877121044322796,-0.1272134697855451,-0.0386410697333215,0.3707642452496258
0.9624289669687788,-0.0676500496337849,0.0887148617279366,-0.1270099427252873,-0.0364377771577415,0.3685497361128377
0.9620800679735552,-0.0677471982309853,0.0897250521923694,-0.126799521689798,-0.0342397453989717,0.3663273284710074
0.9617270501525688,-0.067839542143737,0.0907426903792111,-0.1265820465617452,-0.0320468216874349,0.3640968700193625
0.9613698794692064,-0.0679269495937692,0.091767789036726,-0.1263573532378405,-0.0298588549865552,0.3618582023402385
0.9610085222335774,-0.0680092855963594,0.0928003595402038,-0.1261252734236148,-0.0276756949976205,0.3596111596528692
0.9606429453433316,-0.0680864118318916,0.093840411245001,-0.1258856346594452,-0.0254971934737246,0.3573555699116135
0.9602731163123436,-0.0681581865752026,0.0948879514565886,-0.1256382602148552,-0.0233232041902369,0.3550912545354665
0.9598990031887272,-0.068224464640254,0.0959429857134164,-0.1253829689010221,-0.0211535822803786,0.3528180274553216
0.959520574745302,-0.0682850972685635,0.0970055172996476,-0.1251195750597715,-0.0189881851729883,0.3505356958152855
0.9591378004860194,-0.0683399320549258,0.098075547284551,-0.1248478884275304,-0.0168268724255204,0.3482440595187346
0.9587506505882708,-0.0683888128741459,0.0991530747395303,-0.124567713943868,-0.014669505216234,0.3459429103872589
0.9583590961313204,-0.0684315797654914,0.1002380961589102,-0.1242788517585891,-0.0125159474408625,0.343632033009741
0.95796310906726,-0.0684680688541038,0.1013306056052199,-0.1239810970525393,-0.0103660653383035,0.3413112040228857
0.9575626622820398,-0.0684981122551488,0.1024305946043981,-0.1236742399150218,-0.0082197276263774,0.3389801919140527
0.9571577297374282,-0.0685215379715205,0.1035380518234452,-0.1233580652790342,-0.0060768060553589,0.3366387572673115
0.9567482862769916,-0.0685381698077997,0.1046529636699252,-0.1230323525874314,-0.0039371741780281,0.3342866510440962
0.9563343082418037,-0.0685478272425702,0.1057753126858942,-0.1226968760915821,-0.0018007103667086,0.3319236175038839
0.9559157727858332,-0.0685503253511193,0.106905079486531,-0.1223514041090975,0.000332705975064,0.3295493896276759
0.9554926586750404,-0.0685454746760458,0.1080422406700129,-0.1219956994643463,0.0024631904971218,0.3271636930145661
0.9550648399401837,-0.0685330771259134,0.1091870528761244,-0.1216294274217801,0.0045913800651217,0.324765650749002
0.9546322447452242,-0.0685129252932579,0.1103396243680312,-0.1212522868472814,0.0067176255912395,0.3223546822987729
0.9541948582483798,-0.0684848071090086,0.1114999106445905,-0.1208640165115302,0.0088419949413316,0.3199305093817839
0.9537526671843684,-0.0684485055560485,0.112667863796866,-0.1204643486746835,0.0109645538571349,0.3174928417804151
0.9533056603363792,-0.0684037985708264,0.1138434313583404,-0.120053009254141,0.0130853638798335,0.315041379128717
0.9528538286028168,-0.0683504589296195,0.1150265562440275,-0.1196297176365687,0.0152044822973021,0.3125758103959177
0.9523971651622112,-0.0682882541411318,0.1162171764362598,-0.119194186571336,0.017321961634152,0.3100958138744802
0.9519356655930936,-0.0682169463337747,0.1174152247956638,-0.1187461220158025,0.0194378493726142,0.30760105688173
0.9514693280363244,-0.0681362921471295,0.1186206287679038,-0.1182852230134412,0.0215521874914136,0.3050911956525765
0.9509981531767738,-0.0680460425875338,0.119833310562249,-0.1178111813826139,0.0236650128308886,0.3025658742225512
0.9505221443467056,-0.0679459428896943,0.1210531870146285,-0.1173236815044925,0.0257763568874914,0.3000247239380396
0.950041307951705,-0.0678357324470426,0.1222801686330627,-0.1168224004349674,0.0278862442031475,0.2974673646383703
0.9495556532791124,-0.0677151446106116,0.1235141602332268,-0.1163070073751297,0.0299946935121522,0.2948934024930774
0.9490651930364,-0.0675839066463641,0.1247550597150349,-0.1157771638864532,0.0321017156851614,0.2923024316795317
0.9485699429293496,-0.0674417394468325,0.1260027592842008,-0.1152325230715613,0.0342073158494191,0.2896940309228542
0.9480699224037514,-0.0672883575369868,0.1272571437300319,-0.1146727299864293,0.0363114904954033,0.2870677661402497
0.9475651544091428,-0.0671234688125102,0.1285180911843563,-0.1140974209810831,0.0384142287982344,0.2844231878628402
0.9470556660795776,-0.0669467745495609,0.1297854715846568,-0.1135062240478742,0.0405155100830145,0.2817598334207326
0.9465414881750174,-0.0667579690002479,0.1310591482390368,-0.1128987577376201,0.0426153064611387,0.2790772225746373
0.9460226561431848,-0.0665567395335889,0.1323389753625157,-0.112274631928922,0.0447135787765669,0.2763748615605548
0.9454992095355124,-0.0663427661853499,0.1336247997087997,-0.111633446655645,0.0468102793297454,0.2736522384680133
0.9449711927831717,-0.0661157216986751,0.1349164588404429,-0.1109747925209012,0.0489053490597148,0.2709088256436139
0.9444386551386112,-0.0658752712403166,0.1362137814695957,-0.1102982500942629,0.0509987181312374,0.2681440776686173
0.9439016512548996,-0.0656210723786341,0.1375165862450105,-0.1096033900789779,0.0530903039985311,0.2653574325735271
0.9433602412851528,-0.0653527748525909,0.1388246817246785,-0.1088897728647408,0.0551800113987712,0.2625483104759806
0.9428144910825664,-0.0650700203629164,0.1401378661060006,-0.1081569481695945,0.0572677319425258,0.2597161126559577
0.9422644725923364,-0.0647724424484928,0.1414559265018521,-0.1074044549095769,0.0593533429804423,0.2568602215339486
0.9417102643836426,-0.0644596664464389,0.1427786378986009,-0.1066318212537209,0.0614367059825511,0.2539800012814
0.9411519520613146,-0.0641313094011774,0.1441057624224502,-0.1058385645148047,0.0635176654234447,0.2510747977125653
0.9405896279953426,-0.0637869795501596,0.1454370502325726,-0.1050241900301305,0.0655960502092922,0.2481439345213188
0.9400233934891784,-0.0634262772921657,0.1467722346506914,-0.1041881935455161,0.0676716661057007,0.2451867221226645
0.9394533573125162,-0.0630487939629115,0.148111035924952,-0.1033300583554052,0.0697443016711358,0.2422024474552454
0.9388796375910866,-0.0626541126746288,0.149453157063045,-0.1024492572973066,0.0718137218152208,0.2391903811822146
0.9383023622766689,-0.0622418083440919,0.1507982830611783,-0.1015452527395788,0.0738796666911955,0.2361497774202777
0.937721669776906,-0.0618114478456407,0.1521460797760481,-0.1006174968156401,0.0759418500392638,0.2330798742228471
0.9371377096317846,-0.0613625902294484,0.1534961927098952,-0.0996654317520312,0.0779999574043655,0.2299798942368427
0.936550644079867,-0.0608947876978725,0.1548482437722388,-0.0986884917187649,0.0800536412929221,0.2268490500518868
0.935960648665632,-0.0604075859689285,0.1562018303046699,-0.0976861032497914,0.082102519816351,0.2236865444890513
0.9353679139831468,-0.0599005256640722,0.1575565215275038,-0.0966576876850131,0.0841461714406879,0.2204915770041773
0.934772646474052,-0.0593731430901986,0.158911857206711,-0.0956026622074801,0.0861841331319126,0.2172633451574295
0.934175071105469,-0.0588249728646473,0.1602673420836463,-0.0945204444228218,0.0882158921499471,0.2140010564602706
0.9335754323793134,-0.0582555493936011,0.1616224441803052,-0.0934104543877581,0.0902408837276509,0.2107039315793585
0.93297399711324,-0.0576644102975796,0.1629765891456236,-0.0922721202518122,0.0922584828450391,0.207371217685969
0.9323710565403418,-0.0570510996977134,0.1643291562340587,-0.0911048832848722,0.0942679985070806,0.20400219884594
0.9317669292106474,-0.0564151728447499,0.1656794725622254,-0.0899082051442755,0.0962686655010889,0.2005962118204239
0.931161964113603,-0.0557562017164666,0.1670268069739232,-0.0886815765488817,0.0982596356343673,0.1971526644655286
0.930556543481886,-0.0550737811178001,0.168370364713373,-0.0874245264449418,0.1002399702146418,0.1936710540065611
0.9299510872550084,-0.0543675376593904,0.1697092785130344,-0.0861366359861805,0.1022086272867281,0.1901509969842225
0.9293460560680132,-0.0536371383763233,0.1710426030721104,-0.0848175512340017,0.1041644539211573,0.1865922535507528
0.928741954878158,-0.0528823014378336,0.1723693082025373,-0.0834669990954083,0.1061061765520176,0.1829947586644967
0.9281393365262818,-0.052102808419069,0.1736882722016775,-0.0820848054270027,0.1080323916584768,0.1793586568889406
0.9275388041898076,-0.0512985169507401,0.1749982777069378,-0.0806709131805155,0.1099415600565758,0.1756843351389475
0.9269410136162496,-0.0504693749288002,0.1762980080338186,-0.0792254027258164,0.111832001838024,0.1719724591604325
0.9263466728296494,-0.0496154331455462,0.177586048967805,-0.0777485089088723,0.1137018991538642,0.1682239998918874
0.925756540800232,-0.0487368580240735,0.1788608926628096,-0.0762406379850702,0.1155493018991756,0.1644402585536016
0.9251714229244712,-0.0478339409722745,0.180120948221431,-0.0747023785945728,0.1173721428918375,0.1606228763708372
0.9245921640693346,-0.0469071045856699,0.1813645571933472,-0.0731345075267094,0.1191682599137266,0.156773832113495
0.9240196384325668,-0.0459569035611948,0.1825900154908588,-0.0715379869754572,0.1209354267374058,0.1528954205295414
0.9234547368175752,-0.0449840199856301,0.1837956003258398,-0.0699139531176025,0.1226713910862941,0.1489902127220709
0.9228983517659622,-0.0439892524147479,0.1849796011487131,-0.0682636953865887,0.1243739180569407,0.1450609982251996
0.922351361043903,-0.042973498217198,0.1861403534935045,-0.0665886258820866,0.1260408374486085,0.1411107085675337
0.9218146123379736,-0.0419377332803426,0.1872762696828928,-0.0648902458801735,0.1276700863711003,0.1371423394691084
0.9212889082861252,-0.0408829870078003,0.1883858683469445,-0.0631701060214006,0.1292597500353191,0.1331588634934798
0.9207749944264288,-0.0398103172545913,0.1894677973997569,-0.0614297677469636,0.1308080931352863,0.1291631505975451
0.9202735507806676,-0.0387207873278197,0.1905208491371041,-0.0596707691743481,0.1323135800221445,0.1251579028512868
0.9197851864977388,-0.0376154448538713,0.1915439688355033,-0.0578945947726112,0.1337748857392223,0.1211456006114378
0.9193104384581416,-0.036495305684559,0.1925362551092338,-0.0561026536373922,0.1351908954921853,0.117128469830135
0.9188497724348172,-0.0353613412169755,0.1934969551011863,-0.054296263412259,0.1365606969939242,0.1131084625145818
0.9184035872271642,-0.0342144715147312,0.194425453725029,-0.0524766434069068,0.1378835645824427,0.1090872572766293
0.9179722200843848,-0.0330555615874212,0.1953212605333587,-0.0506449124582638,0.1391589402072165,0.1050662691465347
0.9175559526359364,-0.031885419599125,0.196183995848977,-0.0488020894814356,0.1403864135880341,0.1010466637476101
0.9171550182464496,-0.0307048003316785,0.1970133742526981,-0.0469491018752094,0.1415656988013222,0.0970293868461239
0.916769607642738,-0.0295144056173045,0.1978091919413558,-0.0450867886940221,0.1426966165265026,0.0930151806058025
0.9163998760894244,-0.0283148913170366,0.1985713111343809,-0.0432159136617708,0.1437790722115511,0.0890046194338292
0.9160459485802628,-0.0271068707310987,0.1992996488051155,-0.041337172159567,0.1448130404729834,0.0849981310636329
0.9157079245365672,-0.0258909182937569,0.1999941666020773,-0.0394511983272021,0.1457985512390504,0.0809960165660148
0.915385882521088,-0.0246675754569585,0.2006548608866933,-0.0375585752566214,0.14673567609197,0.0769984757207281
0.915079883749052,-0.0234373544446782,0.2012817553634154,-0.0356598416056069,0.1476245183052439,0.0730056237035499
0.9147899752351748,-0.0222007424193563,0.201874894546996,-0.0337554986366834,0.148465204068905,0.0690175078434186
0.9145161922069228,-0.0209582043580152,0.2024343388025396,-0.0318460150893773,0.1492578759351843,0.0650341191452329
0.9142585602871528,-0.0197101863790827,0.2029601599087557,-0.0299318326087771,0.150002686988552,0.0610554044489657
0.9140170972891154,-0.0184571187888602,0.2034524374524094,-0.0280133706238928,0.1506997961718783,0.0570812769865931
0.9137918144720562,-0.0171994176955862,0.2039112563500625,-0.0260910289411191,0.1513493651839149,0.0531116218595447
0.9135827176615696,-0.0159374867868223,0.204336704662281,-0.0241651905256166,0.1519515557632273,0.0491463016764553
0.9133898084607924,-0.0146717208562385,0.2047288712353457,-0.0222362268930213,0.1525065267001107,0.045185167347105
0.9132130845961116,-0.0134025050153122,0.2050878451099027,-0.0203044968730737,0.1530144333209363,0.041228055075671
0.9130525407111098,-0.0121302171885152,0.2054137140187987,-0.0183703503560997,0.1534754256547345,0.0372747935174023
0.9129081687860708,-0.0108552289617889,0.2057065636455145,-0.0164341295017579,0.1538896476484754,0.0333252056265475
0.9127799585519264,-0.0095779070653362,0.2059664768905124,-0.014496170894281,0.1542572363664325,0.0293791123811224
0.912667897550844,-0.0082986118730554,0.2061935338490172,-0.012556803159847,0.1545783221694663,0.0254363272334957
0.91257197173313,-0.0070177019899689,0.2063878106957356,-0.0106163538094703,0.1548530273231304,0.0214966693122321
0.9124921652994656,-0.0057355314847965,0.2065493800923968,-0.0086751449197543,0.1550814667349231,0.0175599538914222
0.912428460968183,-0.0044524519165149,0.2066783107263952,-0.006733496081162,0.1552637474390853,0.0136259976429958
0.9123808400331904,-0.003168812304605,0.2067746672659849,-0.0047917242263634,0.1553999686476226,0.0096946175428456
0.912349282451509,-0.0018849601602406,0.2068385102476491,-0.0028501450634024,0.1554902216832813,0.005765633031782
0.912333766856498,-0.0006012416573066,0.2068698961059213,-0.0009090732069926,0.1555345900923863,0.0018388655429813
0.9123320098107336,-1.344851964166227e-13,0.2068734502297357,-2.323037595619582e-13,0.1555396143184843,1.5389555949041345e-13
