3.15963876553957
0.8236133818334677,1.2451399523691529e-28,0.0422093898352289,2.045979752995022e-15,0.1514677973222054,9.656610438061956e-15
0.8236143625920921,0.0005953697866994,0.0422080276254428,0.0004990179950959,0.1514621176598947,-0.0006931062484527
0.8236229627617184,0.0018607135218658,0.0421960820810959,0.001559502678627,0.1514123121437591,-0.0021662090930349
0.8236404262445295,0.0031257449448654,0.0421718228947174,0.002619472408737,0.1513111708181903,-0.003639069277289
0.8236667516411569,0.0043900621293018,0.0421352467136479,0.0036784181226796,0.1511586887722427,-0.0051113012686573
0.8237019305813869,0.0056531579680775,0.0420863571773169,0.0047357429088589,0.1509548948289677,-0.0065823971520725
0.8237459480100408,0.0069145240436795,0.0420251645256402,0.0057908493721072,0.1506998498734021,-0.0080518474911427
0.823798782104062,0.0081736502578232,0.0419516857256046,0.0068431396338651,0.1503936473210068,-0.0095191408322208
0.8238604041107317,0.0094300234519864,0.041865944713799,0.0078920144966982,0.1500364140488875,-0.0109837620267574
0.8239307783919927,0.0106831306431585,0.0417679723587141,0.008936876469046,0.149628310138856,-0.0124451959276775
0.8240098622292394,0.0119324567756948,0.0416578067629065,0.0099771282122573,0.1491695300162369,-0.0139029246893574
0.8240976058755988,0.0131774872694252,0.041535493227562,0.0110121749930218,0.1486603021619481,-0.015356430654344
0.8241939524422666,0.0144177073211146,0.0414010844550329,0.0120414244289651,0.1481008897959378,-0.016805195449067
0.8242988379862223,0.0156526039557606,0.0412546404776797,0.0130642885201388,0.1474915904017195,-0.0182487022848826
0.8244121913782396,0.0168816649807889,0.0410962289002581,0.0140801831069263,0.1468327365371281,-0.0196864346372724
0.8245339345332552,0.0181043820133275,0.0409259246433489,0.0150885306972693,0.1461246945512011,-0.0211178796822647
0.8246639822755425,0.0193202491114907,0.0407438102037737,0.0160887596491937,0.1453678654347929,-0.0225425265894304
0.8248022425351851,0.0205287648277082,0.0405499754588243,0.0170803061749169,0.144562683757951,-0.023959868814384
0.8249486164454637,0.0217294328413515,0.0403445176152159,0.0180626151578891,0.1437096171951467,-0.0253694047283555
0.8251029985799476,0.0229217635140116,0.0401275409679735,0.0190351417108695,0.1428091652486341,-0.0267706393301638
0.8252652770516172,0.0241052740435188,0.0398991568583748,0.019997351570103,0.1418618587875848,-0.0281630843140463
0.825435333769402,0.0252794897014111,0.0396594834160133,0.0209487223590516,0.140868258681677,-0.029546259409851
0.8256130446628094,0.0264439445660999,0.0394086453500178,0.0218887444196486,0.1398289546317145,-0.0309196931331018
0.8257982799538748,0.0275981823927733,0.0391467736774864,0.0228169217334288,0.1387445637346177,-0.0322829236985933
0.8259909044972704,0.028741757690247,0.0388740053585349,0.0237327729836468,0.1376157286588135,-0.0336355001832794
0.8261907782426756,0.0298742372311369,0.0385904827595757,0.0246358329310366,0.1364431151092175,-0.0349769842108979
0.8263977562990624,0.0309951990954375,0.0382963536821829,0.0255256517922376,0.1352274116334202,-0.0363069487227951
0.8266116894260553,0.0321042341452255,0.0379917707883837,0.0264017965425446,0.1339693269324457,-0.0376249796284735
0.8268324243335268,0.0332009462309069,0.0376768912976654,0.0272638511774548,0.132669588300711,-0.0389306759619097
0.8270598041434503,0.034284953119448,0.037351876452204,0.0281114175175563,0.13132893911538,-0.0402236509033404
0.8272936688344827,0.0353558871370734,0.0370168910038257,0.0289441157526912,0.129948136425804,-0.0415035324740122
0.8275338551555189,0.0364133933699764,0.0366721034605652,0.0297615830691672,0.1285279516822998,-0.0427699613162878
0.827780197675891,0.037457132982248,0.0363176847021488,0.0305634762290877,0.1270691647530845,-0.0440225945983201
0.8280325284923632,0.0384867804277992,0.0359538085181647,0.0313494693902649,0.1255725658760389,-0.0452611026227828
0.8282906779284075,0.0395020250623157,0.0355806507195619,0.0321192553143236,0.1240389517451198,-0.0464851707076525
0.8285544744831976,0.0405025696083656,0.0351983893275205,0.0328725441457793,0.1224691260425016,-0.0476944972925271
0.8288237455106892,0.041488131536025,0.0348072037044866,0.0336090643925283,0.1208638956351455,-0.0488887955618001
0.8290983174597443,0.042458442616483,0.034407274313049,0.0343285624912727,0.1192240693690738,-0.0500677928787279
0.8293780158638119,0.0434132476884189,0.0339987828377356,0.0350308017906421,0.1175504583630099,-0.0512312292598072
0.8296626655296219,0.0443523042791741,0.0335819120173643,0.0357155621806233,0.115843875123913,-0.0523788568786804
0.8299520912929146,0.0452753840499596,0.0331568446410439,0.0363826410311585,0.1141051292550616,-0.0535104418095357
0.8302461175761178,0.0461822702931365,0.0327237642940413,0.0370318512407982,0.1123350303424861,-0.0546257609510249
0.8305445687845409,0.0470727583272027,0.0322828548759326,0.0376630214124873,0.1105343858243389,-0.055724602482599
0.830847269653964,0.0479466556501548,0.0318343001820974,0.0382759958276053,0.1087039991378225,-0.0568067660400126
0.8311540451601129,0.0488037808228815,0.0313782841292394,0.0388706335185179,0.1068446705090194,-0.057872061324541
0.8314647207293622,0.0496439633251957,0.0309149905346748,0.0394468080382476,0.1049571959308382,-0.0589203079081898
0.8317791221327462,0.0504670425900058,0.0304446033653838,0.0400044066675817,0.1030423680666533,-0.0599513340134213
0.8320970760050099,0.051272868744465,0.029967306051611,0.0405433307900194,0.1011009733554676,-0.060964977425059
0.8324184098160965,0.0520613018604867,0.0294832816120257,0.0410634952354856,0.0991337924373339,-0.0619610845490104
0.8327429514362877,0.052832210356478,0.0289927133958214,0.0415648270999629,0.0971416030903532,-0.0629395083782299
0.8330705299490234,0.0535854724920589,0.0284957839438832,0.0420472666097426,0.0951251755335977,-0.0639001103653553
0.8334009750962023,0.0543209745659592,0.0279926759104611,0.0425107658229575,0.0930852761127293,-0.0648427581241789
0.8337341178365554,0.0550386117780429,0.0274835713002136,0.0429552890653709,0.0910226641549642,-0.0657673265132109
0.8340697900951678,0.0557382872488215,0.0269686519304353,0.043380812187807,0.0889380938058464,-0.0666736963704822
0.8344078250283516,0.0564199122177513,0.0264480991078721,0.0437873225731209,0.086832312690617,-0.067561754757149
0.8347480566330003,0.0570834049240598,0.0259220943125859,0.0441748183559309,0.0847060646598873,-0.0684313934877935
0.8350903204138325,0.0577286916436168,0.0253908182520659,0.0445433089335728,0.0825600859514838,-0.0692825104686818
0.8354344529703523,0.0583557055727894,0.0248544515786928,0.0448928141995219,0.0803951080895467,-0.0701150082292779
0.8357802924669421,0.0589643874344248,0.0243131742389875,0.0452233647798055,0.0782118552631188,-0.07092879471538
0.8361276781308218,0.0595546843223627,0.023767166336734,0.0455350012890693,0.0760110478244145,-0.0717237817451548
0.8364764508610092,0.0601265505492441,0.0232166072598825,0.0458277746923089,0.0737933987902085,-0.0724998861348125
0.8368264529374904,0.0606799469109797,0.0226616762135009,0.0461017458044815,0.0715596160239382,-0.0732570287116642
0.8371775284460581,0.0612148411533678,0.0221025516235532,0.0463569854161351,0.069310399876665,-0.0739951349547905
0.837529522796072,0.0617312070161684,0.0215394119779482,0.0465935737178593,0.0670464466216918,-0.0747141336903388
0.8378822833441225,0.0622290249969461,0.0209724349081491,0.0468116005600039,0.0647684448177175,-0.0754139581533793
0.838235659122225,0.0627082817421367,0.020401797693406,0.0470111650506443,0.0624770774040263,-0.0760945451629212
0.8385895011562656,0.0631689703057925,0.0198276768180616,0.0471923755494012,0.0601730199970179,-0.0767558355094248
0.838943662310675,0.0636110897501505,0.0192502482890848,0.0473553493758819,0.0578569422485801,-0.0773977734183231
0.8392979976076936,0.0640346453741468,0.0186696871820385,0.0475002127681987,0.0555295061151687,-0.0780203069161267
0.8396523640449586,0.0644396483027819,0.0180861680001933,0.0476271005953758,0.0531913673968741,-0.0786233872787734
0.8400066209149991,0.0648261156899568,0.0174998642101931,0.047736156285227,0.0508431739817519,-0.0792069693811484
0.8403606297722332,0.0651940704851944,0.0169109483497311,0.0478275315909956,0.048485566391209,-0.0797710114170228
0.8407142545076923,0.0655435413345729,0.0163195919561719,0.0479013864044326,0.0461191776139074,-0.080315474819209
0.8410673615218489,0.0658745625673275,0.0157259653257307,0.0479578885756058,0.043744632268557,-0.0808403243241688
0.8414198198037002,0.0661871740675014,0.0151302374218138,0.0479972136888501,0.0413625463706661,-0.0813455278741085
0.841771500863853,0.0664814210208759,0.0145325760270508,0.0480195448242624,0.0389735280789463,-0.0818310563199763
0.8421222791026716,0.0667573540299035,0.0139331471527062,0.0480250723479412,0.0365781754781536,-0.0822968837343912
0.8424720312665861,0.0670150284847523,0.0133321159973377,0.0480139936597593,0.0341770805586889,-0.0827429864907351
0.8428206373971183,0.0672545050997047,0.0127296453487307,0.0479865129537023,0.0317708229839683,-0.0831693443201116
0.8431679803485269,0.0674758493030602,0.0121258964234946,0.047942840933855,0.0293599736032784,-0.0835759394505548
0.8435139457665762,0.0676791310429381,0.0115210289247288,0.0478831945858077,0.0269450948414908,-0.0839627564191713
0.8438584224791165,0.0678644248217774,0.0109152003728879,0.0478077968622459,0.0245267381905877,-0.0843297823351896
0.8442013023106965,0.0680318093575122,0.0103085664320869,0.0477168764331546,0.0221054456787032,-0.0846770064663099
0.8445424803437881,0.0681813674934487,0.0097012804481264,0.047610667344701,0.0196817481940827,-0.0850044203137011
0.8448818546154395,0.0683131858322297,0.0090934939809351,0.0474894088260224,0.017256167779682,-0.0853120171186573
0.8452193265007583,0.0684273546821074,0.0084853561125003,0.0473533448913843,0.0148292150416209,-0.0855997920437272
0.8455548004971508,0.0685239677352151,0.0078770138159724,0.0472027241229308,0.0124013907935389,-0.0858677417762664
0.8458881845069796,0.0686031219201642,0.0072686114234594,0.0470377992572072,0.0099731841039852,-0.0861158645658064
0.8462193895071899,0.0686649170719794,0.0066602911999235,0.0468588270408788,0.0075450747579143,-0.0863441597677441
0.8465483297516729,0.068709455762193,0.006052192948523,0.046666067853075,0.0051175318523126,-0.0865526278220505
0.846874922745892,0.0687368430532402,0.005444454022689,0.0464597854208271,0.0026910140140671,-0.0867412700411277
0.8471990893204268,0.0687471862592918,0.0048372091498466,0.0462402464707834,0.0002659688643716,-0.0869100884543106
0.8475207534748292,0.0687405946913293,0.0042305906797085,0.0460077205297249,-0.0021571658232504,-0.0870590855247515
0.8478399531714467,0.0687171683465629,0.0036245174538599,0.0457623919517303,-0.0045788056847252,-0.087188305557434
0.8481567868842649,0.0686769761275707,0.0030187899893497,0.0455043790109781,-0.0069998405309218,-0.0872977845624376
0.8484711790340691,0.0686200881516816,0.0024135394609316,0.0452339274954872,-0.0094198398649146,-0.0873874717787015
0.8487830565879702,0.0685465766162878,0.0018088957729524,0.0449512868767958,-0.0118383784281616,-0.087457316463852
0.8490923487609129,0.0684565157463234,0.001204988138998,0.0446567104063977,-0.0142550337102247,-0.0875072677491707
0.8493989874657533,0.0683499815611058,0.0006019442068892,0.0443504545278578,-0.0166693892760264,-0.0875372746604516
0.8497029070720091,0.0682270517876585,-1.0948246267883897e-07,0.0440327788995712,-0.0190810327578518,-0.087547285968215
0.8500040445633334,0.0680878056581874,-0.0006010478169731,0.0437039460363707,-0.0214895569713716,-0.087537250104849
0.8503023412239877,0.067932322806877,-0.0012007505376132,0.0433642191251396,-0.0238945734809946,-0.0875071148103465
0.8505977411066576,0.0677606835187275,-0.0017990992763575,0.0430138632504506,-0.0262957005838457,-0.0874568267264735
0.8508901884884147,0.0675729701899362,-0.0023959723888134,0.042653148316727,-0.0286925423935984,-0.0873863318822059
0.8511796300396894,0.0673692662645871,-0.0029912492804276,0.0422823465411689,-0.0310847059983359,-0.0872955756325405
0.8514660150678374,0.0671496559114671,-0.0035848109301732,0.0419017319282913,-0.0334718033909947,-0.0871845024901989
0.8517492947294062,0.0669142244905381,-0.0041765382787771,0.041511581111862,-0.0358534448117311,-0.0870530563583075
0.8520294227754363,0.0666630578945207,-0.0047663137831325,0.0411121721946486,-0.0382292448179965,-0.0869011802312721
0.8523063551366646,0.0663962427477041,-0.0053540205760873,0.0407037851021397,-0.0405988187272265,-0.0867288163103898
0.8525800496726552,0.0661138665876839,-0.0059395419401638,0.040286701794952,-0.0429617803095574,-0.086535906188904
0.8528504664257365,0.0658160175727532,-0.0065227618512098,0.0398612057402798,-0.0453177437920564,-0.0863223907417421
0.8531175675874275,0.0655027844254264,-0.0071035649237696,0.039427581772756,-0.0476663234549032,-0.0860882101490981
0.853381316976705,0.0651742570084963,-0.0076818352816588,0.0389861167847237,-0.0500071288735397,-0.0858333044257756
0.8536416803549434,0.0648305259921229,-0.0082574572318619,0.0385370991010627,-0.0523397674425923,-0.0855576133115556
0.8538986252006762,0.064471683154326,-0.0088303147660247,0.0380808187219989,-0.0546638421575327,-0.0852610766422052
0.8541521206862612,0.0640978214778644,-0.009400291495189,0.0376175672512075,-0.0569789511425468,-0.0849436345921083
0.8544021375147077,0.0637090354826709,-0.0099672702656647,0.0371476380881204,-0.0592846858779282,-0.084605228137281
0.854648648005301,0.063305421223556,-0.0105311333295861,0.0366713261746769,-0.0615806316747027,-0.0842457992568369
0.8548916255318061,0.0628870773931468,-0.0110917610273825,0.0361889290081073,-0.0638663620822587,-0.083865292146803
0.8551310449210942,0.0624541049455484,-0.0116490326493291,0.0357007458408269,-0.0661414421539471,-0.0834636531652667
0.8553668820380737,0.0620066081092877,-0.0122028254276888,0.0352070784693527,-0.0684054240909531,-0.083040832051897
0.8555991139219558,0.0615446945202265,-0.0127530147907385,0.0347082309511379,-0.0706578480197915,-0.0825967823891883
0.8558277184826283,0.0610684762422657,-0.0132994735787247,0.0342045102511022,-0.0728982385172621,-0.0821314629396335
0.8560526745138326,0.0605780702858105,-0.0138420719894546,0.0336962262583352,-0.0751261041030921,-0.0816448385641971
0.8562739613960392,0.0600735998817531,-0.0143806767674978,0.0331836925210558,-0.0773409336151665,-0.0811368819389179
0.8564915593714358,0.0595551945914615,-0.0149151517661571,0.0326672257051324,-0.0795421982097037,-0.0806075741689288
0.8567054491521213,0.059022991995966,-0.0154453568865982,0.0321471465957488,-0.0817293466811622,-0.0800569070391349
0.8569156120432309,0.0584771383323794,-0.0159711482589275,0.031623779936612,-0.0839018058742455,-0.0794848842742828
0.8571220296706654,0.0579177902182115,-0.0164923774382582,0.0310974552461002,-0.0860589770216634,-0.0788915239897578
0.8573246842469173,0.0573451150941943,-0.0170088919419223,0.030568506312294,-0.0882002376124544,-0.0782768598693244
0.8575235583592514,0.0567592930102387,-0.0175205345921449,0.0300372718855779,-0.0903249383182573,-0.0776409438190055
0.8577186350665508,0.0561605176984392,-0.0180271436369413,0.0295040956003948,-0.0924324031333411,-0.0769838479405927
0.8579098980202956,0.0555489976075291,-0.0185285529529311,0.0289693257995222,-0.0945219298644717,-0.0763056665123734
0.8580973314799819,0.0549249573179966,-0.0190245919913198,0.0284333156252743,-0.0965927895616417,-0.0756065184436723
0.8582809205257529,0.054288638368593,-0.0195150862632131,0.0278964225302774,-0.098644228211316,-0.0748865491281601
0.8584606511115318,0.0536403006171525,-0.0199998574345377,0.0273590081971282,-0.1006754668242082,-0.0741459329359496
0.8586365105368156,0.0529802220768016,-0.0204787245863548,0.026821437153369,-0.1026857064365505,-0.0733848739974333
0.8588084876243536,0.0523086996191579,-0.0209515047504953,0.0262840761350281,-0.1046741301353192,-0.0726036079586523
0.8589765729445921,0.0516260494169378,-0.0214180136209751,0.0257472932334355,-0.1066399058692308,-0.0718024034421639
0.8591407592759119,0.0509326062434208,-0.021878066984707,0.0252114561773119,-0.1085821923553194,-0.0709815621433326
0.8593010420496566,0.0502287224480939,-0.0223314822052292,0.024676930475063,-0.1105001453041887,-0.0701414184634545
0.8594574196283006,0.0495147672771521,-0.0227780793249527,0.0241440779381966,-0.11239292212734,-0.0692823394672477
0.8596098937513907,0.0487911250732015,-0.023217682726398,0.0236132544855253,-0.114259689105027,-0.0684047234050655
0.859758469983572,0.048058192919113,-0.0236501229020318,0.023084807728255,-0.116099629130888,-0.0675089974204442
0.859903157951619,0.0473163787619728,-0.0240752377059944,0.0225590751048343,-0.1179119473669257,-0.0665956156916202
0.8600439717436597,0.0465660982087364,-0.0244928741598575,0.0220363812678047,-0.1196958793632111,-0.0656650557913645
0.8601809300139747,0.0458077722698029,-0.0249028894705426,0.021517036371359,-0.1214506959255815,-0.064717816040326
0.8603140563338925,0.0450418232412069,-0.025305152843076,0.0210013332961546,-0.1231757114772221,-0.0637544103732728
0.860443379026961,0.0442686729205219,-0.0256995458006448,0.0204895467039804,-0.1248702861199524,-0.0627753659429369
0.860568931297773,0.0434887387859141,-0.0260859634108853,0.0199819309058449,-0.1265338316418665,-0.0617812180187832
0.8606907511285607,0.0427024310731632,-0.0264643148322227,0.0194787185543835,-0.1281658146720112,-0.0607725058453289
0.8608088809486979,0.0419101510548301,-0.0268345231473186,0.018980120269105,-0.1297657567952875,-0.0597497699145296
0.8609233675521951,0.0411122875326632,-0.0271965259441053,0.0184863232621844,-0.1313332379114316,-0.058713546832362
0.8610342615338369,0.0403092164524526,-0.027550274352327,0.0179974920488352,-0.1328678929235728,-0.0576643681207916
0.8611416171621191,0.0395012975225518,-0.0278957334049551,0.0175137673787552,-0.1343694141462164,-0.0566027550662111
0.8612454917475217,0.0386888744846375,-0.0282328807374103,0.0170352674746103,-0.1358375464848342,-0.0555292182711327
0.8613459451629649,0.037872274659773,-0.0285617056824439,0.016562088806525,-0.1372720842748389,-0.0544442562719394
0.8614430396289408,0.0370518065434069,-0.0288822091607371,0.0160943057577974,-0.1386728715499233,-0.0533483515437808
0.8615368390184154,0.0362277615491915,-0.0291944019263191,0.0156319726980262,-0.140039795084284,-0.0522419720113956
0.8616274085313982,0.0354004131712197,-0.0294983039366494,0.0151751245113762,-0.1413727822763439,-0.0511255691637837
0.8617148142965265,0.0345700170325163,-0.0297939434136187,0.0147237776125723,-0.1426717976293114,-0.0499995773630355
0.8617991228581211,0.0337368124746234,-0.0300813554386614,0.0142779317426903,-0.1439368371202458,-0.0488644152842672
0.8618804009017589,0.0329010223833433,-0.030360581278253,0.0138375707292211,-0.1451679257120753,-0.0477204850203246
0.861958714971399,0.0320628533607469,-0.0306316676260842,0.0134026634012634,-0.1463651144507211,-0.0465681716793467
0.862034130986543,0.0312224984960546,-0.0308946650901519,0.012973165782581,-0.1475284741693396,-0.0454078466076016
0.8621067142726767,0.0303801350109812,-0.0311496284044583,0.0125490205661751,-0.14865809675839,-0.0442398636094878
0.8621765289466385,0.0295359294635703,-0.0313966143447507,0.0121301603898829,-0.1497540862326148,-0.0430645656503994
0.8622436380663971,0.0286900346688599,-0.031635682275204,0.011716506837948,-0.1508165613984258,-0.041882280152791
0.8623081033598806,0.0278425915829113,-0.031866893193489,0.0113079719278245,-0.1518456518411649,-0.0406933211842237
0.8623699849342815,0.0269937321172997,-0.0320903086571048,0.0109044599340474,-0.1528414933310989,-0.0394979930358507
0.862429341397925,0.0261435767792763,-0.0323059911651925,0.010505866672275,-0.1538042296773922,-0.0382965865758383
0.8624862295370007,0.0252922385357598,-0.0325140029180121,0.010112081716648,-0.1547340073286681,-0.0370893843860842
0.8625407044346673,0.0244398207571122,-0.0327144061589594,0.0097229877714031,-0.1556309770055502,-0.0358766575864287
0.8625928192994841,0.0235864194654984,-0.0329072624488546,0.0093384620300844,-0.1564952905478843,-0.034658668765421
0.8626426254638241,0.0227321232938536,-0.0330926325481508,0.0089583764293726,-0.1573271004576608,-0.0334356717004499
0.8626901722452426,0.02187701595904,-0.0332705757815051,0.0085825989906944,-0.158126557103392,-0.0322079147009534
0.8627355071496343,0.0210211728669741,-0.0334411506726366,0.0082109925400264,-0.1588938116144988,-0.03097563555968
0.8627786756065056,0.020164666137461,-0.0336044138275907,0.0078434171155661,-0.1596290108973135,-0.0297390686024432
0.8628197211681095,0.0193075613034593,-0.0337604205537659,0.0074797287029007,-0.1603323004409336,-0.0284984397949108
0.8628586853605551,0.0184499207071722,-0.0339092241689332,0.0071197808537233,-0.1610038212218199,-0.0272539715106472
0.8628956078365659,0.0175918008217498,-0.0340508764543631,0.0067634236945765,-0.1616437117556932,-0.0260058785319565
0.8629305262361694,0.0167332559268675,-0.0341854269969046,0.0064105055980562,-0.1622521051318775,-0.0247543732739147
0.8629634763369698,0.015874335317804,-0.034312923641454,0.0060608721369127,-0.1628291310553161,-0.0234996616279113
0.8629944919733479,0.015015085932804,-0.0344334120604298,0.0057143672746978,-0.1633749138957298,-0.022241946696495
0.8630236050932173,0.0141555517808669,-0.0345469358555805,0.0053708332186537,-0.1638895731387052,-0.0209814278818116
0.8630508457669964,0.0132957745713201,-0.0346535364804626,0.0050301107563474,-0.1643732230235132,-0.0197183017340385
0.8630762422483513,0.0124357926993844,-0.0347532533705778,0.0046920389328906,-0.1648259731210798,-0.0184527603908734
0.8630998209559717,0.0115756426165137,-0.034846123770213,0.0043564556701675,-0.1652479275347685,-0.0171849935231306
0.8631216064693901,0.0107153602127831,-0.0349321826173174,0.0040231983628479,-0.1656391843609108,-0.0159151903198909
0.8631416216393386,0.0098549776669181,-0.0350114628868646,0.0036921027132546,-0.165999837233295,-0.0146435347881068
0.8631598875285256,0.0089945266125919,-0.0350839952713458,0.0033630040193488,-0.1663299738546972,-0.0133702103704916
0.8631764234773136,0.0081340364039626,-0.0351498083600048,0.0030357365566956,-0.1666296767950868,-0.0120953973357428
0.8631912470709047,0.0072735369678705,-0.0352089284333137,0.0027101347121674,-0.1668990225389137,-0.0108192769583727
0.8632043742284109,0.0064130552759652,-0.0352613797484757,0.002386031687323,-0.1671380827685142,-0.0095420262495782
0.8632158191707674,0.0055526180226084,-0.0353071843487034,0.0020632605596658,-0.1673469234791361,-0.0082638218838858
0.8632255944456428,0.004692251566012,-0.0353463621050644,0.0017416542958385,-0.1675256051531728,-0.0069848400769864
0.8632337109587331,0.0038319806761088,-0.0353789307903413,0.001421045321964,-0.1676741830813366,-0.0057052546873411
0.8632401779697045,0.0029718300331036,-0.0354049060171939,0.0011012661221031,-0.1677927070655351,-0.0044252394069897
0.863245003114552,0.0021118231496496,-0.0354243012880191,0.00078214887238,-0.1678812216317136,-0.0031449661235108
0.8632481924019354,0.0012519852387282,-0.0354371279461817,0.0004635265398374,-0.1679397657933317,-0.0018646091554544
0.8632497502448748,0.0003923397549764,-0.0354433952752049,0.0001452316331368,-0.1679683734907629,-0.0005843400701033
0.8632496794545602,-0.0004670909578922,-0.0354431104514288,-0.0001729035211263,-0.1679670733626335,0.0006956713876091
0.8632479812245848,-0.0013262898975965,-0.0354362784637849,-0.0004910483131697,-0.1679358883676622,0.0019752636269995
0.863244654310266,-0.0021854060205571,-0.0354228988031596,-0.000809433390309,-0.1678748206638508,0.0032545223715583
0.8632396957279715,-0.0030444156821462,-0.0354029682784543,-0.0011282253967532,-0.1677838644600263,0.0045332763746847
0.8632331008993204,-0.0039032952915894,-0.0353764816059621,-0.0014475908538893,-0.1676630087051694,0.0058113545980646
0.8632248636584636,-0.0047620198862491,-0.0353434314533642,-0.0017676955953189,-0.167512237288761,0.0070885841239553
0.8632149762323382,-0.0056205649727568,-0.0353038083807696,-0.0020887054158543,-0.1673315287719181,0.0083647929294273
0.8632034292467515,-0.0064789049137327,-0.0352576008910665,-0.0024107854344816,-0.1671208566178136,0.0096398075214148
0.8631902117060755,-0.0073370139034066,-0.0352047953800666,-0.0027341004217458,-0.1668801889655286,0.0109134544229276
0.8631753109859842,-0.0081948654595435,-0.0351453761446865,-0.0030588145729569,-0.1666094886691906,0.0121855594533952
0.8631587128165397,-0.00905243254415,-0.035079325358289,-0.0033850915162836,-0.1663087131879439,0.0134559479439165
0.8631404013163917,-0.0099096852053198,-0.0350066232546742,-0.0037130933711322,-0.165977815425999,0.0147244412855402
0.8631203588846207,-0.0107665951100755,-0.0349272477517992,-0.0040429824337874,-0.1656167420222266,0.0159908636816352
0.8630985662829556,-0.0116231306813906,-0.0348411748377577,-0.0043749192752102,-0.1652254351100426,0.0172550349916176
0.8630750025628502,-0.0124792596615032,-0.0347483783459668,-0.0047090636722584,-0.1648038312969006,0.0185167745698289
0.863049645076539,-0.013334947804131,-0.0346488300688449,-0.0050455740509522,-0.1643518621837514,0.0197758993816557
0.8630224694356261,-0.0141901595757779,-0.0345424996699006,-0.0053846077052188,-0.1638694539678399,0.0210322250874316
0.8629934495261828,-0.0150448568993717,-0.0344293548229582,-0.0057263202418265,-0.1633565280761111,0.0222855642488531
0.8629625574564366,-0.0158990000666355,-0.0343093610923991,-0.0060708658766137,-0.1628130006223349,0.0235357277280093
0.8629297635340827,-0.0167525475164715,-0.0341824819357755,-0.0064183972847185,-0.1622387824196298,0.024782524417965
0.8628950363215689,-0.0176054537421385,-0.0340486790115838,-0.0067690646720316,-0.1616337803712081,0.0260257582532559
0.8628583425184823,-0.0184576716976704,-0.0339079118224492,-0.0071230166707634,-0.1609978958512223,0.0272652317987292
0.8628196469716939,-0.0193091516723865,-0.0337601378593684,-0.0074803998030442,-0.1603310253533123,0.0285007446747088
0.8627789127886835,-0.0201598383205972,-0.0336053131384996,-0.0078413571270515,-0.1596330629023667,0.0297320893388524
0.8627361010777558,-0.0210096757191404,-0.0334433913192006,-0.0082060302588522,-0.158903896062912,0.0309590585118613
0.86269117118103,-0.0218586018736692,-0.0332743247022345,-0.0085745569313741,-0.1581434104235473,0.0321814373198009
0.8626440805345426,-0.0227065512141374,-0.0330980638098204,-0.0089470719153471,-0.1573514876801577,0.0333990070223015
0.8625947846716224,-0.0235534539914251,-0.0329145575143508,-0.009323706625534,-0.1565280061892822,0.0346115442552769
0.8625432372471677,-0.0243992354472819,-0.0327237532439124,-0.0097045886012451,-0.1556728418576917,0.0358188199684634
0.8624893901260522,-0.0252438141742388,-0.0325255974194467,-0.010089840581929,-0.1547858700569763,0.0370205972377859
0.8624331932043416,-0.0260871047901015,-0.0323200349045093,-0.010479581524388,-0.1538669631067792,0.0382166352375631
0.8623745946570871,-0.0269290139329615,-0.0321070100230928,-0.0108739245618013,-0.1529159947676962,0.0394066837171097
0.8623135408076525,-0.0277694423094486,-0.031886466178671,-0.0112729776989009,-0.1519328384596651,0.0405904861099897
0.8622499762549528,-0.0286082829246926,-0.0316583464108002,-0.0116768427260942,-0.1509173696583967,0.0417677772403792
0.8621838438714482,-0.0294454213319464,-0.0314225934710851,-0.0120856150475341,-0.1498694661284575,0.0429382839088404
0.8621150849834409,-0.0302807336693113,-0.0311791505385377,-0.0124993824055311,-0.1487890109811516,0.0441017224016042
0.8620436394996367,-0.0311140857696519,-0.0309279617224153,-0.0129182240529161,-0.147675894753874,0.0452577975585845
0.8619694457746457,-0.0319453354421841,-0.0306689716181999,-0.0133422115007466,-0.1465300132729791,0.0464062062553764
0.8618924410055143,-0.032774328665389,-0.0304021267187526,-0.0137714061802956,-0.1453512737139488,0.0475466324578711
0.8618125611873898,-0.0336009011703643,-0.0301273752478167,-0.0142058597694096,-0.1441395936390371,0.0486787497886343
0.8617297415724915,-0.0344248748544195,-0.0298446687049825,-0.0146456117970158,-0.1428949075599187,0.0498022170153151
0.8616439166242881,-0.0352460598367162,-0.0295539616282219,-0.0150906901349552,-0.1416171655926504,0.0509166813255705
0.8615550205349476,-0.0360642511160608,-0.0292552132415531,-0.0155411085769077,-0.1403063403754408,0.0520217742655382
0.8614629872034691,-0.0368792307988696,-0.0289483872216344,-0.0159968673628306,-0.1389624256671016,0.0531171152925702
0.861367750818637,-0.0376907649668428,-0.0286334534522839,-0.0164579507271455,-0.1375854436280258,0.0542023081058054
0.8612692460962267,-0.0384986042012378,-0.0283103885480651,-0.0169243263812314,-0.1361754466397225,0.0552769419735477
0.8611674085967862,-0.0393024836069412,-0.0279791765933277,-0.0173959447003701,-0.1347325200254943,0.0563405923981705
0.8610621752501659,-0.0401021215372229,-0.0276398104872906,-0.0178727371033023,-0.1332567873580351,0.057392820093564
0.8609534847652046,-0.040897219691874,-0.0272922928324071,-0.0183546151674006,-0.131748413712061,0.058433171830056
0.8608412780928572,-0.0416874631316345,-0.0269366369204204,-0.0188414696655283,-0.1302076092883346,0.0594611811873688
0.8607254987950567,-0.0424725212435103,-0.0265728673454503,-0.019333170171681,-0.1286346313720154,0.0604763705537578
0.8606060934152722,-0.0432520488293598,-0.0262010205620998,-0.0198295647734739,-0.1270297860201309,0.0614782532581227
0.860483012159092,-0.0440256853936462,-0.0258211463382177,-0.0203304786477184,-0.1253934335710121,0.0624663333758214
0.8603562090844488,-0.0447930578589365,-0.0254333076079608,-0.0208357148349108,-0.1237259872132555,0.0634401099230926
0.8602256426558564,-0.0455537809913668,-0.0250375814014261,-0.0213450536165444,-0.1220279161834351,0.0643990780572305
0.8600912757389108,-0.0463074611805035,-0.0246340580223014,-0.0218582541974266,-0.1202997414319032,0.0653427344557636
0.859953076120014,-0.0470536969766637,-0.0242228417990013,-0.0223750543598261,-0.1185420380633474,0.0662705784956353
0.859811016510836,-0.047792082468998,-0.0238040502582229,-0.0228951721544324,-0.1167554310350364,0.0671821169072681
0.8596650746894533,-0.0485222095800329,-0.0233778137188494,-0.0234183070338178,-0.1149405927069565,0.0680768669319668
0.8595152333610373,-0.0492436714662178,-0.0229442740816793,-0.0239441419561166,-0.1130982370243897,0.0689543606971476
0.8593614801246725,-0.0499560649373484,-0.0225035839737005,-0.0244723450036955,-0.1112291152921045,0.0698141482223302
0.8592038072549355,-0.0506589933514931,-0.0220559054050666,-0.0250025715489571,-0.1093340099616795,0.0706558008503555
0.8590422114069772,-0.0513520693484768,-0.0216014082791261,-0.0255344665264556,-0.1074137278977926,0.0714789143126049
0.8588766933608284,-0.0520349169224711,-0.0211402690906733,-0.0260676664138999,-0.1054690945441035,0.0722831108465721
0.8587072575562196,-0.0527071739020698,-0.0206726691213271,-0.0266018017255524,-0.1035009460713845,0.073068041647842
0.8585339116746367,-0.0533684937055225,-0.0201987928674224,-0.0271364991430448,-0.1015101226208169,0.0738333883172335
0.8583566663492527,-0.0540185461942254,-0.0197188269065363,-0.0276713830755699,-0.0994974634903469,0.0745788631474495
0.8581755346548274,-0.0546570190057268,-0.0192329582481118,-0.0282060777322135,-0.0974638002454308,0.0753042098737928
0.857990531679717,-0.0552836181897498,-0.018741373003274,-0.028740208749816,-0.095409951264189,0.0760092035322644
0.857801674269658,-0.0558980679887279,-0.0182442555902593,-0.0292734041714728,-0.0933367185972242,0.0766936492987459
0.8576089806804943,-0.0565001107591383,-0.0177417877598427,-0.0298052955748613,-0.0912448841333486,0.0773573814674702
0.857412470203253,-0.0570895067886827,-0.0172341476161544,-0.0303355191449969,-0.0891352058048482,0.0780002622912132
0.8572121631342786,-0.0576660329602317,-0.0167215095832215,-0.0308637157125965,-0.0870084177674415,0.078622179564893
0.8570080803081068,-0.0582294826803299,-0.0162040432820064,-0.0313895319000321,-0.0848652260820742,0.0792230456140802
0.8568002432482711,-0.0587796639899095,-0.0156819140260963,-0.0319126195675781,-0.0827063111370169,0.0798027943513855
0.8565886739421185,-0.0593163988211489,-0.0151552823698907,-0.0324326362330551,-0.0805323261447979,0.0803613796286808
0.8563733947349864,-0.0598395219262631,-0.0146243039847211,-0.0329492451343254,-0.0783438970094396,0.080898773280236
0.8561544284376832,-0.0603488793569877,-0.0140891300703072,-0.0334621147670483,-0.0761416243991626,0.0814149627665731
0.8559317982173219,-0.0608443275771284,-0.0135499072305468,-0.0339709189528203,-0.0739260836021066,0.0819099495405454
0.8557055277316937,-0.0613257320904277,-0.0130067779459295,-0.0344753363373623,-0.0716978268296485,0.0823837469845537
0.8554756410876445,-0.0617929665759895,-0.0124598806113159,-0.0349750503138763,-0.0694573837193025,0.0828363789269692
0.8552421629947639,-0.0622459117011698,-0.011909350036807,-0.0354697485251339,-0.0672052637249587,0.0832678779037482
0.855005118811154,-0.0626844542771448,-0.0113553176771848,-0.0359591226359595,-0.0649419573768676,0.0836782838233847
0.8547645345647202,-0.0631084865351994,-0.0107979117982965,-0.0364428681678128,-0.0626679372719985,0.084067642799141
0.8545204373012559,-0.0635179049280145,-0.0102372583870676,-0.0369206837071899,-0.0603836620816468,0.0844360056073411
0.8542728550028349,-0.0639126098135993,-0.00967348104497,-0.0373922710285198,-0.0580895763917208,0.0847834270237135
0.8540218164956663,-0.0642925051450383,-0.0091067008671973,-0.0378573352057855,-0.0557861104841316,0.0851099651797842
0.8537673520842357,-0.0646574971329622,-0.0085370379506979,-0.0383155834019411,-0.0534736867249831,0.0854156800836729
0.8535094930667492,-0.0650074947032868,-0.0079646103570482,-0.0387667257775223,-0.0511527155918028,0.085700633740869
0.8532482722143859,-0.0653424085487859,-0.0073895352429681,-0.0392104746311875,-0.0488236005004879,0.0859648891005507
0.8529837238196731,-0.0656621509165448,-0.0068119290012254,-0.0396465443794689,-0.0464867385965353,0.0862085096789102
0.8527158837163615,-0.065966635455678,-0.0062319073359715,-0.0400746515884387,-0.0441425212752469,0.0864315592507253
0.8524447892690977,-0.0662557771111267,-0.0056495852724483,-0.0404945150499873,-0.0417913344326601,0.0866341015898853
0.8521704798401997,-0.0665294915591109,-0.0050650781813034,-0.040905855144223,-0.039433562804336,0.0868161999235141
0.8518929963620343,-0.0667876956374646,-0.0044785008734945,-0.0413083946073733,-0.0370695865068752,0.0869779171111763
0.8516123820552692,-0.0670303066509931,-0.0038899691339763,-0.0417018575878877,-0.0346997874132657,0.0871193150911717
0.8513286817849094,-0.067257243003859,-0.0032995983625022,-0.0420859707153015,-0.0323245438609958,0.0872404551976972
0.8510419424998986,-0.0674684238166256,-0.0027075045083397,-0.0424604625862596,-0.0299442346041297,0.0873413978428349
0.8507522135205968,-0.0676637688077162,-0.0021138046538816,-0.0428250635580701,-0.0275592413360904,0.0874222024373818
0.850459546111089,-0.0678431986927703,-0.0015186161251894,-0.043179506466019,-0.0251699452905197,0.0874829275562666
0.8501639939074728,-0.0680066349758222,-0.0009220573659344,-0.0435235262363746,-0.0227767309281867,0.0875236308318755
0.8498656128097042,-0.0681540001404635,-0.0003242477039356,-0.0438568602009458,-0.0203799851707372,0.0875443690447088
0.8495644610590638,-0.0682852177224441,0.000274692501996,-0.0441792481807766,-0.0179800981609645,0.0875451981724252
0.849260599184824,-0.0684002124513249,0.0008746419767217,-0.0444904327169998,-0.0155774629734399,0.087526173455715
0.8489540865207694,-0.0684989113796088,0.0014754853363517,-0.0447901625572633,-0.013172448542253,0.0874873488997083
0.8486449883261583,-0.0685812413221115,0.0020770990383322,-0.0450781855389679,-0.0107654560900439,0.0874287778131262
0.8483333724571606,-0.0686471305879633,0.0026793580458872,-0.0453542524530269,-0.0083568925799564,0.0873505130761821
0.848019309351229,-0.068696509164084,0.0032821358749329,-0.0456181172757898,-0.0059471706913335,0.0872526072806883
0.8477028718934936,-0.0687293089000495,0.0038853048608913,-0.0458695374847505,-0.0035367079169674,0.0871351128159599
0.8473841354586019,-0.0687454636449096,0.0044887360814066,-0.0461082742081301,-0.0011259270362397,0.0869980819887917
0.8470631779139517,-0.0687449093965551,0.0050922993523967,-0.0463340924108014,0.0012847437062882,0.0868415671410351
0.846740070212547,-0.068727583706056,0.005695880743343,-0.0465467670614043,0.0036949403735589,0.086665615382232
0.8464146145848421,-0.0686933892284894,0.0062998662932419,-0.0467462357286682,0.0061062941461132,0.086470101529845
0.8460868895791875,-0.0686422238724249,0.0069041241668874,-0.0469322403108856,0.0085183670837612,0.0862550261344421
0.8457569764677946,-0.0685739876023385,0.0075085208903351,-0.0471045259340122,0.0109307141005443,0.0860203899969803
0.8454249597290161,-0.0684885827015422,0.0081129204867459,-0.0472628409209817,0.0133428793540158,0.0857661946270762
0.8450909269484639,-0.0683859139865849,0.0087171846902562,-0.0474069371285813,0.0157543969377551,0.0854924423673221
0.8447549689345157,-0.0682658890730934,0.009321172764975,-0.0475365701791392,0.018164789996939,0.0851991366793429
0.8444171796198507,-0.0681284185842885,0.0099247417091051,-0.0476514997922764,0.0205735713803206,0.0848862822654904
0.8440776560864849,-0.0679734163913327,0.0105277462302676,-0.047751490057687,0.0229802433788298,0.0845538852873742
0.8437364986645604,-0.0678007999033855,0.0111300385892164,-0.0478363097006358,0.0253842969388581,0.0842019536761883
0.8433938107047261,-0.0676104902019752,0.0117314690175353,-0.0479057324369331,0.0277852131668209,0.0838304971190947
0.8430496985949498,-0.0674024122675035,0.0123318856927877,-0.047959537236998,0.0301824630686326,0.0834395272673006
0.8427042718924042,-0.0671764952959193,0.0129311345128969,-0.0479975085900357,0.0325755064885335,0.0830290581000605
0.8423576431089195,-0.0669326728106006,0.0135290594714818,-0.0480194368256018,0.0349637934488256,0.0825991059035665
0.8420099276690001,-0.0666708828545415,0.0141255027227756,-0.048025118384105,0.0373467642529918,0.0821496894243137
0.8416612438849314,-0.0663910681951496,0.0147203046128491,-0.0480143560850211,0.0397238494568896,0.0816808300483761
0.8413117128802661,-0.0660931764885487,0.015313303794729,-0.0479869593924896,0.0420944701782854,0.0811925519165226
0.8409614585753864,-0.0657771604920025,0.0159043372329552,-0.0479427446791725,0.0444580379681003,0.0806848821254696
0.8406106076217831,-0.0654429782365656,0.0164932402915308,-0.0478815354876864,0.0468139550187664,0.0801578508662318
0.8402592892307972,-0.0650905930873658,0.0170798469925967,-0.0478031627599675,0.0491616150604852,0.0796114913962603
0.8399076351188057,-0.0647199738945216,0.0176639900720128,-0.0477074650649865,0.0515004034508785,0.0790458401701161
0.8395557794975482,-0.0643310951962051,0.0182455009568208,-0.0475942888405463,0.0538296969569309,0.0784609370525341
0.8392038589786954,-0.0639239373364514,0.0188242098820943,-0.0474634886140613,0.0561488641003428,0.0778568254039737
0.8388520123258901,-0.0634984863852568,0.0193999462513846,-0.047314927143428,0.0584572664863849,0.0772335518871587
0.8385003805758644,-0.0630547344771114,0.0199725383853576,-0.0471484756840134,0.0607542576879055,0.0765911669033016
0.838149106875872,-0.0625926798291446,0.0205418137346919,-0.0469640141550052,0.0630391839961324,0.075929724554687
0.837798336365748,-0.0621123267928,0.0211075990134976,-0.0467614313020408,0.0653113848611791,0.0752492826699618
0.8374482159917441,-0.0616136857919996,0.021669720436826,-0.0465406247981821,0.0675701937593805,0.0745499026810086
0.8370988946578461,-0.0610967737328591,0.0222280034122165,-0.0463015015461524,0.069814936875105,0.0738316501693478
0.8367505229178568,-0.0605616137713147,0.022782272967346,-0.0460439776998282,0.0720449347476352,0.0730945945127027
0.836403253013452,-0.0600082355642678,0.0233323536182516,-0.0457679788923007,0.0742595016789213,0.072338809217777
0.8360572387499611,-0.0594366752882391,0.0238780694953329,-0.0454734403576199,0.0764579461857193,0.0715643719321519
0.8357126353693284,-0.058846975638222,0.0244192444694965,-0.0451603070328725,0.0786395714620664,0.0707713644384637
0.8353695994982147,-0.058239185945669,0.0249557021569418,-0.0448285337168574,0.0808036753620792,0.0699598728159351
0.8350282891738638,-0.0576133624527201,0.0254872658021442,-0.0444780853192976,0.0829495498991172,0.0691299878098431
0.8346888635435744,-0.0569695679992218,0.0260137586681262,-0.0441089367832812,0.0850764828012484,0.0682818044236433
0.8343514829950545,-0.0563078724873552,0.0265350037522576,-0.0437210734356283,0.0871837563542387,0.0674154225496265
0.8340163089986107,-0.0556283528374578,0.0270508239507406,-0.0433144910577414,0.0892706480640065,0.0665309469238177
0.8336835040597042,-0.0549310931532556,0.0275610420497371,-0.0428891960739938,0.0913364306284941,0.0656284873607209
0.8333532316249,-0.0542161848038851,0.028065480787162,-0.0424452056918117,0.0933803722045555,0.0647081588810045
0.8330256560785939,-0.0534837267137306,0.0285639627746633,-0.0419825481719231,0.0954017361176516,0.0637700821080831
0.8327009425049822,-0.0527338251442246,0.0290563107760726,-0.0415012627803577,0.0973997820261604,0.0628143830143026
0.8323792569033016,-0.0519665945142284,0.0295423472957963,-0.0410014004015172,0.0993737642962617,0.0618411939958983
0.8320607658442329,-0.0511821569712871,0.0300218950153236,-0.0404830233591813,0.1013229338265813,0.0608506533516859
0.8317456366679143,-0.0503806432558602,0.0304947764089052,-0.0399462060766974,0.1032465365499876,0.0598429064053134
0.831434036979473,-0.0495621918468927,0.0309608144154184,-0.0393910346011313,0.1051438162385969,0.0588181044587008
0.8311261351070202,-0.048726950568178,0.0314198316641483,-0.0388176077749683,0.1070140114368358,0.0577764068409003
0.8308220997214989,-0.0478750761165095,0.0318716509586656,-0.0382260370258808,0.1088563575206259,0.0567179803389092
0.8305220997552988,-0.0470067343451036,0.0323160953091321,-0.0376164466560922,0.1106700869316638,0.0556429995825692
0.830226304224883,-0.0461221002920073,0.0327529881052692,-0.0369889739528402,0.1124544299962399,0.054551647114084
0.8299348824147539,-0.0452213593286976,0.0331821527546481,-0.0363437700964134,0.1142086135702575,0.053444114837872
0.8296480037634829,-0.0443047075558586,0.0336034127638626,-0.0356810005576047,0.1159318614986863,0.0523206045279648
0.8293658372008712,-0.0433723504059922,0.0340165926204424,-0.0350008441833177,0.117623398365161,0.0511813261462993
0.8290885515065415,-0.0424245044757402,0.0344215171704467,-0.0343034946031677,0.1192824471017507,0.0500265001271055
0.828816315184851,-0.0414613979927484,0.0348180117097425,-0.033589160675731,0.1209082295229523,0.0488563579712139
0.8285492960405785,-0.040483270237317,0.0352059025077569,-0.0328580661523073,0.1224999686454864,0.0476711415734633
0.8282876609164151,-0.0394903714324254,0.0355850170890854,-0.0321104496608298,0.1240568900316755,0.0464711031329801
0.8280315761035933,-0.0384829652853715,0.0359551835394963,-0.0313465666912932,0.1255782191350303,0.0452565082634117
0.8277812065013699,-0.0374613268860794,0.0363162316243275,-0.0305666880894743,0.1270631860977612,0.0440276334862588
0.8275367156201678,-0.036425743723709,0.03666799267911,-0.0297711008740766,0.1285110255210026,0.0427847675039813
0.8272982654436358,-0.035376516296818,0.0370102997048657,-0.0289601087544321,0.1299209770831934,0.0415282119749859
0.8270660159264853,-0.0343139571511578,0.0373429879841732,-0.0281340314233357,0.131292288313881,0.0402582804071938
0.8268401249515176,-0.0332383918887512,0.0376658950348123,-0.0272932053541027,0.1326242146507364,0.0389752994189853
0.8266207480520534,-0.0321501592366932,0.037978860899777,-0.0264379838675215,0.1339160208896105,0.037679608871418
0.8264080379832693,-0.0310496103207695,0.0382817286503139,-0.0255687365544377,0.1351669835239671,0.0363715610593044
0.8262021444851423,-0.0299371087905175,0.038574344613058,-0.0246858493430635,0.1363763919552577,0.0350515209237927
0.8260032140316198,-0.0288130308993837,0.0388565586164759,-0.0237897245184713,0.1375435497891573,0.033719866212438
0.8258113894401694,-0.0276777647644139,0.0391282244347829,-0.022880780070431,0.1386677769544757,0.0323769866705275
0.8256268096778513,-0.0265317106600596,0.0393891999525658,-0.0219594498447077,0.1397484106722258,0.0310232844620792
0.8254496095149629,-0.025375280399681,0.0396393475459834,-0.0210261829483409,0.1407848073237574,0.0296591735131444
0.8252799191622798,-0.0242088964173455,0.0398785344869634,-0.0200814428863725,0.1417763444175809,0.0282850785084444
0.8251178640171015,-0.0230329913754833,0.0401066331946142,-0.0191257070981642,0.1427224219243954,0.026901434513862
0.8249635645277115,-0.0218480086081443,0.0403235213223599,-0.0181594671582999,0.1436224629287244,0.025508687582275
0.8248171356096345,-0.0206543990113077,0.0405290824775363,-0.0171832260624112,0.1444759169021741,0.024107291185223
0.8246786869711221,-0.0194526248918019,0.0407232056662043,-0.0161975011734266,0.1452822576815129,0.0226977108227094
0.8245483221662181,-0.0182431533128884,0.0409057865278693,-0.0152028185612701,0.1460409888715554,0.0212804163017747
0.8244261389439511,-0.0170264598615428,0.0410767267547296,-0.0141997158509532,0.146751641702379,0.0198558862513196
0.8243122288576016,-0.015803026104854,0.0412359345537897,-0.013188739889907,0.1474137772071862,0.0184246052297197
0.8242066771718839,-0.0145733394171371,0.0413833246959493,-0.0121704463447153,0.1480269866736259,0.0169870636135418
0.8241095627196179,-0.0133378921580443,0.0415188186410295,-0.0111453987520915,0.1485908923980523,0.0155437567248764
0.8240209577457341,-0.0120971802793955,0.041642344685674,-0.0101141670823402,0.149105148521489,0.014095183291434
0.823940927888362,-0.01085170336554,0.0417538379256567,-0.0090773274823478,0.1495694410781166,0.0126418455800653
0.8238695321406804,-0.0096019645356059,0.0418532402511571,-0.0080354619016915,0.1499834881643879,0.0111842493643483
0.8238068226589441,-0.008348467160054,0.0419405005620545,-0.0069891550549158,0.1503470410077537,0.0097229001752761
0.8237528449822048,-0.0070917187373269,0.0420155744161788,-0.0059389973503518,0.1506598826554729,0.0082583078993951
0.8237076377667216,-0.005832225170816,0.0420784243591553,-0.0048855798061895,0.1509218294843578,0.0067909801811095
0.8236712330069829,-0.0045704950868741,0.0421290195833091,-0.0038294973491445,0.1511327298960605,0.0053214275267041
0.8236436559066134,-0.0033070355407176,0.0421673360796273,-0.0027713449156452,0.1512924650475541,0.0038501583693166
0.8236249249905524,-0.0020423539154719,0.042193356460257,-0.0017117187319489,0.1514009481889029,0.0023776813468509
0.8236150521174784,-0.00077695747803,0.0422070699256148,-0.0006512156368825,0.1514581245839616,0.0009045048468767
0.8236133818430627,-2.945924970979008e-12,0.0422093898345986,2.492148371349701e-11,0.1514677973115065,-3.735397516475836e-12
