2.99818349237843
0.8778007990603793,2.069447270688621e-27,0.1924702547040608,-5.055312246788807e-14,0.2275983210113401,1.5315225576166488e-13
0.8778028704781283,0.0008586279439778,0.1924669352921171,0.0010981363278413,0.2275918725604245,-0.0017597485806947
0.877819908156438,0.0026077329516816,0.1924396321752186,0.0033352289714778,0.2275388318704688,-0.0053448425913014
0.8778541617644627,0.0043571789245502,0.1923847374555787,0.0055730206913146,0.2274321882850499,-0.0089316128247113
0.8779056549840322,0.0061065779572543,0.1923022074607877,0.0078111923933533,0.2272718533713699,-0.012519922763594
0.8779744094324684,0.0078555324886442,0.1921919989236641,0.0100494131270842,0.2270577376377214,-0.0161096188885313
0.8780604446867339,0.0096036435206354,0.1920540689198652,0.0122873505671914,0.2267897503687403,-0.0197005478016014
0.8781637781758863,0.0113505091634628,0.1918883750137757,0.0145246691199207,0.2264677998535924,-0.023292553515229
0.878284425183134,0.0130957258187123,0.1916948752259013,0.016761031404248,0.2260917932554437,-0.0268854801554518
0.878422398569223,0.0148388852006454,0.1914735284444685,0.0189960943987959,0.2256616373319662,-0.0304791660962119
0.8785777088594336,0.0165795771171369,0.1912242942512933,0.0212295129645843,0.2251772380053437,-0.0340734499376352
0.878750363972966,0.0183173872179382,0.1909471333187199,0.0234609369152194,0.2246385010293896,-0.0376681661140459
0.8789403689889683,0.0200518962616269,0.1906420077457676,0.0256900100237469,0.2240453325259071,-0.0412631435973037
0.8791477259408345,0.0217826799853411,0.1903088813470325,0.027916369795613,0.2233976394163211,-0.0448582058213124
0.8793724336384701,0.0235093092640194,0.1899477198949014,0.0301396476081054,0.2226953297493232,-0.0484531711893926
0.8796144873040016,0.0252313489484867,0.1895584916601645,0.0323594671413927,0.2219383135953544,-0.0520478508072512
0.8798738782870064,0.0269483577110478,0.1891411678241208,0.0345754440938726,0.2211265036778454,-0.0556420482678214
0.8801505936156173,0.0286598870086539,0.1886957231543973,0.0367871847469283,0.2202598165039072,-0.0592355575472561
0.8804446157849208,0.0303654818034616,0.188222136299169,0.0389942867855046,0.2193381727390722,-0.0628281645352108
0.8807559220802478,0.0320646786277572,0.187720390831041,0.0411963366721756,0.2183614990270931,-0.0664196429346381
0.881084484229762,0.0337570059946968,0.1871904757628078,0.043392910034219,0.2173297287689559,-0.0700097550169812
0.8814302675426857,0.0354419823175064,0.1866323868954219,0.0455835687997614,0.2162428045090893,-0.0735982470256976
0.8817932306719989,0.0371191173550259,0.1860461271630006,0.0477678628871122,0.215100678356412,-0.0771848519664249
0.8821733246151073,0.0387879100752397,0.1854317082125331,0.0499453272177788,0.2139033147978575,-0.0807692846897962
0.8825704920545641,0.0404478486115619,0.1847891514423297,0.0521154814167922,0.2126506924474469,-0.084351241295064
0.882984666648374,0.0420984101618709,0.1841184891298425,0.054277829413524,0.2113428059593451,-0.0879303983052868
0.8834157719027675,0.0437390594972662,0.1834197662457968,0.0564318571878116,0.209979669270972,-0.0915064086857519
0.8838637202992204,0.0453692489089651,0.1826930418701757,0.0585770323554986,0.2085613180642057,-0.0950789007904074
0.884328412332691,0.0469884180382007,0.1819383907663832,0.0607128035648402,0.2070878125307158,-0.0986474768938294
0.8848097350879076,0.048595992422143,0.1811559057233067,0.0628385981528297,0.205559241635663,-0.1022117086855265
0.8853075612996029,0.0501913841091561,0.1803456991327686,0.06495382247764,0.2039757258914658,-0.105771137083055
0.8858217479547179,0.0517739909778372,0.1795079053343386,0.0670578604915372,0.2023374216361388,-0.1093252689541869
0.8863521347187971,0.0533431959434695,0.1786426832752533,0.0691500720971897,0.200644525940232,-0.1128735732754622
0.8868985432447111,0.0548983690735205,0.1777502177615168,0.0712297953237498,0.1988972787735089,-0.1164154835817549
0.8874607751944191,0.0564388660676552,0.1768307228403315,0.0732963436076861,0.1970959693618526,-0.1199503919430585
0.8880386106869613,0.0579640284675567,0.1758844445284315,0.0753490052997471,0.1952409412964141,-0.1234776464596572
0.888631807345352,0.05947318565093,0.1749116626003562,0.0773870455151256,0.1933325958352815,-0.1269965525695737
0.8892400989922853,0.0609656559126331,0.1739126929917443,0.0794097067192101,0.1913713964496126,-0.130506372012267
0.8898631941604345,0.0624407472490216,0.1728878905536483,0.0814162088562381,0.1893578741091379,-0.1340063207723442
0.8905007752066273,0.0638977597122545,0.1718376508635413,0.0834057515596996,0.1872926307736104,-0.1374955704190471
0.8911524973673467,0.0653359875517276,0.1707624121796736,0.0853775160505431,0.185176343228299,-0.1409732487311042
0.8918179881444408,0.0667547220123087,0.1696626568995868,0.0873306679155225,0.1830097660147658,-0.1444384417003404
0.8924968471532044,0.0681532549107627,0.1685389123002735,0.0892643609620071,0.1807937330211587,-0.1478901973260446
0.8931886461209474,0.069530882194641,0.1673917510705207,0.0911777410798823,0.1785291587396215,-0.1513275293618119
0.8938929293028838,0.0708869079736382,0.1662217911900662,0.0930699508036751,0.1762170383157139,-0.1547494222874413
0.8946092143637733,0.0722206489819181,0.1650296950669149,0.0949401345488728,0.1738584462123575,-0.1581548375375559
0.8953369937417324,0.073531439368482,0.163816167895177,0.0967874444122504,0.1714545334083585,-0.161542720874899
0.8960757363321233,0.0748186354171275,0.1625819554925547,0.0986110460053627,0.1690065236373643,-0.1649120100188899
0.8968248900291051,0.076081621045504,0.1613278407071166,0.1004101255529661,0.1665157068515655,-0.168261644887639
0.8975838839301383,0.0773198119264666,0.1600546403759245,0.1021838952270637,0.1639834338293368,-0.1715905749386345
0.8983521312215346,0.0785326600369337,0.158763201126168,0.1039315992759398,0.1614111085283316,-0.1748977683589602
0.8991290332203868,0.0797196591842117,0.1574543931955979,0.1056525218016071,0.1588001765131892,-0.1781822249000449
0.8999139815296094,0.0808803467771363,0.1561291073801533,0.107345989356315,0.1561521196206578,-0.1814429794331586
0.9007063627429559,0.0820143088174064,0.154788247635292,0.1090113784256451,0.1534684419530252,-0.1846791153463677
0.9015055610035888,0.0831211809388618,0.1534327272310263,0.1106481174057104,0.1507506629393888,-0.1878897679911624
0.9023109621345116,0.0842006511629877,0.1520634621831046,0.1122556913022964,0.1480003049167166,-0.1910741339379512
0.903121956349482,0.0852524601155131,0.150681367013696,0.1138336428993334,0.1452188853260698,-0.1942314739086734
0.9039379415899516,0.0862764017079713,0.1492873493764871,0.1153815747886699,0.1424079065759217,-0.1973611178946102
0.904758325847399,0.0872723221714103,0.1478823063351703,0.1168991490882814,0.1395688491667841,-0.2004624661264626
0.905582529864734,0.0882401193637031,0.1464671199239683,0.118386087693559,0.1367031633025246,-0.2035349915076362
0.9064099895125892,0.08917974146931,0.1450426531874238,0.1198421717287316,0.1338122613840336,-0.2065782408339689
0.9072401568398932,0.0900911841089826,0.14360974843399,0.1212672386138373,0.13089751491641,-0.2095918313378476
0.9080725012467572,0.0909744877103748,0.1421692252327676,0.1226611795300598,0.1279602508462247,-0.2125754481493856
0.908906511599983,0.0918297359143852,0.1407218767216612,0.1240239385446192,0.1250017443806858,-0.215528845487868
0.9097416953653524,0.0926570509511844,0.1392684710340057,0.1253555069318326,0.1220232221836498,-0.2184518376275845
0.9105775807367852,0.0934565923092714,0.1378097474921287,0.1266559226758188,0.1190258548305906,-0.2213443010342128
0.9114137149582474,0.0942285517890738,0.1363464193889484,0.1279252641109314,0.1160107627059434,-0.2242061636352536
0.9122496660848842,0.0949731521404468,0.1348791707525658,0.1291636492737628,0.1129790095149825,-0.227037406593642
0.9130850216315484,0.0956906429490486,0.1334086585221547,0.1303712306925673,0.1099316068784421,-0.2298380558089728
0.913919389071826,0.096381298476374,0.1319355114712103,0.1315481932837889,0.1068695121973102,-0.2326081802513004
0.9147523945986744,0.0970454142149288,0.1304603321762384,0.1326947499879548,0.1037936327972139,-0.2353478848978523
0.915583683520754,0.0976833050458461,0.1289836960936574,0.133811140007318,0.1007048240497669,-0.238057309551818
0.9164129186457346,0.0982953019947619,0.1275061541951571,0.1348976245130513,0.0976038948944822,-0.2407366214193062
0.9172397802749948,0.09888175049732,0.1260282327515005,0.1359544848322808,0.0944916074127186,-0.2433860133640878
0.918063965645016,0.0994430083844621,0.1245504340908567,0.1369820200613973,0.0913686784135585,-0.2460057006368503
0.9188851884188318,0.0999794440698404,0.1230732372669742,0.1379805449355687,0.0882357808182294,-0.2485959180475919
0.9197031776472334,0.1004914345600933,0.1215970996849883,0.1389503872466628,0.0850935470735611,-0.2511569157320805
0.920517676926089,0.1009793638000295,0.1201224583905142,0.1398918857325385,0.0819425718790166,-0.2536889558163654
0.9213284445484996,0.1014436217480859,0.1186497295622331,0.1408053892672238,0.0787834110754056,-0.2561923123738396
0.9221352525257842,0.1018846028553886,0.1171793100481033,0.1416912548346176,0.0756165848772464,-0.258667268010152
0.9229378859862104,0.1023027049140155,0.1157115782298448,0.1425498460970398,0.0724425796876077,-0.261114111804662
0.923736141958429,0.1026983277172321,0.1142468960259779,0.143381531451135,0.0692618523975177,-0.263533135535003
0.9245298305167065,0.1030718729956709,0.1127856065709205,0.1441866846593799,0.0660748253084087,-0.2659246371863175
0.9253187723283334,0.103423742629131,0.1113280384958255,0.1449656817960218,0.0628818953786072,-0.2682889136431771
0.9261027996432598,0.1037543386323522,0.1098745038977246,0.1457189018520107,0.0596834297611554,-0.270626263897783
0.9268817546764344,0.1040640619890116,0.1084253011177335,0.1464467247751099,0.056479771841828,-0.2729369844820077
0.927655490265664,0.1043533125380938,0.1069807133150532,0.1471495317952208,0.0532712380527494,-0.275221371770069
0.928423868500244,0.1046224880726436,0.105541010812838,0.147827703871751,0.0500581230008932,-0.2774797182952099
0.9291867613273324,0.1048719842469139,0.1041064497626798,0.1484816220098949,0.0468406964376527,-0.2797123149658802
0.9299440487514576,0.1051021936847009,0.1026772753248802,0.1491116654978187,0.0436192103113997,-0.2819194462469951
0.930695619906412,0.1053135060987768,0.1012537194623339,0.1497182126809571,0.0403938937705968,-0.2841013937979297
0.93144137174458,0.1055063076612321,0.0998360032186434,0.1503016397235342,0.0371649582225091,-0.2862584331621138
0.9321812090556544,0.1056809808368675,0.0984243365007309,0.1508623205370112,0.0339325967942909,-0.2883908343674322
0.9329150440595414,0.1058379041125365,0.0970189186693629,0.1514006263785283,0.0306969856147964,-0.2904988613015762
0.9336427965110828,0.1059774518579126,0.0956199381532091,0.1519169258453312,0.0274582828450516,-0.2925827725705293
0.9343643924787736,0.1060999939463215,0.0942275746138949,0.1524115839406879,0.0242166336051523,-0.2946428185674906
0.9350797650622138,0.1062058957856712,0.0928419973946409,0.1528849625536898,0.0209721663178512,-0.2966792441084541
0.9357888534894752,0.1062955180520471,0.091463367086178,0.1533374198008958,0.0177249962635606,-0.2986922864317148
0.9364916034645848,0.1063692166419278,0.0900918346812141,0.1537693102285468,0.0144752235062923,-0.3006821767664216
0.9371879659185134,0.1064273424471214,0.0887275438405571,0.1541809840196289,0.0112229381607149,-0.3026491373730599
0.937877897831968,0.106470241380126,0.0873706291268206,0.154572787507276,0.007968216128745,-0.3045933844566258
0.9385613613258564,0.1064982542253588,0.0860212176216714,0.1549450626286982,0.0047111228466136,-0.3065151261709387
0.939238323434518,0.1065117165962768,0.084679429223019,0.1552981468332357,0.0014517139356952,-0.3084145625600013
0.93990875661767,0.1065109588962294,0.0833453754746008,0.1556323733607934,-0.0018099677416784,-0.3102918875613575
0.9405726640182204,0.1064963053939592,0.0820191088346782,0.1559480829123033,-0.0050740175435977,-0.31214736007541
0.9412304822977006,0.1064680499668461,0.080699811980984,0.1562457983758368,-0.0083426888610957,-0.3139824266163656
0.9418821981905824,0.1064264769968446,0.0793875628779961,0.1565258062550742,-0.0116160490240451,-0.3157972535461824
0.9425277993971444,0.1063718658632025,0.0780824393129429,0.1567883869810166,-0.0148941612313735,-0.3175919914155667
0.943167277005652,0.1063044909274155,0.0767845139571055,0.1570338161469346,-0.0181770967599966,-0.3193667821724002
0.9438006252017198,0.1062246215724635,0.0754938548462386,0.1572623644449239,-0.0214649338487738,-0.3211217587754597
0.9444278411256832,0.1061325222417246,0.0742105255683859,0.1574742976739522,-0.0247577573007404,-0.3228570452110186
0.9450489248598444,0.1060284524595988,0.0729345851881978,0.1576698767905657,-0.0280556587638246,-0.3245727568576496
0.9456638789518091,0.1059126669332927,0.0716660891276399,0.1578493578153091,-0.0313587345366238,-0.3262689995589867
0.9462727087069762,0.1057854155328744,0.0704050884714813,0.1580129919873771,-0.0346670874347656,-0.3279458708115144
0.9468754218685808,0.105646943370088,0.0691516305314659,0.1581610257202688,-0.0379808254137443,-0.3296034592487064
0.9474720287138872,0.1054974907967914,0.0679057585532479,0.1582937006747986,-0.0413000624317059,-0.3312418452617519
0.948062541486566,0.1053372935670745,0.0666675128105381,0.1584112536798343,-0.0446249156242512,-0.3328610997860066
0.948646974739952,0.1051665827836298,0.0654369298043519,0.1585139168678782,-0.0479555075035148,-0.3344612855805927
0.9492253449507728,0.10498558502649,0.0642140429876939,0.1586019176464319,-0.0512919640947254,-0.3360424564939725
0.9497976704955172,0.1047945223948318,0.0629988827367352,0.158675478752912,-0.0546344150723164,-0.3376046577157904
0.9503639717114684,0.1045936125107504,0.0617914761402601,0.1587348183079928,-0.0579829944180727,-0.3391479262476282
0.9509242709468072,0.1043830685097196,0.0605918468071971,0.1587801498468367,-0.0613378410707956,-0.3406722913301463
0.951478591429962,0.1041630994960354,0.0594000172133658,0.1588116822775915,-0.0646990924266309,-0.3421777716523492
0.9520269584631348,0.103933910136146,0.058216006079012,0.1588296200395353,-0.0680668917079562,-0.3436643788769751
0.952569398778748,0.1036957009179874,0.0570398296713196,0.1588341630836479,-0.0714413844141103,-0.345132116152916
0.9531059404682072,0.1034486682136274,0.0558715018915117,0.1588255069192418,-0.074822718126738,-0.346580978179381
0.9536366131231664,0.103193004237902,0.0547110338986396,0.1588038426489431,-0.0782110436712368,-0.3480109518331251
0.9541614475014458,0.1029288972249048,0.0535584347700545,0.1587693570090494,-0.0816065132806731,-0.3494220155025852
0.9546804753684672,0.1026565315454244,0.0524137117911861,0.1587222324312152,-0.0850092797740139,-0.3508141388930758
0.9551937296556944,0.1023760876606345,0.0512768700493379,0.1586626470775241,-0.0884194977934168,-0.352187283674791
0.9557012442373508,0.1020877422687687,0.0501479128681903,0.1585907749008144,-0.0918373225601877,-0.3535414030966026
0.9562030538974132,0.1017916683593285,0.049026841827839,0.1585067856955297,-0.0952629098399749,-0.354876442104578
0.9566991945389334,0.1014880351136905,0.0479136562407484,0.1584108450947107,-0.0986964175986305,-0.3561923380937413
0.9571897026376868,0.1011770082586277,0.046808354320921,0.1583031147009973,-0.1021380024620118,-0.3574890196441988
0.9576746156459772,0.1008587498515648,0.0457109322288845,0.1581837520487782,-0.1055878226869943,-0.3587664077747273
0.9581539717392212,0.1005334184589557,0.0446213845891387,0.1580529106819223,-0.1090460366157604,-0.3600244154423635
0.9586278096107356,0.1002011693279462,0.0435397049112606,0.1579107402487017,-0.1125128013552764,-0.3612629471722902
0.9590961687627488,0.099862154215077,0.0424658848821945,0.157757386453262,-0.1159882750557848,-0.3624818999805652
0.9595590890626402,0.0995165217265262,0.0413999153360263,0.1575929912225975,-0.1194726138211714,-0.3636811623682421
0.9600166111171434,0.0991644170745803,0.0403417853537386,0.1574176926151467,-0.1229659746430469,-0.3648606154418695
0.9604687758278384,0.0988059824355115,0.0392914832455804,0.1572316250076771,-0.126468512209486,-0.3660201319019702
0.9609156246467058,0.0984413567844406,0.0382489959229052,0.1570349190326678,-0.1299803809763012,-0.3671595768389617
0.961357199377535,0.0980706760759891,0.0372143093203202,0.1568277016847426,-0.1335017337794437,-0.3682788073507495
0.9617935420807676,0.0976940733573866,0.0361874085854372,0.1566100964019893,-0.1370327211694118,-0.3693776724293622
0.962224695416094,0.0973116784970025,0.0351682772370065,0.1563822229202475,-0.1405734943124082,-0.3704560139405178
0.962650701866472,0.0969236188913894,0.034156898962707,0.156144197701294,-0.1441241987647654,-0.3715136647909486
0.9630716046083958,0.096530018720607,0.0331532555307298,0.1558961335010859,-0.1476849817162438,-0.3725504512143527
0.9634874466642214,0.0961309997421247,0.0321573287699693,0.1556381398646066,-0.1512559850388401,-0.3735661907684406
0.963898271495951,0.095726680768353,0.0311690991280528,0.1553703228107917,-0.1548373503591265,-0.3745606939032883
0.964304122464144,0.0953171782116925,0.0301885469394884,0.15509278519426,-0.1584292144864312,-0.3755337627367806
0.964705043137284,0.094902605816345,0.0292156516595196,0.154805626542886,-0.1620317121201384,-0.3764851919065201
0.965101077234718,0.0944830747328804,0.0282503919730915,0.1545089431112009,-0.165644975448624,-0.3774147685151418
0.9654922684088868,0.094058693774036,0.0272927463014392,0.1542028280682689,-0.1692691322139187,-0.3783222717058564
0.9658786604625322,0.0936295692118557,0.0263426922506044,0.1538873713624516,-0.1729043077240402,-0.3792074732586356
0.966260297051176,0.0931958051296653,0.0254002073196877,0.1535626599844037,-0.1765506221062889,-0.3800701369868564
0.9666372218758412,0.092757503240886,0.024465268409541,0.1532287778448047,-0.1802081921001113,-0.3809100192681574
0.96700947857903,0.0923147630314332,0.0235378520596965,0.1528858058866158,-0.1838771300819403,-0.3817268688873969
0.9673771106134624,0.0918676819491748,0.0226179347602568,0.1525338222421973,-0.1875575427282209,-0.3825204268372111
0.9677401615848108,0.0914163550163009,0.0217054920784657,0.1521729019359855,-0.191249534417515,-0.3832904271405532
0.9680986747901426,0.0909608754159361,0.0208004997972515,0.1518031173522352,-0.194953202593803,-0.3840365959314351
0.968452693469646,0.09050133421615,0.0199029332718714,0.151424538026665,-0.1986686402328628,-0.3847586520819497
0.968802260751095,0.090037820461745,0.0190127675539508,0.1510372307245727,-0.202395935257898,-0.3854563071578548
0.9691474194933268,0.0895704214110059,0.0181299777780243,0.150641259646381,-0.2061351688032171,-0.3861292651898492
0.9694882123100668,0.0890992225450019,0.0172545390942675,0.1502366864501675,-0.209886415320044,-0.3867772228257871
0.9698246818059982,0.0886243072684426,0.0163864260508764,0.1498235700019184,-0.2136497450994892,-0.3873998698641165
0.9701568703741156,0.0881457572058033,0.015525613099841,0.149401966631031,-0.217425222027361,-0.3879968889343764
0.9704848200210572,0.0876636524890976,0.0146720750434345,0.1489719303959426,-0.2212129014509836,-0.3885679552866681
0.9708085725481688,0.0871780715363381,0.0138257865607422,0.1485335129036324,-0.2250128320589526,-0.3891127372309138
0.9711281696745642,0.0866890908858146,0.0129867218745495,0.148086763163691,-0.2288250572660964,-0.3896308964221364
0.9714436526336676,0.08619678583569,0.0121548558011706,0.1476317281785385,-0.2326496103114387,-0.3901220872938837
0.9717550625618658,0.0857012298834496,0.0113301627257593,0.147168452444221,-0.2364865187209943,-0.3905859578040451
0.9720624401978194,0.0852024952212949,0.0105126173884305,0.1466969784175896,-0.2403358005305037,-0.3910221490712777
0.972365826093411,0.0847006524320969,0.0097021943215177,0.146217346244737,-0.2441974667091604,-0.3914302958099074
0.9726652604872772,0.0841957707184379,0.0088988681795211,0.1457295939866068,-0.2480715194423889,-0.3918100262589506
0.9729607832172206,0.0836879180871644,0.0081026139729212,0.145233757813684,-0.2519579507719768,-0.3921609622160101
0.9732524339538776,0.0831771609823692,0.0073134064370215,0.1447298716635919,-0.2558567454490457,-0.3924827194613541
0.973540251950114,0.0826635647434474,0.0065312207035197,0.1442179677014837,-0.2597678774574042,-0.3927749075959493
0.9738242762416393,0.0821471932841817,0.0057560317555304,0.143698076018934,-0.2636913124871634,-0.393037130412441
0.9741045454222328,0.0816281095255851,0.0049878150371667,0.1431702250825243,-0.2676270046553786,-0.3932689858287225
0.9743810978748436,0.0811063750061102,0.0042265458214604,0.1426344413586334,-0.2715748994757272,-0.3934700662668465
0.9746539715911986,0.0805820502411277,0.0034721997021137,0.1420907496945085,-0.275534931129221,-0.3936399586639671
0.9749232041912168,0.0800551947249449,0.0027247525422104,0.1415391733440739,-0.2795070224489405,-0.3937782446942772
0.9751888331260032,0.0795258665592942,0.001984179908792,0.1409797335964272,-0.2834910877038546,-0.3938845010517346
0.9754508953495,0.0789941231249176,0.001250457983991,0.1404124504994724,-0.2874870275151528,-0.393958299479209
0.9757094276174384,0.0784600205168698,0.0005235627321074,0.1398373422857092,-0.2914947330817996,-0.3939992071011937
0.9759644661915086,0.0779236141753649,-0.0001965292715205,0.1392544260689543,-0.2955140814088614,-0.3940067865641468
0.9762160470968034,0.0773849583876259,-0.0009098415624697,0.1386637173345143,-0.2995449390113035,-0.3939805963218317
0.9764642066283484,0.0768441051832208,-0.0016163992380553,0.1380652287251512,-0.3035871701120035,-0.3939201906452805
0.9767089802705988,0.0763011066610728,-0.0023162258972651,0.1374589726093787,-0.3076406191761337,-0.3938251199198826
0.9769504031106674,0.0757560141663706,-0.0030093448008716,0.1368449602241544,-0.3117051170397954,-0.3936949309747581
0.9771885097607153,0.0752088785090154,-0.0036957786428924,0.1362232019570949,-0.3157804792350057,-0.3935291674490355
0.9774233346617688,0.0746597493016228,-0.0043755504227907,0.1355937066279778,-0.3198665108678092,-0.3933273698923875
0.9776549117296957,0.0741086758021139,-0.0050486824231582,0.1349564824779111,-0.3239630002839807,-0.3930890763096754
0.977883274715286,0.0735557060998538,-0.0057151972504371,0.1343115362687549,-0.3280697250646575,-0.3928138221575613
0.9781084569344268,0.0730008877766848,-0.0063751170515013,0.1336588740761567,-0.3321864470470852,-0.392501140903678
0.9783304915358476,0.0724442672771715,-0.0070284642958281,0.1329985005845839,-0.3363129169357488,-0.3921505639934129
0.9785494112317692,0.0718858905908991,-0.0076752609866444,0.1323304199209637,-0.3404488691738713,-0.391761621526093
0.9787652484112626,0.0713258030036567,-0.0083155289902149,0.131654635401611,-0.34459402372885,-0.3913338424649561
0.9789780351602198,0.0707640490675304,-0.0089492900944084,0.1309711495318413,-0.3487480862503512,-0.3908667549404622
0.9791878032773608,0.0702006725762246,-0.0095765660566761,0.1302799640104944,-0.3529107481897011,-0.3903598865498586
0.9793945842616784,0.0696357166144291,-0.0101973785671155,0.129581079825234,-0.3570816863735577,-0.3898127647243271
0.9795984093398048,0.0690692234985458,-0.0108117493310671,0.1288744972151365,-0.3612605633826288,-0.3892249170036144
0.979799309386665,0.0685012350136346,-0.0114196998299527,0.1281602160040229,-0.3654470257484967,-0.3885958716280346
0.9799973149248962,0.0679317924448129,-0.0120212513160645,0.1274382356871484,-0.3696407036755508,-0.3879251579848908
0.9801924562387972,0.067360936271443,-0.012616425157166,0.1267085550875606,-0.3738412132484405,-0.3872123066405527
0.980384763377082,0.0667887061609794,-0.0132052428479571,0.1259711723815912,-0.3780481564304063,-0.3864568496529077
0.9805742659794088,0.06621514149914,-0.013787725478864,0.1252260858238224,-0.3822611171284385,-0.3856583216502589
0.9807609934658924,0.0656402808467317,-0.0143638943145006,0.1244732930945806,-0.3864796651584615,-0.3848162595335387
0.980944974902518,0.0650641623609692,-0.014933770379661,0.1237127918920193,-0.3907033531269693,-0.3839302034653225
0.9811262390833884,0.0644868235629861,-0.0154973747110922,0.1229445796778683,-0.3949317181236095,-0.3829996969705915
0.98130481459703,0.0639083011311448,-0.0160547285650911,0.1221686534436912,-0.3991642832224684,-0.3820242869839867
0.9814807296003965,0.0633286316432505,-0.0166058527121614,0.1213850107522048,-0.4034005520501774,-0.3810035255144196
0.9816540121072044,0.0627478506562573,-0.0171507683359727,0.1205936485524237,-0.4076400155280431,-0.379936968532968
0.9818246897239818,0.0621659935867661,-0.0176894962060165,0.1197945644188818,-0.4118821454551533,-0.3788241779601821
0.9819927898287384,0.0615830951348947,-0.0182220572363931,0.1189877558240888,-0.4161263987479402,-0.3776647211063087
0.9821583394321738,0.060999189775044,-0.018748472045681,0.1181732208682213,-0.4203722139056066,-0.3764581720969205
0.9823213653710744,0.0604143110948097,-0.0192687615690252,0.1173509574155852,-0.4246190158739562,-0.3752041110158213
0.9824818940856282,0.0598284925946251,-0.0197829463484151,0.1165209642657744,-0.4288662102965632,-0.3739021260459682
0.9826399517732852,0.059241767160631,-0.0202910470199342,0.1156832404760736,-0.4331131874275947,-0.3725518128843979
0.9827955643062988,0.0586541673801453,-0.0207930840477786,0.1148377858665249,-0.4373593199380924,-0.3711527759510935
0.9829487572886436,0.0580657253492427,-0.0212890779044631,0.1139846008069949,-0.4416039644196444,-0.3697046284811494
0.9830995559934153,0.0574764729295803,-0.021779048865787,0.1131236866506115,-0.4458464596564946,-0.3682069936873114
0.9832479853863384,0.0568864416857033,-0.0222630170826034,0.1122550457124493,-0.4500861272281455,-0.3666595051986388
0.9833940701461128,0.0562956628267954,-0.0227410026436962,0.1113786812509098,-0.4543222720920442,-0.3650618074837997
0.983537834661689,0.0557041672365087,-0.0232130255640183,0.1104945975775045,-0.4585541825487688,-0.3634135564967936
0.9836793029914156,0.0551119856656296,-0.0236791056467639,0.1096028004149007,-0.4627811290668315,-0.3617144208126088
0.9838184988891866,0.0545191486557868,-0.0241392625644054,0.1087032968585189,-0.4670023650592197,-0.3599640820547182
0.9839554457918136,0.053925686622633,-0.0245935158125349,0.1077960955776794,-0.471217126541635,-0.3581622357764541
0.9840901668228184,0.0533316298731466,-0.0250418847174672,0.1068812069205575,-0.4754246322875353,-0.3563085921762268
0.984222684768018,0.052737008750592,-0.025484388349627,0.1059586432190185,-0.4796240831077875,-0.3544028772359349
0.984353022153033,0.0521418533234963,-0.0259210457772382,0.1050284183879312,-0.4838146643784071,-0.3524448324129641
0.9844812011697032,0.051546193747593,-0.0263518758163227,0.1040905485661986,-0.4879955438363429,-0.3504342164717138
0.9846072436550968,0.0509500604144356,-0.0267768969533748,0.1031450524428013,-0.4921658709388227,-0.3483708067505418
0.9847311711890396,0.0503534835379635,-0.027196127668172,0.1021919506915152,-0.4963247801842039,-0.3462543984847823
0.9848530050073294,0.0497564936050413,-0.0276095861363108,0.1012312667716221,-0.5004713884098637,-0.3440848070886081
0.9849727660525726,0.0491591211808894,-0.0280172903952858,0.1002630267098527,-0.5046047966431602,-0.3418618682371155
0.9850904749180748,0.048561397238638,-0.0284192581479505,0.099287259726563,-0.5087240883477012,-0.3395854398597234
0.9852061519204668,0.0479633528512734,-0.0288155070039882,0.0983039978318865,-0.5128283321241845,-0.3372554017869175
0.9853198170851086,0.0473650193101319,-0.0292060544257464,0.0973132761079147,-0.5169165814829908,-0.3348716569443933
0.9854314901065236,0.0467664283897109,-0.0295909175868478,0.0963151332426179,-0.5209878736777864,-0.3324341332013159
0.985541190456642,0.0461676118253145,-0.0299701137399615,0.0953096107543877,-0.5250412339405024,-0.3299427820373176
0.9856489372413564,0.0455686021418283,-0.0303436597172807,0.0942967544706646,-0.5290756705705896,-0.3273975827196044
0.985754749332422,0.0449694320003891,-0.0307115723809017,0.0932766135306973,-0.5330901801344833,-0.324798540410724
0.9858586453114382,0.0443701345617931,-0.0310738684249151,0.0922492410891836,-0.5370837458087371,-0.3221456884576572
0.98596064351072,0.0437707433147978,-0.0314305645133053,0.0912146941162919,-0.5410553393745166,-0.3194390884155774
0.9860607620066872,0.0431712921691793,-0.0317816772534416,0.0901730336445969,-0.5450039214720281,-0.3166788311900762
0.9861590186287066,0.0425718154622897,-0.0321272232234663,0.0891243248678332,-0.5489284424782452,-0.3138650377964124
0.9862554309779124,0.0419723479015077,-0.0324672190353128,0.0880686371237135,-0.552827843839368,-0.3109978597879648
0.9863500164404484,0.0413729245335612,-0.0328016813789218,0.0870060439171404,-0.556701059252238,-0.3080774797591105
0.986442792172801,0.0407735808904526,-0.0331306269679715,0.0859366232538154,-0.5605470147435594,-0.3051041126867331
0.9865337751151037,0.0401743529648472,-0.0334540725841748,0.0848604576729022,-0.5643646299065408,-0.3020780064498197
0.9866229820825956,0.0395752766504072,-0.0337720354011,0.0837776333036437,-0.5681528225371498,-0.2989994395293515
0.9867104296670458,0.0389763884278259,-0.0340845326328738,0.0826882411520534,-0.5719105053534238,-0.2958687249424192
0.986796134288068,0.0383777250759794,-0.0343915817149138,0.0815923766404147,-0.5756365889894466,-0.2926862092788426
0.9868801122517312,0.0377793232933093,-0.0346932005134772,0.0804901389561883,-0.5793299854850839,-0.2894522710562939
0.9869623796890384,0.0371812201540157,-0.0349894071050206,0.0793816319220658,-0.5829896065950531,-0.2861673234568976
0.9870429526483654,0.0365834524668664,-0.0352802201083466,0.0782669628396243,-0.586614368891519,-0.2828318110914606
0.98712184703255,0.0359860572413586,-0.0355656584585796,0.0771462433678743,-0.5902031920524585,-0.2794462127080649
0.9871990786290544,0.0353890714865247,-0.0358457415154525,0.07601958916492,-0.5937550012748183,-0.2760110402320733
0.9872746631986676,0.0347925315166833,-0.0361204893858594,0.0748871185718475,-0.5972687325229649,-0.2725268347548847
0.9873486163345496,0.0341964740391814,-0.0363899224127937,0.0737489546575768,-0.6007433271998769,-0.2689941727571353
0.9874209535884776,0.0336009351620344,-0.0366540616336578,0.072605223324271,-0.6041777391546596,-0.2654136602522063
0.987491690464163,0.0330059504007711,-0.0369129287573978,0.0714560532770663,-0.6075709356559389,-0.2617859325095301
0.987560842394577,0.0324115548275189,-0.0371665460821124,0.0703015762662688,-0.6109218975631442,-0.258111654623722
0.9876284247227948,0.0318177832110599,-0.0374149364240639,0.0691419273164418,-0.6142296195986621,-0.2543915220586162
0.9876944528029716,0.0312246690862977,-0.0376581234882821,0.0679772428512579,-0.6174931165232161,-0.2506262543761447
0.9877589418777052,0.0306322457751762,-0.0378961314171894,0.0668076626171832,-0.6207114183775402,-0.2468166010911908
0.9878219072116076,0.0300405451182371,-0.0381289852816206,0.0656333271114446,-0.6238835783260422,-0.2429633329877365
0.9878833639939618,0.0294495982752554,-0.0383567107208078,0.064454379064814,-0.6270086690655364,-0.2390672465024211
0.9879433273518718,0.0288594355447937,-0.0385793339881892,0.0632709629977951,-0.6300857846332049,-0.2351291618755675
0.9880018123756688,0.0282700860351283,-0.0387968820429589,0.0620832244612988,-0.6331140428659712,-0.2311499201702268
0.9880588341276556,0.0276815774640928,-0.0390093825800503,0.0608913095155947,-0.6360925870291593,-0.2271303809895065
0.9881144076328516,0.0270939361260394,-0.0392168639926972,0.0596953645353786,-0.6390205864856986,-0.2230714212348851
0.9881685478122282,0.0265071874896781,-0.039419355118817,0.0584955373036011,-0.6418972342380109,-0.2189739382563577
0.9882212695584414,0.0259213552886132,-0.0396168855186455,0.0572919750334845,-0.6447217519235673,-0.2148388425549753
0.988272587680643,0.0253364619843932,-0.0398094852631122,0.0560848251754799,-0.6474933878743829,-0.2106670598969251
0.9883225169466244,0.0247525281552378,-0.0399971850858533,0.0548742340167723,-0.6502114203126265,-0.2064595258387847
0.9883710719907433,0.0241695734233114,-0.0401800160305678,0.0536603484566452,-0.6528751532214065,-0.2022171912273914
0.988418267377948,0.0235876155888633,-0.0403580096837997,0.0524433140736036,-0.6554839206026085,-0.1979410148488965
0.9884641175479426,0.0230066711621016,-0.0405311979565739,0.0512232760868272,-0.6580370841533053,-0.1936319661198618
0.9885086368829288,0.0224267543585484,-0.0406996133315855,0.0500003770989301,-0.6605340377177655,-0.1892910164429954
0.9885518396101602,0.0218478781688625,-0.0408632884860634,0.0487747591885547,-0.6629742024934229,-0.1849191458944287
0.9885937397958549,0.0212700543467349,-0.0410222562579504,0.0475465637542105,-0.6653570271743233,-0.1805173420680981
0.9886343513749072,0.0206932928812608,-0.0411765497478147,0.0463159302556183,-0.6676819900955892,-0.1760865949381292
0.988673688157924,0.0201176017114164,-0.041326202335157,0.0450829954500162,-0.6699486000908468,-0.171627893408872
0.9887117637730968,0.0195429873899235,-0.0414712474463222,0.0438478946617409,-0.6721563935288695,-0.1671422292162314
0.988748591658946,0.0189694550762945,-0.0416117185146747,0.0426107616354868,-0.6743049341569892,-0.1626305957926458
0.9887841850820652,0.0183970081224965,-0.0417476490360046,0.041371727507768,-0.6763938143602023,-0.1580939839020448
0.9888185571077018,0.0178256483738206,-0.0418790724439371,0.0401309213184339,-0.6784226536245858,-0.1535333828786598
0.9888517205588256,0.0172553767383264,-0.042006021940366,0.0388884711242758,-0.6803910962155224,-0.148949784157471
0.9888836880864929,0.0166861918643504,-0.0421285307516108,0.0376445009973275,-0.6822988153997136,-0.1443441696499041
0.9889144721061304,0.0161180910446404,-0.0422466318717089,0.0363991328611608,-0.6841455097005803,-0.1397175179114868
0.9889440847747532,0.0155510705339693,-0.0423603579614356,0.035152487075825,-0.6859309014722909,-0.1350708058043179
0.9889725380159636,0.0149851249739766,-0.0424697414306895,0.0339046810665339,-0.6876547383040834,-0.1304050028950785
0.9889998434859144,0.0144202479234229,-0.0425748142942887,0.0326558303814984,-0.6893167908363945,-0.1257210749020473
0.9890260125920228,0.0138564313640643,-0.0426756082304465,0.0314060474987265,-0.6909168537237576,-0.1210199787563477
0.9890510564627656,0.0132936661995834,-0.0427721544511427,0.0301554428289958,-0.692454743591269,-0.1163026659029274
0.9890749859502252,0.0127319421056961,-0.0428644836985033,0.0289041242922696,-0.6939302989427203,-0.1115700802840261
0.9890978116279976,0.0121712474531229,-0.0429526262235552,0.027652197055687,-0.6953433797635405,-0.106823156930745
0.9891195437606402,0.0116115699580737,-0.043036611655152,0.0263997649029548,-0.6966938653283717,-0.1020628267695231
0.9891401923348816,0.0110528958196187,-0.0431164691076035,0.0251469282294355,-0.6979816558083239,-0.0972900086519136
0.9891597670209392,0.0104952106174905,-0.0431922270185424,0.0238937859762758,-0.699206669523021,-0.0925056163547491
0.9891782771908064,0.0099384987547151,-0.0432639132071826,0.0226404343132207,-0.7003688437124381,-0.0877105532436551
0.9891957319052246,0.0093827437208901,-0.043331554811817,0.0213869671630265,-0.7014681333450593,-0.0829057139580193
0.9892121399003084,0.0088279284656087,-0.043395178226125,0.0201334769851428,-0.7025045098793055,-0.078091987134764
0.9892275096031624,0.0082740348392139,-0.0434548091481848,0.0188800534585982,-0.7034779618426139,-0.0732702500911413
0.9892418491147452,0.0077210440923442,-0.0435104725029071,0.017626784557431,-0.70438849333895,-0.0684413726977833
0.989255166218906,0.0071689364767315,-0.0435621924663201,0.0163737555984874,-0.7052361242037386,-0.0636062134775467
0.9892674683578794,0.0066176922028671,-0.0436099923600079,0.015121051370402,-0.7060208880229528,-0.0587656276015386
0.9892787626625006,0.0060672901275525,-0.0436538947584705,0.013868753113682,-0.7067428336335992,-0.0539204550303976
0.9892890559173628,0.0055177092870257,-0.0436939213441654,0.0126169419675798,-0.7074020224784908,-0.0490715336453963
0.9892983545853424,0.0049689277461856,-0.0437300929936579,0.0113656963199657,-0.7079985297508988,-0.0442196888295365
0.9893066647965074,0.0044209230661268,-0.0437624297257985,0.0101150928385535,-0.7085324432695748,-0.0393657372896314
0.9893139923401884,0.0038736729040608,-0.043790950662572,0.0088652078134524,-0.7090038625558039,-0.0345104921247628
0.9893203426797896,0.0033271540699251,-0.0438156740788996,0.0076161149791091,-0.7094128993793123,-0.0296547542364834
0.989325720941884,0.0027813433106715,-0.0438366173528305,0.0063678872816324,-0.7097596766596593,-0.0247993190634738
0.9893301319223856,0.0022362168514407,-0.0438537969826448,0.0051205958096714,-0.7100443284742253,-0.0199449723096241
0.9893335800816888,0.0016917510322495,-0.0438672285614692,0.0038743112320759,-0.7102669993652282,-0.015092495429493
0.9893360695502896,0.0011479218705547,-0.043876926793168,0.0026291027805939,-0.7104278443331904,-0.0102426615708423
0.989337604129684,0.0006047045733392,-0.0438829054903131,0.0013850371163612,-0.7105270285373421,-0.0053962310625278
0.9893381872874644,6.20754492383e-05,-0.0438851775499966,0.0001421826950598,-0.7105647266321601,-0.0005539683324285
0.9893378221665672,-0.0004799898662793,-0.0438837549852356,-0.0010993943100177,-0.7105411230306982,0.0042833740546811
0.9893365103056868,-0.0010219037624692,-0.0438786439356242,-0.0023405170879904,-0.7104563288842619,0.0091185110688326
0.9893342490523106,-0.0015643078550684,-0.0438698345877734,-0.0035825335899604,-0.7103102148077016,0.0139562011452156
0.9893310353116664,-0.0021072254229309,-0.0438573157851835,-0.0048253749077598,-0.7101026534767361,0.0187956801349665
0.9893268656676214,-0.0026506797626324,-0.0438410755033882,-0.006068971618676,-0.7098335277181883,0.0236361797182101
0.9893217363798474,-0.0031946942283869,-0.0438211008434566,-0.007313253892513,-0.7095027306120258,0.0284769279149116
0.9893156433886936,-0.0037392915811542,-0.0437973780559461,-0.0085581500202118,-0.7091101661006032,0.033317143461869
0.989308582302852,-0.0042844950643978,-0.0437698924982946,-0.0098035888921538,-0.7086557484984957,0.0381560455577745
0.9893005484123698,-0.0048303271121789,-0.043738628691342,-0.0110494970647658,-0.708139403644988,0.0429928425700065
0.9892915366853656,-0.0053768097721093,-0.0437035703128214,-0.0122957997514625,-0.7075610690131325,0.0478267360175071
0.9892815417528146,-0.005923965507146,-0.0436647001449017,-0.0135424226736588,-0.7069206930636432,0.0526569278740448
0.9892705579357536,-0.0064718155527146,-0.0436220001871808,-0.0147892883406255,-0.7062182373265611,0.0574826062805664
0.989258579222169,-0.0070203812525499,-0.0435754515743634,-0.0160363191230979,-0.7054536752606293,0.0623029576103015
0.9892455992767956,-0.0075696834609802,-0.0435250346223965,-0.017283435920527,-0.704626993228823,0.0671171614572967
0.989231611449396,-0.0081197422396518,-0.0434707288690285,-0.0185305575071423,-0.7037381913735383,0.0719243882880057
0.9892166087642764,-0.0086705773316329,-0.0434125130418999,-0.0197776016449847,-0.7027872832986537,0.0767238039226443
0.9892005839171416,-0.009222208213314,-0.0433503650556079,-0.0210244852360623,-0.7017742962258915,0.0815145702982891
0.9891835293106654,-0.0097746529041191,-0.0432842621592602,-0.0222711216741262,-0.7006992735926496,0.0862958355032419
0.9891654370232744,-0.0103279291464482,-0.043214180825285,-0.0235174235612971,-0.6995622734176274,0.0910667444544508
0.9891462987996243,-0.0108820546046567,-0.0431400967230144,-0.0247633031957943,-0.6983633680552693,0.0958264409640974
0.9891261061096264,-0.0114370451623012,-0.0430619849578955,-0.0260086687924363,-0.6971026482322347,0.1005740535396153
0.9891048501033431,-0.0119929163571611,-0.0429798199077271,-0.027253427771129,-0.6957802205350918,0.1053087082402046
0.9890825216417984,-0.0125496825746501,-0.0428935753531015,-0.0284974850054029,-0.6943962096456704,0.110029522279373
0.989059111263906,-0.0131073579373919,-0.0428032243611787,-0.0297407448742004,-0.6929507565877048,0.1147356121149367
0.989034609231244,-0.0136659552310904,-0.0427087394704769,-0.0309831089265169,-0.6914440217886404,0.1194260848939936
0.9890090055282804,-0.0142254860422851,-0.0426100927035376,-0.0322244762681913,-0.6898761853395464,0.1241000402868568
0.9889822898593342,-0.0147859609305252,-0.0425072555672711,-0.0334647440240486,-0.6882474470393767,0.1287565726006003
0.9889544516327354,-0.0153473898139256,-0.0424001990044213,-0.0347038082676302,-0.6865580256518957,0.1333947746290626
0.9889254799970632,-0.0159097812762121,-0.0422888935456201,-0.0359415625691054,-0.684808161310121,0.1380137325804691
0.9888953638483364,-0.0164731425542655,-0.0421733093494112,-0.0371778980625754,-0.6829981160966659,0.142612526765856
0.988864091804718,-0.0170374801047596,-0.0420534161178025,-0.0384127047825207,-0.6811281726503081,0.1471902370009584
0.9888316522754304,-0.0176027984424477,-0.0419291833732201,-0.0396458692162046,-0.6791986383850527,0.1517459339698782
0.9887980334207712,-0.018169101011266,-0.0418005803175073,-0.0408772763194662,-0.6772098431270916,0.1562786872002043
0.9887632231203906,-0.01873639075809,-0.0416675757236056,-0.0421068108562477,-0.6751621372852508,0.1607875704228399
0.988727209095328,-0.0193046682106848,-0.0415301384146709,-0.0433343533327271,-0.6730558990259468,0.1652716471258382
0.988689978844509,-0.0198739327008006,-0.0413882370330995,-0.0445597827771779,-0.6708915304121171,0.1697299813346652
0.9886515196348912,-0.0204441825891146,-0.0412418400154431,-0.0457829773311699,-0.6686694567306505,0.1741616402584565
0.9886118185696544,-0.0210154143453695,-0.0410909158641465,-0.0470038123896173,-0.6663901302764181,0.1785656880739284
0.9885708625338304,-0.0215876234751372,-0.0409354329522137,-0.0482221627106104,-0.6640540269837656,0.1829411941282302
0.9885286382761772,-0.0221608034706016,-0.0407753598456737,-0.0494379002994027,-0.6616616508385131,0.1872872258842882
0.9884851323959472,-0.0227349461735157,-0.0406106652635369,-0.0506508953232815,-0.6592135327322064,0.1916028528530886
0.9884403312942636,-0.0233100425318812,-0.0404413179043502,-0.0518610178372446,-0.6567102273371518,0.1958871533182004
0.9883942212750084,-0.0238860813966037,-0.0402672868381202,-0.0530681353727594,-0.6541523183248714,0.2001392063576552
0.9883467884484364,-0.0244630508758285,-0.0400885411517446,-0.0542721159159584,-0.6515404124799848,0.2043581029774557
0.988298018894917,-0.0250409364433106,-0.0399050505755745,-0.0554728240846625,-0.6488751481758909,0.2085429332899168
0.9882478985013962,-0.0256197230656046,-0.0397167848754284,-0.0566701257033212,-0.6461571857229613,0.2126928031683222
0.9881964131138804,-0.0261993935058025,-0.039523714434458,-0.0578638844052288,-0.6433872150282102,0.2168068229870444
0.988143548457951,-0.026779929392612,-0.0393258099613106,-0.0590539639845008,-0.6405659504972787,0.220884116416546
0.9880892902217108,-0.02736131042154,-0.0391230428074805,-0.0602402268849721,-0.637694134667689,0.2249238158301467
0.9880336239806112,-0.0279435153066102,-0.0389153846917013,-0.0614225362805211,-0.6347725333237086,0.22892507002524
0.9879765352116116,-0.0285265217022524,-0.038702807759301,-0.062600756022586,-0.6318019354063608,0.2328870445386453
0.987918009410115,-0.029110305125092,-0.0384852850222715,-0.0637747485837416,-0.6287831581333201,0.2368089152973496
0.987858032008675,-0.0296948399357984,-0.0382627900593428,-0.0649443771758638,-0.6257170416789777,0.2406898763543222
0.9877965883395826,-0.0302800997815344,-0.0380352968813084,-0.0661095067361596,-0.6226044462606382,0.2445291436262291
0.987733663762692,-0.0308660564610826,-0.0378027804075566,-0.0672700017672214,-0.6194462575593878,0.2483259482348749
0.9876692435819776,-0.0314526808441656,-0.0375652161581868,-0.0684257282807341,-0.6162433813029713,0.2520795434312877
0.9876033130544384,-0.0320399428631133,-0.0373225802888349,-0.0695765538679821,-0.6129967425875193,0.2557892052242424
0.9875358574198768,-0.0326278113284255,-0.0370748497012308,-0.0707223474248662,-0.609707286168772,0.2594542318897109
0.9874668618796903,-0.0332162542009665,-0.0368220019652386,-0.0718629797676248,-0.6063759742017862,0.2630739463288239
0.9873963116241674,-0.0338052384327347,-0.0365640154185708,-0.0729983233978939,-0.6030037863349423,0.2666476956560445
0.987324191768502,-0.0343947305685515,-0.0363008689320267,-0.0741282537283477,-0.5995917154174263,0.2701748553523493
0.9872504874491214,-0.0349846960067098,-0.0360325422603344,-0.0752526477161927,-0.5961407708533903,0.2736548252222767
0.9871751836920756,-0.0355751001203511,-0.0357590155607948,-0.0763713860563278,-0.592651971163627,0.2770870364267337
0.9870982655451078,-0.03616590724181,-0.0354802698724757,-0.0774843512818723,-0.5891263489551628,0.2804709457533186
0.9870197179674144,-0.0367570815746634,-0.0351962867132825,-0.0785914295266837,-0.5855649445738024,0.2838060411610849
0.986939525888777,-0.0373485867637179,-0.034907048292374,-0.0796925097315503,-0.581968807641066,0.2870918394168112
0.9868576741308338,-0.037940386503312,-0.0346125372236753,-0.080787484789725,-0.5783389923418216,0.2903278895461995
0.9867741474700504,-0.0385324440816945,-0.0343127367511119,-0.0818762506960707,-0.5746765591339392,0.2935137702487119
0.9866889305873656,-0.0391247227583747,-0.0340076305648973,-0.0829587072399245,-0.5709825713963379,0.2966490918835138
0.9866020080369764,-0.0397171859701606,-0.0336972026884323,-0.0840347583574545,-0.5672580930564451,0.2997334973340936
0.9865133643139395,-0.040309796859524,-0.0333814377181372,-0.0851043112460387,-0.5635041904864011,0.3027666592869174
0.9864229837602896,-0.0409025189050564,-0.0330603204862681,-0.0861672774766425,-0.55972192749594,0.3057482832168159
0.9863308506163968,-0.0414953155560664,-0.032733836242639,-0.08722357228974,-0.555912366594477,0.3086781051257855
0.986236948951696,-0.0420881506615279,-0.032401970407453,-0.0882731153139292,-0.552076565221509,0.3115558932611336
0.9861412626668012,-0.0426809884131473,-0.0320647085790765,-0.0893158303991123,-0.5482155750679125,0.3143814472795712
0.9860437755294312,-0.0432737930896167,-0.0317220366602051,-0.0903516451035065,-0.544330442751788,0.3171545964888434
0.9859444711308132,-0.0438665292980991,-0.0313739407033539,-0.0913804910549654,-0.5404222072994462,0.3198752004555669
0.9858433328288544,-0.0444591622656177,-0.0310204067125123,-0.0924023043779261,-0.5364918972687674,0.322543149680365
0.9857403438365973,-0.0450516572692072,-0.0306614209536854,-0.0934170246269494,-0.5325405336024923,0.3251583623301479
0.9856354870592982,-0.0456439805325228,-0.0302969693875831,-0.0944245962428994,-0.5285691227842239,0.3277207875270404
0.985528745299135,-0.0462360980044098,-0.0299270383841702,-0.0954249663780297,-0.5245786641517683,0.3302303992594547
0.9854201010479352,-0.0468279764890317,-0.0295516140032097,-0.0964180867354761,-0.520570141532366,0.3326872005739265
0.9853095365682468,-0.0474195831267941,-0.0291706822792487,-0.0974039125894402,-0.5165445259370325,0.3350912205262905
0.9851970338644098,-0.0480108854999147,-0.0287842291242757,-0.0983824028694096,-0.5125027741149377,0.3374425138461557
0.9850825747074162,-0.0486018514497372,-0.0283922404160176,-0.099353519763227,-0.5084458291077699,0.3397411594236535
0.9849661405799922,-0.0491924493121351,-0.0279947018126157,-0.1003172290109944,-0.5043746179837794,0.3419872604509824
0.9848477126884602,-0.0497826477966316,-0.0275915987976244,-0.1012734996060852,-0.5002900520380226,0.34418094312247
0.9847272719894228,-0.0503724158035787,-0.0271829167744151,-0.102222303404005,-0.4961930274793688,0.346322355166376
0.9846047991379004,-0.0509617226327034,-0.0267686408935348,-0.1031636153656833,-0.4920844234456119,0.3484116658340661
0.9844802744706944,-0.0515505380031938,-0.0263487560018866,-0.1040974134877669,-0.487965101340918,0.3504490651320965
0.984353678091969,-0.0521388315982244,-0.0259232469359626,-0.1050236779848198,-0.4838359075476003,0.3524347614550208
0.9842249897760212,-0.0527265734813693,-0.0254920981979733,-0.1059423918599896,-0.479697670081775,0.3543689822785342
0.984094189027658,-0.0533137337676559,-0.0250552941636777,-0.1068535402944202,-0.4755512004949241,0.3562519722802139
0.9839612550139916,-0.0539002828879753,-0.024612818858923,-0.1077571109694437,-0.4713972916375526,0.3580839934531934
0.9838261666356474,-0.0544861912253174,-0.0241646562023299,-0.1086530934136,-0.4672367198856914,0.3598653232034119
0.9836889024629928,-0.0550714293558606,-0.0237107897976505,-0.1095414792889247,-0.4630702431235495,0.3615962543925123
0.9835494408001216,-0.055655967733146,-0.0232512031505663,-0.1104222618249624,-0.4588986027040559,0.3632770936838285
0.983407759647502,-0.0562397768157677,-0.0227858795488896,-0.1112954359349301,-0.4547225222894016,0.3649081612665774
0.9832638367013912,-0.0568228270330421,-0.0223148020653078,-0.1121609980838421,-0.450542707863483,0.3664897900864646
0.9831176493571704,-0.0574050887366941,-0.0218379535728355,-0.1130189461386359,-0.4463598478696428,0.3680223250596979
0.9829691747072382,-0.057986532176593,-0.0213553167422996,-0.11386927925684,-0.4421746131997265,0.3695061223741234
0.9828183895351884,-0.0585671274912667,-0.0208668740278574,-0.1147119977985589,-0.4379876570976965,0.3709415488417024
0.9826652703844904,-0.0591468444178282,-0.02037260789288,-0.1155471028368194,-0.433799617111041,0.3723289805992507
0.982509793453238,-0.0597256526711484,-0.0198725004725677,-0.1163745966404446,-0.4296111122333595,0.3736688034730836
0.9823519346799184,-0.0603035215908238,-0.0193665338548048,-0.1171944820977262,-0.4254227453465599,0.374961411560385
0.9821916697301007,-0.0608804201746911,-0.0188546900391752,-0.1180067627057289,-0.4212351028945242,0.376207206800209
0.9820289739279954,-0.061456317301404,-0.0183369507216319,-0.1188114428210157,-0.4170487531925528,0.3774065989195274
0.9818638223775812,-0.0620311812751091,-0.0178132976837736,-0.1196085269602674,-0.412864249674541,0.3785600039479758
0.9816961898095664,-0.062604980343895,-0.0172837123090491,-0.1203980204652715,-0.4086821270771636,0.3796678447887892
0.9815260507637672,-0.0631776820463451,-0.0167481761632968,-0.1211799285415834,-0.4045029061637952,0.3807305494294177
0.9813533794743172,-0.0637492535959848,-0.0162066706322713,-0.1219542567398885,-0.4003270909066452,0.3817485512612492
0.9811781498769084,-0.0643196618333112,-0.0156591769476009,-0.1227210108345062,-0.3961551688231391,0.3827222885096606
0.9810003356546853,-0.0648888730581043,-0.0151056763322154,-0.1234801965464787,-0.3919876122012887,0.3836522034999634
0.9808199101529488,-0.0654568532862921,-0.0145461497363715,-0.1242318198373482,-0.387824876228177,0.3845387426494459
0.9806368465086744,-0.0660235678206682,-0.0139805782419291,-0.1249758862901553,-0.3836674021513112,0.3853823553563074
0.9804511175536984,-0.0665889815454327,-0.0134089427621515,-0.1257124014568129,-0.3795156151478986,0.3861834940791543
0.9802626958008944,-0.0671530589444386,-0.0128312240021366,-0.1264413708320947,-0.3753699242200669,0.3869426139325621
0.9800715535693456,-0.0677157637099805,-0.0122474028438357,-0.1271627993042429,-0.3712307251089896,0.3876601717730796
0.979877662936712,-0.0682770588847018,-0.0116574601973642,-0.1278766913054336,-0.3670983993027168,0.3883366260789709
0.979680995533463,-0.0688369074352473,-0.0110613763771748,-0.1285830514965098,-0.3629733098607674,0.3889724372493457
0.9794815228014596,-0.0693952714784445,-0.0104591318918238,-0.1292818837377235,-0.3588558071630893,0.3895680662798697
0.9792792158937352,-0.0699521125605672,-0.0098507071384483,-0.1299731914090824,-0.3547462269157577,0.390123974779049
0.9790740457492731,-0.0705073914384527,-0.0092360826273821,-0.1306569771032613,-0.350644891830621,0.3906406244270425
0.9788659829961592,-0.0710610683336936,-0.0086152386902625,-0.1313332429075542,-0.3465521098170674,0.3911184769197334
0.978654997931622,-0.0716131029608254,-0.0079881554229295,-0.1320019903982884,-0.3424681738396255,0.3915579936417383
0.9784410605651658,-0.0721634543895547,-0.0073548128160183,-0.1326632204354209,-0.3383933630054245,0.3919596352174185
0.978224140709367,-0.0727120807989321,-0.0067151910226562,-0.1333169328375266,-0.3343279444587665,0.3923238610528676
0.9780042077330536,-0.0732589400868582,-0.0060692696300658,-0.1339631270781653,-0.3302721689393371,0.3926511294618403
0.9777812308973788,-0.0738039890040404,-0.0054170286500995,-0.1346018012246599,-0.3262262772748723,0.3929418968174079
0.9775551790374232,-0.0743471839314754,-0.0047584475830492,-0.1352329528299573,-0.3221904946910193,0.393196617761615
0.9773260207802176,-0.07488848032237,-0.0040935060571604,-0.1358565782466161,-0.3181650350256623,0.3934157446190842
0.9770937244161816,-0.0754278329951912,-0.0034221834530887,-0.1364726729419463,-0.3141500986262267,0.3935997272913961
0.976858257887574,-0.0759651961306325,-0.0027444588733927,-0.1370812314621513,-0.310145872439694,0.3937490129687598
0.9766195889751634,-0.0765005228252571,-0.0020603116797612,-0.1376822469011946,-0.3061525334084984,0.3938640457641606
0.9763776850514913,-0.0770337656353842,-0.0013697207822499,-0.1382757114931084,-0.3021702444861828,0.3939452666369154
0.976132513193083,-0.0775648762928234,-0.0006726649641633,-0.1388616162628352,-0.2981991568176191,0.3939931130645776
0.975884040308824,-0.0780938054122054,3.08767553786e-05,-0.1394399506845098,-0.2942394119926669,0.394008018822446
0.9756322328898132,-0.0786205030111288,0.0007409258331146,-0.1400107032335737,-0.2902911382158419,0.3939904138193881
0.975377056644634,-0.0791449192079141,0.0014575052170522,-0.1405738620980803,-0.2863544451052639,0.3939407237194457
0.9751184771808344,-0.0796670027477748,0.0021806374168902,-0.1411294135486169,-0.2824294347739166,0.3938593697136509
0.974856460094839,-0.0801867008395135,0.0029103442661552,-0.1416773417695769,-0.2785162031260676,0.3937467685076824
0.9745909707974664,-0.0807039595196826,0.00364664742238,-0.1422176292480435,-0.2746148371821361,0.3936033322035736
0.974321974181695,-0.0812187242773924,0.0043895692899897,-0.1427502574092827,-0.2707254104017848,0.3934294679501461
0.9740494350699278,-0.0817309391582749,0.0051391317809189,-0.1432752056636903,-0.2668479894711346,0.3932255780162779
0.9737733177535652,-0.0822405476195583,0.0058953575870377,-0.1437924522747882,-0.2629826278635731,0.392992059330554
0.973493586487486,-0.0827474915767422,0.0066582688220496,-0.1443019733672326,-0.2591293730738473,0.3927293037007325
0.9732102050890792,-0.0832517121269745,0.007427888124332,-0.1448037436509806,-0.2552882611484234,0.3924376973531623
0.9729231370501792,-0.0837531493047198,0.0082042383481219,-0.1452977361529799,-0.2514593185312082,0.3921176208541591
0.9726323456786502,-0.0842517418087148,0.0089873421828439,-0.1457839219346365,-0.2476425641433249,0.3917694491355803
0.9723377939515598,-0.084747427236011,0.0097772225539694,-0.1462622703115681,-0.2438380075874789,0.3913935512136018
0.9720394446661114,-0.0852401418000487,0.0105739022205373,-0.1467327485680581,-0.2400456512899559,0.3909902902551148
0.971737260254251,-0.0857298206159036,0.0113774042754007,-0.1471953222204456,-0.2362654882833655,0.3905600232240002
0.9714312028645908,-0.0862163975292803,0.0121877519267169,-0.1476499548377824,-0.2324975034762325,0.3901031008594569
0.9711212345391402,-0.0866998048134041,0.0130049680356628,-0.148096607750248,-0.228741675961037,0.3896198678445196
0.9708073168750988,-0.0871799736765413,0.0138290760150687,-0.148535240511405,-0.2249979750268147,0.3891106621925508
0.9704894114176134,-0.0876568336221852,0.0146600987986895,-0.1489658102970433,-0.2212663650683977,0.3885758157612484
0.9701674794314518,-0.0881303127820602,0.0154980594500371,-0.1493882722058267,-0.2175468029353352,0.3880156538112024
0.969841481860308,-0.0886003379396815,0.0163429812707199,-0.1498025792659022,-0.2138392376526773,0.387430494826663
0.9695113795595374,-0.0890668341633381,0.0171948872020133,-0.1502086821000831,-0.2101436132194612,0.3868206508388986
0.969177133108738,-0.089529725053411,0.018053800319275,-0.1506065291378308,-0.2064598665669992,0.3861864270146107
0.9688387029235735,-0.0899889325544298,0.0189197435499485,-0.1509960664420303,-0.2027879289359189,0.3855281217768225
0.9684960492281636,-0.0904443769677991,0.0197927397534532,-0.1513772377129991,-0.1991277256610761,0.384846026677313
0.9681491321728924,-0.0908959767709142,0.0206728114311555,-0.1517499841306907,-0.1954791775036183,0.3841404265594634
0.9677979116086568,-0.0913436488869679,0.0215599813099919,-0.152114244571251,-0.1918421983404961,0.3834115990292682
0.9674423475022602,-0.091787308124897,0.022454271302273,-0.1524699551415524,-0.1882166995604655,0.3826598152383113
0.9670823994251208,-0.092226867803382,0.0233557038081591,-0.1528170496792105,-0.184602584837824,0.381885338749487
0.9667180270100144,-0.0926622391474643,0.0242643005763395,-0.1531554592578134,-0.1809997548833939,0.3810884264215042
0.9663491896952352,-0.0930933315788585,0.0251800833595752,-0.1534851124116535,-0.1774081048933933,0.3802693277943721
0.9659758469880576,-0.0935200523771019,0.0261030732726738,-0.1538059348665574,-0.1738275271755712,0.3794282855979723
0.965597958325992,-0.0939423068233526,0.0270332911551493,-0.1541178496471989,-0.1702579097782144,0.378565535382894
0.9652154830816964,-0.0943599981652266,0.0279707575735651,-0.1544207770413796,-0.1666991365728061,0.3776813054555279
0.9648283804220086,-0.0947730277337781,0.0289154931793503,-0.1547146346706893,-0.1631510860096626,0.3767758164677632
0.9644366099638498,-0.0951812942164548,0.0298675171253773,-0.1549993369646086,-0.1596136371335341,0.3758492828768662
0.9640401310213734,-0.0955846944406804,0.0308268489248321,-0.155274795713868,-0.1560866626373586,0.3749019111161465
0.9636389031511852,-0.0959831227700167,0.0317935071421456,-0.155540919635215,-0.1525700338190005,0.3739339007970531
0.9632328859267926,-0.0963764713148259,0.0327675099627534,-0.1557976145110363,-0.14906361850775,0.372945444098215
0.9628220390486524,-0.0967646297938703,0.033748874948714,-0.1560447830859116,-0.1455672820090328,0.3719367259463336
0.9624063223948128,-0.097147485462614,0.0347376189418744,-0.1562823250123951,-0.1420808874789079,0.3709079240581161
0.9619856960570848,-0.0975249230581402,0.0357337580040327,-0.1565101368090768,-0.1386042961521842,0.3698592089458302
0.9615601201280156,-0.0978968249604728,0.0367373079453615,-0.1567281119443642,-0.13513736553954,0.3687907432926013
0.9611295550661808,-0.0982630708353508,0.0377482834846181,-0.1569361406074451,-0.1316799523935417,0.367702682766884
0.9606939618232292,-0.0986235375186711,0.0387666979869125,-0.1571341096429181,-0.1282319135572143,0.3665951762590863
0.9602533012832138,-0.0989780994596704,0.0397925648061783,-0.1573219027846356,-0.1247931014141043,0.3654683643574527
0.959807534838758,-0.0993266282073154,0.0408258959640784,-0.1574994003527846,-0.1213633684075079,0.3643223806999185
0.9593566242695462,-0.0996689924931912,0.0418667024697493,-0.1576664792914704,-0.117942565934827,0.3631573515601867
0.958900531763863,-0.1000050581896119,0.0429149943037122,-0.1578230131329766,-0.1145305443980879,0.3619733957884425
0.9584392199690904,-0.1003346882457924,0.0439707803363754,-0.1579688719509725,-0.1111271534661027,0.3607706248219715
0.9579726519678772,-0.1006577426768056,0.0450340684179549,-0.1581039223364323,-0.1077322417817518,0.3595491424967659
0.9575007915009032,-0.1009740783820522,0.0461048649080028,-0.1582280273020522,-0.1043456584545516,0.3583090454995377
0.9570236028542626,-0.1012835492019783,0.047183174973407,-0.1583410462904986,-0.100967252078138,0.357050422938841
0.9565410507498454,-0.1015860059530241,0.0482690028724594,-0.158442835157673,-0.0975968698500842,0.3557733559095251
0.9560531008166526,-0.1018812960979433,0.0493623509330595,-0.1585332460323847,-0.0942343607427155,0.3544779185889016
0.9555597193399484,-0.1021692638855051,0.0504632201648534,-0.1586121273476793,-0.0908795735496669,0.3531641774221941
0.9550608733096844,-0.1024497502870464,0.0515716101927519,-0.1586793237899179,-0.0875323570830402,0.3518321910874414
0.9545565308097874,-0.102722592752783,0.0526875184397317,-0.1587346762147747,-0.0841925626020044,0.3504820113681308
0.9540466605871296,-0.1029876254294334,0.0538109411340062,-0.1587780216730897,-0.0808600407302889,0.3491136818285603
0.9535312323278384,-0.103244678971606,0.0549418727425316,-0.1588091933307514,-0.0775346431476649,0.3477272383682337
0.9530102167119952,-0.1034935804854909,0.0560803059020122,-0.1588280204267306,-0.0742162227551976,0.3463227091800184
0.9524835856276812,-0.1037341534017682,0.0572262310057926,-0.1588343282307285,-0.0709046348278691,0.3449001151319389
0.9519513119816992,-0.1039662175401844,0.0583796366733544,-0.1588279380133458,-0.0675997355962725,0.3434594690537427
0.9514133696798628,-0.1041895890748673,0.059540509843189,-0.1588086669882203,-0.064301381971243,0.34200077546823
0.9508697341410428,-0.1044040802850985,0.0607088347187496,-0.1587763282806106,-0.0610094345063085,0.3405240317640542
0.950320381800133,-0.104609499730107,0.061884593899958,-0.1587307308636332,-0.0577237541381229,0.3390292266198638
0.9497652908690324,-0.1048056519231636,0.0630677668110737,-0.1586716795632849,-0.0544442065556123,0.3375163418362845
0.9492044409753037,-0.1049923374537448,0.0642583305446378,-0.1585989750015844,-0.0511706597490431,0.3359853511117895
0.948637813251532,-0.1051693529208573,0.0654562597339782,-0.1585124135528524,-0.0479029843222835,0.3344362200317853
0.948065390663282,-0.1053364908018196,0.066661525927412,-0.1584117873466247,-0.0446410551406654,0.3328689067033558
0.9474871578273644,-0.1054935394858601,0.0678740980442316,-0.1582968841977735,-0.0413847500159475,0.3312833609886964
0.9469031008113664,-0.1056402832811733,0.0690939428586407,-0.1581674874960505,-0.0381339483850635,0.3296795236718156
0.9463132080385548,-0.105776502144468,0.0703210231771201,-0.1580233763395565,-0.0348885361333391,0.3280573286514811
0.9457174698224976,-0.1059019717862144,0.0715552988926485,-0.15786432539846,-0.0316484026860453,0.3264167013680202
0.9451158785000578,-0.1060164636016963,0.0727967267811805,-0.1576901048831078,-0.0284134415026135,0.3247575588590508
0.9445084286487638,-0.1061197445948853,0.0740452601295943,-0.1575004805450462,-0.0251835509919025,0.3230798100399376
0.9438951172150606,-0.1062115773310325,0.0753008485541995,-0.1572952136637783,-0.0219586349091223,0.3213833557309525
0.9432759433522404,-0.1062917199290277,0.0765634384139782,-0.1570740609306258,-0.0187386012336967,0.3196680878706761
0.942650908926911,-0.1063599259570469,0.0778329718584014,-0.1568367745584375,-0.0155233645492069,0.317933890569192
0.9420200184906437,-0.1064159444209009,0.0791093869769645,-0.1565831022245198,-0.0123128455731406,0.3161806396744014
0.9413832791453932,-0.1064595197437426,0.0803926181582941,-0.1563127869490432,-0.0091069701942702,0.3144082020290274
0.940740700880618,-0.1064903916997124,0.0816825954951391,-0.1560255671566539,-0.0059056709183769,0.3126164360270038
0.9400922970412204,-0.1065082953744671,0.0829792439412726,-0.1557211768311559,-0.0027088888766899,0.3108051925317554
0.9394380835951106,-0.1065129611671045,0.0842824848736125,-0.1553993451136985,0.0004834301049273,0.3089743124329593
0.938778080068303,-0.106504114728704,0.0855922343148041,-0.1550597966626176,0.0036713311730023,0.3071236288464082
0.9381120021874696,-0.1064814633411243,0.0869090095066547,-0.1547020830757819,0.0068563131784649,0.3052521021894072
0.9374397142502832,-0.1064446934804641,0.0882330283333504,-0.1543258062876139,0.0100391258654524,0.3033590854641599
0.936761247469133,-0.1063934871752729,0.0895641790544304,-0.1539306456336759,0.0132197209593441,0.301444379353552
0.936076636953173,-0.1063275214539807,0.0909023445370847,-0.1535162757139515,0.0163980438240484,0.299507775014593
0.9353859224621917,-0.1062464683800989,0.0922474008972733,-0.1530823667455448,0.019574030229542,0.2975490556548772
0.934689149144844,-0.106149995163916,0.0935992161997557,-0.152628584988463,0.0227476033541537,0.2955679980811453
0.93398636708807,-0.1060377641497393,0.0949576514787292,-0.1521545924381583,0.0259186762728751,0.293564370874425
0.9332776316749912,-0.1059094328847466,0.0963225601798037,-0.1516600470085362,0.0290871506891023,0.2915379348460224
0.9325630039656316,-0.1057646542220388,0.0976937875683363,-0.1511446027607076,0.032252915613013,0.2894884435626982
0.9318425509581976,-0.1056030764283239,0.0990711703762193,-0.1506079100739588,0.0354158466099975,0.2874156435345903
0.9311163460075056,-0.1054243433496033,0.1004545361549227,-0.1500496159554407,0.0385758043839864,0.2853192748598926
0.9303844687627438,-0.1052280944813779,0.1018437035503531,-0.1494693640019915,0.0417326354737367,0.283199070488189
0.9296470050341336,-0.1050139649927619,0.1032384827030336,-0.1488667942727673,0.0448861731895736,0.2810547552618887
0.9289040481904256,-0.104781586211442,0.1046386727566629,-0.1482415444271543,0.0480362320128837,0.2788860494132164
0.9281556983389196,-0.1045305855119013,0.1060440635728955,-0.1475932490988479,0.0511826115328805,0.2766926656352579
0.927402063283952,-0.1042605867336671,0.1074544340838942,-0.1469215407345064,0.0543250927734374,0.2744743113318353
0.9266432588186786,-0.103971210453059,0.1088695519164574,-0.1462260499356144,0.0574634374153751,0.2722306889559706
0.925879408552167,-0.1036620740872657,0.1102891738817124,-0.1455064053813633,0.0605973889227907,0.269961494983898
0.9251106449999832,-0.1033327925153253,0.1117130441139736,-0.1447622349444668,0.0637266684604333,0.2676664226511793
0.9243371090264682,-0.1029829780752394,0.1131408952800392,-0.1439931652978844,0.0668509775988788,0.265345159825565
0.9235589514207232,-0.1026122415104377,0.1145724458400616,-0.1431988236224433,0.0699699923402443,0.2629973932836185
0.9227763320821916,-0.1022201919079397,0.1160074017333017,-0.1423788370142877,0.0730833668502092,0.2606228058748914
0.9219894212850316,-0.1018064376260271,0.1174454542316649,-0.1415328340102319,0.0761907288068369,0.2582210799753093
0.9211983999511616,-0.1013705868442043,0.1188862796319474,-0.1406604452021597,0.07929167878512,0.2557918980369656
0.920403459954582,-0.1009122481691842,0.1203295388904799,-0.1397613039259365,0.0823857895040668,0.2533349432890091
0.9196048042379494,-0.1004310311705349,0.1217748775967571,-0.1388350467772697,0.0854726057850812,0.2508498999165981
0.9188026487992168,-0.0999265481359714,0.1232219225717777,-0.1378813163968563,0.0885516373141492,0.2483364591669955
0.91799722134094,-0.099398413917042,0.1246702845145091,-0.1368997604953875,0.0916223643314031,0.2457943151963267
0.9171887634685448,-0.0988462480414515,0.1261195542375508,-0.1358900351356677,0.094684229646856,0.2432231721172845
0.9163775300660234,-0.0982696751585211,0.1275693039999325,-0.1348518047785969,0.0977366415046785,0.240622742353226
0.915563790802296,-0.0976683270114207,0.1290190850149079,-0.133784745070483,0.1007789683423444,0.2379927519009314
0.9147478303416984,-0.0970418436859236,0.1304684272907825,-0.1326885441933392,0.1038105384918666,0.2353329416974702
0.9139299488455764,-0.0963898751776613,0.1319168389482712,-0.1315629047150669,0.1068306387615119,0.2326430701148577
0.9131104627505447,-0.0957120833361043,0.1333638050501136,-0.1304075459989915,0.1098385119966822,0.2299229166156917
0.9122897063746556,-0.0950081447401899,0.1348087849829592,-0.1292222080628813,0.1128333516532524,0.2271722885188071
0.911468030766831,-0.0942777514648541,0.1362512147031862,-0.1280066517509306,0.1158143064656189,0.2243910189202764
0.910645805417732,-0.0935206144142789,0.1376905039277595,-0.1267606631745065,0.1187804745947412,0.2215789744674272
0.909823419198871,-0.0927364663549186,0.1391260347028529,-0.1254840574577575,0.1217309006652755,0.2187360610982579
0.9090012800688866,-0.0919250640450797,0.1405571621229773,-0.1241766808917386,0.1246645772141513,0.2158622260044268
0.9081798154373386,-0.0910861911600116,0.1419832138811887,-0.1228384143176913,0.1275804436921428,0.2129574622578174
0.9073594728430144,-0.0902196618245542,0.1434034892652418,-0.1214691773681127,0.1304773843169797,0.2100218150977831
0.9065407203236118,-0.0893253241734169,0.1448172586836568,-0.1200689326190537,0.133354227000668,0.2070553877728698
0.90572404530631,-0.0884030625569776,0.1462237657241377,-0.1186376875384616,0.13620974739407,0.2040583425990382
0.9049099549988742,-0.0874528015716006,0.1476222265864233,-0.1171754992440179,0.1390426675346965,0.2010309079573815
0.904098976171276,-0.0864745097569165,0.1490118305475768,-0.1156824786348524,0.1418516565723064,0.1979733837951251
0.9032916533608336,-0.0854682016129596,0.1503917430919295,-0.1141587919146562,0.1446353368329809,0.1948861417765839
0.9024885484191384,-0.084433941337562,0.1517611066907737,-0.1126046647447188,0.1473922850663346,0.1917696309424773
0.9016902379947168,-0.0833718440919348,0.1531190450598506,-0.1110203826633599,0.1501210406508755,0.1886243759301762
0.9008973125438008,-0.082282079213837,0.1544646647492929,-0.1094062944874509,0.1528201083592934,0.1854509814180363
0.9001103732892851,-0.081164870696168,0.1557970601663652,-0.1077628116869677,0.1554879679676054,0.1822501287958354
0.8993300297002587,-0.0800204981190397,0.1571153176381188,-0.1060904085665298,0.1581230818613796,0.1790225748540052
0.8985568965744136,-0.0788492967749864,0.1584185200783453,-0.1043896213862662,0.1607239037959923,0.1757691487950488
0.8977915898333749,-0.0776516554175049,0.1597057537490353,-0.102661044203455,0.1632888917776394,0.1724907434655583
0.8970347241949154,-0.0764280163267566,0.1609761117854689,-0.1009053282755611,0.1658165144368115,0.1691883139330393
0.8962869086850972,-0.0751788714678935,0.1622287012927729,-0.0991231760110416,0.1683052644912512,0.1658628662055536
0.8955487431131101,-0.07390475934146,0.163462648753375,-0.0973153361767031,0.1707536688093615,0.1625154489766135
0.8948208144469133,-0.072606260871164,0.1646771055455542,-0.0954825979631601,0.1731602986847092,0.1591471437899622
0.8941036934168138,-0.0712839947986395,0.1658712530333513,-0.0936257845883076,0.1755237792623423,0.1557590548921894
0.8933979315864847,-0.0699386130262746,0.1670443068417171,-0.0917457470486928,0.1778427973700466,0.1523522998363092
0.8927040580360495,-0.068570794275009,0.1681955217506438,-0.089843355726993,0.1801161106034766,0.1489279966360861
0.8920225773492705,-0.067181239245179,0.1693241944057031,-0.0879194943073,0.182342552134839,0.1454872555099267
0.89135396779744,-0.0657706653789684,0.1704296657054402,-0.0859750532886351,0.184521034943671,0.1420311701552421
0.890698679671045,-0.06433980108837,0.171511322953097,-0.0840109229053086,0.1866505556449668,0.138560808193343
0.8900571347669299,-0.0628893817050051,0.1725686001184566,-0.082027988532394,0.1887301946630351,0.1350772061683723
0.889429725557935,-0.0614201441480504,0.1736009786541907,-0.0800271244095203,0.1907591175718184,0.1315813616255796
0.8888168155699064,-0.0599328237859508,0.1746079863576355,-0.0780091904234268,0.1927365726638812,0.12807423056976
0.888218739536012,-0.0584281504502912,0.1755891966426357,-0.075975027755419,0.1946618894008212,0.1245567228519563
0.8876358041532794,-0.0569068455821516,0.1765442268655127,-0.073925456079174,0.1965344750747079,0.1210297001549807
0.8870682893392857,-0.0553696205552034,0.1774727358796962,-0.0718612723254957,0.1983538100236368,0.1174939765089711
0.8865164491158024,-0.0538171739929395,0.1783744222496519,-0.0697832480597273,0.2001194442000849,0.1139503162297573
0.8859805130016105,-0.0522501904109138,0.1792490216766678,-0.0676921286074264,0.2018309922460177,0.1103994346753403
0.8854606876431202,-0.0506693397151039,0.1800963040827825,-0.0655886332677552,0.2034881279461197,0.1068420006259673
0.884957158093594,-0.0490752758756407,0.1809160713112139,-0.0634734543682576,0.2050905799267783,0.1032786364768293
0.8844700895185832,-0.0474686371118743,0.1817081541713432,-0.0613472582734926,0.2066381261047559,0.0997099215282379
0.8839996288382079,-0.0458500463064429,0.1824724096248909,-0.0592106866239532,0.2081305884391518,0.0961363954285429
0.8835459059098317,-0.0442201102181559,0.183208718752056,-0.0570643559256772,0.2095678292263166,0.0925585586558241
0.8831090347614007,-0.0425794190196148,0.183916984662442,-0.0549088575245258,0.2109497472989143,0.088976873494821
0.8826891156124682,-0.0409285492084267,0.1845971291556128,-0.0527447619532787,0.2122762717950669,0.0853917721038585
0.8822862355746054,-0.0392680621216157,0.1852490915469185,-0.0505726174367469,0.2135473601583127,0.0818036546920588
0.8819004700011833,-0.0375985051472146,0.1858728264587842,-0.0483929518978284,0.2147629941190142,0.0782128933908952
0.8815318835642185,-0.0359204123159131,0.1864683020713035,-0.0462062740994914,0.2159231765699488,0.0746198345565893
0.8811805313704638,-0.0342343055240367,0.1870354983237782,-0.0440130755649496,0.217027928341868,0.0710248022339219
0.880846459583704,-0.032540693826442,0.1875744059252986,-0.0418138299472058,0.2180772865481688,0.0674280973360641
0.8805297066446472,-0.0308400759748887,0.1880850244101051,-0.0396089965852713,0.2190713010603845,0.0638300035995551
0.880230303751813,-0.0291329397717883,0.1885673613935276,-0.0373990198861513,0.2200100333120277,0.060230786619453
0.8799482755977215,-0.0274197629226538,0.1890214314214608,-0.0351843306300202,0.2208935542994107,0.056630695974496
0.8796836410765273,-0.0257010142165771,0.1894472548708668,-0.0329653476705244,0.221721942670231,0.0530299679281506
0.8794364137742195,-0.0239771538098621,0.1898448572038123,-0.0307424784513831,0.222495283487687,0.0494288261512335
0.8792066025391474,-0.022248634395847,0.1902142680944194,-0.0285161206471397,0.2232136667344433,0.0458274842255262
0.878994211630706,-0.0205158995096622,0.190555521235166,-0.0262866600971758,0.2238771871245559,0.0422261421168786
0.8787992416559554,-0.0187793883038938,0.190868652877369,-0.0240544770552876,0.2244859414407151,0.0386249960605231
0.8786216894554006,-0.0170395326040091,0.1911537020604092,-0.021819942484524,0.2250400291420688,0.0350242323229831
0.8784615485401823,-0.0152967582997453,0.1914107099537239,-0.019583419926477,0.2255395512333452,0.0314240299623964
0.8783188093820886,-0.0135514859928198,0.191639719434205,-0.0173452664006922,0.2259846095786458,0.0278245619980095
0.8781934596889496,-0.0118041320660942,0.1918407746855147,-0.015105833834219,0.2263753062448815,0.0242259974141546
0.878085484578388,-0.0100551091343381,0.192013920958533,-0.0128654696893164,0.2267117431455137,0.0206285018600799
0.8779948666593445,-0.008304825125444,0.1921592044773647,-0.0106245158324959,0.2269940219544023,0.0170322355207002
0.8779215862390943,-0.0065536842974115,0.19227667214164,-0.0083833098796605,0.2272222436113538,0.0134373549601937
0.8778656214867563,-0.004802088898395,0.1923663712960906,-0.0061421873570987,0.2273965079461989,0.0098440162631771
0.8778269484640924,-0.0030504387988417,0.1924283497101319,-0.0039014812630479,0.2275169136988199,0.0062523740020224
0.877805541180162,-0.0012991312711185,0.1924626555163674,-0.0016615218173419,0.2275835584474789,0.0026625805083857
0.8778007990600707,-1.532506760382191e-13,0.1924702547041185,-6.586382914758326e-13,0.2275983210115887,4.516265833531819e-13
