3.09018774581163
0.8294685157569448,-6.3396853895201245e-28,0.1106022080664525,2.170655179545847e-15,0.2260825432907558,7.272596302369896e-15
0.8294698846396428,0.0008597385664047,0.1105995685247155,0.0007199300795036,0.2260760447380629,-0.001388204647448
0.8294816776514559,0.0026657342719842,0.1105768282633984,0.0022322136875823,0.226020058366697,-0.0043044139246035
0.8295055652924241,0.0044719515644473,0.1105307637160706,0.0037446037773827,0.2259066486367865,-0.0072212886069536
0.82954156054715,0.0062780103598504,0.1104613449118855,0.0052567282692112,0.2257357435412483,-0.0101384241540341
0.8295896740249887,0.0080834957779529,0.1103685439427342,0.0067681857046338,0.2255072770418246,-0.0130553605633616
0.8296499140220015,0.0098879908363165,0.1102523348271085,0.0082785725886799,0.2252211887173812,-0.0159716352107059
0.8297222864131679,0.0116910749509742,0.1101126936997859,0.0097874821004505,0.224877424207183,-0.0188867804729835
0.8298067945949231,0.0134923246605604,0.1099495989030303,0.0112945046660955,0.2244759354044176,-0.0218003249390475
0.8299034393013545,0.0152913116412812,0.1097630313203317,0.0127992262662919,0.2240166812393663,-0.0247117902336482
0.8300122185470985,0.0170876039946314,0.1095529744645862,0.014301229484095,0.2234996278505174,-0.0276206931262342
0.8301331274384377,0.0188807649577883,0.1093194148197826,0.0158000923985643,0.2229247493720509,-0.0305265434625828
0.8302661580090284,0.0206703526456493,0.1090623421346167,0.0172953883444312,0.2222920285951375,-0.0334288437537916
0.8304112990336949,0.0224559196986545,0.1087817497581979,0.0187866855960727,0.221601457724873,-0.0363270886008372
0.8305685358166942,0.0242370128556185,0.1084776350251843,0.0202735469924942,0.2208530392507566,-0.0392207639835855
0.8307378500464082,0.0260131734284733,0.1081499995128179,0.0217555303189255,0.2200467864937082,-0.0421093480012476
0.8309192194664823,0.0277839359064821,0.1077988496538219,0.0232321871312878,0.2191827250205166,-0.0449923085575497
0.8311126177061754,0.0295488285508682,0.1074241970426638,0.0247030632469993,0.2182608932952387,-0.0478691042622789
0.8313180139843471,0.031307372791103,0.107026058988107,0.0261676982408725,0.2172813439281824,-0.0507391833660329
0.8315353728913673,0.0330590835033909,0.1066044589171329,0.0276256256820149,0.2162441445506473,-0.0536019841122135
0.8317646541664134,0.034803469236657,0.1061594267902726,0.0290763733316687,0.2151493787093098,-0.0564569349871843
0.8320058122163446,0.036540030630249,0.1056910000220184,0.0305194618440238,0.213997147994584,-0.0593034519867223
0.832258796174633,0.0382682629824553,0.1051992233567648,0.0319544069251779,0.2127875715912803,-0.0621409426552439
0.8325235493083062,0.0399876540355922,0.1046841500151555,0.0333807175219598,0.2115207889461104,-0.0649688022682991
0.8328000090563386,0.0416976862744749,0.1041458416184963,0.0347978977671401,0.2101969594215942,-0.0677864173946122
0.8330881065682469,0.0433978358202012,0.1035843690902039,0.0362054461045336,0.2088162643454022,-0.0705931638460814
0.8333877664427733,0.0450875728052613,0.1029998131750126,0.0376028556528138,0.2073789081120571,-0.0733884070308593
0.8336989067053406,0.0467663630155191,0.1023922644986369,0.0389896156228566,0.2058851181478298,-0.0761715043847424
0.8340214384188589,0.0484336673732292,0.1017618243491784,0.0403652109552492,0.2043351466439985,-0.0789418042149248
0.8343552656821159,0.0500889435239621,0.1011086047093947,0.0417291237036039,0.2027292704422896,-0.0816986480075144
0.8347002852635925,0.0517316454540144,0.100432729009062,0.0430808327988173,0.20106779268555,-0.0844413694465242
0.8350563867342249,0.053361225533523,0.0997343319090913,0.0444198158187388,0.1993510420835705,-0.0871692974542576
0.8354234519848762,0.0549771335490089,0.0990135602992504,0.0457455482865047,0.1975793751585546,-0.0898817541898355
0.8358013559015318,0.0565788208612956,0.0982705720323019,0.0470575071828975,0.1957531729236029,-0.0925780616248534
0.8361899655875316,0.0581657379462787,0.0975055375176306,0.0483551690305266,0.1938728445879659,-0.0952575370162841
0.83658914085739,0.059737337454585,0.0967186388263384,0.0496380125109588,0.1919388251442337,-0.0979194976322682
0.8369987341226764,0.0612930744673146,0.0959100699977491,0.0509055187846965,0.1899515759083453,-0.1005632607673204
0.8374185907902786,0.0628324086279654,0.09508003634267,0.0521571733441244,0.1879115825944497,-0.1031881469379832
0.8378485490021177,0.0643548036334801,0.0942287550533791,0.0533924657158955,0.1858193566028398,-0.1057934785951786
0.8382884399366365,0.0658597287866301,0.0933564547125348,0.0546108908464344,0.183675433604102,-0.1083785823346698
0.838738088687303,0.0673466621951056,0.0924633736590284,0.0558119518101606,0.1814803693169658,-0.1109427939824407
0.8391973134800327,0.0688150881842709,0.0915497616534346,0.0569951578332582,0.1792347433997012,-0.1134854537478105
0.8396659268802168,0.0702645013050862,0.0906158776000409,0.0581600276508407,0.1769391536538467,-0.1160059127360618
0.840143735744125,0.0716944059377608,0.0896619897625715,0.0593060892968695,0.1745942163619552,-0.1185035319088546
0.8406305415251039,0.0731043170090324,0.0886883752797753,0.0604328807941961,0.1722005649102274,-0.1209776829709434
0.8411261406645748,0.0744937608387846,0.0876953195135398,0.0615399509437256,0.1697588480055122,-0.1234277495067928
0.8416303251220714,0.0758622762225143,0.0866831151179273,0.0626268602933289,0.1672697272122884,-0.1258531285694907
0.8421428824995826,0.0772094142752914,0.0856520619215694,0.0636931811149426,0.1647338764961546,-0.1282532301106453
0.8426635969052774,0.0785347401594719,0.0846024653238437,0.0647384988698862,0.1621519781189878,-0.1306274797833868
0.8431922487719622,0.0798378319538816,0.0835346367914336,0.0657624114036553,0.1595247237065205,-0.1329753166865868
0.8437286155404227,0.081118281746699,0.0824488926148471,0.0667645298977016,0.1568528110434474,-0.1352961950881648
0.8442724716356652,0.0823756949044997,0.0813455540910137,0.0677444783815135,0.1541369443841972,-0.1375895828912928
0.8448235898121299,0.0836096924690315,0.0802249449274166,0.0687018956787584,0.1513778279316135,-0.13985496582286
0.8453817401647739,0.0848199080989981,0.0790873933782995,0.0696364330960134,0.1485761709701523,-0.1420918416989112
0.8459466911355458,0.0860059896542006,0.0779332303345344,0.0705477557323737,0.1457326830470434,-0.1442997231521415
0.8465182101087405,0.0871675996355556,0.0767627882339591,0.0714355428759375,0.1428480711762316,-0.1464781383506097
0.847096062623826,0.0883044128142302,0.0755764028015741,0.0722994862510604,0.1399230440234278,-0.1486266264524174
0.8476800138158823,0.0894161184270434,0.0743744102292587,0.0731392917596853,0.1369583048595976,-0.1507447416133734
0.8482698273389901,0.0905024173532256,0.0731571495170619,0.0739546773992128,0.1339545572456655,-0.1528320475457402
0.8488652664377965,0.0915630235338139,0.0719249604041553,0.0747453744062559,0.1309124998512007,-0.1548881200934241
0.8494660937076729,0.0925976628567794,0.0706781839949536,0.0755111264801603,0.1278328279268908,-0.156912545001756
0.8500720716596559,0.0936060735173808,0.0694171617219013,0.0762516901120165,0.1247162306789948,-0.1589049185311474
0.8506829617373816,0.0945880038078811,0.0681422375290525,0.0769668330263192,0.1215633966116216,-0.1608648429933551
0.8512985258148782,0.0955432140817444,0.0668537548969348,0.0776563356958943,0.1183750061294024,-0.1627919305133345
0.8519185246789466,0.0964714738449927,0.0655520601579739,0.0783199893034537,0.1151517397039565,-0.1646857970831302
0.8525427189833532,0.0973725628987395,0.0642375006623577,0.0789575966679819,0.111894273319723,-0.1665460646575618
0.8531708688816743,0.0982462704175144,0.0629104257096582,0.0795689716791857,0.1086032807737123,-0.1683723590953484
0.8538027348312814,0.0990923957272673,0.0615711850156913,0.0801539399367466,0.1052794298782958,-0.1701643116052177
0.8544380756930895,0.0999107454644459,0.0602201329129185,0.0807123368887445,0.1019233929058178,-0.1719215525273378
0.8550766501702384,0.1007011354009142,0.0588576255030545,0.0812440092408337,0.0985358395716036,-0.1736437148522815
0.855718216679618,0.1014633900444419,0.0574840211177614,0.0817488148000787,0.095117438231473,-0.1753304331227125
0.8563625321521041,0.1021973411205864,0.0560996830987278,0.0822266216187248,0.0916688628820132,-0.1769813397304952
0.8570093531756762,0.1029028289356015,0.0547049775812995,0.0826773090724458,0.0881907877553635,-0.1785960675066721
0.8576584344796532,0.1035797007280654,0.0533002770003231,0.083100766984352,0.0846838961928122,-0.1801742455226206
0.8583095303923499,0.1042278123732723,0.0518859572086279,0.0834968969232005,0.0811488736255874,-0.1817155024644449
0.8589623918526705,0.1048470255893875,0.0504624042497581,0.0838656107303322,0.0775864247039776,-0.1832194593859259
0.8596167708990449,0.1054372125798854,0.0490300048950882,0.0842068335899114,0.0739972498733092,-0.1846857401557916
0.8602724159473756,0.1059982517848173,0.0475891572474505,0.0845205017532304,0.070382072176539,-0.1861139604811825
0.8609290741967601,0.1065300305807011,0.0461402658464518,0.084806564463073,0.0667416253346801,-0.1875037336119414
0.8615864905184847,0.107032444739613,0.0446837444708986,0.0850649839790661,0.0630766611437436,-0.1888546680801454
0.8622444079858874,0.1075053993686435,0.0432200153605421,0.0852957364570285,0.0593879479410916,-0.190166369128533
0.8629025676731433,0.1079488092650036,0.0417495100635248,0.0854988125139529,0.0556762732021196,-0.1914384386166767
0.8635607067545742,0.1083625983346475,0.0402726741357701,0.085674217459091,0.0519424559479183,-0.19267047194211
0.8642185617879266,0.1087467024747281,0.0387899602640528,0.0858219730922336,0.0481873299802261,-0.1938620649646322
0.864875865910091,0.109101068472606,0.0373018350272732,0.085942117726638,0.0444117616200964,-0.1950128093509599
0.8655323501091198,0.1094256556322949,0.0358087765576612,0.0860347074433105,0.0406166445324316,-0.1961222958046264
0.8661877427809406,0.1097204363798449,0.034311276075127,0.0860998169310515,0.0368029044184626,-0.1971901142002878
0.8668417712136233,0.1099853977835091,0.0328098350375551,0.0861375405499712,0.0329714926169677,-0.1982158569663832
0.8674941595857841,0.1102205415600222,0.031304970276865,0.0861479930842571,0.0291234001216203,-0.1991991169108492
0.868144631409434,0.1104258859882334,0.0297972089641907,0.0861313108339286,0.0252596457373679,-0.2001394922179216
0.8687929091112683,0.1106014665267206,0.0282870901148535,0.0860876523948402,0.0213812809534706,-0.201036586830595
0.869438714459107,0.1107473367900518,0.026775164158558,0.086017199481265,0.0174893899470361,-0.2018900122467258
0.8700817680660833,0.110863569341798,0.0252619946752376,0.0859201578485423,0.0135850952335986,-0.2026993882039351
0.8707217913398227,0.1109502569793635,0.0237481543886755,0.0857967578667471,0.0096695485816895,-0.2034643465905753
0.871358505910386,0.1110075134028084,0.0222342270451885,0.0856472552980062,0.0057439371224864,-0.204184532044201
0.8719916358959056,0.1110354741852213,0.0207208025487974,0.0854719314204451,0.001809472044196,-0.2048596059122874
0.8726209081266363,0.1110342972556297,0.0192084768549247,0.085271093320231,-0.0021326104300381,-0.2054892475644877
0.8732460523858994,0.1110041634003547,0.0176978518124507,0.0850450741632723,-0.0060810481517229,-0.2060731558383582
0.8738668169064364,0.1109452749738018,0.0161894978203804,0.0847942269562615,-0.0100346497200143,-0.2066110632996036
0.8744829475335858,0.1108578563173874,0.0146840042396544,0.084518931379985,-0.0139921618053056,-0.2071027165649431
0.8750941966520758,0.1107421537770549,0.0131819581534321,0.0842195907750796,-0.0179523233507337,-0.2075478859963934
0.8757003245410934,0.1105984352363415,0.0116839411540393,0.0838966310606527,-0.0219138729744299,-0.2079463671741791
0.8763010991937138,0.1104269897871188,0.010190529829324,0.0835505002386815,-0.0258755466860318,-0.2082979810975604
0.8768962985744495,0.1102281266233638,0.0087022901334451,0.0831816663945688,-0.0298360918747484,-0.2086025757571334
0.8774857095694842,0.1100021746569275,0.0072197798810758,0.0827906173803664,-0.0337942598657634,-0.2088600254973083
0.8780691295374119,0.109749481277757,0.0057435447107588,0.0823778588770814,-0.0377488158834296,-0.2090702317794168
0.8786463657524924,0.1094704117399207,0.0042741192620505,0.0819439136733337,-0.0416985352110508,-0.2092331227926997
0.8792172373867837,0.1091653473026033,0.00281202185224,0.0814893190029646,-0.045642216875608,-0.2093486537907402
0.8797815733546519,0.1088346852913062,0.001357759630228,0.0810146269079414,-0.0495786692565877,-0.2094168061655797
0.8803392147976836,0.1084788367343665,-8.81781679967e-05,0.0805204009426096,-0.0535067278175831,-0.2094375875678225
0.8808900140550764,0.1080982257223163,-0.0015253180391516,0.0800072155324429,-0.0574252488988692,-0.209411031083204
0.8814338639039212,0.1076932657016765,-0.0029532796999589,0.0794756252955102,-0.0613333218792086,-0.2093371894283176
0.8819706613672752,0.1072643802065185,-0.0043716831124034,0.0789261947053704,-0.0652300170813807,-0.2092161308951196
0.8825002905262167,0.1068120184943166,-0.0057801026457329,0.0783595169026401,-0.0691142582360387,-0.2090479475082808
0.8830226461360924,0.1063366387211622,-0.0071781290350206,0.0777761908074446,-0.0729849909889437,-0.2088327543667988
0.8835376336781732,0.1058387067058769,-0.0085653700888915,0.0771768195934534,-0.0768411848123913,-0.2085706889794919
0.8840451690243051,0.1053186950229257,-0.0099414503870397,0.0765620095776138,-0.0806818321995105,-0.2082619107013708
0.8845451778759557,0.1047770823952438,-0.0113060103615835,0.075932369444799,-0.0845059461707837,-0.2079066004018111
0.8850375954844255,0.1042143528855582,-0.0126587061292063,0.0752885092083573,-0.0883125598969163,-0.207504960087111
0.8855223672194197,0.1036309940692796,-0.0139992116814946,0.0746310380286984,-0.0921007330502023,-0.2070572117165179
0.8859994462823416,0.1030274986185481,-0.0153272131983182,0.0739605658931157,-0.0958695359755972,-0.2065635985785779
0.8864687955769152,0.1024043610066303,-0.0166424148298102,0.0732776997654948,-0.0996180662699469,-0.2060243830135759
0.8869303861607191,0.1017620782918604,-0.0179445350421472,0.0725830443557654,-0.1033454387781336,-0.2054398471948023
0.8873841968979079,0.1011011496157114,-0.0192333062439849,0.0718772013980507,-0.107050784835718,-0.2048102930519472
0.8878302149470251,0.1004220744531378,-0.0205084767988141,0.0711607676172755,-0.1107332584496929,-0.2041360409383313
0.8882684345850304,0.0997253532773616,-0.0217698083182364,0.0704343352907614,-0.1143920289770943,-0.2034174305454545
0.8886988570720147,0.0990114868453289,-0.0230170758734293,0.0696984913104957,-0.118026282178024,-0.2026548205851746
0.8891214908807292,0.0982809748056956,-0.0242500692854806,0.0689538155814654,-0.1216352245093746,-0.2018485876412689
0.889536351300464,0.0975343152603456,-0.025468592625449,0.0682008804438785,-0.1252180823055114,-0.2009991259134846
0.8899434595887832,0.0967720052551397,-0.0266724623516014,0.0674402510212279,-0.1287740969447497,-0.2001068480554715
0.8903428432608804,0.0959945392860522,-0.0278615087673819,0.0666724835690788,-0.1323025297990322,-0.1991721837509819
0.8907345358552016,0.0952024086545372,-0.0290355759618845,0.0658981247261332,-0.135802662824729,-0.1981955791173752
0.8911185765335787,0.0943961011750038,-0.0301945212429394,0.065117711127708,-0.1392737976816872,-0.1971774964909841
0.8914950099015214,0.0935761004708361,-0.0313382152133086,0.0643317686316336,-0.142715256799071,-0.1961184136645352
0.8918638857583258,0.0927428854071129,-0.0324665416288891,0.0635408117034034,-0.1461263838394346,-0.1950188232192728
0.8922252584929199,0.091896930376178,-0.0335793961496609,0.0627453436229012,-0.1495065408303103,-0.1938792329511459
0.8925791877831885,0.0910387025569584,-0.0346766890871039,0.0619458538651575,-0.152855117461531,-0.1927001621658277
0.8929257376043231,0.0901686630210172,-0.0357583429591816,0.0611428191537308,-0.1561715247073123,-0.1914821429925788
0.8932649759199178,0.0892872664249459,-0.0368242920880792,0.0603367031661988,-0.1594551945891739,-0.1902257198572475
0.8935969750893776,0.0883949587961475,-0.0378744844452612,0.0595279545344612,-0.1627055869162016,-0.1889314461267515
0.8939218109427882,0.0874921787429119,-0.0389088793023821,0.0587170080153072,-0.1659221831518565,-0.1875998855252508
0.8942395629711042,0.0865793557970072,-0.0399274483623845,0.0579042830608678,-0.1691044910092692,-0.1862316094021422
0.8945503140608546,0.0856569099052874,-0.0409301754491503,0.0570901834789778,-0.1722520446429719,-0.1848271955274332
0.894854149741103,0.0847252524699698,-0.0419170545817093,0.0562750984674804,-0.1753643997363052,-0.1833872292310285
0.895151158498415,0.0837847842819235,-0.0428880914617824,0.055459400920936,-0.1784411392849622,-0.1819122997756521
0.8954414310578546,0.082835896581794,-0.0438433015931559,0.0546434485123473,-0.1814818687885133,-0.1804030014555363
0.8957250605838775,0.0818789692970883,-0.0447827113696019,0.053827582334043,-0.1844862208108035,-0.1788599302481703
0.8960021420408522,0.0809143720092556,-0.0457063563810102,0.0530121279179823,-0.1874538506955798,-0.1772836847200711
0.8962727721832565,0.0799424629253203,-0.0466142817584989,0.0521973945528842,-0.1903844387419914,-0.1756748637278368
0.8965370491265864,0.078963589324798,-0.0475065410989004,0.0513836758710598,-0.1932776878047852,-0.1740340664695985
0.8967950719504605,0.0779780880671067,-0.0483831954437855,0.0505712504709235,-0.1961333209852801,-0.1723618926882953
0.8970469410379887,0.0769862833357491,-0.0492443147317547,0.0497603802743993,-0.1989510873489252,-0.1706589381545437
0.8972927572608153,0.0759884887952021,-0.0500899753088592,0.0489513125441027,-0.20173075478896,-0.168925797577595
0.897532621971844,0.0749850068169839,-0.0509202601367788,0.048144279470938,-0.2044721115977907,-0.1671630625894777
0.8977666367960672,0.0739761285094873,-0.0517352582917549,0.0473394984362543,-0.2071749656986097,-0.1653713210630787
0.8979949032541298,0.0729621345774029,-0.0525350638454712,0.0465371729312327,-0.2098391417667817,-0.1635511579223282
0.8982175228209041,0.0719432943812675,-0.0533197762321907,0.0457374920410386,-0.2124644832320419,-0.1617031527592996
0.8984345966344048,0.0709198665484281,-0.0540894993753826,0.0449406311724168,-0.2150508501296201,-0.1598278801939081
0.8986462252769047,0.0698920993978463,-0.0548443410312371,0.0441467526190516,-0.2175981176014653,-0.1579259099479877
0.8988525087257192,0.0688602306272261,-0.0555844127103488,0.0433560055522561,-0.2201061762959208,-0.1559978055726722
0.8990535460550404,0.0678244882844672,-0.0563098286872896,0.0425685269994226,-0.2225749296406972,-0.1540441255689287
0.8992494354961624,0.0667850900248468,-0.0570207062723119,0.0417844415029222,-0.2250042953432615,-0.1520654213256458
0.8994402741430829,0.065742244227833,-0.0577171647874331,0.0410038621951032,-0.2273942024484922,-0.1500622385621744
0.8996261578307448,0.0646961503632314,-0.0583993251364557,0.0402268912816041,-0.2297445903491219,-0.1480351174193579
0.8998071811433218,0.0636469986768792,-0.0590673098362878,0.0394536200155738,-0.2320554093479703,-0.1459845912454473
0.8999834372678027,0.0625949707707408,-0.0597212424687165,0.0386841293368889,-0.2343266191942309,-0.1439111871155801
0.9001550179080307,0.0615402399275734,-0.0603612473357013,0.03791849030936,-0.236558188273576,-0.1418154258944923
0.9003220133471131,0.0604829705504038,-0.0609874496574769,0.0371567639139728,-0.238750094661906,-0.1396978205464556
0.9004845120482899,0.0594233205614976,-0.0615999740290357,0.0363990029702556,-0.2409023210516586,-0.1375588803865386
0.9006426009380828,0.0583614395960575,-0.0621989454171578,0.035645251008693,-0.243014858520217,-0.1353991069667476
0.9007963652444788,0.0572974699772684,-0.0627844884875377,0.0348955431545461,-0.2450877044436413,-0.1332189955123603
0.9009458884192476,0.0562315472666541,-0.063356727231919,0.0341499066860728,-0.2471208614136413,-0.1310190355661413
0.9010912521232404,0.0551638004405032,-0.0639157848254849,0.0334083613182598,-0.2491143369371802,-0.1287997108995029
0.9012325362544517,0.0540943517594299,-0.06446178364482,0.0326709192714188,-0.2510681436901942,-0.1265614987927035
0.9013698188350168,0.0530233177195316,-0.0649948447366763,0.0319375860821342,-0.2529822977866273,-0.124304871589631
0.9015031760618756,0.0519508088343647,-0.0655150879112884,0.0312083605949714,-0.2548568192520642,-0.1220302958442269
0.9016326823578472,0.050876929353341,-0.0660226318401402,0.0304832349181644,-0.2566917325108959,-0.1197382313118107
0.9017584101940674,0.0498017788971415,-0.0665175932544775,0.0297621956682272,-0.2584870636037516,-0.1174291340486401
0.9018804301916444,0.0487254518902809,-0.0670000872293486,0.0290452237073757,-0.2602428412956102,-0.1151034548674096
0.9019988111562932,0.0476480374756432,-0.0674702272097103,0.0283322942145815,-0.2619590972528931,-0.1127616387981278
0.9021136200101167,0.0465696203728788,-0.0679281246271986,0.0276233773769705,-0.2636358647129181,-0.1104041266130535
0.9022249218913084,0.0454902802303896,-0.0683738891824107,0.026918438078051,-0.2652731795679508,-0.1080313530960703
0.9023327799920215,0.0444100934868253,-0.0688076280807591,0.0262174372253336,-0.2668710776001002,-0.105643750827966
0.9024372557500852,0.0433291318632392,-0.0692294466830233,0.025520330865632,-0.2684295968944163,-0.1032417465987381
0.902538408857345,0.0422474625052782,-0.0696394484289501,0.0248270703911545,-0.2699487775904525,-0.1008257614094983
0.902636297153242,0.0411651494239713,-0.0700377342929418,0.0241376035656245,-0.2714286598814232,-0.0983962134103833
0.9027309766556392,0.0400822536174536,-0.0704244027910985,0.023451874683592,-0.2728692840313698,-0.0959535179539599
0.9028225016789504,0.0389988321304888,-0.0707995503496198,0.0227698240604215,-0.2742706917401421,-0.093498085243072
0.9029109248346432,0.0379149383430578,-0.0711632711990312,0.0220913883095146,-0.2756329257472693,-0.09103032072531
0.902996296932018,0.0368306235860106,-0.0715156568561372,0.0214165014356368,-0.2769560278750064,-0.0885506285507059
0.9030786671590372,0.0357459353325273,-0.0718567967598432,0.0207450937803221,-0.2782400413870207,-0.0860594072466371
0.9031580829322444,0.0346609195409394,-0.0721867775453804,0.020077093552537,-0.2794850082353282,-0.0835570548821855
0.9032345901778248,0.0335756172829085,-0.0725056841071365,0.019412424821652,-0.280690973036877,-0.0810439611086569
0.903308233040618,0.0324900691219335,-0.0728135982888665,0.0187510102841522,-0.2818579780996903,-0.0785205170681634
0.9033790541077236,0.0314043124945034,-0.0731105997138251,0.0180927697159027,-0.2829860665168853,-0.0759871091827602
0.9034470943697264,0.0303183826554394,-0.0733967655278864,0.0174376206171019,-0.2840752811581066,-0.0734441211681625
0.903512393264202,0.0292323124376513,-0.0736721704885581,0.0167854781291688,-0.2851256649669487,-0.070891933307707
0.903574988651304,0.0281461331134677,-0.0739368867708564,0.0161362556117175,-0.2861372601776495,-0.0683309243186926
0.9036349168579964,0.0270598741806023,-0.074190984064564,0.0154898645662999,-0.2871101086384474,-0.0657614707130942
0.9036922127547388,0.0259735624130815,-0.0744345298142831,0.0148462141286042,-0.2880442526863963,-0.0631839444026703
0.9037469096871829,0.0248872235426885,-0.0746675888474989,0.0142052121227346,-0.2889397336773238,-0.0605987165354505
0.9037990395755569,0.0238008808304185,-0.0748902237173006,0.0135667642658819,-0.2897965932529358,-0.0580061539727129
0.903848632836507,0.022714557129942,-0.0751024942921601,0.0129307754326584,-0.2906148717156658,-0.0554066240782815
0.9038957185011204,0.0216282729374994,-0.0753044581857902,0.0122971485544091,-0.2913946096341103,-0.0528004899471213
0.9039403241491945,0.0205420483200891,-0.0754961704050081,0.0116657857932551,-0.2921358464378019,-0.0501881149023864
0.9039824760270692,0.0194559006217689,-0.075677683787653,0.0110365872502655,-0.2928386220612368,-0.0475698568727887
0.9040221989416236,0.018369847558413,-0.0758490484820327,0.0104094528057916,-0.2935029748836177,-0.0449460757286433
0.9040595163824492,0.0172839046421772,-0.0760103124107203,0.0097842806657598,-0.2941289434765484,-0.0423171269755632
0.9040944504851938,0.0161980865591111,-0.0761615210541993,0.0091609682004978,-0.2947165657209336,-0.0396833649702682
0.9041270220421024,0.0151124074845113,-0.0763027174401371,0.0085394121615214,-0.2952658787188574,-0.0370451435946913
0.9041572505566472,0.0140268798376343,-0.0764339423272305,0.0079195080052239,-0.2957769194643125,-0.0344028131364783
0.9041851542003398,0.0129415162877221,-0.0765552339681286,0.0073011510765598,-0.2962497238774945,-0.0317567250741043
0.9042107498868728,0.0118563276186849,-0.076666628384486,0.0066842354246701,-0.2966843278339162,-0.0291072267900796
0.9042340532401216,0.0107713243813094,-0.0767681591843225,0.0060686547803225,-0.297080766412356,-0.0264546655065598
0.9042550786080652,0.0096865170969539,-0.0768598575815023,0.0054543027017478,-0.2974390739305604,-0.0237993887075627
0.9042738391184088,0.0086019139513935,-0.0769417526005202,0.0048410713016338,-0.2977592847075801,-0.0211417384104529
0.9042903466169014,0.0075175246232782,-0.0770138707726114,0.004228853446382,-0.2980414318396946,-0.0184820604584492
0.904304611735935,0.0064333571686629,-0.0770762364031763,0.0036175410237307,-0.2982855482106213,-0.0158206968139113
0.9043166438775834,0.005349419414796,-0.0771288714689167,0.0030070257621729,-0.2984916660561297,-0.0131579888942718
0.9043264512241804,0.004265718887842,-0.0771717956380574,0.002397199219642,-0.2986598170112938,-0.0104942773207212
0.9043340407465428,0.0031822627385026,-0.0772050262832507,0.0017879527710679,-0.2987900321308916,-0.007829901661506
0.9043394182077988,0.0020990581816208,-0.0772285784781895,0.0011791778845708,-0.2988823418476818,-0.0051652014402052
0.9043425881715426,0.0010161127335977,-0.077242465016056,0.0005707662832329,-0.2989367760179591,-0.0025005166488199
0.904343554011164,-6.65678168207e-05,-0.077246696436046,-3.73911661869e-05,-0.2989533640005423,0.0001638173174791
0.9043423179043052,-0.0011489762014785,-0.0772412809875957,-0.0006454026232358,-0.2989321344932514,0.0028274618398867
0.904338880177282,-0.0022312644635132,-0.0772262217501675,-0.0012534655970454,-0.298873104221921,0.0054904707370931
0.9043332388957056,-0.0033135496271154,-0.0772015148385506,-0.0018617578793705,-0.2987762708979599,0.0081528117738438
0.9043253909554946,-0.0043958244656568,-0.0771671541872891,-0.0024703874186065,-0.2986416319774105,0.0108141470721968
0.9043153320644054,-0.0054780816773065,-0.077123131477285,-0.003079462040743,-0.2984691843782977,0.0134741387680434
0.9043030567332272,-0.0065603142469456,-0.0770694361076339,-0.0036890896248396,-0.2982589243770696,0.0161324499713306
0.9042885582989362,-0.0076425131851077,-0.0770060553100435,-0.0042993767999904,-0.2980108480648979,0.018788739286176
0.904271828873184,-0.0087246714039179,-0.076932973939542,-0.0049104311001924,-0.2977249505381492,0.0214426704028136
0.90425285939054,-0.0098067795568408,-0.0768501747041718,-0.0055223585890218,-0.2974012268088532,0.024093901959646
0.9042316395506996,-0.0108888294477682,-0.0767576379341795,-0.0061352657543122,-0.2970396709147545,0.0267420959803931
0.9042081578528616,-0.0119708114530744,-0.0766553417566244,-0.0067492580213287,-0.2966402766167331,0.0293869116307652
0.904182401598728,-0.013052714448068,-0.0765432621353094,-0.0073644396753347,-0.2962030375694497,0.0320280051305385
0.904154356835308,-0.0141345279505061,-0.0764213726516589,-0.0079809150468346,-0.2957279464829084,0.0346650350719514
0.904124008364422,-0.0152162409855023,-0.0762896445793561,-0.0085987878380715,-0.2952149954331955,0.0372976597187001
0.9040913397682484,-0.0162978408493222,-0.0761480470308111,-0.0092181603830471,-0.2946641764522404,0.0399255340837156
0.9040563333509604,-0.0173793148157088,-0.0759965467422322,-0.0098391345876731,-0.2940754807113883,0.0425483141700778
0.9040189701654864,-0.0184606487885129,-0.0758351082309919,-0.0104618111244876,-0.2934488991555566,0.0451656537832404
0.9039792299672808,-0.0195418283069574,-0.0756636936397163,-0.0110862899747131,-0.2927844219203399,0.0477772070588268
0.9039370912474072,-0.020622837200646,-0.0754822629259968,-0.0117126696166272,-0.2920820390915823,0.0503826253024942
0.9038925311947118,-0.0217036583058593,-0.075290773748377,-0.0123410473988216,-0.2913417402863059,0.0529815588249603
0.9038455256726082,-0.0227842736031009,-0.0750891814189949,-0.0129715195828108,-0.2905635144947604,0.0555736573685831
0.9037960492322944,-0.0238646635017037,-0.0748774390153789,-0.0136041808868124,-0.2897473505375376,0.0581585684912721
0.9037440750555996,-0.0249448077184047,-0.0746554971934491,-0.0142391249585708,-0.288893236369952,0.060735939776467
0.9036895749743856,-0.0260246844014317,-0.0744233043316029,-0.0148764438223367,-0.2880011596644954,0.0633054168407916
0.9036325194752683,-0.027104269721145,-0.0741808066133261,-0.0155162275903358,-0.2870711081522318,0.0658666424828416
0.9035728776606168,-0.0281835383095727,-0.0739279479261452,-0.0161585646735422,-0.2861030692578648,0.0684192578565832
0.9035106171890694,-0.0292624639101529,-0.0736646696782548,-0.0168035421243335,-0.2850970294241059,0.0709629041223897
0.9034457043146368,-0.0303410182336241,-0.0733909110360731,-0.0174512449098334,-0.2840529750474461,0.0734972198600742
0.90337810388705,-0.0314191706551105,-0.0731066089980093,-0.0181017556749431,-0.282970892779906,0.0760218405027784
0.90330777924949,-0.0324968894964507,-0.0728116980398316,-0.0187551554626063,-0.2818507682005828,0.0785364014805902
0.9032346923126828,-0.0335741404428986,-0.0725061105052174,-0.0194115227060984,-0.2806925873243011,0.081040534650914
0.9031588034874274,-0.0346508872464445,-0.0721897764028392,-0.0200709335961276,-0.2794963358479638,0.0835338700970128
0.9030800716423882,-0.0357270919142758,-0.0718626233145409,-0.0207334621426233,-0.2782619988240105,0.0860160367055281
0.9029984541945092,-0.0368027131111514,-0.0715245768563697,-0.021399179131785,-0.2769895624156432,0.088486658639387
0.9029139069660054,-0.0378777077805924,-0.0711755601711179,-0.0220681530591696,-0.2756790119927548,0.0909453592503893
0.9028263842259708,-0.0389520301872395,-0.0708154941916397,-0.0227404494770415,-0.2743303331366441,0.0933917590386022
0.9027358386421483,-0.0400256321674186,-0.070444297533724,-0.0234161310842582,-0.27294351124537,0.0958254764019278
0.90264222129984,-0.0410984625479423,-0.0700618866674271,-0.0240952572932742,-0.2715185321787381,0.0982461264983906
0.9025454817023254,-0.0421704668525419,-0.0696681760119649,-0.0247778839677697,-0.270055382606382,0.1006533207903582
0.902445567648076,-0.0432415883409338,-0.0692630775320626,-0.0254640640093421,-0.2685540485012894,0.1030466695798271
0.9023424253374897,-0.0443117664836936,-0.0688465012709647,-0.026153846310557,-0.2670145171113998,0.1054257787881699
0.9022359992917592,-0.0453809375512145,-0.0684183551190505,-0.0268472760473163,-0.2654367760811081,0.107790251502942
0.9021262323619824,-0.0464490342089164,-0.0679785449506804,-0.0275443943345202,-0.2638208139340117,0.1101396873045478
0.9020130656624818,-0.0475159858655644,-0.0675269744579134,-0.0282452383680675,-0.2621666194334173,0.1124736832645576
0.9018964387119958,-0.048581717064656,-0.0670635458145095,-0.0289498402779119,-0.2604741839766775,0.1147918306733964
0.9017762891802036,-0.0496461495849882,-0.0665881587665844,-0.0296582284160946,-0.25874349822019,0.1170937198863635
0.9016525530427142,-0.0507092006930682,-0.0661007113537863,-0.0303704261136756,-0.256974554669092,0.1193789367616099
0.9015251646723542,-0.0517707821978078,-0.065601100364127,-0.0310864509347181,-0.2551673492494644,0.1216470609399962
0.9013940565102796,-0.0528308030020025,-0.0650892201408046,-0.031806316286872,-0.2533218769096308,0.1238976716019626
0.901259159438084,-0.0538891657742556,-0.0645649641405976,-0.0325300290694253,-0.2514381371712084,0.1261303406536231
0.9011204024498962,-0.0549457694222027,-0.0640282237489725,-0.0332575912366415,-0.2495161297533178,0.128344638301148
0.9009777130179046,-0.0560005060781507,-0.0634788897921687,-0.0339889976141415,-0.2475558598842713,0.1305401270334596
0.900831016714822,-0.0570532638346527,-0.0629168511667048,-0.034724237657764,-0.2455573332605875,0.1327163677043508
0.9006802373205061,-0.0581039256803065,-0.0623419953499073,-0.0354632946123715,-0.2435205577546393,0.1348729176044303
0.900525297203239,-0.0591523667580671,-0.0617542099355747,-0.036206143447938,-0.2414455486885824,0.1370093252148285
0.9003661168447409,-0.06019845762225,-0.0611533808993852,-0.0369527530088826,-0.2393323224993847,0.1391251372929521
0.9002026152161224,-0.0612420615903288,-0.0605393941031024,-0.0377030840049816,-0.2371809018584723,0.1412198938517257
0.9000347096136242,-0.0622830358227767,-0.0599121347392893,-0.0384570896307744,-0.2349913134885135,0.1432931307741407
0.8998623156025448,-0.063321231575603,-0.0592714871928079,-0.0392147156153808,-0.2327635874619496,0.1453443806947874
0.8996853475447043,-0.0643564910320143,-0.058617337056911,-0.0399758977587559,-0.2304977639508189,0.147373167173858
0.8995037181334613,-0.0653886502187073,-0.0579495694439951,-0.0407405638895131,-0.2281938870443307,0.1493790109492078
0.8993173386716707,-0.0664175373992139,-0.0572680700571376,-0.0415086325335177,-0.2258520081635129,0.1513614272203575
0.8991261190600622,-0.0674429732574811,-0.0565727251743412,-0.0422800128829299,-0.2234721856649161,0.1533199264888299
0.8989299681108707,-0.0684647693824454,-0.0558634228030351,-0.043054603481663,-0.221054488417355,0.1552540121716596
0.8987287933766086,-0.0694827294307441,-0.0551400520536916,-0.0438322929144768,-0.218598993239906,0.1571631833643502
0.898522501138243,-0.0704966493355557,-0.0544025030984261,-0.0446129598031366,-0.2161057843571687,0.1590469357120694
0.898310996982226,-0.0715063147126731,-0.0536506692141973,-0.0453964706309558,-0.2135749598526299,0.1609047571161531
0.8980941854660177,-0.0725115028803063,-0.0528844455385545,-0.0461826810991277,-0.2110066269437554,0.1627361320757044
0.8978719704753124,-0.0735119814944196,-0.0521037302856506,-0.0469714348825267,-0.2084009055498101,0.1645405397285969
0.8976442553906785,-0.0745075082513448,-0.0513084252501319,-0.0477625631904478,-0.2057579293870041,0.1663174539282589
0.897410942985747,-0.0754978317929455,-0.0504984353570143,-0.0485558852872237,-0.2030778438641168,0.1680663454579913
0.8971719358384844,-0.076482690403136,-0.0496736699857527,-0.0493512072616199,-0.2003608098439953,0.1697866802951893
0.8969271362363318,-0.077461812950484,-0.0488340425085085,-0.0501483225863178,-0.1976070014418253,0.1714779218733152
0.8966764468440112,-0.0784349167895125,-0.0479794724289515,-0.0509470102132621,-0.194816612333261,0.1731395280599321
0.8964197704071218,-0.0794017096440804,-0.0471098841774947,-0.0517470358982422,-0.1919898510295751,0.1747709550551694
0.8961570099913361,-0.0803618892903253,-0.0462252077390091,-0.0525481517630174,-0.1891269421746818,0.1763716574082139
0.8958880696962835,-0.0813151416792774,-0.0453253808316012,-0.0533500945320977,-0.1862281327743509,0.1779410855077079
0.8956128540008585,-0.0822611440807593,-0.0444103464578814,-0.0541525879728801,-0.1832936834315452,0.1794786914070625
0.8953312691112695,-0.0831995611621497,-0.0434800571335266,-0.0549553394048887,-0.1803238810689517,0.1809839229854375
0.8950432221564424,-0.0841300486722222,-0.042534471901501,-0.0557580426334968,-0.177319028415816,0.1824562305562097
0.8947486218809261,-0.0850522519319448,-0.0415735583170394,-0.0565603765108897,-0.1742794494528708,0.1838950649437217
0.8944473790744888,-0.0859658054442784,-0.0405972934960482,-0.057362004421635,-0.1712054917534995,0.1852998774591079
0.8941394064573349,-0.0868703342338373,-0.0396056633645603,-0.0581625752915102,-0.1680975231227952,0.1866701225269533
0.8938246191225147,-0.0877654534687242,-0.0385986637023803,-0.0589617231203937,-0.1649559339032851,0.1880052575825409
0.8935029347515583,-0.0886507688502048,-0.0375763004170194,-0.0597590671952948,-0.1617811368249578,0.1893047441374575
0.8931742738589347,-0.0895258769473507,-0.0365385898865622,-0.0605542122736053,-0.1585735670664534,0.1905680487116228
0.8928385599124943,-0.0903903658781726,-0.0354855588905895,-0.0613467491029586,-0.1553336810471505,0.1917946442065403
0.8924957198755692,-0.0912438149244589,-0.0344172458429978,-0.0621362539846166,-0.1520619592304023,0.1929840097086358
0.8921456843414824,-0.0920857952871861,-0.0333337007087449,-0.0629222893867368,-0.1487589048494464,0.1941356319050169
0.8917883875243887,-0.092915871133964,-0.0322349844734738,-0.0637044048705527,-0.1454250413200382,0.1952490067829226
0.891423767789529,-0.0937335993549228,-0.0311211702672768,-0.064482136835013,-0.142060914717482,0.1963236394954175
0.8910517676652667,-0.0945385305757136,-0.0299923428683864,-0.0652550094576279,-0.1386670913377261,0.1973590458837165
0.8906723342146761,-0.0953302093401593,-0.0288485992987467,-0.0660225348766749,-0.1352441585999785,0.1983547528192472
0.8902854195094615,-0.0961081741648018,-0.02769004969436,-0.0667842132511208,-0.1317927267590132,0.1993102983845739
0.8898909801346812,-0.0968719595481817,-0.0265168152612624,-0.0675395347567976,-0.1283134219681926,0.2002252343918256
0.8894889782005123,-0.0976210949114946,-0.0253290307449256,-0.0682879786109686,-0.1248068928480119,0.2010991250361621
0.8890793808289613,-0.0983551065651655,-0.0241268423361708,-0.0690290150909131,-0.1212738035224524,0.2019315491732883
0.8886621611034824,-0.099073516894999,-0.0229104099070966,-0.0697621048103106,-0.1177148395110795,0.2027220992474514
0.8882372978182596,-0.0997758457988735,-0.0216799056909125,-0.0704867002600966,-0.1141307031606033,0.2034703827986932
0.887804775725753,-0.1004616111554752,-0.0204355144404953,-0.0712022464107455,-0.1105221135100919,0.2041760227554679
0.8873645859529868,-0.1011303290570409,-0.0191774340605381,-0.071908181075938,-0.1068898075601429,0.2048386574628902
0.8869167259969263,-0.101781514720572,-0.0179058750236929,-0.0726039359969499,-0.1032345380592377,0.2054579413709101
0.8864612006515007,-0.1024146820491997,-0.0166210624296334,-0.0732889364987851,-0.0995570789361203,0.2060335443962256
0.885998021172998,-0.103029345747293,-0.015323233065287,-0.073962603891214,-0.0958582164188501,0.2065651536620177
0.8855272066623823,-0.1036250203060131,-0.0140126387336617,-0.0746243545121142,-0.092138758176258,0.2070524723046675
0.885048783192664,-0.1042012220714944,-0.0126895432411685,-0.0752736021324469,-0.0883995243903047,0.2074952209981564
0.884562785424794,-0.1047574681467387,-0.0113542263217167,-0.0759097568610673,-0.084641358580612,0.2078931368320437
0.8840692561368553,-0.1052932780029201,-0.0100069817370828,-0.0765322270483999,-0.0808651219207934,0.2082459744382778
0.8835682462363125,-0.1058081743673165,-0.0086481167627616,-0.0771404204303225,-0.077071691603988,0.2085535063852115
0.8830598159707158,-0.1063016829207859,-0.007277954920665,-0.0777337438582113,-0.0732619683078071,0.2088155228804326
0.8825440344579096,-0.1067733338315554,-0.0058968341308538,-0.0783116051656998,-0.069436870872146,0.2090318326671403
0.8820209803930806,-0.1072226620875093,-0.0045051080643092,-0.0788734136201026,-0.0655973399692636,0.2092022631848968
0.8814907425816109,-0.1076492081387085,-0.0031031469963986,-0.0794185806998167,-0.0617443403732004,0.2093266610365746
0.8809534195669187,-0.1080525193093079,-0.0016913362696678,-0.0799465218416937,-0.0578788566999765,0.2094048927143853
0.8804091202906653,-0.1084321503430627,-0.0002700775139185,-0.0804566570996624,-0.054001896805829,0.209436845005884
0.8798579646497272,-0.1087876641744122,0.001160210431999,-0.0809484120321071,-0.0501144943561139,0.209422425644339
0.8793000659615638,-0.1091186430963737,0.0025991371369012,-0.0814212336304508,-0.0462175855817526,0.2093615614397167
0.8787355265335008,-0.109424687764697,0.0040463510320937,-0.0818745913146492,-0.0423119833896741,0.209254190907278
0.8781644975512596,-0.109705384976873,0.0055013860822654,-0.0823079293941909,-0.0383987916923339,0.2091002750454306
0.8775871415812273,-0.1099603340492681,0.0069637598587638,-0.0827207028173468,-0.0344791386348099,0.2088997986639579
0.8770036327213886,-0.1101891479452991,0.0084329735886023,-0.0831123784944239,-0.0305541767771058,0.208652771144823
0.8764141558513036,-0.1103914547169993,0.0099085144310584,-0.0834824371827308,-0.0266250774021817,0.2083592267697086
0.8758189068885107,-0.110566898445173,0.0113898551579112,-0.0838303745908904,-0.0226930318618179,0.2080192253275478
0.875218092569013,-0.1107151403593609,0.0128764549989357,-0.0841557027835705,-0.0187592498616501,0.2076328525348976
0.8746119296714172,-0.1108358599980681,0.0143677618030537,-0.0844579517858371,-0.014824954352744,0.2072002199827129
0.8740006450632273,-0.1109287560573913,0.0158632121006628,-0.0847366706273654,-0.0108913820626005,0.2067214654870679
0.8733844751124186,-0.1109935473279015,0.0173622326839024,-0.0849914286493741,-0.0069597800712174,0.2061967529743639
0.8727636639996665,-0.1110299735357934,0.0188642447676951,-0.0852218170532948,-0.0030313957308396,0.2056262711707207
0.8721384643422307,-0.1110377957791705,0.020368662449349,-0.0854274493229659,0.0008925183794381,0.2050102340823241
0.8715091362100286,-0.111016797094247,0.0218748950386409,-0.085607962250978,0.0048107096247381,0.2043488801125234
0.8708759392172907,-0.1109667820990704,0.0233823657390574,-0.0857630182905117,0.008721972767737,0.2036424629832275
0.8702391460748649,-0.110887577700617,0.0248904790386164,-0.0858923020420074,0.0126250641367498,0.2028912657798956
0.8695990366527503,-0.1107790338091095,0.0263986349018339,-0.0859955229106532,0.016518737766493,0.2020955955099239
0.8689558936627001,-0.1106410228824733,0.0279062387206142,-0.0860724161470733,0.0204017700894606,0.2012557776973397
0.8683100030466785,-0.1104734397045974,0.0294127000060874,-0.0861227425800259,0.0242729553987766,0.2003721561123732
0.8676616508964311,-0.1102762002138167,0.0309174391442959,-0.0861462885450241,0.0281311220577804,0.1994450877666949
0.8670111234697937,-0.1100492407340068,0.0324198868156825,-0.0861428651719273,0.0319751297859584,0.1984749416701679
0.8663587082819206,-0.1097925177375272,0.0339194809667313,-0.0861123077978859,0.0358038607851197,0.1974620994847515
0.8657046893627901,-0.1095060052924463,0.0354156771823972,-0.0860544750642569,0.0396162451324894,0.1964069471664404
0.8650493518833232,-0.109189696047497,0.0369079374879541,-0.0859692482915217,0.0434112311215172,0.1953098810157426
0.8643929786372847,-0.108843599051827,0.0383957378828643,-0.0858565304895909,0.047187803502716,0.194171301201299
0.8637358506217705,-0.1084677391379431,0.0398785664466177,-0.0857162454959796,0.05094497770354,0.1929916116355919
0.8630782466812728,-0.1080621559272553,0.0413559236016113,-0.0855483370460598,0.0546817996169152,0.1917712184361439
0.8624204439718349,-0.1076269033626556,0.0428273205462426,-0.0853527680589198,0.0583973408279673,0.1905105299829128
0.861762715291976,-0.1071620471393637,0.0442922847001015,-0.085129518953371,0.0620907116029886,0.1892099509724547
0.8611053321058396,-0.1066676658745769,0.0457503524223101,-0.0848785876207904,0.0657610417962138,0.1878698873790849
0.8604485624419326,-0.1061438489437708,0.047201073217045,-0.0845999879201443,0.0694074908341318,0.1864907417023399
0.859792672716194,-0.1055906971875846,0.048644005229401,-0.0842937495892303,0.0730292358121757,0.1850729161301469
0.8591379249181789,-0.1050083199306691,0.0500787209994338,-0.0839599161937848,0.0766254854316064,0.1836168059994366
0.8584845805722692,-0.1043968377553254,0.0515047983316015,-0.0835985462745327,0.0801954566309789,0.1821228079743307
0.8578328967006162,-0.1037563783683735,0.0529218287431834,-0.0832097106072741,0.0837383953617001,0.1805913107298501
0.8571831298216049,-0.1030870798304019,0.0543294083556041,-0.0827934937586075,0.087253553428348,0.1790227038069051
0.8565355330362722,-0.1023890873355128,0.0557271438890132,-0.0823499918364194,0.0907402031807108,0.177417370695442
0.8558903586606591,-0.101662555563993,0.0571146466285916,-0.0818793136629646,0.0941976221820902,0.1757756951226388
0.8552478560994566,-0.10090764611892,0.0584915367082782,-0.0813815788871873,0.0976251036750412,0.1740980558369265
0.854608273333847,-0.1001245288803224,0.0598574396071472,-0.0808569185937072,0.1010219476538666,0.1723848303833202
0.8539718569795088,-0.0993133819670856,0.0612119857639984,-0.0803054750715232,0.1043874597590086,0.1706363955379598
0.8533388524780466,-0.0984743919260861,0.0625548099236715,-0.079727401752317,0.1077209495338938,0.1688531281879684
0.8527095036458182,-0.0976077531089517,0.0638855518589948,-0.0791228625996223,0.111021732121915,0.1670354044547761
0.852084053271545,-0.0967136684647558,0.0652038548779687,-0.0784920324812266,0.1142891244876162,0.1651836018067717
0.8514627430601536,-0.0957923495651146,0.0665093657366979,-0.077835097036944,0.1175224451538068,0.1632980994655205
0.8508458143952333,-0.0948440179271114,0.0678017328469621,-0.0771522534900352,0.1207210097367414,0.1613792814121685
0.8502335067746654,-0.0938689028572081,0.069080609373428,-0.0764437089736374,0.1238841386037463,0.1594275322924417
0.8496260600184093,-0.0928672451393106,0.0703456484368384,-0.0757096830750317,0.1270111450089038,0.1574432451181171
0.8490237119697724,-0.0918392936987343,0.0715965077497323,-0.0749504053051582,0.1301013465804145,0.1554268148169095
0.8484267005744681,-0.0907853093756514,0.0728328451247962,-0.0741661177596113,0.1331540542505072,0.1533786459312355
0.8478352621892198,-0.0897055624902046,0.0740543218382683,-0.0733570732326086,0.1361685806129821,0.1512991480139505
0.8472496331424834,-0.0886003360925824,0.0752605992530774,-0.072523537552382,0.1391442316437742,0.1491887421046022
0.8466700484496993,-0.0874699242181552,0.0764513413374899,-0.0716657882044462,0.1420803129880672,0.1470478574872088
0.846096742311234,-0.0863146333792337,0.0776262134998343,-0.0707841153771817,0.1449761271625785,0.1448769346947376
0.8455299474272497,-0.0851347818233475,0.0787848838602671,-0.0698788213230736,0.1478309767776664,0.1426764242525494
0.844969894935983,-0.083930699958647,0.0799270232381033,-0.0689502205991401,0.150644164598814,0.1404467876582098
0.8444168150551995,-0.0827027324196911,0.0810523037147818,-0.0679986415880768,0.1534149901108895,0.1381885013500474
0.8438709362856098,-0.0814512371541751,0.0821604001364797,-0.0670244257348298,0.156142753332458,0.1359020551193885
0.8433324847957926,-0.0801765847057454,0.083250991232897,-0.0660279269113979,0.1588267576875358,0.1335879509689788
0.8428016849207163,-0.078879160082902,0.0843237584777861,-0.065009512798396,0.1614663073262293,0.1312467066884621
0.8422787576660212,-0.0775593598551515,0.0853783889865573,-0.0639695625306158,0.1640607143876409,0.1288788507867131
0.8417639220515515,-0.0762175961516516,0.0864145726741923,-0.0629084697574002,0.1666092921468739,0.1264849298966539
0.8412573935821179,-0.074854293588304,0.087432005217609,-0.0618266401480569,0.1691113624504833,0.1240655034392023
0.8407593845734499,-0.0734698907740537,0.0884303872723557,-0.0607244924967014,0.1715662539432141,0.1216211465391082
0.8402701032376553,-0.0720648384889309,0.0894094261839813,-0.0596024571882818,0.1739733064369552,0.1191524470325821
0.8397897533288715,-0.0706395991623505,0.0903688365683568,-0.0584609756814948,0.1763318725037974,0.116660004841363
0.839318534555387,-0.0691946486379148,0.0913083393655318,-0.0573005018262057,0.1786413153234938,0.1141444353410143
0.8388566415642533,-0.0677304737056729,0.092227663748745,-0.0561214997935559,0.1809010135562229,0.1116063653254115
0.8384042636314865,-0.0662475714677776,0.093126547619568,-0.0549244434595677,0.1831103627446121,0.1090464322374475
0.8379615845647588,-0.0647464493257296,0.0940047376841484,-0.0537098162897185,0.1852687756917349,0.1064652844833376
0.8375287819697103,-0.0632276227203288,0.0948619907954424,-0.0524781094041722,0.1873756859556892,0.1038635778940042
0.8371060274142712,-0.0616916157364095,0.0956980735157855,-0.0512298219557486,0.1894305469745196,0.1012419771393488
0.8366934860646995,-0.0601389598664253,0.0965127627334964,-0.0499654600205118,0.1914328337856586,0.0986011539762437
0.8362913162961271,-0.0585701924427781,0.0973058463317576,-0.0486855352129117,0.193382044876966,0.0959417849617199
0.8358996696460048,-0.0569858561857563,0.098077123184661,-0.0473905642073423,0.195277702386616,0.0932645510791703
0.8355186905306045,-0.0553864977032572,0.0988264036265745,-0.0460810674055614,0.197119353468023,0.0905701355918307
0.8351485160786032,-0.053772666230836,0.0995535096954874,-0.0447575677980059,0.1989065711002582,0.0878592223196307
0.8347892762875488,-0.052144913645603,0.1002582747489337,-0.0434205908720626,0.2006389533563692,0.0851324960554192
0.8344410935053035,-0.0505037913287718,0.100940544411811,-0.0420706619361049,0.2023161259448256,0.082390637694596
0.8341040829745701,-0.0488498516550118,0.1016001754450425,-0.0407083072451963,0.2039377396386647,0.0796343271176659
0.8337783525585336,-0.0471836457009271,0.1022370362288025,-0.039334052026734,0.2055034716708785,0.0768642397264281
0.8334640028808127,-0.0455057227010384,0.1028510064401291,-0.0379484199451304,0.2070130251462898,0.0740810459005419
0.833161127281061,-0.0438166284163809,0.1034419770981553,-0.0365519316737883,0.2084661293532433,0.0712854086373633
0.832869812156439,-0.0421169054600329,0.1040098498630038,-0.0351451050884359,0.2098625382355403,0.0684779844239964
0.8325901370166904,-0.0404070920478452,0.1045545369015039,-0.0337284541665525,0.211202030252508,0.0656594214783219
0.8323221747158056,-0.0386877216475211,0.1050759604150165,-0.0323024886351031,0.212484407402208,0.0628303594611484
0.8320659916463994,-0.0369593223813789,0.1055740522466145,-0.0308677134210906,0.2137094944331435,0.0599914287611477
0.8318216478392488,-0.0352224156611347,0.1060487536783725,-0.0294246274697022,0.2148771385165474,0.0571432485034546
0.8315891975817822,-0.0334775184820895,0.1065000142261676,-0.0279737256092179,0.2159872064453023,0.0542864305386882
0.8313686892049111,-0.0317251398677388,0.1069277920556648,-0.0265154955631524,0.2170395858126536,0.0514215738157307
0.8311601655576737,-0.0299657820540259,0.1073320530662586,-0.0250504189046114,0.2180341829064505,0.0485492665131284
0.8309636643894773,-0.0281999414254622,0.1077127701599704,-0.0235789718153495,0.2189709210496982,0.0456700877249432
0.8307792184362192,-0.0264281070233931,0.1080699230880802,-0.0221016238291239,0.2198497403540298,0.0427846051620919
0.8306068557179369,-0.0246507607447855,0.1084034978904767,-0.0206188379871035,0.2206705964626905,0.039893375599061
0.8304465999042767,-0.0228683785406296,0.108713486206821,-0.0191310718341393,0.221433458969358,0.0369969469218264
0.8302984703522543,-0.0210814282327647,0.1089998852239507,-0.0176387755983806,0.2221383113940545,0.0340958546589543
0.8301624826189371,-0.0192903727277015,0.1092626967062536,-0.0161423948804791,0.2227851488937474,0.0311906272660008
0.8300386484646818,-0.0174956676080321,0.1095019270125968,-0.01464236865371,0.2233739783923467,0.0282817822587171
0.8299269762316294,-0.015697763510895,0.1097175863884863,-0.0131391312661631,0.2239048169185903,0.0253698301016584
0.8298274708760126,-0.0138971038188873,0.1099096889275361,-0.0116331105293234,0.2243776915830144,0.0224552704830455
0.829740134350437,-0.0120941281105676,0.1100782518570265,-0.0101247306252741,0.2247926378830689,0.0195385979066196
0.829664965615636,-0.0102892697040673,0.1102232955386617,-0.0086144100777087,0.2251496997606824,0.0166202977064183
0.8296019609105512,-0.0084829583107389,0.1103448429699938,-0.0071025639996283,0.2254489284228234,0.013700850321709
0.8295511138183755,-0.0066756188890015,0.1104429196787994,-0.0055896031645028,0.2256903821216655,0.0107807294154142
0.8295124154180671,-0.004867672752716,0.1105175534514128,-0.004075934965672,0.2258741255184353,0.0078604036312319
0.8294858543743757,-0.0030595373139055,0.1105687741784192,-0.0025619632343018,0.226000229328749,0.0049403361369468
0.8294714170459918,-0.001251627684893,0.1105966136639796,-0.0010480896153609,0.2260687698711093,0.0020209871658219
0.8294685157609876,-1.1210437959874309e-12,0.1106022080660794,8.176188675754203e-12,0.2260825432864373,-2.6465162526745356e-12
