3.13811670673985
0.8248006321937424,-1.1057875094874524e-28,0.0681812139095422,-3.06126606695074e-15,0.1802214981458101,-1.9978177760990434e-14
0.8248017358003202,0.0006963490867806,0.068179244463076,0.0005712361818609,0.1802154304677965,-0.0010194054312658
0.8248118544851895,0.0022203988061444,0.0681611865502184,0.001821395376691,0.1801597962978155,-0.0032505732703184
0.8248325515889396,0.0037441812272756,0.0681242471052729,0.0030711320321885,0.180045993572828,-0.0054815621078708
0.8248638309475821,0.0052673483659327,0.0680684127397186,0.0043200209743043,0.1798739873908324,-0.0077120085943329
0.8249056916877471,0.0067894182344809,0.0679936751115091,0.0055675270316583,0.1796437616282246,-0.0099413535131137
0.8249581286080254,0.0083099074165476,0.0679000302359701,0.0068131138888477,0.1793553167928571,-0.0121690358513766
0.8250211319886133,0.0098283277866903,0.0677874788186634,0.0080562415026829,0.1790086710130588,-0.0143944879786693
0.8250946874180117,0.0113441862978209,0.0676560265599315,0.009296366041811,0.1786038609264608,-0.0166171353081524
0.8251787756430198,0.0128569854112879,0.0675056844203036,0.0105329403592609,0.1781409424350685,-0.0188363968909434
0.8252733723661623,0.0143662225539339,0.0673364689827563,0.0117654136762451,0.1776199917450828,-0.0210516845739754
0.8253784479237356,0.0158713883608518,0.0671484030322179,0.0129932302864209,0.1770411070614466,-0.0232624003601756
0.825493967188451,0.0173719687467119,0.0669415157375616,0.0142158313970228,0.176404409044213,-0.0254679393742618
0.8256198891858708,0.0188674428099179,0.0667158433506479,0.0154326535794523,0.1757100428418262,-0.0276676866951308
0.8257561669332893,0.0203572841430585,0.066471429512893,0.0166431300102068,0.1749581789012594,-0.0298610191747328
0.8259027470339303,0.0218409593148746,0.0662083260068382,0.0178466894220342,0.1741490151319698,-0.0320473030793386
0.8260595695520778,0.0233179296403279,0.0659265930112909,0.0190427577406678,0.1732827775270043,-0.0342258965513402
0.8262265677516011,0.0247876512440718,0.065626299608915,0.0202307583423986,0.1723597215455267,-0.036396149544868
0.8264036677690875,0.0262495747024,0.0653075244202544,0.0214101119849461,0.171380133868261,-0.0385574031176074
0.826590788428987,0.0277031460095074,0.0649703559919932,0.0225802378216154,0.1703443333818974,-0.0407089906574461
0.8267878409332134,0.0291478064679905,0.0646148934213254,0.0237405535579432,0.1692526728738836,-0.0428502375001233
0.826994728963457,0.0305829955371966,0.0642412462463659,0.0248904779926777,0.1681055384586305,-0.0449804649135492
0.8272113482655806,0.0320081496391304,0.0638495352808909,0.0260294303139506,0.1669033518907672,-0.0470989880798237
0.827437586892572,0.0334227054550219,0.0634398922706491,0.0271568329995279,0.1656465692477849,-0.0492051207272402
0.8276733246570048,0.0348260978375063,0.0630124609900531,0.0282721104154947,0.1643356840218413,-0.0512981717472529
0.82791843360802,0.0362177640949991,0.0625673964957142,0.0293746924997728,0.1629712245457893,-0.0533774512825864
0.8281727779581421,0.0375971443666365,0.0621048653843236,0.0304640153147909,0.1615537544938435,-0.0554422710011787
0.8284362138467427,0.0389636811816558,0.0616250463602221,0.0315395209651951,0.1600838743224834,-0.0574919431292394
0.8287085902453147,0.0403168247943261,0.0611281287336529,0.032600662056719,0.1585622163665175,-0.0595257881417603
0.8289897481808243,0.0416560294902085,0.0606143139902101,0.0336468990334161,0.1569894493411092,-0.0615431289183368
0.8292795220966283,0.0429807604256644,0.0600838134696564,0.0346777057701436,0.1553662709278042,-0.0635433007266871
0.8295777392017725,0.044290490325135,0.0595368497224489,0.0356925672012977,0.1536934116226108,-0.065525645963536
0.829884220165531,0.045584702557268,0.0589736554163819,0.0366909819293317,0.1519716310859409,-0.067489518499099
0.8301987799417679,0.0468628941267394,0.0583944720009084,0.0376724647109036,0.150201713762229,-0.069434287949386
0.8305212275612398,0.0481245741027887,0.0577995502701527,0.0386365453997686,0.1483844703114917,-0.0713593370416858
0.8308513665195518,0.049369264623038,0.0571891498387083,0.0395827698767931,0.1465207357220694,-0.0732640628794114
0.8311889957087647,0.0505965036706349,0.0565635376106431,0.0405107022934627,0.1446113643610139,-0.0751478809527687
0.831533909514527,0.0518058444289801,0.0559229877872383,0.041419924676648,0.1426572297364594,-0.0770102239480397
0.8318858982132636,0.0529968557741031,0.0552677813224819,0.0423100373909097,0.1406592225841991,-0.0788505423002693
0.8322447486734983,0.054169123653486,0.0545982048093867,0.0431806602370987,0.1386182472328182,-0.0806683061407187
0.8326102448766967,0.055322251627935,0.0539145496940869,0.0440314328870018,0.1365352189856301,-0.0824630059914152
0.8329821673739439,0.0564558581000372,0.0532171134813809,0.0448620128701021,0.1344110675830755,-0.0842341483027948
0.8333602947002176,0.0575695797426581,0.0525061972787537,0.045672078129116,0.1322467295225089,-0.0859812606442241
0.8337444034796514,0.0586630705848019,0.05178210577741,0.0464613263311241,0.1300431478228249,-0.0877038901809227
0.8341342685224863,0.0597360012145875,0.0510451472523351,0.0472294742763892,0.127801271859323,-0.0894016023181158
0.8345296632475343,0.0607880589565501,0.0502956329480483,0.0479762580091438,0.1255220553436481,-0.0910739808803556
0.8349303598057531,0.0618189472284078,0.0495338770262697,0.0487014323325034,0.1232064560289225,-0.0927206270018118
0.8353361292354254,0.0628283850656094,0.0487601964553602,0.0494047704495336,0.1208554352518564,-0.0943411582745427
0.8357467423896963,0.0638161085347936,0.0479749094213637,0.0500860649056802,0.1184699529993006,-0.0959352109472349
0.8361619691430479,0.0647818679008323,0.0471783370189261,0.0507451255715092,0.1160509729568895,-0.0975024353087632
0.8365815791764483,0.0657254287892657,0.0463708019331501,0.0513817804156645,0.1135994584284914,-0.0990424974792775
0.8370053418891122,0.0666465712334933,0.0455526287875117,0.0519958748088198,0.111116373333284,-0.1005550778011214
0.8374330266067128,0.0675450894845108,0.0447241439252488,0.0525872713574804,0.1086026814969739,-0.1020398704574743
0.8378644025081293,0.0684207912686971,0.0438856757362609,0.0531558493779681,0.1060593476135473,-0.103496582176688
0.8382992393169676,0.0692734986415801,0.0430375534983529,0.0537015054117873,0.1034873337159125,-0.1049249335875311
0.838737306844218,0.0701030465090322,0.0421801084483359,0.0542241522201822,0.1008876024266588,-0.106324656704708
0.8391783750363879,0.0709092823236609,0.0413136738826399,0.0547237185755281,0.0982611172784295,-0.1076954943302666
0.8396222143718759,0.0716920664365446,0.040438584574024,0.0552001494588122,0.0956088409774259,-0.1090372005721325
0.8400685960935923,0.0724512720931286,0.0395551765014276,0.0556534060137644,0.0929317346336185,-0.1103495407893246
0.8405172918748793,0.0731867845001378,0.0386637877026467,0.0560834649516164,0.0902307604095345,-0.1116322899282846
0.8409680744836163,0.0738985016250905,0.0377647571532276,0.056490318995509,0.0875068782037275,-0.1128852338511588
0.8414207172727189,0.0745863330686162,0.0368584259743611,0.056873976190717,0.0847610494081052,-0.1141081673159195
0.8418749948564115,0.0752502008743824,0.0359451362818626,0.057234460339218,0.0819942335343176,-0.1153008953504284
0.8423306831620164,0.0758900393001672,0.0350252312708145,0.0575718108147983,0.0792073886009035,-0.1164632328340165
0.8427875595510043,0.0765057947199066,0.0340990551616281,0.057886082453559,0.0764014711167442,-0.1175950043132764
0.8432454028972343,0.0770974254855085,0.0331669532319278,0.0581773454237551,0.0735774363407519,-0.1186960437484544
0.8437039940665477,0.0776649023010551,0.0322292710264727,0.0584456853373564,0.0707362360671706,-0.1197661952312978
0.844163115827412,0.0782082078344698,0.0312863547165076,0.0586912029660612,0.0678788199086832,-0.1208053123141147
0.8446225533838438,0.0787273370963721,0.0303385501808714,0.0589140143102879,0.0650061327212286,-0.1218132588029173
0.8450820944898874,0.0792222972594784,0.029386202929632,0.0591142503757296,0.0621191145952875,-0.1227899085361007
0.8455415296429116,0.0796931075710717,0.0284296578588946,0.0592920569828436,0.0592187003489037,-0.1237351453578409
0.8460006524124192,0.0801397993820114,0.0274692587120362,0.059447594598769,0.0563058181426728,-0.124648863358209
0.8464592596131791,0.0805624159818717,0.026505347850514,0.059581038067659,0.0533813890441069,-0.1255309667655869
0.8469171518987844,0.080961012782437,0.0255382651243963,0.0596925764176069,0.0504463238696839,-0.1263813706143158
0.8473741335498478,0.0813356567253431,0.0245683484190518,0.0597824123925625,0.0475015251200075,-0.1271999998367943
0.8478300131023777,0.0816864264227854,0.0235959324169561,0.0598507621812761,0.0445478835056883,-0.1279867899352252
0.8482846033924524,0.0820134117443327,0.0226213485716252,0.0598978549525709,0.041586278156209,-0.1287416865266181
0.8487377219496949,0.0823167136544194,0.0216449243216767,0.0599239324178804,0.0386175745244803,-0.1294646454830293
0.8491891909538202,0.0825964437089194,0.0206669832234576,0.0599292483155607,0.0356426250846942,-0.1301556323273108
0.8496388378051665,0.0828527239334073,0.0196878437411351,0.0599140678957164,0.0326622659482395,-0.1308146225852576
0.8500864952756576,0.0830856863548045,0.0187078189124917,0.059878667313256,0.0296773161372602,-0.131441601396389
0.8505320011960668,0.0832954723096118,0.0177272170202277,0.0598233330675078,0.0266885799207603,-0.132036562511697
0.8509751990142307,0.083482232215382,0.0167463403454298,0.0597483613759926,0.0236968433079847,-0.1325995085365304
0.851415938028907,0.0836461250854112,0.0157654845962905,0.059654057488421,0.0207028725863445,-0.1331304506143641
0.851854072816666,0.0837873177520704,0.014784940121061,0.0595407351768535,0.0177074183009837,-0.1336294071595256
0.8522894642348282,0.083905984666075,0.0138049895975322,0.0594087158757527,0.0147112084717321,-0.1340964044835398
0.852721978900243,0.0840023071063354,0.012825909095448,0.0592583281249323,0.0117149520952679,-0.1345314755623016
0.8531514891415074,0.0840764726231722,0.0118479680870605,0.0590899069604886,0.0087193394347084,-0.134934659455721
0.8535778732721097,0.084128674531824,0.0108714287134523,0.058903793173637,0.0057250400199497,-0.1353060010266836
0.8540010155773246,0.0841591113113166,0.0098965456786927,0.0587003326411169,0.002732702554893,-0.1356455503337467
0.8544208059463,0.0841679860062196,0.0089235669575516,0.0584798758515046,-0.0002570426852476,-0.135953361779358
0.8548371401451281,0.0841555056998802,0.0079527330225811,0.0582427771462559,-0.003243586008817,-0.13622949380788
0.8552501372825064,0.0841218575725722,0.0069837648872081,0.0579892557305624,-0.0062279158423645,-0.136474129352363
0.8556598505838673,0.0840671977456857,0.006016532884202,0.0577195434951548,-0.0092105648232476,-0.1366873564898325
0.8560661801883078,0.0839916869915425,0.0050512691093344,0.0574339633597165,-0.012190950870403,-0.1368691559791152
0.8564690303261715,0.0838954897918324,0.0040882019661479,0.0571328428962579,-0.0151685005199757,-0.1370195108710931
0.8568683091919432,0.0837787741269983,0.0031275564153091,0.0568165140837669,-0.0181426478997408,-0.1371384063276517
0.8572639291114429,0.0836417111934755,0.0021695535133459,0.0564853128377434,-0.0211128359045271,-0.1372258295535963
0.8576558065615517,0.0834844751247597,0.0012144102885414,0.0561395786206512,-0.0240785163395886,-0.1372817696342504
0.8580438620347987,0.0833072427735489,0.0002623399883813,0.0557796541857055,-0.0270391489154813,-0.1373062173534247
0.8584280196659169,0.0831101936590432,-0.0006864470785922,0.0554058855847929,-0.0299941983877432,-0.137299165081759
0.8588082112700176,0.0828935073912339,-0.0016317536781806,0.055018617673392,-0.0329431659482758,-0.1372606062086814
0.8591843826009993,0.0826573582174769,-0.0025734117823183,0.0546181860760102,-0.0358856396936895,-0.1371905319819721
0.8595564687339945,0.0824019293972036,-0.0035112212856404,0.0542049423959593,-0.0388211031157584,-0.1370889347200782
0.859924408048615,0.0821274063287033,-0.0044449844825346,0.0537792406798891,-0.0417490421430996,-0.1369558082441455
0.8602881424213537,0.0818339762854003,-0.0053745066238525,0.0533414369218722,-0.0446689466406346,-0.1367911478953755
0.8606476168750624,0.0815218285597125,-0.0062995950998951,0.0528918891924065,-0.0475803076049781,-0.1365949507596597
0.8610027793180833,0.0811911546399944,-0.0072200588266138,0.0524309577344322,-0.0504826149768529,-0.1363672160181366
0.8613535808087773,0.0808421479391291,-0.0081357089865165,0.0519590044012543,-0.0533753597185423,-0.136107945032435
0.8616999752132651,0.08047500407601,-0.009046358205482,0.0514763928654691,-0.056258030966394,-0.1358171418106455
0.8620419189491579,0.0800899211825649,-0.0099518199270296,0.0509834887865082,-0.059130113783218,-0.1354948135914583
0.8623793710704918,0.0796870998897455,-0.0108519086773826,0.050480659522806,-0.0619910897237882,-0.1351409712179419
0.862712293146753,0.0792667435425637,-0.0117464397918993,0.0499682741281718,-0.0648404356964943,-0.1347556297152169
0.8630406489769739,0.0788290586872987,-0.0126352286862441,0.0494467036365252,-0.0676776213627207,-0.1343388091747258
0.8633644044882424,0.078374255414092,-0.0135180906047764,0.0489163211121963,-0.0705021080375558,-0.1338905355824759
0.863683527895988,0.0779025473506944,-0.0143948410848138,0.0483775012702526,-0.073313349880626,-0.1334108413343561
0.8639979894332597,0.0774141522741695,-0.0152652952498915,0.0478306207967704,-0.0761107913431252,-0.1328997663882949
0.8643077610555713,0.0769092928901912,-0.0161292670079648,0.0472760587838397,-0.0788938642812668,-0.1323573596880234
0.8646128168212266,0.0763881965796896,-0.0169865701243166,0.0467141959832602,-0.0816619910974769,-0.1317836795398303
0.8649131322805539,0.0758510967893214,-0.0178370165328376,0.0461454158345204,-0.0844145789862805,-0.1311787957974659
0.8652086850215668,0.0752982325208774,-0.0186804178881275,0.0455701033924988,-0.0871510246341141,-0.130542790021356
0.8654994542252343,0.0747298495445199,-0.0195165843376991,0.0449886460797978,-0.0898707099457463,-0.1298757575813408
0.8657854206894476,0.0741462008761883,-0.0203453246071715,0.044401433596137,-0.0925730020053092,-0.12917780901553
0.866066567118168,0.0735475466885159,-0.0211664468744666,0.0438088572456463,-0.0952572556313929,-0.1284490707287839
0.8663428777075838,0.0729341556789709,-0.0219797576155153,0.0432113107002125,-0.0979228093283666,-0.1276896874744677
0.8666143386722638,0.0723063044672173,-0.0227850632026258,0.0426091887796976,-0.1005689902466576,-0.1268998224808616
0.8668809378267918,0.0716642790376671,-0.0235821687517549,0.0420028882226133,-0.1031951101614707,-0.1260796601130273
0.8671426651085434,0.0710083740361774,-0.0243708797702628,0.041392806368541,-0.1058004706686763,-0.1252294058760734
0.8673995124396542,0.0703388935308579,-0.0251510018766214,0.0407793412504933,-0.1083843620883359,-0.1243492882533947
0.8676514739584281,0.0696561508454526,-0.0259223416500628,0.0401628908098596,-0.1109460661289778,-0.1234395593628905
0.8678985460524452,0.0689604688241405,-0.0266847069144694,0.03954385252256,-0.1134848567305097,-0.1225004961597713
0.8681407276849334,0.0682521792009995,-0.0274379079589805,0.0389226222408072,-0.116000004076333,-0.1215324004147827
0.8683780203690346,0.0675316228339775,-0.0281817577158248,0.0382995938396957,-0.1184907751994064,-0.1205355998122278
0.86861042867455,0.0667991482271577,-0.0289160736417463,0.037675157411287,-0.1209564403516361,-0.1195104466433253
0.8688379599288638,0.0660551123493821,-0.0296406771181011,0.0370496994947844,-0.1233962711386637,-0.1184573196086433
0.8690606247828702,0.0652998786342239,-0.0303553956133714,0.0364236009398816,-0.1258095479895574,-0.1173766216269387
0.8692784371755115,0.0645338166592385,-0.0310600629984257,0.0357972362836413,-0.1281955615142004,-0.116268779884118
0.8694914145591293,0.0637573008049507,-0.031754520731032,0.0351709723407312,-0.1305536168642412,-0.115134244342144
0.8696995780053901,0.0629707091044183,-0.0324386187016514,0.0345451670417259,-0.1328830370366822,-0.1139734863989177
0.8699029522551908,0.0621744221183052,-0.0331122159298516,0.0339201683729249,-0.1351831657449271,-0.1127869974756052
0.8701015657389579,0.0613688217618472,-0.0337751811892159,0.0332963133567458,-0.1374533701136497,-0.1115752874256844
0.8702954508379189,0.0605542889399971,-0.0344273944682531,0.0326739262059103,-0.1396930463122427,-0.1103388810198177
0.8704846435294045,0.0597312035124232,-0.0350687463939715,0.0320533183705662,-0.1419016182732053,-0.1090783178140546
0.8706691835594269,0.0588999419812697,-0.0356991394248456,0.031434786905877,-0.1440785425198737,-0.1077941484779754
0.8708491143225178,0.0580608762147381,-0.0363184880743604,0.0308186137332773,-0.1462233097230634,-0.106486932555627
0.8710244825880703,0.057214372826934,-0.0369267185947259,0.0302050654470927,-0.1483354444122634,-0.1051572371613317
0.8711953385572837,0.0563607909300311,-0.0375237697887435,0.0295943919979634,-0.1504145086183869,-0.1038056330403749
0.8713617354381614,0.0555004821318091,-0.0381095921370477,0.028986827074414,-0.1524600996857552,-0.1024326940593143
0.871523729348395,0.0546337889584445,-0.0386841480334403,0.0283825873893405,-0.1544718519288072,-0.1010389941580817
0.871681379081371,0.0537610439142457,-0.0392474115197591,0.0277818724825234,-0.1564494365496556,-0.0996251052271675
0.8718347457682052,0.0528825691617293,-0.0397993676122382,0.027184864985342,-0.1583925601041746,-0.0981915959402239
0.8719838926022183,0.0519986759712384,-0.0403400118041356,0.026591730741471,-0.1603009635538299,-0.0967390301916779
0.8721288846453021,0.0511096637489279,-0.0408693498257423,0.0260026186708458,-0.1621744222000719,-0.0952679648042424
0.872269788369042,0.0502158207738206,-0.0413873963944296,0.0254176617854899,-0.1640127420126963,-0.0937789500366495
0.8724066715346342,0.0493174230293966,-0.0418941751498894,0.0248369769368904,-0.1658157601047965,-0.0922725269446536
0.872539602835643,0.0484147346072899,-0.0423897176800926,0.0242606656087953,-0.1675833419489835,-0.0907492273370894
0.8726686516777236,0.047508007401875,-0.0428740630036751,0.0236888142371494,-0.1693153801651694,-0.0892095725612914
0.8727938878127317,0.0465974819850917,-0.0433472564613248,0.0231214952659126,-0.1710117911483842,-0.0876540743029297
0.8729153812367524,0.0456833868060624,-0.0438093495530185,0.0225587671292761,-0.1726725150292309,-0.0860832325634381
0.8730332019364424,0.0447659385615215,-0.0442603991709164,0.022000674968553,-0.1742975134337373,-0.0844975356296776
0.873147419462692,0.0438453442027113,-0.044700466120158,0.0214472523011124,-0.1758867646152978,-0.0828974629301762
0.8732581030933703,0.0429217984935385,-0.0451296158613536,0.0208985199681758,-0.1774402665493601,-0.0812834802218577
0.873365321353999,0.0419954867815335,-0.0455479167571371,0.0203544882200012,-0.1789580309864659,-0.0796560438315224
0.8734691420450219,0.0410665838713737,-0.0459554402370765,0.0198151564290289,-0.1804400843882013,-0.078015598162218
0.8735696320071948,0.0401352551968302,-0.0463522599226721,0.0192805141526104,-0.1818864650642716,-0.0763625772377222
0.8736668569446276,0.0392016577686055,-0.0467384509423756,0.0187505420154156,-0.1832972209491442,-0.0746974059191486
0.8737608815158864,0.0382659386755097,-0.047114090290034,0.0182252111833239,-0.1846724111581761,-0.073020496784092
0.8738517690316198,0.0373282374318656,-0.0474792556045868,0.0177044850100191,-0.1860121017509646,-0.0713322538802319
0.873939581428546,0.0363886859018043,-0.0478340250228776,0.0171883192669419,-0.1873163653760142,-0.0696330722128411
0.8740243792936299,0.0354474076638735,-0.048178477228678,0.0166766620680451,-0.1885852816222661,-0.0679233362168773
0.8741062216572746,0.0345045199665912,-0.0485126905544424,0.0161694551964166,-0.1898189338627306,-0.0662034229440279
0.8741851660193637,0.0335601333302634,-0.0488367430105482,0.0156666341124588,-0.1910174094830131,-0.0644737010274997
0.874261268264882,0.0326143524557906,-0.0491507118576797,0.0151681286559834,-0.192180798408328,-0.062734532043324
0.8743345827728263,0.0316672748106461,-0.0494546739689909,0.014673862508438,-0.1933091945392839,-0.0609862676214503
0.874405162219324,0.030718993055931,-0.0497487049256358,0.0141837546689371,-0.1944026924799052,-0.0592292536347667
0.8744730575931614,0.0297695950537246,-0.0500328789775425,0.0136977196193173,-0.1954613874487283,-0.0574638299871403
0.8745383182364541,0.028819163478755,-0.0503072691104331,0.0132156672863805,-0.1964853755793898,-0.0556903296660756
0.8746009918524988,0.0278677758157572,-0.0505719469771873,0.0127375032043504,-0.197474753710508,-0.0539090785088453
0.8746611244082979,0.0269155060424155,-0.0508269823812031,0.0122631295087752,-0.198429617488761,-0.052120398145991
0.8747187602522856,0.0259624231075308,-0.0510724436670782,0.0117924443067655,-0.1993500628537405,-0.0503246029623747
0.8747739419955389,0.0250085931294102,-0.0513083971100594,0.0113253428970082,-0.2002361837690636,-0.0485220040508407
0.8748267105972379,0.0240540784132635,-0.0515349071719324,0.0108617173936987,-0.2010880731900712,-0.046712907206642
0.874877105365374,0.0230989377753606,-0.0517520364001472,0.0104014569990052,-0.2019058226920117,-0.0448976133797984
0.8749251639365248,0.0221432273526852,-0.051959845237004,0.0099444484962787,-0.2026895217523937,-0.043076420068275
0.8749709223749467,0.0211869990624859,-0.0521583923467051,0.0094905756118901,-0.2034392589816797,-0.0412496182432597
0.875014415099132,0.0202303024080311,-0.0523477342000533,0.0090397199775146,-0.2041551205523551,-0.0394174956505588
0.8750556748209489,0.0192731865525594,-0.0525279247093517,0.0085917621778851,-0.204837188804228,-0.0375803406815823
0.8750947327608422,0.0183156960900769,-0.0526990160717689,0.0081465798383153,-0.2054855454210362,-0.0357384341596007
0.8751316185527458,0.0173578734890532,-0.0528610582666308,0.0077040488610636,-0.2061002695176888,-0.0338920538993445
0.8751663602172465,0.0163997604937274,-0.0530140988485481,0.0072640441377311,-0.2066814368374457,-0.0320414773151665
0.8751989842980391,0.0154413950613542,-0.0531581834635137,0.0068264382057874,-0.2072291216930693,-0.0301869754149513
0.8752295157517849,0.0144828149239011,-0.0532933552837772,0.0063911029509819,-0.2077433948027471,-0.0283288195840821
0.8752579780143789,0.0135240565403873,-0.0534196552221898,0.0059579091783307,-0.2082243240830393,-0.026467279486569
0.8752843930507561,0.0125651540608018,-0.0535371220805747,0.0055267262033941,-0.2086719751943616,-0.0246026209681366
0.8753087813609937,0.011606139452564,-0.0536457925090411,0.0050974219742462,-0.2090864113673825,-0.0227351062091663
0.875331161911437,0.0106470459769626,-0.0537457006336965,0.0046698646793277,-0.2094676919623213,-0.0208650004199817
0.8753515522831478,0.0096879029589812,-0.0538368786572416,0.0042439204586902,-0.2098158747390738,-0.0189925615803095
0.875369968590853,0.0087287394909704,-0.0539193564410824,0.0038194551133027,-0.2101310142432464,-0.0171180475775323
0.8753864254737858,0.0077695863985246,-0.0539931614101844,0.0033963350120067,-0.2104131614207995,-0.0152417199943392
0.8754009362285294,0.0068104696786264,-0.054058319099667,0.0029744242391117,-0.2106623656873278,-0.0133638312106846
0.8754135126930295,0.0058514177441306,-0.0541148525902041,0.0025535878385875,-0.2108786727506691,-0.0114846385058993
0.8754241653401628,0.0048924564075756,-0.0541627828871609,0.0021336896473776,-0.2110621260414725,-0.0096043941791276
0.875432903232663,0.0039336132600369,-0.0542021286814661,0.0017145942596916,-0.2112127657799182,-0.0077233540672242
0.8754397340873282,0.0029749124538609,-0.054232906606013,0.0012961647858098,-0.2113306299392514,-0.0058417672524809
0.8754446642309343,0.0020163801235171,-0.0542551310087318,0.0008782652641208,-0.2114157533597792,-0.0039598866352844
0.8754476986364167,0.0010580416730276,-0.0542688140910728,0.0004607595152533,-0.2114681682624017,-0.0020779635547908
0.8754488409242903,9.99220836672e-05,-0.0542739658940415,4.35113178146e-05,-0.2114879041792023,-0.000196248332688
0.875448093365283,-0.0008579541004688,-0.0542705942936563,-0.0003736155575181,-0.2114749879207134,0.0016850098138163
0.875445456541574,-0.0018156535203757,-0.0542587034610132,-0.0007907968498758,-0.2114294376624338,0.0035657410254036
0.8754409286786485,-0.0027732938144019,-0.0542382908450407,-0.0012082304105735,-0.2113512513786921,0.0054459757349157
0.8754345066254692,-0.003730850315406,-0.0542093515979053,-0.0016260520373478,-0.2112404237956669,0.0073254650097917
0.875426185906317,-0.0046882955825974,-0.0541718788176131,-0.0020443961896529,-0.2110969473213839,0.009203954658363
0.8754159606834866,-0.0056456044357604,-0.0541258633926674,-0.0024633981439742,-0.2109208114520921,0.011081195170966
0.8754038237554491,-0.0066027518615458,-0.0540712940107245,-0.0028831930430521,-0.2107120028076281,0.0129569376647392
0.8753897665931741,-0.0075597099588171,-0.0540081573425255,-0.0033039145137023,-0.2104705058377235,0.0148309279588512
0.8753737792761893,-0.0085164525227461,-0.0539364377789528,-0.0037256966348427,-0.2101963018188638,0.0167029156196614
0.8753558505261783,-0.009472951781301,-0.0538561176105829,-0.0041486724633123,-0.2098893695448636,0.0185726476272238
0.875335967698689,-0.0104291787860759,-0.0537671770224929,-0.0045729741580112,-0.2095496853104743,0.0204398692093687
0.875314116748241,-0.0113851046400677,-0.053669593974189,-0.0049987334792782,-0.2091772224569121,0.0223043263048326
0.8752902822355865,-0.0123406994393686,-0.0535633442723915,-0.0054260812763617,-0.208771951654801,0.0241657635589822
0.8752644473365012,-0.0132959315581467,-0.0534484016537602,-0.0058551471181098,-0.2083338412241668,0.0260239230023615
0.8752365937672074,-0.0142507699274199,-0.0533247375006588,-0.0062860602680481,-0.2078628560559842,0.0278785485534066
0.8752067018612358,-0.0152051806729817,-0.0531923212345865,-0.0067189481243056,-0.2073589591167799,0.0297293795503238
0.8751747505110138,-0.016159128861492,-0.0530511201110021,-0.0071539369481446,-0.2068221106706775,0.031576154227634
0.8751407171530229,-0.0171125783922507,-0.0529010992125323,-0.0075911517632927,-0.2062522682583992,0.0334186095805831
0.8751045777612648,-0.0180654916565858,-0.0527422214825779,-0.0080307161459275,-0.2056493868293973,0.03525648078434
0.8750663068161919,-0.0190178298485679,-0.0525744476547468,-0.008472752311865,-0.20501341847814,0.0370895018738808
0.8750258773786783,-0.019969550719503,-0.0523977366457061,-0.0089173800106895,-0.2043443139353536,0.0389174015127878
0.8749832609487144,-0.020920611647883,-0.0522120450078673,-0.0093647178852684,-0.203642020494542,0.0407399089955767
0.8749384275191153,-0.0218709677423041,-0.0520173272414738,-0.0098148825280526,-0.2029064831964471,0.0425567506866307
0.8748913456107944,-0.0228205707889475,-0.0518135360247091,-0.0102679879040919,-0.2021376456949714,0.0443676481193335
0.874841982117272,-0.023769372032516,-0.0516006216209465,-0.0107241465994629,-0.2013354480165229,0.046172323410776
0.8747903024520594,-0.0247173187476853,-0.05137853260128,-0.0111834681095706,-0.2004998292812248,0.0479704928312585
0.8747362704659586,-0.0256643555965185,-0.0511472155713817,-0.01164605939567,-0.1996307266616488,0.0497618695217592
0.8746798484580536,-0.026610424079151,-0.0509066153061576,-0.0121120245276572,-0.198728075876724,0.0515461625806904
0.8746209970522555,-0.0275554641993805,-0.0506566743143688,-0.0125814654166944,-0.1977918095450705,0.0533230803295063
0.8745596753999679,-0.0284994107736879,-0.0503973337934223,-0.0130544798940743,-0.1968218607463997,0.0550923234970047
0.874495841016461,-0.0294421958787707,-0.0501285330237001,-0.0135311628085175,-0.1958181607239758,0.0568535899877404
0.8744294498312158,-0.0303837477389881,-0.04985020967581,-0.0140116053621252,-0.1947806400059514,0.058606572946924
0.8743604560943106,-0.0313239917590852,-0.049562299512783,-0.0144958955240398,-0.1937092272621504,0.0603509628426074
0.8742888126424422,-0.0322628466741306,-0.0492647375930451,-0.0149841159217319,-0.1926038537389288,0.0620864404992246
0.8742144706091866,-0.0332002284042204,-0.0489574571493139,-0.0154763456794101,-0.1914644490317324,0.063812684454594
0.8741373795440827,-0.0341360481932716,-0.0486403901784709,-0.0159726593252323,-0.1902909432249016,0.0655293676949319
0.8740574874801336,-0.035070211709553,-0.0483134678051934,-0.0164731261569249,-0.189083268167607,0.0672361562245522
0.8739747408369273,-0.0360026201440267,-0.0479766199678555,-0.0169778106620083,-0.1878413562324849,0.0689327113071292
0.8738890846291688,-0.0369331678108151,-0.0476297763481798,-0.0174867710490514,-0.1865651436540115,0.0706186853365623
0.8738004622768788,-0.0378617443371728,-0.0472728656714401,-0.0180000602438558,-0.1852545678420594,0.0722937260848206
0.8737088158910234,-0.0387882316844218,-0.0469058169277869,-0.0185177240557543,-0.1839095717527395,0.0739574715881241
0.8736140860548817,-0.0397125066073191,-0.0465285585496517,-0.0190398023219977,-0.1825301007300976,0.0756095548816443
0.873516212082334,-0.0406344382144695,-0.046141019498383,-0.0195663273260601,-0.1811161063374265,0.0772495999216199
0.8734151320828065,-0.0415538877489147,-0.045743129552881,-0.0200973234103655,-0.1796675472271793,0.0788772215569647
0.8733107828645359,-0.0424707098345472,-0.045334818954112,-0.0206328074363763,-0.1781843876510677,0.0804920280944263
0.8732031001338377,-0.0433847510292558,-0.0449160192067576,-0.0211727876902292,-0.1766666001680301,0.0820936190946273
0.8730920187771006,-0.0442958480159451,-0.0444866641668392,-0.0217172625091348,-0.1751141693364628,0.0836815826221388
0.8729774726525671,-0.0452038300120308,-0.0440466892066115,-0.0222662213924051,-0.173527088414183,0.0852554998970906
0.8728593949880461,-0.0461085161952796,-0.0435960327099599,-0.0228196431424686,-0.1719053644681697,0.0868149412491653
0.8727377184071577,-0.047009716379614,-0.0431346361003864,-0.0233774959143242,-0.1702490181359447,0.0883594677814412
0.8726123749644842,-0.047907231565324,-0.0426624438932704,-0.0239397372094035,-0.1685580834624593,0.089888632788447
0.8724832966884476,-0.0488008509890668,-0.0421794056316631,-0.024506311657149,-0.1668326144448899,0.0914019772367059
0.8723504155018423,-0.0496903539167377,-0.0416854754300042,-0.0250771517175637,-0.1650726829516946,0.0928990333934435
0.8722136633031944,-0.0505755101686042,-0.0411806121165495,-0.0256521776312461,-0.1632783787820992,0.0943793262381636
0.8720729725970067,-0.0514560772518783,-0.0406647813646794,-0.0262312951448658,-0.161449816751109,0.0958423692278309
0.8719282766006076,-0.0523318012635692,-0.0401379558250059,-0.0268143956168774,-0.1595871365901248,0.0972876664598379
0.8717795091175545,-0.0532024190980296,-0.0396001143963777,-0.0274013570437638,-0.1576904998001961,0.0987147169170376
0.8716266053823067,-0.0540676549466587,-0.0390512449877586,-0.0279920412704455,-0.1557600988017354,0.1001230093120168
0.8714695019319194,-0.0549272228347949,-0.0384913436928622,-0.0285862952143565,-0.1537961533588427,0.1015120269022226
0.8713081370191503,-0.0557808260123005,-0.0379204158921901,-0.0291839499961586,-0.1517989137803906,0.1028812471088031
0.8711424508533354,-0.056628157475269,-0.0373384766886642,-0.0297848208383156,-0.1497686617358665,0.1042301429808188
0.8709723860310992,-0.057468899625813,-0.0367455519668296,-0.0303887063609476,-0.1477057132138828,0.1055581832741619
0.8707978874982688,-0.0583027263711291,-0.0361416777719017,-0.0309953896365822,-0.1456104156015117,0.1068648363725339
0.8706189029991348,-0.0591293027753561,-0.0355269013668464,-0.0316046375395254,-0.1434831506029171,0.1081495702702587
0.8704353833660975,-0.059948285646274,-0.0349012816838839,-0.0322162007710472,-0.1413243350187612,0.1094118540239269
0.8702472825162667,-0.0607593254294431,-0.0342648887513176,-0.032829814906042,-0.1391344179891762,0.110651161156257
0.8700545580086768,-0.0615620656095743,-0.0336178050055646,-0.0334451996213091,-0.1369138847431566,0.1118669691577936
0.8698571707774961,-0.0623561456606698,-0.0329601237936812,-0.0340620606550835,-0.1346632506879478,0.1130587643468213
0.8696550854233209,-0.0631412014520404,-0.0322919497680905,-0.0346800899250958,-0.132383062050951,0.1142260427275663
0.869448270469146,-0.0639168658524601,-0.0316133991358019,-0.035298965826389,-0.1300738960256836,0.1153683111089475
0.8692366980900157,-0.0646827712382569,-0.0309245981779846,-0.0359183551116102,-0.1277363550654213,0.1164850909399573
0.8690203443774814,-0.0654385497988384,-0.0302256835490133,-0.0365379131125367,-0.125371067299882,0.1175759187673111
0.8687991891703242,-0.0661838353344459,-0.0295168011692582,-0.0371572852271615,-0.1229786822226809,0.1186403487883286
0.8685732161360687,-0.0669182639961513,-0.028798105957377,-0.0377761076285336,-0.1205598692907965,0.119677953756453
0.8683424124746802,-0.0676414761276635,-0.02806976038302,-0.0383940089709421,-0.1181153126146035,0.1206883273496212
0.8681067689941584,-0.0683531166958413,-0.0273319342439009,-0.0390106109951931,-0.1156457098502302,0.1216710844255081
0.8678662797727975,-0.0690528368646396,-0.0265848031732509,-0.0396255301781635,-0.113151766901518,0.1226258627832049
0.8676209422673455,-0.0697402940470277,-0.0258285485862075,-0.040238378135454,-0.1106341975163017,0.1235523227262542
0.8673707568535447,-0.0704151534669811,-0.0250633559013942,-0.0408487634072641,-0.1080937171952766,0.124450148610704
0.8671157267906838,-0.0710770883077619,-0.0242894141298061,-0.0414562920650703,-0.1055310417447471,0.1253190483795969
0.8668558580811171,-0.0717257800633946,-0.0235069151721946,-0.0420605685292082,-0.1029468849152374,0.126158753331527
0.8665911592616903,-0.0723609189422836,-0.0227160529514426,-0.0426611964741119,-0.1003419555582438,0.1269690179047575
0.866321641130521,-0.0729822042816349,-0.0219170223999378,-0.0432577797893459,-0.0977169543743916,0.1277496194148756
0.8660473168086229,-0.0735893440785742,-0.0211100194813606,-0.0438499227229876,-0.0950725741184706,0.1285003566425898
0.865768201501216,-0.0741820551813184,-0.0202952403451172,-0.0444372306568783,-0.0924094969900454,0.1292210492539637
0.8654843123748129,-0.0747600631277136,-0.0194728808605859,-0.0450193105583328,-0.0897283933191189,0.1299115367583476
0.8651956683762021,-0.0753231020428735,-0.0186431360134907,-0.0455957714966386,-0.0870299198407164,0.1305716775307987
0.8649022903540109,-0.0758709139091323,-0.0178062001969333,-0.0461662245123707,-0.0843147209093045,0.1312013471055013
0.8646042007961782,-0.0764032485847661,-0.0169622664131884,-0.0467302832329373,-0.0815834261886141,0.1318004373749721
0.8643014240725446,-0.0769198628722181,-0.016111526932412,-0.0472875634807516,-0.0788366530857206,0.1323688547209294
0.8639939861675688,-0.0774205205311965,-0.0152541725121378,-0.0478376838472407,-0.0760750045315743,0.1329065192560771
0.8636819148873117,-0.0779049914675082,-0.0143903929659899,-0.0483802653636254,-0.0732990711338355,0.1334133631785238
0.8633652396797591,-0.0783730515915754,-0.013520376655218,-0.0489149318692723,-0.0705094298592176,0.1338893298966897
0.863043991694853,-0.0788244822859958,-0.0126443106600548,-0.0494413099304932,-0.0677066449142813,0.1343343727616023
0.8627182041092593,-0.0792590695729811,-0.0117623816635042,-0.0499590283548144,-0.0648912708932313,0.1347484535758238
0.8623879119371105,-0.0796766040645808,-0.0108747754258916,-0.0504677185710803,-0.0620638514072532,0.1351315419363986
0.8620531521883489,-0.0800768804404297,-0.0099816772115073,-0.0509670144342235,-0.059224920760935,0.1354836141447992
0.8617139639514751,-0.0804596970832533,-0.0090832720025663,-0.0514565521739459,-0.0563750049390774,0.1358046523255318
0.8613703886332392,-0.0808248555931848,-0.008179745120249,-0.0519359701420502,-0.0535146238740171,0.1360946435043828
0.8610224697001295,-0.0811721608818573,-0.0072712815279301,-0.0524049092776281,-0.0506442895313156,0.1363535792042905
0.8606702532943863,-0.0815014203807415,-0.0063580674278717,-0.0528630123714056,-0.047764511247876,0.1365814543878537
0.8603137877677721,-0.0818124443950559,-0.0054402890190434,-0.0533099248250825,-0.0448757920863988,0.1367782673219681
0.859953124352295,-0.0821050453960744,-0.0045181342078419,-0.0537452939226887,-0.0419786345039768,0.1369440187225422
0.8595883170203563,-0.0823790381424045,-0.0035917922016203,-0.0541687692005785,-0.0390735393292021,0.1370787115445905
0.859219422561621,-0.0826342396025614,-0.0026614536678889,-0.0545800025304071,-0.0361610065247045,0.1371823506489991
0.8588465007852696,-0.0828704688253985,-0.0017273112044089,-0.0549786480812348,-0.0332415369169901,0.1372549424964561
0.8584696147189321,-0.0830875468781362,-0.0007895597865237,-0.0553643623295594,-0.0303156338423819,0.1372964949484953
0.8580888304495154,-0.0832852970221974,0.0001516036811066,-0.0557368044548301,-0.0273838019941323,0.1373070171626267
0.8577042177209773,-0.0834635444994642,0.0010959789382309,-0.056095635992074,-0.0244465521109847,0.1372865194791099
0.8573158374376368,-0.083622121500243,0.0020433928331023,-0.056440531971246,-0.0215043066634876,0.1372350113441898
0.8569237601896622,-0.0837608579231926,0.002993653662185,-0.0567711632275076,-0.0185575422549374,0.1371525011625197
0.8565280661330205,-0.0838795832889866,0.0039465520162429,-0.0570871981569211,-0.0156067868606142,0.1370389987673776
0.8561288392711369,-0.0839781297807748,0.0049018749395768,-0.0573883085136048,-0.0126525759852009,0.136894515462393
0.8557261672538128,-0.0840563325022547,0.0058594064713413,-0.0576741698726997,-0.0096954512260434,0.1367190640377746
0.8553201419695557,-0.0841140295757682,0.0068189262927814,-0.0579444615219204,-0.006735964690518,0.1365126591290437
0.8549108592420589,-0.0841510624788784,0.0077802105170452,-0.0581988670406758,-0.0037746767885,0.1362753172804037
0.85449841880808,-0.0841672762793161,0.0087430317902531,-0.0584370746367501,-0.0008121561639784,0.1360070570700103
0.8540829245360956,-0.0841625198708311,0.0097071588270089,-0.0586587773494685,0.0021510186319067,0.1357078994117834
0.8536644004438819,-0.0841366389592194,0.0106725496075836,-0.0588637126910356,0.0051148517194896,0.1353777986751483
0.8532426652167221,-0.0840894382159183,0.0116396326847631,-0.0590516977492259,0.0080807889325171,0.1350165028063716
0.852817827483905,-0.0840207221245649,0.012608167710407,-0.0592223953688505,0.0110482213011084,0.1346239581436305
0.85239000058871,-0.083930299257787,0.0135779093607614,-0.0593754730328241,0.0140165264839103,0.1342001141653243
0.8519593038029759,-0.0838179829397501,0.0145486046777852,-0.0595106029184364,0.0169850604011488,0.1337449250453119
0.8515258619068926,-0.0836835917204402,0.0155199941474045,-0.0596274626776998,0.0199531603181562,0.1332583498025108
0.8510898052460919,-0.0835269499095619,0.0164918116740778,-0.0597257360098089,0.0229201445359988,0.1327403528709021
0.8506512701445301,-0.0833478882853492,0.0174637837630275,-0.0598051131945642,0.0258853096600482,0.1321909051589963
0.8502103984273298,-0.0831462445030504,0.0184356306787739,-0.0598652918423621,0.0288479338960353,0.1316099840826286
0.8497673375793903,-0.0829218637107588,0.0194070661689459,-0.0599059774796767,0.031807275956102,0.1309975743312144
0.849322240658822,-0.0826745990833874,0.0203777977232279,-0.0599268841924193,0.0347625755928808,0.1303536683583372
0.8488752661570537,-0.0824043123146046,0.0213475269324968,-0.0599277352568391,0.0377130544318669,0.1296782667873234
0.8484265780420026,-0.082110874212111,0.0223159494357542,-0.0599082637589927,0.0406579155445294,0.1289713790933993
0.8479763455326609,-0.081794165134017,0.0232827554370688,-0.0598682132129761,0.0435963447526088,0.1282330238952699
0.8475247427517147,-0.0814540752907628,0.0242476304600158,-0.0598073381178795,0.0465275126486513,0.1274632289948969
0.8470719486369809,-0.0810905051879761,0.0252102555243002,-0.059725404493422,0.0494505748573914,0.1266620318010011
0.846618147247537,-0.0807033664225627,0.0261703064781083,-0.0596221905136922,0.052364669736454,0.125829480511894
0.8461635267216204,-0.0802925813560774,0.0271274561753898,-0.059497486852441,0.0552689247155911,0.1249656328748559
0.8457082795851887,-0.0798580838349966,0.0280813737616362,-0.0593510972300884,0.0581624538574869,0.1240705573017174
0.8452526026790194,-0.079399819653352,0.029031724768446,-0.0591828389287306,0.0610443578815002,0.1231443333883053
0.8447966958976972,-0.0789177457517741,0.029978173661082,-0.0589925427961165,0.0639137316294736,0.1221870499457843
0.8443407632425148,-0.0784118316980706,0.030920381541029,-0.0587800540529895,0.0667696568455461,0.1211988076926747
0.8438850118140578,-0.0778820590976349,0.031858008135887,-0.0585452323325704,0.0696112079661584,0.1201797177779452
0.84342965153323,-0.0773284216417876,0.0327907122437,-0.0582879518920117,0.0724374532309406,0.1191299016784983
0.8429748950499212,-0.0767509253609831,0.0337181517809267,-0.0580081018993372,0.0752474546037556,0.1180494915154364
0.8425209576819411,-0.0761495889423957,0.0346399837653051,-0.0577055867544437,0.0780402675090643,0.1169386304922162
0.8420680564217103,-0.0755244427708751,0.0355558661781057,-0.057380325741433,0.0808149462747478,0.1157974710131683
0.8416164106601186,-0.0748755302077177,0.0364654563273837,-0.0570322537825625,0.0835705389879378,0.1146261769715844
0.84116624131191,-0.0742029067378128,0.037368412449814,-0.0566613211057075,0.0863060921771203,0.1134249221226711
0.8407177707110096,-0.0735066400923863,0.0382643937377934,-0.0562674933758904,0.0890206507385104,0.1121938902971887
0.8402712225354083,-0.0727868104407678,0.0391530603069488,-0.0558507518668083,0.0917132576975637,0.110933275740245
0.8398268216026862,-0.0720435103951376,0.0400340734202764,-0.0554110935243691,0.0943829547637709,0.1096432831264451
0.8393847931170673,-0.0712768440346705,0.0409070967885658,-0.0549485304222269,0.0970287861636655,0.1083241259124143
0.8389453636737502,-0.0704869289224812,0.0417717943911457,-0.0544630909988814,0.0996497919452653,0.106976029872871
0.8385087597916908,-0.0696738938881301,0.0426278331822288,-0.053954818750513,0.1022450161048975,0.1055992293410724
0.838075208493613,-0.0688378803211023,0.043474881747517,-0.0534237730235234,0.1048135024577476,0.104193969516991
0.8376449374382289,-0.0679790428492066,0.0443126098611418,-0.0528700294813975,0.1073542932507884,0.1027605076636792
0.8372181741012139,-0.067097548149971,0.0451406898954803,-0.0522936793705262,0.1098664334109626,0.1012991111871732
0.8367951457088797,-0.0661935751298056,0.0459587967508702,-0.0516948296259849,0.1123489703233217,0.0998100580538508
0.8363760797807933,-0.0652673165143672,0.0467666066170516,-0.0510736039346545,0.114800950078076,0.0982936395069187
0.8359612032267579,-0.06431897740577,0.0475637985337565,-0.0504301417975084,0.1172214222264876,0.0967501577782847
0.8355507426799983,-0.0633487764883613,0.0483500535594242,-0.0497645993426523,0.1196094372944414,0.0951799281698399
0.8351449242406448,-0.0623569460169667,0.0491250550821104,-0.0490771493366535,0.1219640477768679,0.0935832791248406
0.8347439734434933,-0.0613437323604664,0.0498884887005413,-0.0483679815763871,0.1242843078417242,0.0919605531999686
0.8343481148836663,-0.0603093957319503,0.0506400427581065,-0.0476373027158175,0.1265692750328057,0.090312106730485
0.8339575722687664,-0.0592542110138973,0.0513794080638574,-0.046885336856384,0.1288180095167475,0.0886383112531912
0.8335725681479135,-0.0581784678206631,0.0521062782300154,-0.0461123256076445,0.1310295752178118,0.0869395537032402
0.8331933237687749,-0.0570824709261855,0.052820349765928,-0.0453185284047175,0.1332030402266846,0.0852162371943585
0.8328200584680144,-0.0559665393406206,0.0535213230484605,-0.0445042218397332,0.1353374798919782,0.083468779682973
0.8324529901305853,-0.0548310085339053,0.0542089012810172,-0.043669701274769,0.1374319738030127,0.0816976175767305
0.8320923344160855,-0.053676229105133,0.0548827917725546,-0.0428152798743159,0.1394856098483867,0.0799032037604414
0.8317383046831408,-0.0525025674884357,0.0555427059015241,-0.0419412891078567,0.1414974842854966,0.0780860088278862
0.8313911113655917,-0.0513104048832807,0.0561883601025025,-0.0410480779281472,0.1434667049406232,0.0762465195642167
0.8310509623495754,-0.0501001395586394,0.0568194749884112,-0.0401360144611579,0.1453923887370301,0.0743852426499178
0.830718061894952,-0.0488721841993608,0.057435777180849,-0.03920548397839,0.1472736674944106,0.0725027007147866
0.8303926106750251,-0.0476269669866202,0.0580369990574233,-0.0382568896454958,0.1491096873890498,0.0705994341740397
0.8300748052074551,-0.0463649304723976,0.0586228796288763,-0.0372906515963303,0.1508996118726698,0.0686759996807918
0.8297648377663689,-0.0450865322130451,0.059193164526577,-0.0363072073305958,0.1526426218857824,0.0667329712806179
0.8294628955002998,-0.0437922420971623,0.0597476074530068,-0.0353070095585145,0.154337920551648,0.0647709365470464
0.8291691606566463,-0.0424825440651385,0.0602859695959056,-0.0342905274012465,0.1559847316563747,0.0627904994109907
0.8288838098955605,-0.0411579339847132,0.0608080207201927,-0.0332582446203084,0.1575823032641897,0.0607922771562121
0.8286070140741797,-0.0398189193293862,0.0613135393969222,-0.0322106592163701,0.1591299087015904,0.058776900166948
0.8283389375820135,-0.0384660165051914,0.0618023140550809,-0.0311482811709865,0.1606268500656331,0.056745008147161
0.828079738514256,-0.0370997520210912,0.0622741425068612,-0.0300716331774703,0.1620724570624765,0.0546972521363006
0.8278295680438993,-0.0357206595464129,0.0627288329407319,-0.0289812481357409,0.1634660903414672,0.0526342903459
0.8275885703875903,-0.0343292796950615,0.0631662038369626,-0.0278776687701414,0.1648071415296079,0.0505567881025149
0.8273568824862708,-0.0329261580709464,0.0635860844090276,-0.0267614458637919,0.166095034875366,0.0484654151897961
0.8271346341682885,-0.0315118459522556,0.0639883141773583,-0.0256331385795186,0.1673292262280165,0.0463608471283291
0.8269219475717001,-0.0300868962152316,0.0643727438931999,-0.0244933109831881,0.1685092061531529,0.044243759361908
0.8267189372777689,-0.0286518631555486,0.0647392351809343,-0.0233425316530769,0.1696344991113894,0.0421148272597832
0.8265257105108804,-0.027207302902974,0.0650876600720643,-0.0221813737752406,0.1707046622937596,0.0399747269786111
0.8263423668730189,-0.0257537703304039,0.0654179013885627,-0.021010412425716,0.17171928705521,0.0378241311167729
0.8261689986278362,-0.0242918196734507,0.065729852143422,-0.0198302248289602,0.1726779973192817,0.0356637098640297
0.8260056905356625,-0.022822001393535,0.0660234157595859,-0.0186413875925836,0.1735804504847845,0.0334941265821082
0.8258525203617478,-0.0213448645423762,0.0662985050866338,-0.0174444783869448,0.1744263346245599,0.031316041503118
0.8257095587793286,-0.0198609539070253,0.0665550425153596,-0.016240073417177,0.1752153690445038,0.0291301077010121
0.8255768695277125,-0.018370808846843,0.0667929596413042,-0.0150287462600031,0.1759473034426904,0.0269369695575173
0.8254545098611037,-0.0168749653978818,0.0670121964154962,-0.013811069366858,0.1766219154757969,0.0247372660195021
0.8253425305611468,-0.015373953715391,0.0672127010855185,-0.0125876117907048,0.1772390107414755,0.0225316269751418
0.82524097617751,-0.0138682975588033,0.0673944297341268,-0.0113589385759023,0.1777984215080625,0.0203206726278671
0.8251498854388053,-0.0123585166079651,0.067557345519892,-0.0101256124717491,0.1783000045115546,0.0181050170089398
0.8250692913838518,-0.0108451253589533,0.0677014184244055,-0.0088881928702202,0.1787436402966384,0.0158852664468915
0.8249992214953121,-0.0093286311989905,0.0678266249997878,-0.0076472340758895,0.1791292325444677,0.013662016825608
0.8249396981088253,-0.0078095381798652,0.0679329476283549,-0.0064032882469072,0.1794567058836526,0.0114358591851236
0.8248907384417098,-0.0062883433440997,0.0680203744661378,-0.0051569022536558,0.1797260057929678,0.0092073743892749
0.8248523549552652,-0.0047655416316349,0.0680888987936902,-0.0039086215707901,0.1799370966648591,0.0069771403581019
0.8248245553645204,-0.0032416212330349,0.0681385189993616,-0.0026589863517235,0.1800899618035777,0.004745725292514
0.8248073429128605,-0.0017170686839518,0.06816923809191,-0.0014085354927346,0.1801846019604571,0.0025136951596393
0.824800716422285,-0.0001923658745617,0.0681810636156259,-0.0001578040757891,0.1802210350963544,0.0002816093297673
0.82480063220326,-2.7897140706441975e-12,0.068181213908706,2.2882124797382608e-11,0.1802214981354904,-5.230921273392808e-12
