3.1562796644360094
0.823743878803113,-1.8768135501666582e-28,0.0469970353946478,9.320053983878468e-16,0.156466164126483,-2.992764176708531e-15
0.8237448793398028,0.0006128782950826,0.0469955477549078,0.0005108577820419,0.1564604106350276,-0.0007595675989224
0.8237537497491086,0.0019248951888002,0.0469823583610447,0.0016043953336654,0.156409401021131,-0.0023856532998806
0.8237717939176875,0.0032365796108978,0.0469555257552372,0.0026974096724118,0.1563056308997643,-0.0040114642416867
0.8237990112349476,0.0045475546799723,0.0469150451811955,0.0037894188800151,0.1561490905339661,-0.0056366270857278
0.8238353944085635,0.0058573145334996,0.0468609189339138,0.0048798337656234,0.1559398018401485,-0.0072606087351901
0.8238809296926572,0.0071653484640755,0.0467931560240976,0.0059680616098012,0.1556778170539807,-0.0088828701220367
0.823935596866954,0.0084711445777474,0.0467117722183507,0.0070535094870277,0.1553632188309383,-0.0105028706780066
0.823999369095388,0.0097741883909804,0.0466167902645371,0.0081355833784454,0.1549961210439324,-0.0121200665256909
0.824072212812012,0.0110739630541317,0.046508240082734,0.0092136886456565,0.1545766694286585,-0.0137339106797767
0.8241540876728215,0.0123699505809164,0.046386158864387,0.0102872313431424,0.1541050418550104,-0.0153438544917252
0.8242449463721206,0.0136616306829956,0.0462505913800846,0.0113556175494835,0.1535814493853182,-0.0169493461140384
0.8243447346630901,0.0149484828830978,0.0461015899898936,0.0124182554193696,0.1530061361642857,-0.01854983302998
0.8244533912014367,0.0162299857302486,0.0459392149247483,0.0134745548383554,0.1523793803370971,-0.020144760976448
0.8245708475549841,0.0175056182354015,0.0457635343276258,0.0145239289156987,0.1517014940212577,-0.0217335756201503
0.8246970282202368,0.0187748608906452,0.0455746242914005,0.0155657951277057,0.1509728232482756,-0.0233157237128461
0.8248318505315517,0.0200371954263339,0.0453725690649225,0.0165995754223279,0.1501937485371876,-0.0248906526682138
0.8249752247422336,0.0212921062294043,0.0451574610094358,0.0176246976864701,0.1493646844885,-0.0264578122027166
0.8251270541064885,0.0225390813706935,0.0449294005606612,0.0186405968816963,0.1484860793854539,-0.0280166554875489
0.8252872349141152,0.0237776130281705,0.0446884962689674,0.0196467156787412,0.1475584150823921,-0.0295666395426211
0.8254556567386817,0.0250071993831453,0.0444348645253957,0.0206425062788687,0.1465822056709686,-0.0311072274712343
0.8256322025216153,0.026227344910695,0.044168629540273,0.0216274309126992,0.1455579971091584,-0.0326378886871565
0.8258167488292372,0.0274375617667023,0.0438899230672891,0.0226009632136113,0.1444863658616484,-0.0341581005148892
0.8260091659656502,0.0286373699723736,0.0435988843502139,0.0235625886032621,0.1433679183897704,-0.0356673482826773
0.8262093183838335,0.0298262993423822,0.0432956596237073,0.0245118060597425,0.1422032889221186,-0.0371651276087781
0.8264170648405077,0.031003889536408,0.0429804020048834,0.0254481283553925,0.1409931387247567,-0.038650944334025
0.8266322589712964,0.0321696923719478,0.0426532707504325,0.0263710840731777,0.1397381529347476,-0.0401243173105727
0.8268547494568297,0.0333232715205583,0.0423144311351178,0.027280217508785,0.1384390397821006,-0.041584777901283
0.8270843801220633,0.0344642019801307,0.041964054436213,0.0281750883932797,0.1370965302173264,-0.0430318691892117
0.8273209908790295,0.0355920736403514,0.0416023166322321,0.0290552748045311,0.1357113726168223,-0.0444651503840908
0.8275644176175497,0.0367064893196695,0.0412293987040115,0.0299203717006531,0.1342843336378706,-0.0458841942352152
0.8278144929039921,0.0378070667370767,0.0408454857017381,0.0307699925166581,0.1328161943536043,-0.0472885894424954
0.8280710459283839,0.0388934369292662,0.0404507669614795,0.0316037679751278,0.1313077507968545,-0.0486779385514107
0.8283339034604114,0.0399652470446373,0.0400454347704605,0.0324213482530261,0.1297598085828058,-0.0500518614415182
0.8286028896587811,0.0410221581114973,0.0396296847912469,0.0332224012556458,0.12817318426822,-0.0514099924047701
0.8288778267046565,0.0420638463191608,0.0392037152159878,0.0340066135740527,0.1265487018688391,-0.0527519817198171
0.8291585350441987,0.0430900026165109,0.0387677265184075,0.0347736901328677,0.1248871916745937,-0.0540774950821533
0.8294448338890442,0.0441003332607042,0.0383219208015716,0.0355233545344471,0.1231894875378319,-0.0553862142670506
0.8297365410233724,0.0450945579034762,0.0378665022208037,0.0362553475592785,0.1214564282705756,-0.0566778346107539
0.8300334735467328,0.0460724110541332,0.0374016759475958,0.0369694281703839,0.1196888534975542,-0.0579520668641285
0.8303354477585954,0.0470336405423925,0.0369276484666251,0.0376653722837768,0.1178876045994975,-0.0592086351632527
0.8306422798864302,0.0479780087949277,0.0364446265484461,0.0383429735874931,0.1160535206343462,-0.0604472786692533
0.8309537855342506,0.0489052900847516,0.0359528182277971,0.0390020414422733,0.1141874418926371,-0.0616677479443568
0.8312697805959597,0.0498152724146042,0.0354524314762866,0.0396424021212834,0.1122902047079773,-0.0628698073959806
0.8315900809491177,0.0507077556699387,0.0349436747912233,0.0402638973682102,0.1103626435570128,-0.0640532328311609
0.8319145029267819,0.0515825521413224,0.0344267565533364,0.0408663846412221,0.108405588500601,-0.0652178121286514
0.8322428630677143,0.0524394850609665,0.0339018855273501,0.0414497359715387,0.1064198669680877,-0.0663633432799838
0.8325749784142537,0.0532783887371145,0.0333692704921549,0.0420138379437745,0.1044063022543033,-0.0674896345438263
0.8329106668050085,0.0540991086213313,0.0328291198716708,0.0425585916104957,0.102365712035606,-0.0685965045256772
0.8332497467723997,0.0549015004076906,0.0322816419966806,0.0430839117570934,0.1002989092833414,-0.0696837809583724
0.833592037491537,0.05568542938017,0.0317270452880903,0.0435897263588957,0.0982067028870008,-0.0707512997996757
0.8339373592603192,0.0564507710127751,0.0311655375782461,0.0440759768520289,0.0960898950364506,-0.0717989060337035
0.8342855329682379,0.0571974092945285,0.0305973270703026,0.0445426169437216,0.0939492847937888,-0.0728264513708629
0.8346363808843403,0.0579252380342796,0.0300226211532998,0.044989613328581,0.0917856635905096,-0.0738337960197007
0.8349897261725215,0.0586341593832415,0.0294416272864535,0.0454169446450234,0.0895998185349615,-0.0748208066470764
0.8353453932589245,0.0593240842349526,0.0288545524936779,0.0458246016173037,0.0873925304928563,-0.0757873569158527
0.8357032075794805,0.0599949313848868,0.0282616038748169,0.0462125864476233,0.0851645760039896,-0.0767333262998596
0.836062995996665,0.0606466280236812,0.0276629880126897,0.0465809130056487,0.0829167250563941,-0.0776586007630759
0.8364245866765811,0.061279109186724,0.0270589112683908,0.0469296063993232,0.0806497422108381,-0.0785630719810871
0.8367878091023931,0.0618923175164276,0.0264495798537766,0.0472587027447976,0.0783643868952957,-0.0794466369930065
0.837152494365931,0.0624862035007031,0.0258351994353633,0.0475682491916344,0.0760614119519567,-0.0803091985428063
0.8375184750886862,0.0630607250720915,0.0252159753555101,0.0478583035960487,0.0737415645104634,-0.081150664509177
0.8378855854223795,0.0636158473872514,0.0245921127227959,0.0481289343072437,0.0714055863777763,-0.0819709475863754
0.8382536613453763,0.064151543059824,0.0239638159976831,0.0483802201745157,0.069054212547641,-0.0827699656384978
0.8386225404624564,0.0646677916423904,0.0233312894193801,0.0486122501851621,0.0666881728693931,-0.0835476409498884
0.8389920624851765,0.0651645801011846,0.0226947362681101,0.0488251235659203,0.0643081893674901,-0.0843039009614288
0.839362068850938,0.0656419020734951,0.0220543595995679,0.0490189493278798,0.061914979077697,-0.0850386771836956
0.8397324032838681,0.0660997584158249,0.0214103613571204,0.0491938463741889,0.0595092508253003,-0.0857519060712946
0.8401029116527224,0.0665381567850041,0.0207629426882196,0.049349943178264,0.0570917065153406,-0.0864435284402291
0.8404734419263653,0.0669571113988958,0.0201123040965278,0.0494873775612025,0.0546630418142932,-0.087113489145354
0.840843844670884,0.0673566434054169,0.0194586446386715,0.0496062966625957,0.0522239432736773,-0.0877617377389815
0.8412139727219505,0.0677367802949137,0.0188021625613124,0.0497068565787429,0.0497750908385618,-0.0883882276178397
0.841583681635784,0.0680975561769415,0.0181430545640296,0.0497892222708334,0.0473171552342615,-0.0889929165665524
0.8419528295741245,0.0684390114314383,0.0174815160540481,0.0498535672734071,0.044850799061305,-0.0895757663002194
0.8423212774541151,0.0687611926412628,0.0168177409281245,0.0499000734801766,0.0423766761323346,-0.090136742472185
0.8426888891075186,0.0690641525066564,0.0161519213280845,0.0499289309025716,0.0398954307173662,-0.0906758146731456
0.843055531290712,0.0693479496189454,0.0154842476582983,0.0499403373963589,0.037407697770822,-0.0911929561978605
0.8434210736177025,0.0696126481952428,0.0148149087423603,0.0499344984020947,0.0349141036814474,-0.0916881437324115
0.8437853890291157,0.0698583181976468,0.0141440909926412,0.0499116266703943,0.0324152633491011,-0.0921613577695055
0.8441483537735015,0.0700850350352049,0.0134719784544145,0.0498719419318018,0.0299117805242916,-0.0926125822971381
0.8445098471646797,0.0702928791623903,0.0127987532665767,0.0498156706228397,0.0274042497017211,-0.0930418042550232
0.8448697517910692,0.0704819359886089,0.0121245952862009,0.0497430455868825,0.0248932549016902,-0.093449013590445
0.8452279537380973,0.0706522957423576,0.0114496816720971,0.0496543057213064,0.0223793683011777,-0.0938342032752641
0.8455843424874484,0.0708040531491677,0.0107741870645725,0.0495496956726506,0.0198631510868736,-0.0941973689433533
0.8459388110665869,0.0709373072356485,0.0100982832896313,0.0494294654747363,0.0173451525376016,-0.0945385088093589
0.8462912558909116,0.0710521610028836,0.009422139640447,0.0492938702757653,0.0148259112574745,-0.0948576232784832
0.8466415768714914,0.0711487212189585,0.0087459226516108,0.0491431699917156,0.012305954519729,-0.0951547148374244
0.8469896776330719,0.0712270982048043,0.008069795646708,0.048977628877702,0.00978579676454,-0.0954297879998429
0.8473354652428039,0.0712874054828319,0.0073939192246213,0.0487975153072678,0.0072659415938121,-0.0956828488369418
0.8476788502753363,0.0713297595415075,0.0067184510971955,0.0486031014275653,0.0047468813480642,-0.0959139048223835
0.8480197469731369,0.0713542795836266,0.0060435457280858,0.0483946627355132,0.0022290959391139,-0.0961229647111425
0.8483580729990918,0.0713610872246621,0.0053693547691375,0.0481724778854645,-0.0002869453451758,-0.0963100381460773
0.8486937495306565,0.0713503062441336,0.004696026823254,0.0479368283136234,-0.0028007845498675,-0.0964751355082951
0.8490268863833526,0.0713220416890028,0.0040233323150325,0.0476878553465696,-0.0053133763623722,-0.0966183414726156
0.8493575209814466,0.0712763730925827,0.0033511831497154,0.0474257306672914,-0.0078251490570242,-0.0967396686160256
0.8496855750288992,0.0712133831102087,0.0026797264906695,0.0471507103857644,-0.0103356527052038,-0.0968390679629928
0.8500109726797949,0.0711331567315311,0.0020091085149839,0.0468630546074078,-0.0128444408116253,-0.0969164907001676
0.8503336406155215,0.0710357811748208,0.0013394742617823,0.0465630272110724,-0.0153510706933136,-0.0969718881685893
0.8506535082459803,0.0709213457092653,0.0006709672114003,0.0462508954794389,-0.0178551048674861,-0.0970052118398987
0.8509705079247624,0.070789941402552,3.728814305e-06,0.0459269296558191,-0.0203561126333286,-0.0970164132133366
0.8512845744681845,0.0706416611396899,-0.0006621005221125,0.0455914031965025,-0.0228536661910431,-0.0970054436697277
0.8515956480345449,0.0704765979226699,-0.0013263876083384,0.0452445893270618,-0.0253473636394975,-0.0969722540467935
0.8519036718703779,0.0702948453167692,-0.0019890018413551,0.0448867628668659,-0.0278368114733962,-0.0969167940510507
0.8522085884296434,0.0700964997829975,-0.0026498068309049,0.0445182046800085,-0.0303215929244625,-0.0968390131004125
0.8525103430207803,0.0698816588444301,-0.003308668148381,0.0441391975868507,-0.032801296839382,-0.0967388601620908
0.8528088833272867,0.0696504212451717,-0.0039654523180061,0.043750026715229,-0.0352755137018679,-0.0966162837932601
0.8531041593688233,0.0694028868987695,-0.0046200267448192,0.0433509793744522,-0.0377438351683417,-0.0964712321676586
0.8533961237185158,0.0691391566070919,-0.0052722602166979,0.0429423445677945,-0.0402058557698534,-0.0963036529617979
0.8536847310656038,0.0688593323435252,-0.0059220219531988,0.0425244133970783,-0.0426611691321474,-0.0961134935865495
0.8539699383886004,0.0685635170506335,-0.0065691820030429,0.0420974786567456,-0.0451093692776074,-0.0959007011569231
0.8542517047378113,0.0682518148084848,-0.0072136107665158,0.0416618349816683,-0.047550048621013,-0.0956652227144571
0.8545299910751232,0.0679243310193028,-0.0078551786303726,0.0412177789569116,-0.0499827963796231,-0.0954070055109264
0.8548047606351016,0.0675811719888041,-0.0084937568044633,0.0407656083951644,-0.0524072015378882,-0.0951259968285122
0.8550759781867628,0.0672224458412765,-0.0091292156162781,0.0403056233878289,-0.0548228461662872,-0.0948221448801594
0.8553436105109427,0.0668482620168558,-0.0097614256076621,0.0398381254155687,-0.0572293093630327,-0.0944953986073187
0.8556076260206762,0.0664587318520791,-0.0103902566399,0.0393634178667634,-0.0596261636315281,-0.0941457083813457
0.85586799466738,0.0660539688830958,-0.0110155776465087,0.0388818061267652,-0.0620129737035469,-0.093773026529706
0.8561246879690139,0.0656340889971282,-0.0116372566737904,0.0383935974522385,-0.0643892964539176,-0.0933773077511527
0.8563776788110838,0.0651992109795904,-0.012255160370103,0.0378991012776954,-0.0667546787035372,-0.0929585099274181
0.8566269412271635,0.0647494572117391,-0.0128691534022327,0.0373986296180919,-0.0691086547241096,-0.0925165951415629
0.8568724506771731,0.0642849535380452,-0.0134790990878636,0.0368924964947405,-0.0714507483938493,-0.0920515299245694
0.8571141835332065,0.0638058306141942,-0.0140848580712925,0.0363810189620133,-0.0737804678430399,-0.0915632869962249
0.857352117198708,0.0633122242180376,-0.0146862885425196,0.0358645169029134,-0.0760973059997226,-0.0910518460511799
0.8575862301320536,0.0628042757425864,-0.0152832462286572,0.0353433129957764,-0.0784007402625203,-0.0905171947514525
0.8578165015633016,0.0622821334233335,-0.0158755835980343,0.0348177333766314,-0.0806902291266557,-0.0899593305409444
0.8580429114622657,0.061745953170313,-0.0164631496833066,0.0342881077981307,-0.0829652111765604,-0.0893782621257782
0.8582654406079083,0.0611958992197314,-0.0170457901687029,0.0337547695515558,-0.0852251050959964,-0.0887740108095301
0.8584840704778767,0.0606321452754797,-0.0176233470124906,0.0332180558099815,-0.0874693078744206,-0.0881466124132829
0.8586987832422938,0.0600548755015833,-0.0181956583364641,0.0326783077442472,-0.0896971940391428,-0.087496119102347
0.8589095617702125,0.0594642855566889,-0.0187625583528,0.0321358706090002,-0.0919081150307292,-0.0868226013200735
0.8591163897097639,0.0588605834848399,-0.0193238774977352,0.0315910936320178,-0.0941013993875584,-0.0861261496139994
0.8593192514818773,0.0582439909019642,-0.0198794423454511,0.0310443301127281,-0.096276352080103,-0.0854068768536915
0.8595181325874851,0.0576147432641298,-0.0204290763988553,0.0304959366525963,-0.0984322572911251,-0.084664919424974
0.859713019477795,0.0569730914586633,-0.0209725997118149,0.0299462735203717,-0.1005683766441464,-0.0839004400018975
0.8599038998904847,0.0563193019565957,-0.0215098298200848,0.0293957037118133,-0.1026839525845652,-0.0831136286680227
0.8600907630799215,0.0556536571675401,-0.0220405824344223,0.0288445922007292,-0.1047782108788857,-0.0823047042668184
0.8602736000735067,0.0549764555791647,-0.0225646722601152,0.0282933050232004,-0.1068503636639976,-0.0814739154831192
0.8604524038273527,0.0542880121334409,-0.0230819135819083,0.0277422085750046,-0.1088996116249947,-0.0806215422000924
0.8606271697026782,0.0535886572056637,-0.0235921218339659,0.0271916678250426,-0.1109251501381415,-0.0797478950991772
0.8607978956444133,0.0528787364350495,-0.0240951143866785,0.0266420452996239,-0.1129261723966569,-0.0788533162410512
0.8609645826622897,0.0521586090526892,-0.0245907122898876,0.0260936989796561,-0.1149018764192355,-0.0779381776898373
0.8611272349792451,0.0514286472261728,-0.0250787411173862,0.0255469811128858,-0.1168514685802579,-0.0770028813111599
0.8612858604843222,0.0506892337392317,-0.0255590327890877,0.0250022358888772,-0.1187741711305983,-0.0760478563440287
0.8614404709748078,0.0499407601289992,-0.02603142684893,0.024459797640361,-0.1206692276555188,-0.0750735574033104
0.861591082311821,0.04918362484926,-0.0264957715433202,0.0239199892199404,-0.1225359078257119,-0.0740804623821921
0.8617377147514131,0.0484182301316518,-0.0269519255020104,0.0233831196204412,-0.1243735146629207,-0.0730690684991673
0.8618803929261751,0.047644980148285,-0.0273997583996067,0.0228494827178881,-0.1261813878004688,-0.0720398898843249
0.8620191459103276,0.0468642784307057,-0.0278391519052525,0.0223193556484044,-0.1279589079713093,-0.0709934540477294
0.8621540072545675,0.046076525063961,-0.0282700005697406,0.0217929972138209,-0.1297055013144217,-0.0699302978886393
0.8622850149297207,0.0452821140324285,-0.0286922124443052,0.0212706465697007,-0.1314206426557601,-0.0688509637516321
0.8624122109659371,0.0444814321873638,-0.0291057087139649,0.020752523118765,-0.1331038548217577,-0.0677559975634127
0.8625356413764811,0.0436748563981521,-0.0295104242221615,0.0202388253134177,-0.1347547115866798,-0.0666459444093867
0.8626553559724464,0.0428627511217325,-0.0299063076319013,0.0197297298807242,-0.1363728391679009,-0.0655213445481623
0.8627714076460657,0.0420454695846371,-0.0302933197843518,0.0192253933867056,-0.1379579103437104,-0.0643827343606263
0.8628838524858655,0.0412233494227088,-0.0306714347513568,0.0187259503726964,-0.1395096495574037,-0.0632306395800612
0.8629927490621271,0.0403967140715566,-0.031040638084672,0.0182315151325698,-0.1410278265319682,-0.0620655764511524
0.8630981581406129,0.0395658714409636,-0.0314009264154204,0.0177421817994464,-0.1425122553618506,-0.0608880491136345
0.8632001423174203,0.0387311132905074,-0.031752306730423,0.0172580248839966,-0.1439627922418462,-0.0596985479431603
0.8632987655276374,0.0378927159085144,-0.0320947951434352,0.0167791005578874,-0.1453793310594226,-0.0584975497554214
0.8633940926881416,0.0370509400871004,-0.0324284160508004,0.0163054474817513,-0.146761800510866,-0.057285517044904
0.8634861894668447,0.0362060302193511,-0.0327532016690703,0.0158370871254959,-0.148110162751533,-0.0560628959689025
0.8635751217453062,0.0353582164561973,-0.0330691904330271,0.0153740257649543,-0.1494244072657493,-0.0548301187737805
0.8636609554726229,0.0345077137133983,-0.0333764267045171,0.014916254664682,-0.1507045501151348,-0.0535876017196257
0.8637437562501228,0.0336547235019113,-0.0336749594745427,0.0144637517701962,-0.1519506289526086,-0.052335747136795
0.8638235891405777,0.032799433983206,-0.0339648418091104,0.0140164823700805,-0.1531627010762822,-0.0510749429523252
0.8639005184849962,0.0319420201402528,-0.034246130284099,0.0135743997931144,-0.1543408413983847,-0.0498055624076909
0.8639746076301904,0.0310826452225299,-0.034518884053354,0.0131374467191867,-0.1554851388353033,-0.0485279656989879
0.8640459187133325,0.0302214620094466,-0.0347831640791153,0.0127055563179085,-0.1565956933273466,-0.0472425014155539
0.8641145126702519,0.0293586116434461,-0.0350390331600821,0.0122786521235362,-0.1576726161739116,-0.0459495043891504
0.8641804489413359,0.0284942263081897,-0.0352865548142202,0.0118566498040486,-0.1587160255256453,-0.044649299311728
0.8642437854462819,0.0276284289542306,-0.0355257931315271,0.0114394573961381,-0.1597260459192561,-0.0433421999919707
0.8643045785076835,0.0267613337518775,-0.0357568124223309,0.0110269758810229,-0.1607028069310108,-0.0420285097177596
0.8643628827731834,0.0258930467412812,-0.0359796768441739,0.0106190998219801,-0.1616464417162968,-0.0407085219451245
0.8644187511479856,0.025023666536388,-0.0361944500534875,0.0102157179908381,-0.1625570856315503,-0.0393825211005508
0.8644722346868635,0.0241532859249388,-0.0364011946875133,0.009816714367147,-0.163434874114278,-0.0380507847873547
0.8645233826795985,0.0232819905602276,-0.0365999725833013,0.0094219677656159,-0.164279943673678,-0.0367135815757963
0.864572242524844,0.0224098611201666,-0.036790844176205,0.0090313530404892,-0.1650924293868848,-0.0353711741093811
0.8646188598599168,0.0215369712003763,-0.0369738688886772,0.008644740336055,-0.1658724665929,-0.0340238156825227
0.864663278302018,0.0206633923592088,-0.0371491039962562,0.0082619975073831,-0.1666201860913196,-0.0326717578555482
0.8647055397380361,0.0197891891057054,-0.0373166056433142,0.0078829880548704,-0.1673357184910971,-0.0313152425738511
0.8647456841859814,0.018914421747457,-0.037476428181438,0.0075075725459252,-0.1680191914073447,-0.0299545064143024
0.8647837497305993,0.0180391484390794,-0.0376286237903896,0.0071356096150668,-0.1686707278456966,-0.0285897836567637
0.8648197726781072,0.0171634224057994,-0.0377732429755131,0.0067669548886265,-0.1692904483314045,-0.0272213018546115
0.8648537874731974,0.0162872943665654,-0.0379103341218478,0.0064014621305656,-0.1698784690003796,-0.0258492855025119
0.8648858267500836,0.0154108120476614,-0.0380399435855664,0.0060389831303747,-0.1704349019846851,-0.0244739551866269
0.8649159213681722,0.0145340198694165,-0.0381621157299702,0.0056793676693358,-0.170959855559931,-0.0230955270007035
0.8649441003832097,0.0136569604906404,-0.038276892703878,0.0053224642419058,-0.1714534331833689,-0.0217142148888697
0.8649703911012373,0.0127796740880089,-0.0383843145596758,0.0049681198332639,-0.1719157339883524,-0.0203302294406024
0.8649948191137452,0.0119021978771358,-0.0384844193017799,0.0046161798042969,-0.1723468529802658,-0.0189437770585659
0.8650174082348637,0.0110245692466055,-0.0385772425379867,0.0042664892155085,-0.1727468795203058,-0.0175550648441309
0.8650381806498787,0.0101468211587907,-0.0386628180024192,0.0039188910482566,-0.1731158995625417,-0.0161642932651041
0.8650571567831103,0.0092689882713128,-0.038741176931533,0.0035732286990285,-0.1734539929485854,-0.0147716657861399
0.865074355481644,0.008391099946377,-0.038812348745403,0.0032293432683334,-0.1737612363292189,-0.0133773777346424
0.8650897938587095,0.0075131885027615,-0.0388763603305477,0.0028870768602881,-0.1740377000535479,-0.0119816293407806
0.8651034874606979,0.0066352819092676,-0.0389332366653957,0.0025462697637425,-0.1742834508520604,-0.0105846140879754
0.8651154501899165,0.0057574086891519,-0.0389830004409251,0.0022067624184123,-0.1744985501825939,-0.0091865264558198
0.8651256943468515,0.0048795968353678,-0.0390256721812696,0.0018683950304026,-0.1746830547348459,-0.0077875601548533
0.865134230659437,0.004001872431528,-0.0390612703167069,0.0015310070843498,-0.1748370167304133,-0.006387905883643
0.8651410682648346,0.0031242625027325,-0.0390898110641732,0.0011944384824787,-0.1749604833909285,-0.0049877558301847
0.8651462147440238,0.0022467933080582,-0.0391113085332395,0.0008585289253802,-0.1750534973815941,-0.0035873009098069
0.8651496761303074,0.0013694898835458,-0.0391257747289331,0.0005231177783954,-0.1751160968093365,-0.0021867299929216
0.8651514569079285,0.000492377596735,-0.039133219518489,0.0001880447053173,-0.1751483150653285,-0.0007862323456876
0.8651515600238491,-0.0003845189264035,-0.0391336506584043,-0.0001468507046094,-0.1751501809289897,0.0006140041222654
0.8651499868920306,-0.0012611742160099,-0.0391270737954767,-0.0004817282937806,-0.1751217185600342,0.0020137903654311
0.8651467365543756,-0.0021377444994898,-0.0391134889490595,-0.0008168171158383,-0.1750629322648573,0.0034132276351619
0.8651418062618377,-0.0030142149875411,-0.0390928929421064,-0.0011522808086019,-0.174973817014296,0.0048121442011038
0.8651351917296398,-0.0038905619695987,-0.0390652804766177,-0.0014882794695962,-0.1748543630971272,0.0062103542197332
0.8651268871652947,-0.0047667577059063,-0.0390306442640521,-0.0018249714790737,-0.1747045566839215,0.007607665592231
0.8651168852143561,-0.0056427772286049,-0.038988974817529,-0.0021625160682735,-0.174524378928307,0.0090038908565702
0.8651051769869305,-0.0065185938173101,-0.0389402605864279,-0.002501071545858,-0.1743138065500198,0.0103988400093941
0.8650917520646537,-0.0073941787600997,-0.0388844880140866,-0.002840795157965,-0.1740728120851244,0.0117923201735588
0.8650765984316002,-0.0082695053007194,-0.0388216412847463,-0.0031818445767976,-0.1738013627939355,0.0131841419242679
0.8650597025161565,-0.0091445446767828,-0.0387517025372928,-0.0035243763267843,-0.1734994215869459,0.0145741130227483
0.8650410492015062,-0.0100192655692806,-0.0386746519522858,-0.0038685455138828,-0.1731669474019177,0.0159620375969053
0.8650206217235925,-0.0108936383497094,-0.0385904673795442,-0.0042145074473812,-0.1728038935988337,0.017347722930249
0.8649984017601674,-0.0117676300312389,-0.0384991247607332,-0.00456241560801,-0.1724102097859267,0.0187309714975222
0.8649743693279139,-0.0126412080360535,-0.0384005977649233,-0.0049124230863058,-0.1719858402502637,0.0201115869878505
0.8649485028709034,-0.0135143361004713,-0.0382948582161728,-0.0052646808957592,-0.1715307258021616,0.0214893678806891
0.864920779147195,-0.0143869778324126,-0.0381818756972229,-0.0056193393366584,-0.1710448020692364,0.0228641131291247
0.8648911732212206,-0.0152590958649753,-0.038061617594453,-0.005976547611281,-0.1705279996931912,0.0242356208695011
0.8648596585411695,-0.0161306489377837,-0.0379340494907826,-0.0063364525654644,-0.1699802460188445,0.0256036838940665
0.8648262068338296,-0.0170015945146711,-0.0377991348201916,-0.0066991996834966,-0.1694014636072924,0.0269680938427571
0.8647907881445166,-0.017871887026758,-0.0376568351162405,-0.0070649322895136,-0.1687915713005267,0.0283286385170227
0.8647533707229206,-0.0187414800848649,-0.0375071096442526,-0.0074337923991078,-0.1681504826410687,0.0296851054147223
0.8647139211250731,-0.0196103233199382,-0.0373499159066122,-0.0078059193109724,-0.1674781080324333,0.0310372768691586
0.8646724041813444,-0.0204783628167422,-0.0371852096095858,-0.0081814496803722,-0.1667743545849729,0.032384930830282
0.8646287829175304,-0.0213455422929886,-0.0370129444500896,-0.008560517926489,-0.1660391251921624,0.0337278427934186
0.8645830186204071,-0.0222118012310744,-0.0368330724789857,-0.0089432553158984,-0.1652723200670817,0.0350657830017904
0.8645350707692658,-0.0230770758275325,-0.0366455439351315,-0.0093297902557506,-0.1644738360132256,0.0363985180318494
0.8644848970624016,-0.0239412980536472,-0.0364503074564883,-0.0097202477530631,-0.1636435672998275,0.0377258094608682
0.8644324534214926,-0.0248043952720871,-0.0362473102029528,-0.0101147490975217,-0.1627814061523797,0.0390474134127246
0.8643776939904885,-0.0256662900029752,-0.0360364979572191,-0.0105134115969741,-0.1618872431420098,0.0403630803462097
0.8643205711297088,-0.0265268997914048,-0.035817815206683,-0.0109163483480274,-0.16096096748678,0.0416725550085765
0.8642610354884358,-0.0273861359737999,-0.0355912055228061,-0.0113236674719074,-0.1600024686026173,0.0429755747303629
0.8641990358870789,-0.0282439053052445,-0.0353566112105923,-0.0117354726827315,-0.1590116345546114,0.0442718720795965
0.8641345195876209,-0.0291001061398143,-0.0351139744277462,-0.0121518612438114,-0.1579883567091363,0.0455611692816298
0.8640674320769752,-0.0299546315768797,-0.0348632364487475,-0.0125729252276774,-0.1569325265314401,0.0468431832014495
0.8639977173240133,-0.0308073662156063,-0.0346043387094385,-0.012998749676973,-0.1558440398846672,0.0481176206928084
0.8639253177939562,-0.0316581864479453,-0.0343372229187734,-0.013429412431522,-0.1547227973675524,0.0493841793230182
0.8638501744946377,-0.0325069603670348,-0.0340618312801702,-0.0138649837577506,-0.1535687050979634,0.0506425475275977
0.863772226956397,-0.0333535484378054,-0.0337781064603238,-0.0143055263636833,-0.1523816744228711,0.0518924058995138
0.8636914137107822,-0.03419779894136,-0.0334859933527379,-0.0147510926567956,-0.1511616291102945,0.0531334207948381
0.8636076721384266,-0.0350395506992722,-0.0331854385063723,-0.0152017257105573,-0.149908502728934,0.0543652487544078
0.8635209386536622,-0.0358786320994301,-0.0328763907666046,-0.0156574583170559,-0.1486222410830672,0.0555875354554332
0.8634311490372576,-0.0367148590550262,-0.0325588024031384,-0.0161183113894748,-0.1473028066298612,0.0567999131693173
0.863338238465152,-0.0375480361830617,-0.0322326291154653,-0.0165842940644082,-0.1459501781842269,0.0580020029504802
0.863242141964003,-0.0383779542374888,-0.0318978315081749,-0.0170554017037769,-0.1445643566905027,0.0591934114252138
0.8631427945001678,-0.0392043912209695,-0.0315543752240497,-0.0175316158847055,-0.1431453653743328,0.0603737329464042
0.8630401313171207,-0.0400271114731313,-0.0312022319048295,-0.0180129032343678,-0.1416932532865893,0.0615425488472572
0.8629340883675408,-0.0408458644066877,-0.0308413804118647,-0.0184992139866681,-0.1402080998596298,0.0626994262549424
0.8628246025429259,-0.0416603851920909,-0.0304718072897207,-0.0189904816326062,-0.1386900162880177,0.0638439197099884
0.8627116120074324,-0.0424703947898967,-0.030093507534767,-0.0194866221828239,-0.1371391481263373,0.064975571861901
0.8625950567097074,-0.0432755990021055,-0.0297064858937419,-0.0199875327947868,-0.1355556800077082,0.0660939128210393
0.8624748786174795,-0.0440756897906495,-0.0293107571663444,-0.0204930917650289,-0.1339398362293094,0.0671984626950404
0.8623510221891397,-0.0448703451005791,-0.0289063472390363,-0.0210031576078367,-0.1322918842949315,0.0682887320308407
0.8622234348903953,-0.0456592287266957,-0.0284932941874305,-0.0215175681286279,-0.1306121386826641,0.0693642223409906
0.8620920673180861,-0.0464419928092812,-0.0280716480412262,-0.0220361412197741,-0.1289009591357109,0.0704244302033635
0.8619568736822991,-0.0472182780926479,-0.0276414716702704,-0.0225586742723244,-0.1271587535043111,0.071468848243072
0.8618178121541695,-0.0479877151566424,-0.0272028411780023,-0.0230849442545562,-0.1253859785612621,0.072496967408909
0.8616748449833219,-0.0487499269013697,-0.0267558455323945,-0.0236147087285398,-0.1235831377359182,0.0735082808511116
0.8615279388674951,-0.0495045295310401,-0.0263005869707738,-0.0241477059464365,-0.1217507819923556,0.0745022856989039
0.8613770649550871,-0.0502511353917224,-0.0258371802392969,-0.0246836563405335,-0.1198895060292084,0.0754784872041724
0.8612221989821999,-0.0509893548430174,-0.025365752260627,-0.0252222634877079,-0.1179999462534004,0.0764364014754857
0.861063321280188,-0.0517187985494321,-0.0248864414136613,-0.0257632155123802,-0.1160827772447965,0.0773755586408004
0.8609004167029884,-0.0524390798406692,-0.0243993965988981,-0.0263061867026702,-0.1141387074292418,0.0782955059582894
0.8607334744673746,-0.0531498171070752,-0.0239047760860698,-0.0268508393269847,-0.1121684739610385,0.0791958108221423
0.8605624879258159,-0.0538506360906058,-0.0234027462189346,-0.0273968255523891,-0.110172837126097,0.0800760634801822
0.8603874544467153,-0.0545411713643722,-0.0228934804962843,-0.0279437888990918,-0.1081525763313746,0.0809358785887
0.8602083749317418,-0.0552210689058401,-0.0223771576593132,-0.0284913667106409,-0.1061084822413603,0.0817748980020435
0.8600252536148562,-0.0558899871239301,-0.0218539606844228,-0.029039191569606,-0.1040413526120403,0.0825927914936872
0.8598380977187775,-0.0565475981325134,-0.0213240754325177,-0.0295868930249251,-0.1019519868499402,0.083389257686409
0.8596469171011395,-0.0571935887286772,-0.0207876893481139,-0.0301340991970698,-0.0998411808592698,0.084164024522006
0.8594517239107076,-0.0578276610399856,-0.0202449902639366,-0.0306804382064692,-0.0977097223898359,0.0849168492486425
0.8592525323182821,-0.0584495326869875,-0.0196961654836217,-0.0312255392606749,-0.0955583875525338,0.0856475177706255
0.8590493581552178,-0.0590589370458473,-0.0191414006724525,-0.0317690338793544,-0.0933879366467476,0.0863558440762529
0.8588422186905389,-0.059655622905024,-0.0185808791913296,-0.0323105566247986,-0.0911991117841307,0.0870416689257523
0.858631132477776,-0.0602393538385909,-0.0180147816633286,-0.0328497455744986,-0.0889926354618196,0.0877048582168872
0.8584161191426988,-0.0608099076978327,-0.0174432854177409,-0.0333862428845268,-0.0867692086898897,0.0883453015030948
0.8581971991809285,-0.0613670760116566,-0.016866564000031,-0.0339196952547812,-0.0845295094073377,0.0889629104226347
0.8579743938825263,-0.0619106630328562,-0.0162847870479929,-0.0344497540268806,-0.0822741923433159,0.0895576167617074
0.8577477252570626,-0.0624404848167728,-0.0156981201854822,-0.0349760752570828,-0.0800038889554821,0.0901293706027077
0.8575172161696507,-0.0629563678707162,-0.0151067254698145,-0.0354983192934132,-0.077719209512003,0.0906781380692725
0.8572828899106445,-0.0634581491412636,-0.014510760390376,-0.0360161516352207,-0.0754207395740615,0.0912039005564021
0.8570447706243218,-0.0639456741063398,-0.0139103790832745,-0.0365292418229501,-0.0731090450419765,0.0917066519894227
0.8568028831088523,-0.0644187963755483,-0.0133057319262947,-0.0370372637732882,-0.0707846709320633,0.0921863977565744
0.8565572529820613,-0.0648773765714451,-0.0126969660638548,-0.0375398953091265,-0.0684481437330731,0.0926431529421929
0.8563079066297851,-0.0653212817298137,-0.0120842253795722,-0.0380368181691092,-0.066099971625428,0.093076941151731
0.8560548713968427,-0.0657503843189149,-0.0114676510645304,-0.0385277175340237,-0.0637406469758491,0.0934877930126969
0.8557981757236007,-0.0661645614816483,-0.0108473820314259,-0.0390122817117699,-0.0613706482205307,0.0938757449689883
0.8555378489718105,-0.0665636948417663,-0.0102235545713642,-0.0394902024230244,-0.0589904388437306,0.0942408386532987
0.855273921833546,-0.0669476694315596,-0.0095963034119843,-0.0399611740026825,-0.0566004716994879,0.0945831194838513
0.8550064261040513,-0.0673163736887236,-0.0089657612346793,-0.0404248938084097,-0.0542011874371996,0.0949026362995174
0.8547353951347696,-0.0676696985084726,-0.0083320598028236,-0.040881061426289,-0.0517930190567596,0.0951994401896533
0.8544608636687818,-0.0680075372518107,-0.0076953296126401,-0.0413293790001395,-0.0493763908237641,0.0954735842169637
0.8541828680532285,-0.0683297852698096,-0.0070557004279049,-0.0417695509167168,-0.0469517205405719,0.0957251227504857
0.85390144629132,-0.0686363396978915,-0.0064133014277697,-0.0422012837892111,-0.0445194203359855,0.0959541110666417
0.8536166382413571,-0.0689270991332613,-0.0057682616822746,-0.0426242862338177,-0.0420798986874523,0.0961606048977707
0.8533284855880194,-0.0692019636069543,-0.00512071009885,-0.0430382690184515,-0.0396335604319123,0.0963446602356773
0.8530370318627272,-0.0694608345041948,-0.0044707754830547,-0.04344294512828,-0.0371808072073336,0.0965063331057959
0.8527423227076115,-0.0697036143017885,-0.0038185871362657,-0.0438380295089325,-0.0347220399143499,0.0966456792567467
0.8524444058425096,-0.0699302066231972,-0.0031642747791987,-0.0442232392547425,-0.0322576586251353,0.0967627540899138
0.8521433311745554,-0.0701405161836972,-0.0025079687911361,-0.0445982936055949,-0.0297880636805247,0.0968576125366679
0.8518391508823311,-0.0703344487893248,-0.0018498003862622,-0.0449629139973828,-0.0273136565449501,0.0969303089940406
0.8515319195394775,-0.0705119113415727,-0.0011899018692538,-0.045316824084433,-0.024834840954881,0.0969808972939778
0.8512216939006914,-0.0706728120474916,-0.000528406165022,-0.0456597501549306,-0.0223520213388705,0.0970094307450935
0.8509085334123783,-0.0708170602385974,0.0001345521002083,-0.0459914207295865,-0.0198656070613798,0.0970159620925754
0.8505924998361436,-0.0709445666958318,0.0007988374195035,-0.0463115671741859,-0.0173760095234683,0.0970005436195915
0.8502736536492702,-0.0710552448707242,0.0014643208921059,-0.0466199272456582,-0.0148836143177846,0.0969632266044614
0.8499520599904403,-0.0711490083931346,0.0021308676815835,-0.0469162390702754,-0.0123888284278055,0.0969040614198956
0.8496277884282758,-0.0712257718550796,0.002798337661393,-0.0472002420187225,-0.0098920779310234,0.0968230982808303
0.849300911132886,-0.071285451742187,0.0034665892837386,-0.047471678798659,-0.0073937936728315,0.0967203873100708
0.8489715028331228,-0.071327966578324,0.0041354796749272,-0.0477302956820872,-0.0048944110883963,0.096595978613576
0.8486396411974264,-0.0713532370350201,0.0048048638728507,-0.0479758424145539,-0.0023943732280469,0.0964499225417394
0.8483054061239335,-0.0713611861581589,0.0054745962704353,-0.0482080729586389,0.0001058744592282,0.0962822695139128
0.8479688805102912,-0.0713517394529925,0.0061445290640814,-0.0484267451158446,0.002605878155255,0.096093070462966
0.8476299835154854,-0.0713248076235922,0.0068148410187764,-0.0486317179094795,0.0051064017216417,0.0958822684102369
0.8472886578854472,-0.0712802736547641,0.0074856600961435,-0.0488228137226523,0.0076080176023702,0.0956497827991595
0.8469449871537431,-0.0712180229992198,0.0081568369254457,-0.048999765471522,0.0101102629319055,0.0953956068273999
0.8465990580315701,-0.0711379434753635,0.0088282196746698,-0.04916230938395,0.012612665304262,0.0951197343886266
0.8462509610105501,-0.0710399256516621,0.0094996529208127,-0.0493101850172047,0.015114738392146,0.0948221607589235
0.8459007898540268,-0.0709238630142286,0.0101709786826975,-0.0494431358346224,0.0176159856258506,0.0945028824449602
0.8455486416410062,-0.0707896522061506,0.0108420363632567,-0.0495609094721133,0.020115899804352,0.0941618974105609
0.8451946172005261,-0.0706371934593525,0.0115126619534325,-0.0496632579133575,0.022613959955773,0.0937992057337345
0.8448388206450463,-0.0704663907032638,0.0121826889526354,-0.0497499379844926,0.0251096345920157,0.0934148094168446
0.8444813596178493,-0.0702771519348261,0.0128519479208821,-0.0498207115996679,0.0276023798651907,0.0930087128788548
0.8441223449675153,-0.0700693893218595,0.0135202671066783,-0.0498753461528006,0.0300916417312205,0.0925809228416327
0.8437618910539395,-0.0698430196295306,0.0141874718847112,-0.0499136147727057,0.0325768536808817,0.092131448924812
0.843400115527366,-0.069597964376202,0.0148533851766272,-0.0499352966888915,0.0350574381334276,0.0916603036554857
0.8430371391451409,-0.0693341499624908,0.015517827785834,-0.0499401775445142,0.0375328075117629,0.0911675024726593
0.8426730861017007,-0.0690515081688011,0.0161806177865406,-0.049928049696103,0.0400023617963621,0.0906530644281972
0.842308083456435,-0.0687499759967593,0.0168415715587475,-0.0498987125227627,0.0424654922137356,0.090117011667556
0.8419422615025258,-0.0684294962022979,0.0175005030969061,-0.0498519727276117,0.0449215784963676,0.0895593702019852
0.841575753505638,-0.0680900173559461,0.0181572244637551,-0.0497876446311338,0.0473699904127993,0.0889801698141704
0.841208695506836,-0.0677314939065476,0.0188115461130696,-0.0497055504198107,0.0498100888146069,0.088379444008553
0.8408412263904466,-0.0673538864828381,0.0194632767312893,-0.0496055204310302,0.0522412248946237,0.0877572303778732
0.8404734877500291,-0.0669571620127974,0.0201122234368619,-0.0494873934039733,0.0546627407838266,0.0871135706620516
0.8401056238227413,-0.0665412939024052,0.0207581918514441,-0.0493510167355274,0.0570739696762155,0.0864485109169361
0.839737781251738,-0.066106262008942,0.0214009864665156,-0.0491962466585515,0.0594742370629806,0.0857621013661054
0.8393701091238037,-0.0656520529106524,0.0220404105197932,-0.0490229485046017,0.0618628601441484,0.0850543967400973
0.8390027588304584,-0.0651786599808508,0.0226762661780324,-0.0488309969016161,0.0642391483907296,0.084325456307287
0.838635883880087,-0.0646860833766369,0.0233083547969907,-0.0486202759211719,0.0666024044037554,0.0835753437890517
0.83826963999964,-0.064174330405936,0.0239364766770277,-0.0483906793785575,0.0689519228959595,0.0828041278615916
0.8379041846899774,-0.0636434151474916,0.0245604317544123,-0.0481421108026251,0.0712869931807892,0.0820118815317927
0.837539677437706,-0.0630933589603665,0.0251800191592842,-0.0478744837870708,0.0736068974321135,0.0811986828705047
0.8371762795294723,-0.0625241904607238,0.0257950374552758,-0.0475877221109984,0.0759109115012209,0.0803646149402141
0.836814153710442,-0.0619359452090441,0.0264052851336255,-0.0472817596895064,0.0781983066989138,0.079509765319936
0.8364534644610871,-0.0613286663679982,0.027010560058314,-0.0469565410110945,0.0804683476570751,0.0786342270574673
0.836094377760563,-0.0607024045811019,0.027610659780304,-0.0466120211905984,0.0827202934541701,0.0777380984769286
0.8357370608165107,-0.0600572177397555,0.0282053818987914,-0.0462481659359122,0.0849533989301403,0.0768214828482207
0.8353816821278572,-0.0593931713175015,0.0287945238620662,-0.0458649518181927,0.0871669139091555,0.0758844888774129
0.8350284115725751,-0.0587103388130984,0.0293778827313133,-0.0454623666253001,0.0893600822894556,0.0749272313384688
0.8346774200126791,-0.0580088012876239,0.0299552557417353,-0.045040409187816,0.0915321441394444,0.0739498304328027
0.834328879367045,-0.0572886477687238,0.0305264400850289,-0.0445990896997565,0.0936823348791764,0.0729524123792327
0.8339829625362125,-0.0565499754051546,0.0310912329375072,-0.0441384299021083,0.0958098853938003,0.0719351096490196
0.8336398431891663,-0.055792889326693,0.0316494317112294,-0.0436584630794642,0.097914022997874,0.0708980607997581
0.8332996959297405,-0.0550175033393285,0.0322008336850487,-0.0431592345822146,0.0999939700733752,0.069841411458457
0.8329626960852853,-0.0542239398422721,0.032745236252192,-0.0426408018690406,0.1020489450396788,0.0687653142309353
0.8326290195244864,-0.0534123297787421,0.0332824371154261,-0.0421032345577347,0.1040781631390559,0.0676699286686799
0.8322988428711602,-0.0525828135705172,0.033812233843707,-0.0415466151294872,0.1060808348205771,0.0665554225637519
0.83197234307057,-0.0517355405150774,0.0343344244711364,-0.0409710386209835,0.1080561680708561,0.0654219711658859
0.8316496975264996,-0.0508706695916776,0.0348488071755428,-0.0403766132508116,0.1100033672789653,0.0642697583016295
0.8313310837649418,-0.0499883690808438,0.0353551807141914,-0.0397634602457434,0.1119216349751297,0.063098975902903
0.8310166799728841,-0.0490888186291761,0.0358533434668509,-0.0391317153661774,0.1138101683049371,0.0619098267813388
0.8307066641226794,-0.0481722074621338,0.0363430947269685,-0.0384815277636316,0.1156681640293422,0.0607025222855186
0.8304012141957264,-0.0472387356100907,0.0368242342407124,-0.0378130609188948,0.1174948169012787,0.0594772839661652
0.830100507940874,-0.0462886138771383,0.0372965624839261,-0.0371264927069358,0.1192893208488175,0.0582343435725365
0.8298047230507184,-0.0453220651662671,0.037759880280798,-0.0364220164414823,0.1210508676686751,0.0569739448231901
0.8295140366153774,-0.0443393235739901,0.0382139895560037,-0.0356998403096446,0.122778650036973,0.0556963422568331
0.8292286251975629,-0.0433406354709093,0.0386586931082006,-0.0349601882371145,0.1244718608140254,0.0544018026831354
0.8289486645361903,-0.0423262594242683,0.0390937949640111,-0.0342032999101173,0.1261296945669689,0.0530906051214874
0.8286743292284923,-0.0412964659925999,0.0395191007603673,-0.0334294306841795,0.1277513492150485,0.0517630405842422
0.8284057930871603,-0.040251540125761,0.0399344170792395,-0.032638853450922,0.129336023690748,0.0504194152163667
0.8281432278898576,-0.0391917774783667,0.0403395532701525,-0.031831855912258,0.1308829251005921,0.0490600455978857
0.8278868042154313,-0.0381174887439215,0.0407343200397087,-0.0310087438972748,0.1323912635652915,0.047685264373235
0.8276366903617904,-0.0370289965001817,0.0411185310049892,-0.030169838998043,0.1338602583807835,0.0462954162571646
0.8273930526902395,-0.0359266378398901,0.0414920020438171,-0.0293154806012097,0.1352891357777791,0.0448908614637993
0.8271560548483718,-0.0348107622607562,0.0418545523687608,-0.0284460242692194,0.1366771332785432,0.0434719730757111
0.8269258574558965,-0.0336817313147728,0.0422060048839741,-0.0275618414356774,0.1380235013264087,0.0420391366805735
0.8267026186363932,-0.0325399225870117,0.0425461852526563,-0.026663322495598,0.1393274999803044,0.0405927554940538
0.8264864925121675,-0.0313857236303477,0.0428749240728108,-0.0257508720107601,0.1405884075251643,0.0391332427418255
0.8262776296921138,-0.0302195355745782,0.0431920560088071,-0.0248249114684964,0.1418055174281471,0.0376610263269812
0.8260761767026897,-0.029041771480868,0.0434974205362955,-0.0238858779056137,0.1429781414810934,0.0361765468341492
0.8258822755822195,-0.0278528552358987,0.0437908624361881,-0.0229342229193373,0.1441056119884405,0.0346802562331252
0.8256960638215028,-0.0266532224147333,0.0440722317651345,-0.0219704132316002,0.145187281946988,0.0331726190663283
0.8255176740139266,-0.0254433194361494,0.0443413842685784,-0.0209949298788346,0.1462225269254717,0.0316541114842521
0.8253472333287127,-0.0242236011634321,0.0445981820610022,-0.0200082661169482,0.147210747973822,0.0301252183408061
0.8251848635254561,-0.0229945319157292,0.0448424934916403,-0.0190109280519836,0.148151371398181,0.028586434575373
0.8250306806518759,-0.0217565843038595,0.0450741934923231,-0.0180034335059156,0.1490438503853959,0.0270382638626675
0.8248847948836506,-0.0205102389236286,0.045293163714993,-0.0169863115593757,0.1498876658127867,0.025481218339205
0.8247473101260197,-0.0192559817500368,0.0454992930308714,-0.0159601002005517,0.1506823284448379,0.0239158154597118
0.824618324094081,-0.0179943053083159,0.0456924773156926,-0.0149253470389598,0.1514273783703356,0.0223425795739998
0.8244979281017917,-0.016725707330041,0.0458726196779883,-0.0138826079603454,0.1521223861357462,0.0207620403579462
0.8243862068941957,-0.0154506893380373,0.0460396306275308,-0.0128324457049326,0.1527669536371088,0.0191747311587004
0.8242832386141479,-0.0141697563159326,0.0461934280483208,-0.0117754293261406,0.1533607142449817,0.0175811886903702
0.8241890947248589,-0.0128834156916187,0.0463339372439259,-0.0107121330784634,0.1539033331941366,0.0159819518719841
0.8241038400724852,-0.0115921780333216,0.0464610907801112,-0.0096431367162289,0.1543945071751252,0.0143775627909187
0.8240275326914119,-0.0102965538262044,0.0465748287177327,-0.0085690225462338,0.1548339654170099,0.0127685627910305
0.8239602239680155,-0.0089970550452953,0.0466750983171339,-0.0074903764442044,0.1552214687120545,0.0111554945187599
0.823901958625303,-0.007694194265351,0.0467618540163265,-0.0064077868358998,0.1555568094801226,0.0095389009017055
0.8238527747136887,-0.0063884831419847,0.046835057406102,-0.0053218431522494,0.1558398118035953,0.0079193233446131
0.8238127037585753,-0.005080434681331,0.0468946769778928,-0.0042331374356589,0.1560703305655392,0.0062973046205458
0.8237817706710565,-0.0037705589769245,0.0469406882302259,-0.003142260514696,0.1562482519557041,0.0046733836547138
0.8237599939260782,-0.0024593663920835,0.0469730733830045,-0.0020498043749729,0.1563734924417595,0.0030480995386777
0.8237473855650321,-0.0011473654458584,0.046991821358755,-0.0009563601260323,0.1564459987540727,0.0014219889722898
0.823743878813359,-3.1255438775329436e-12,0.0469970353939263,2.6288609635514992e-11,0.1564661641151326,-4.361418561374397e-12
