2.99841435576389
0.879689064384018,-6.431235113244829e-28,0.1931671178862413,-5.847929633636091e-14,0.2242987114154864,1.9393657155142907e-13
0.8796911307369089,0.0008467870150896,0.1931637867150087,0.0010946658787799,0.2242923091114438,-0.0017647166597377
0.8797081554075326,0.0025737011671593,0.19313634066424,0.0033271860852583,0.2242395591650396,-0.0053639654911695
0.8797423919890721,0.0043009299377189,0.1930811437437691,0.0055603820418842,0.2241334715713466,-0.0089648836609657
0.8797938640471555,0.0060280975066391,0.1929981519823689,0.007793949061675,0.2239739580674532,-0.0125673711101789
0.8798625930037742,0.0077548069371337,0.1928873218298223,0.0100275556742842,0.2237609292708973,-0.0161712866656226
0.8799485981908108,0.0094806593668995,0.1927486100461259,0.0122608684091554,0.223494294421563,-0.0197764883262371
0.8800518968162163,0.0112052540872973,0.192581973728618,0.0144935518712361,0.2231739613765146,-0.0233828337202715
0.8801725037960908,0.0129281867570981,0.1923873705525914,0.0167252663992627,0.2227998370028732,-0.0269901766563416
0.880310431857792,0.0146490520612622,0.1921647585718569,0.0189556714775081,0.2223718267121437,-0.0305983729693183
0.880465691070381,0.016367438665382,0.1919140969407328,0.021184419163152,0.2218898357532187,-0.0342072702208532
0.8806382889704544,0.0180829327282667,0.1916353456728463,0.0234111585955512,0.2213537686406024,-0.0378167153093499
0.8808282302959863,0.0197951161855245,0.1913284660301396,0.0256355337267595,0.220763529780929,-0.0414265511147662
0.8810355166292962,0.0215035651647207,0.1909934210569912,0.0278571812084106,0.2201190243653029,-0.0450366133696449
0.8812601464021634,0.023207851788522,0.1906301755274726,0.0300757326734631,0.2194201581191479,-0.0486467346519822
0.8815021143454369,0.0249075414722528,0.190238696789057,0.032290811151966,0.218666838762538,-0.0522567388348098
0.8817614111755988,0.0266021928331579,0.1898189552230595,0.0345020308656914,0.2178589767196189,-0.0558664409916193
0.8820380234691024,0.0282913587909045,0.1893709244005572,0.0367089985698883,0.2169964852276243,-0.0594756498145291
0.8823319329601426,0.0299745841177298,0.1888945821719766,0.0389113102490151,0.2160792822287192,-0.0630841624208957
0.8826431161445741,0.0316514054841879,0.1883899112628671,0.041108551046933,0.2151072912977827,-0.0666917643932066
0.8829715438580318,0.0333213514336609,0.1878568999132247,0.0433002950905435,0.2140804426399344,-0.0702982296153323
0.8833171805060285,0.0349839408116886,0.1872955430846662,0.0454861032655649,0.2129986751684204,-0.0739033166942504
0.8836799835073815,0.0366386827045259,0.1867058433264767,0.0476655229437189,0.211861937912835,-0.0775067685247193
0.884059902822576,0.0382850768578407,0.1860878115085777,0.0498380883236334,0.210670191157921,-0.0811083128228297
0.8844568793893908,0.0399226096870075,0.1854414693397455,0.0520033149224773,0.2094234110137457,-0.084707652884666
0.8848708452133242,0.0415507578573232,0.1847668492039355,0.0541607040185288,0.208121588805052,-0.0883044747451614
0.8853017216684559,0.043168984501157,0.1840639969199834,0.0563097373368318,0.2067647360901549,-0.09189843805736
0.8857494189626041,0.0447767406441654,0.1833329726200363,0.0584498785780419,0.2053528860452648,-0.0954891782295946
0.886213834439459,0.0463734625440244,0.1825738535415748,0.0605805694764904,0.203886098539535,-0.0990762992952328
0.8866948520246427,0.0479585735617522,0.1817867349720001,0.0627012318360416,0.202364461642637,-0.1026593766580506
0.8871923402634291,0.0495314814467801,0.1809717335173087,0.0648112633983431,0.2007880976260185,-0.1062379493124438
0.887706151421074,0.0510915796477989,0.180128988660608,0.0669100390238247,0.1991571656682697,-0.1098115208317112
0.8882361198441389,0.0526382464759757,0.179258665559449,0.068996908942843,0.1974718669682341,-0.1133795552281488
0.8887820606717259,0.0541708456971038,0.1783609573036185,0.0710711988607186,0.1957324488335197,-0.1169414757560042
0.8893437678035837,0.0556887253273296,0.1774360884324723,0.073132207565003,0.1939392112349838,-0.120496659207042
0.8899210133392458,0.0571912207739923,0.176484316073723,0.0751792103532759,0.1920925087840833,-0.124044439986804
0.8905135449125205,0.058677652476254,0.1755059345918852,0.0772114549324173,0.1901927595547937,-0.1275841009794004
0.8911210850611408,0.0601473292360438,0.1745012769343454,0.0792281649823035,0.1882404475513596,-0.1311148773921981
0.8917433299517291,0.0615995497798886,0.1734707170860216,0.0812285412813954,0.1862361273784905,-0.1346359562059363
0.8923799477018726,0.0630336035054549,0.1724146732456954,0.083211761652357,0.1841804303815818,-0.1381464732976652
0.8930305780690283,0.0644487744098387,0.1713336087925545,0.0851769852535277,0.1820740665622615,-0.1416455180006278
0.8936948316689136,0.0658443436839004,0.1702280340807152,0.0871233550326534,0.1799178281792846,-0.1451321342976841
0.894372289572661,0.0672195929614071,0.1690985076561157,0.0890500010848495,0.1777125923099649,-0.1486053234727992
0.8950625038319402,0.0685738091306612,0.1679456359722927,0.0909560462281569,0.1754593205687265,-0.1520640506856425
0.8957649977017792,0.0699062880399357,0.1667700736472741,0.0928406100956743,0.1731590599677414,-0.1555072488890334
0.896479267029755,0.0712163399578885,0.1655725218037454,0.0947028157825931,0.1708129401181942,-0.1589338274456505
0.8972047820346261,0.0725032950038931,0.1643537257722242,0.0965417965958717,0.168422169259007,-0.1623426811524893
0.8979409889168881,0.0737665075495024,0.1631144730853566,0.0983567014914093,0.1659880309295012,-0.1657326970892344
0.8986873129569984,0.0750053624569202,0.1618555889687837,0.1001467033200743,0.1635118757931924,-0.1691027670098053
0.8994431610240772,0.0762192793967145,0.1605779328030178,0.1019110045403122,0.1609951154127459,-0.1724517954618672
0.9002079257236155,0.0774077189823277,0.1592823917864134,0.1036488457996674,0.1584392105484234,-0.1757787138326547
0.900980987839034,0.0785701852862798,0.1579698774363503,0.1053595095127232,0.1558456650613214,-0.1790824854717983
0.9017617216854844,0.0797062320432472,0.1566413170989941,0.1070423290933076,0.1532160099648251,-0.1823621222586072
0.902549497321922,0.080815463261491,0.1552976507189571,0.1086966902461325,0.1505517978394802,-0.1856166865446886
0.903343685130057,0.0818975367427789,0.153939823518861,0.1103220367720527,0.1478545891341785,-0.1888453024098289
0.9041436594177864,0.0829521654780902,0.15256878025,0.1119178734893504,0.1451259415137951,-0.192047161997455
0.9049488019129468,0.0839791183762818,0.1511854595446179,0.1134837683751933,0.1423673993419875,-0.1952215309149953
0.905758504455407,0.0849782195632645,0.1497907895592441,0.1150193527257741,0.1395804856630658,-0.1983677501877196
0.9065721715714236,0.0859493473143436,0.1483856837445444,0.1165243208890651,0.1367666943684391,-0.2014852377609396
0.9073892236598952,0.0868924334923146,0.1469710354750436,0.1179984309222393,0.1339274799906693,-0.2045734923730148
0.9082090978583958,0.0878074601202824,0.1455477166106677,0.1194415008991564,0.1310642552859305,-0.2076320887556532
0.9090312501371098,0.0886944574673614,0.1441165738762864,0.1208534075945784,0.1281783843748372,-0.2106606779506142
0.9098551558985624,0.089553500520379,0.1426784277739966,0.1222340826478502,0.1252711808990203,-0.213658982465148
0.9106803117238964,0.0903847068172508,0.1412340694467735,0.1235835108836831,0.1223439019734422,-0.2166267961479822
0.9115062346448888,0.0911882318776994,0.1397842618170645,0.1249017247306758,0.1193977507161179,-0.2195639756057152
0.9123324638426924,0.0919642673218782,0.1383297364450434,0.1261888029241646,0.1164338700522118,-0.2224704409541871
0.9131585583588128,0.0927130353686582,0.1368711973617183,0.1274448631730601,0.1134533506506302,-0.2253461629835
0.9139840993547428,0.0934347879243697,0.1354093168820599,0.1286700623037585,0.1104572224965961,-0.2281911669623368
0.9148086884657688,0.0941298022162671,0.1339447382706445,0.129864590587282,0.1074464603796536,-0.2310055231943309
0.9156319470839313,0.094798377664376,0.1324780767777458,0.1310286679499471,0.1044219860695031,-0.2337893414738671
0.9164535163362282,0.0954408335747093,0.1310099194315448,0.1321625414754838,0.10138466791034,-0.236542768373052
0.9172730559929858,0.0960575061822517,0.1295408267294428,0.1332664816562166,0.0983353243092088,-0.2392659813257028
0.9180902445054776,0.0966487468024549,0.1280713323104251,0.1343407804691575,0.0952747230353756,-0.2419591868940389
0.9189047774564424,0.0972149189929446,0.126601945472817,0.1353857475539394,0.0922035864155151,-0.2446226141135688
0.9197163673877335,0.0977563969586433,0.1251331512291156,0.1364017084858446,0.0891225914174141,-0.2472565127454534
0.9205247429026056,0.0982735635961278,0.1236654116670469,0.1373890022846438,0.0860323724458532,-0.2498611494077637
0.9213296478812,0.0987668088062349,0.1221991671175863,0.1383479792844822,0.0829335237478422,-0.2524368043501858
0.9221308409066122,0.0992365280949442,0.1207348369483586,0.1392789994347945,0.0798266010339429,-0.2549837691304402
0.922928094789718,0.0996831213509319,0.119272820180034,0.1401824308497038,0.0767121227182148,-0.2575023447837007
0.923721195509114,0.1001069914163858,0.1178134971824238,0.1410586478294158,0.0735905734611274,-0.2599928383111582
0.9245099417436884,0.100508543131471,0.1163572302991583,0.1419080297096803,0.0704624054548364,-0.2624555612088569
0.925294144607886,0.1008881825548014,0.1149043640997966,0.1427309600090326,0.0673280388979784,-0.2648908287344738
0.9260736272005664,0.1012463161457766,0.1134552259755761,0.1435278254364977,0.0641878631913898,-0.2672989586783571
0.9268482224935736,0.1015833493133952,0.1120101298423204,0.1442990133422131,0.0610422449072767,-0.2696802651299748
0.927617775477782,0.1018996869669806,0.1105693719293107,0.145044913568382,0.057891518597303,-0.2720350654583575
0.928382140471474,0.1021957319361486,0.1091332355768758,0.1457659154527605,0.0547359971491577,-0.2743636724302992
0.9291411821758856,0.1024718850859687,0.1077019890520038,0.1464624086309009,0.0515759669535386,-0.2766663979106885
0.929894773332304,0.1027285441548172,0.1062758897535228,0.1471347806720143,0.0484116971100498,-0.2789435462460828
0.9306427969575558,0.1029661043067143,0.1048551797918415,0.1477834189659341,0.0452434295957271,-0.2811954215786184
0.9313851437180471,0.1031849569846199,0.1034400907504812,0.148408708221811,0.042071389736427,-0.2834223204578652
0.9321217127515748,0.1033854900081661,0.1020308419391821,0.1490110311160705,0.0388957822706055,-0.2856245349141947
0.93285241080401,0.1035680871418541,0.1006276418457735,0.1495907674816497,0.0357167945263742,-0.2878023504655835
0.9335771520069808,0.1037331279019893,0.0992306883784845,0.1501482940877706,0.0325345969111324,-0.2899560460722479
0.9342958578192396,0.1038809874081896,0.0978401687925874,0.1506839845499778,0.029349342665933,-0.2920858945814388
0.9350084564973532,0.1040120361445027,0.0964562605276133,0.1511982088928051,0.0261611696886842,-0.2941921617798234
0.9357148826717968,0.1041266397888086,0.0950791318544667,0.1516913332381586,0.0229702019526877,-0.2962751057733713
0.9364150775202188,0.1042251591574291,0.0937089413635499,0.152163719926995,0.0197765482413293,-0.2983349781306624
0.937108988205857,0.1043079500304166,0.0923458388846172,0.1526157271244899,0.0165803041802735,-0.3003720228551321
0.937796567335423,0.1043753630335582,0.090989966386913,0.153047708493656,0.0133815542730469,-0.3023864754256432
0.9384777731490068,0.104427743620581,0.0896414574460668,0.1534600133564868,0.0101803705770985,-0.304378563982585
0.9391525694752918,0.1044654320034958,0.088300437163742,0.1538529866730496,0.0069768123929747,-0.3063485098115076
0.93982092485992,0.1044887630518981,0.0869670237363474,0.1542269685523639,0.0037709298965206,-0.3082965254095254
0.940482813026795,0.1044980662899154,0.0856413273840739,0.1545822945616939,0.0005627614829094,-0.3102228164402313
0.9411382120076232,0.104493665841862,0.0843234519362317,0.1549192952824398,-0.0026476625227229,-0.312127579796657
0.941787254574941,0.104475874758042,0.0830131904010388,0.1552383686369262,-0.0058610690791515,-0.3140114405645723
0.9424302418357334,0.1044449787113543,0.0817099911547207,0.1555399692241729,-0.0090790521388611,-0.3158754894703776
0.9430671649354412,0.1044012569300229,0.0804139262561483,0.1558243817433584,-0.0123016871335737,-0.3177198969240001
0.9436980167958904,0.1043449835166923,0.079125065787981,0.1560918850547472,-0.0155290499052494,-0.3195448201204247
0.9443227932704986,0.1042764274805391,0.0778434754319786,0.1563427528613888,-0.0187612226894012,-0.3213504068534561
0.9449414933143684,0.1041958527515543,0.0765692160176598,0.1565772538552061,-0.02199829533718,-0.3231367964503121
0.9455541184069136,0.1041035182810292,0.0753023446081661,0.1567956515653156,-0.0252403626554342,-0.3249041185340768
0.9461606729512358,0.1039996780229378,0.0740429135799385,0.1569982045832894,-0.0284875268312209,-0.3266524945951105
0.9467611636841462,0.1038845810535422,0.0727909717461693,0.1571851664216769,-0.031739894648481,-0.3283820366947527
0.9473555999368096,0.1037584715621783,0.0715465637232134,0.1573567856730711,-0.0349975792050665,-0.330092848610863
0.947943993246142,0.1036215889559266,0.0703097306485294,0.15751330595347,-0.0382606981411622,-0.3317850251002752
0.948526357076698,0.1034741679715113,0.0690805106825115,0.1576549659096371,-0.0415293723712347,-0.3334586514706785
0.9491027073707956,0.1033164385751775,0.0678589377635209,0.1577819994236015,-0.0448037294656224,-0.3351138055208414
0.9496730617469664,0.1031486261956017,0.0666450432143927,0.1578946354765165,-0.048083899470115,-0.3367505555840004
0.9502374399793602,0.1029709516287327,0.0654388546458225,0.1579930983181832,-0.051370017923733,-0.3383689622408892
0.9507958632814691,0.1027836312866651,0.0642403974035632,0.1580776073902701,-0.05466222201915,-0.3399690765896987
0.951348354721642,0.1025868771105994,0.0630496936078702,0.1581483774682909,-0.0579606532757997,-0.3415509417528008
0.9518949390417374,0.1023808966538458,0.0618667624630982,0.1582056186779948,-0.0612654567944185,-0.3431145926593785
0.9524356425015345,0.1021658931675171,0.0606916205191796,0.1582495365269196,-0.0645767806177208,-0.3446600558925116
0.9529704925220408,0.1019420657828625,0.0595242823797377,0.1582803319371192,-0.0678947737905804,-0.346187348953184
0.9534995181195964,0.1017096093738777,0.0583647596914534,0.1582982013349234,-0.0712195892750144,-0.3476964817739679
0.9540227493874336,0.1014687148055156,0.0572130622088776,0.1583033366698979,-0.0745513809978216,-0.3491874555012474
0.9545402178275656,0.1012195688206372,0.0560691970031285,0.1582959254753811,-0.0778903061880212,-0.3506602636950773
0.9550519560284426,0.1009623542127782,0.0549331691059432,0.1582761509038903,-0.0812365236020998,-0.3521148916530012
0.9555579977244344,0.1006972498279624,0.0538049813175429,0.1582441917706563,-0.0845901941550481,-0.3535513168131756
0.9560583774621894,0.1004244307699706,0.0526846348919288,0.1582002226180921,-0.087951478948493,-0.3549695080321278
0.9565531307012664,0.1001440683904502,0.0515721292615928,0.1581444137661773,-0.0913205401164407,-0.3563694260890052
0.9570422937587216,0.0998563303526818,0.0504674621085405,0.1580769313624835,-0.0946975406616996,-0.3577510237370184
0.957525903798984,0.0995613806676484,0.0493706293345673,0.1579979374238408,-0.0980826446013409,-0.3591142458742672
0.9580039986495088,0.0992593798367926,0.0482816254288199,0.1579075899061277,-0.1014760158825436,-0.3604590292155057
0.9584766168870202,0.0989504848327627,0.0472004432249471,0.157806042732621,-0.1048778191704842,-0.3617853027196648
0.958943797703418,0.0986348492139971,0.0461270741596216,0.1576934458569619,-0.1082882190876816,-0.3630929873886129
0.9594055809870602,0.0983126230984059,0.0450615080401472,0.1575699452789175,-0.1117073809963976,-0.3643819966626578
0.9598620069768588,0.0979839534328042,0.044003733798576,0.1574356831709327,-0.1151354686203844,-0.3656522356156445
0.9603131166373646,0.0976489837597412,0.0429537385841409,0.157290797811787,-0.1185726469943138,-0.3669036021557559
0.960758951232698,0.0973078545504092,0.0419115087092613,0.157135423742363,-0.1220190794387365,-0.3681359859859996
0.961199552368285,0.0969607032162094,0.0408770295200626,0.1569696918019645,-0.125474927964183,-0.3693492688666311
0.9616349621143364,0.0966076640426262,0.0398502850706768,0.1567937291174049,-0.1289403543715157,-0.3705433250912905
0.9620652230477418,0.0962488681701923,0.0388312579830573,0.1566076591012722,-0.1324155207905156,-0.3717180217238373
0.9624903776260652,0.0958844441449283,0.037819930895823,0.1564116017538011,-0.1359005847524651,-0.3728732170118725
0.962910468900961,0.0955145173567963,0.0368162847445822,0.1562056733912346,-0.1393957050460798,-0.3740087624546108
0.9633255399132103,0.0951392105811438,0.0358203001677885,0.1559899869484821,-0.1429010368963436,-0.3751245012687061
0.9637356340151662,0.0947586437299347,0.0348319567101282,0.155764651859547,-0.1464167347123543,-0.3762202693714293
0.9641407946299968,0.0943729340958991,0.0338512333715345,0.1555297742100529,-0.1499429501553192,-0.3772958948354301
0.9645410654489216,0.0939821961945573,0.0328781081039561,0.1552854566541675,-0.1534798339298307,-0.3783511985117579
0.9649364901570882,0.0935865420511199,0.0319125584487541,0.1550317985996753,-0.1570275334845731,-0.3793859933945345
0.965327112418464,0.0931860812551618,0.030954561554723,0.1547688962609683,-0.1605861928784153,-0.380400084680724
0.9657129760967006,0.09278092076362,0.0300040936144023,0.1544968425407162,-0.164155954840298,-0.3813932704317062
0.9660941248555592,0.0923711653421864,0.0290611308242459,0.1542157273320413,-0.167736957153784,-0.3823653406232169
0.9664706025258,0.0919569172106357,0.0281256484618111,0.1539256372914577,-0.1713293360734999,-0.3833160781728336
0.9668424527453472,0.0915382764568704,0.0271976217566088,0.1536266561315758,-0.1749332229756557,-0.3842452581001989
0.9672097193572,0.0911153406207348,0.0262770248807856,0.1533188643343669,-0.1785487482103541,-0.3851526486008244
0.9675724457433748,0.0906882054800134,0.0253638325980544,0.1530023397257708,-0.1821760346061122,-0.3860380094646464
0.9679306754976328,0.0902569643087051,0.0244580185638093,0.1526771569468697,-0.1858152040614997,-0.3869010938157579
0.968284451937505,0.0898217084701661,0.0235595565349263,0.1523433878956478,-0.1894663727107803,-0.3877416469815712
0.9686338182473864,0.0893825272834432,0.0226684199986602,0.1520011016399803,-0.1931296522925506,-0.3885594069203913
0.968978817486736,0.0889395080395524,0.0217845821383615,0.1516503644366325,-0.1968051502135721,-0.3893541043084374
0.969319492491466,0.0884927361556377,0.0209080160740531,0.1512912398600518,-0.2004929684607385,-0.3901254623813321
0.96965588599218,0.0880422950498402,0.0200386945480283,0.1509237887098173,-0.2041932048190649,-0.3908731972737289
0.9699880404132448,0.0875882664351828,0.0191765904326948,0.1505480692555297,-0.2079059506220316,-0.391597017637601
0.9703159979656713,0.0871307302311961,0.0183216764844726,0.1501641371766515,-0.2116312916531001,-0.3922966249316617
0.9706398007026852,0.0866697645118248,0.0174739251893715,0.1497720455245075,-0.2153693087144098,-0.3929717136078295
0.9709594903301864,0.0862054458014536,0.0166333092507381,0.149371844980336,-0.219120075362056,-0.3936219707864286
0.9712751084624204,0.0857378487360708,0.0157998009117174,0.148963583573155,-0.2228836607788658,-0.3942470768590748
0.9715866962840118,0.0852670465837275,0.0149733728382004,0.148547307137234,-0.2266601256917048,-0.3948467048815784
0.9718942947311328,0.0847931110157622,0.0141539976392224,0.1481230591271768,-0.2304495243385084,-0.3954205210347457
0.9721979445341636,0.0843161120642071,0.0133416477463612,0.1476908805854619,-0.2342519049004567,-0.395968184778194
0.97249768605903,0.0838361183953955,0.0125362958323643,0.147250810396988,-0.2380673074050456,-0.3964893486434277
0.9727935594142428,0.0833531971736191,0.0117379145223544,0.1468028851770543,-0.2418957648973057,-0.3969836585252508
0.9730856043331106,0.0828674142813977,0.0109464767083329,0.1463471394852886,-0.2457373017629834,-0.3974507535801337
0.973373860234366,0.0823788342556257,0.0101619553853884,0.1458836057809147,-0.2495919343028335,-0.3978902664437492
0.9736583662865078,0.0818875202049506,0.0093843234736518,0.1454123143542941,-0.2534596714336797,-0.3983018234309127
0.9739391612468288,0.0813935341137415,0.0086135542556618,0.1449332936287775,-0.2573405123356853,-0.398685044408627
0.9742162837148112,0.0808969364272259,0.0078496206804648,0.1444465697719998,-0.2612344497478288,-0.39903954326528
0.9744897717664804,0.0803977867258608,0.0070924963674212,0.1439521673645867,-0.2651414646981208,-0.3993649275422352
0.9747596631815932,0.0798961433600722,0.0063421549842575,0.1434501090637926,-0.2690615293958234,-0.3996607988908064
0.9750259953979332,0.0793920635601096,0.0055985703727636,0.1429404157262123,-0.2729946063792308,-0.3999267531515804
0.975288805527224,0.0788856034347525,0.0048617165047494,0.1424231064222348,-0.276940648527287,-0.4001623805177616
0.9755481303897784,0.0783768179290651,0.0041315673841479,0.1418981984070765,-0.2808995993804397,-0.4003672657085957
0.975804006387652,0.0778657610996344,0.0034080974043949,0.1413657074208524,-0.284871390984935,-0.4005409880247189
0.9760564696056032,0.0773524859491631,0.0026912810668055,0.1408256475389586,-0.2888559451628063,-0.4006831216119447
0.9763055557674776,0.0768370445409388,0.0019810931050059,0.1402780313104211,-0.2928531725956825,-0.4007932356087297
0.976551300245065,0.0763194880109709,0.0012775084620772,0.1397228697924282,-0.2968629726993021,-0.4008708943468044
0.976793738077785,0.0757998665545639,0.0005805022360336,0.1391601725573125,-0.3008852336893385,-0.4009156575560486
0.9770329039072216,0.0752782295955607,-0.0001099501296247,0.1385899478989192,-0.3049198312281345,-0.4009270805647056
0.977268832173907,0.0747546253833338,-0.0007938734123051,0.1380122024146961,-0.3089666314927873,-0.4009047145213268
0.977501557274909,0.0742291006332023,-0.0014712930763398,0.1374269406112716,-0.313025493889719,-0.4008481064653775
0.9777311131115112,0.0737017015414854,-0.0021422339639107,0.1368341660396456,-0.3170962631493753,-0.4007567995374685
0.9779575330274568,0.0731724739861961,-0.0028067201018988,0.1362338815649446,-0.3211787677269458,-0.4006303333661995
0.978180850015714,0.0726414631000112,-0.0034647752969832,0.1356260889268771,-0.325272823040585,-0.4004682443251715
0.9784010966847247,0.0721087133805496,-0.0041164230323805,0.135010788897114,-0.3293782305550013,-0.4002700658407142
0.9786183053351352,0.07157426853509,-0.0047616866908593,0.1343879811327533,-0.3334947789095929,-0.4000353286205085
0.9788325080146486,0.071038171361374,-0.0054005897177526,0.1337576640628287,-0.3376222447633146,-0.3997635608413243
0.9790437363568508,0.070500464168624,-0.0060331551395233,0.1331198354110835,-0.3417603894793684,-0.3994542886189877
0.9792520216205132,0.0699611887167748,-0.0066594056745597,0.1324744921662871,-0.3459089595224445,-0.399107036327022
0.9794573949197378,0.0694203856393106,-0.0072793644238946,0.1318216299229455,-0.3500676908243395,-0.3987213265083525
0.9796598868929176,0.068878095319982,-0.007893053874182,0.131161243963914,-0.3542363019657758,-0.3982966807381138
0.9798595279444452,0.0683343572857373,-0.0085004966228391,0.1304933285684084,-0.3584144987736405,-0.3978326195391694
0.9800563481304644,0.0677892105281213,-0.0091017150309608,0.1298178774371138,-0.3626019717783993,-0.3973286629367229
0.9802503772606732,0.0672426932426441,-0.0096967315317115,0.1291348834077099,-0.3667983981470678,-0.3967843305529963
0.9804416447171722,0.0666948433566171,-0.0102855680730837,0.128444339152122,-0.3710034375631682,-0.396199142464417
0.9806301797282558,0.0661456977731424,-0.0108682469562542,0.1277462362692965,-0.3752167379673992,-0.3955726187812123
0.9808160111029676,0.0655952931457874,-0.0114447900172211,0.127040566300207,-0.3794379295508414,-0.3949042808155003
0.9809991674342516,0.0650436653086285,-0.0120152192514817,0.1263273200478327,-0.3836666290726247,-0.3941936508131006
0.9811796769349226,0.064490849779442,-0.0125795563029635,0.12560648826558,-0.3879024359496971,-0.3934402529397287
0.981357567653662,0.0639368811198037,-0.0131378231359749,0.1248780608699236,-0.3921449371147627,-0.3926436128106458
0.9815328672241987,0.0633817937184901,-0.0136900412490974,0.1241420280063907,-0.396393700973211,-0.3918032589440143
0.9817056030623024,0.0628256212002374,-0.0142362322896901,0.1233983793224158,-0.4006482818985577,-0.3909187223371875
0.9818758022986452,0.0622683966437203,-0.0147764178423977,0.1226471042968997,-0.4049082185343762,-0.389989537157389
0.9820434916853732,0.0617101529093667,-0.0153106191288025,0.1218881927347609,-0.4091730312705011,-0.3890152417330994
0.9822086978051298,0.0611509219665505,-0.0158388576691891,0.1211216339069865,-0.4134422273742666,-0.3879953778405707
0.9823714468954912,0.0605907354851079,-0.0163611547224356,0.120347417400179,-0.4177152964664613,-0.3869294921333851
0.9825317649709328,0.0600296244368532,-0.0168775316734324,0.1195655326216374,-0.4219917135694972,-0.3858171358545961
0.9826896776516328,0.0594676197068139,-0.0173880094795232,0.118775969702039,-0.4262709344644709,-0.3846578664859572
0.982845210385702,0.0589047513302023,-0.0178926093834827,0.1179787184862838,-0.4305524015336097,-0.3834512466956127
0.98299838821484,0.0583410493436389,-0.0183913521526496,0.1171737697865539,-0.4348355373190636,-0.3821968465770166
0.9831492359986582,0.0577765429922067,-0.0188842588029466,0.1163611143184819,-0.4391197506070129,-0.3808942424478649
0.9832977782712956,0.0572112612641189,-0.0193713501304699,0.1155407435169472,-0.4434044324246665,-0.3795430184901486
0.9834440392761408,0.0566452327849533,-0.0198526468200821,0.1147126494489924,-0.4476889569245594,-0.3781427670480565
0.9835880429658804,0.0560784858369253,-0.0203281694415753,0.1138768249049047,-0.4519726813322137,-0.3766930892023029
0.983729813025348,0.0555110482867929,-0.0207979385213738,0.1130332633546847,-0.456254946598533,-0.3751935951124181
0.9838693727911876,0.0549429479286783,-0.0212619742719816,0.1121819595239398,-0.4605350749384146,-0.3736439054748045
0.9840067453517066,0.0543742121087013,-0.0217202969180057,0.1113229089055503,-0.4648123728087954,-0.372043651108334
0.9841419535069847,0.0538048679023138,-0.0221729265602415,0.110456108089488,-0.4690861297285307,-0.3703924739760471
0.9842750197266904,0.0532349423190952,-0.0226198830291924,0.1095815551478752,-0.4733556169247035,-0.3686900283836548
0.9844059661883364,0.0526644621739081,-0.0230611860071727,0.1086992495170655,-0.4776200885086603,-0.3669359812470821
0.9845348147682624,0.0520934541540178,-0.0234968549927456,0.1078091921771912,-0.4818787812003435,-0.3651300129227726
0.9846615870424776,0.0515219448468593,-0.0239269092979675,0.1069113857746157,-0.4861309143729037,-0.363271817944914
0.9847863042903332,0.0509499607559989,-0.024351368055202,0.1060058347276664,-0.4903756902100197,-0.3613611057381617
0.9849089874840484,0.0503775283836672,-0.0247702501756991,0.105092545440083,-0.4946122933961575,-0.3593976015702437
0.9850296573140218,0.0498046741489219,-0.0251835744301588,0.1041715262551165,-0.49883989205258,-0.3573810469624044
0.9851483341039756,0.0492314248321479,-0.025591359151689,0.1032427882592972,-0.5030576348213203,-0.3553112019783978
0.9852650379544906,0.0486578069325354,-0.0259936227216558,0.1023063443375538,-0.507264655997268,-0.3531878436804392
0.9853797885909596,0.0480838474458961,-0.026390383041125,0.1013622105252701,-0.5114600702322513,-0.3510107696834724
0.9854926054949054,0.0475095732694692,-0.0267816579767414,0.1004104051335688,-0.5156429773671077,-0.348779796735264
0.985603507841772,0.0469350115512865,-0.0271674651406467,0.0994509494126013,-0.5198124603606252,-0.346494762763911
0.9857125144863036,0.0463601898227449,-0.0275478218326635,0.098483867874007,-0.5239675848694233,-0.3441555282196333
0.9858196440098912,0.0457851358075733,-0.0279227451986907,0.0975091880718087,-0.5281074012099354,-0.3417619761212914
0.9859249147034262,0.0452098775630124,-0.0282922521652856,0.0965269409370733,-0.5322309439446342,-0.3393140134170121
0.9860283445564832,0.0446344435989412,-0.0286563593954214,0.0955371610837305,-0.5363372316861716,-0.3368115723164124
0.9861299513098704,0.0440588626454931,-0.0290150834675651,0.0945398865105472,-0.5404252694526896,-0.3342546101000173
0.9862297524211278,0.0434831638991951,-0.0293684407492262,0.0935351591218927,-0.5444940476390295,-0.331643110977684
0.986327765114068,0.0429073767963549,-0.0297164475671649,0.092523024431076,-0.5485425443920998,-0.3289770858590599
0.9864240063008008,0.0423315315287285,-0.0300591199258207,0.0915035325631292,-0.5525697227967239,-0.3262565755207489
0.9865184926555128,0.0417556586818066,-0.0303964737636136,0.0904767377241537,-0.5565745343035902,-0.3234816497767517
0.9866112406817912,0.0411797888694005,-0.0307285251903885,0.0894426976339121,-0.5605559221387412,-0.3206524064050409
0.9867022665662412,0.0406039536894396,-0.031055289960447,0.0884014753251581,-0.5645128156065033,-0.3177689765220141
0.986791586326264,0.0400281848741354,-0.0313767839972241,0.0873531377128543,-0.5684441369645222,-0.3148315211757677
0.9868792157688442,0.0394525145918648,-0.0316930232433968,0.086297756214476,-0.572348800329721,-0.311840233469526
0.9869651704989948,0.0388769754474992,-0.0320040236884016,0.0852354068307863,-0.5762257127247034,-0.3087953392168327
0.9870494659306868,0.038301600463818,-0.0323098014053093,0.0841661701873304,-0.5800737752868461,-0.3056970974624748
0.9871321173040486,0.0377264230149138,-0.0326103726109809,0.0830901314801321,-0.583891884824936,-0.3025458006937821
0.987213139720002,0.0371514766251265,-0.0329057537906373,0.0820073801578106,-0.587678936271482,-0.2993417742228146
0.9872925481066468,0.0365767952414461,-0.0331959615743576,0.0809180104844635,-0.5914338220209906,-0.296085378122893
0.9873703572874624,0.0360024127790761,-0.0334810129850082,0.0798221207265816,-0.5951554360733836,-0.2927770050582816
0.9874465818787282,0.0354283639093937,-0.0337609250616526,0.0787198146945658,-0.5988426701081274,-0.2894170851479808
0.9875212364833508,0.0348546826438617,-0.0340357155696747,0.0776111990641452,-0.6024944238181867,-0.2860060780191177
0.987594335552795,0.0342814033696002,-0.0343054024947197,0.0764963853710945,-0.6061095993819238,-0.2825444789460912
0.9876658934570454,0.0337085603343491,-0.034570004299377,0.0753754890326247,-0.609687105953856,-0.2790328159429285
0.987735924471996,0.0331361877471463,-0.0348295398767267,0.0742486295415917,-0.6132258601949343,-0.2754716503844401
0.9878044428106116,0.0325643195233405,-0.035084028665674,0.0731159299557254,-0.6167247890146264,-0.2718615753752748
0.9878714626248428,0.0319929892490354,-0.0353334906584659,0.0719775168014935,-0.620182830898681,-0.2682032153488231
0.9879369980293438,0.0314222299502007,-0.0355779464893223,0.0708335195772419,-0.6235989383848516,-0.2644972243243651
0.9880010630491536,0.0308520745168492,-0.0358174172392426,0.0696840715591153,-0.6269720765864115,-0.2607442883364916
0.9880636716593088,0.0302825553404369,-0.0360519245826846,0.0685293090313133,-0.6303012264577208,-0.2569451227626101
0.988124837851888,0.0297137036449864,-0.0362814910387167,0.0673693698593741,-0.633585389655239,-0.253100467329237
0.9881845755609956,0.0291455500951367,-0.0365061396899605,0.066204394638295,-0.6368235858555168,-0.2492110895237601
0.988242898671753,0.0285781246659759,-0.0367258942145566,0.0650345263513643,-0.6400148544431732,-0.2452777831357228
0.988299821024901,0.0280114565408517,-0.0369407789015177,0.0638599100735497,-0.6431582559649103,-0.2413013668882545
0.9883553564427212,0.0274455737773276,-0.0371508187465465,0.0626806921791692,-0.6462528747693906,-0.23728268132332
0.9884095187492816,0.0268805029876445,-0.0373560395269617,0.0614970195540998,-0.6492978213790565,-0.2332225855895713
0.9884623216567564,0.0263162704248603,-0.0375564673681471,0.0603090417512389,-0.6522922272642271,-0.2291219643170134
0.9885137789075586,0.0257529004000259,-0.0377521292785381,0.0591169075503579,-0.6552352539471527,-0.2249817152744626
0.9885639041541484,0.0251904164421251,-0.0379430526897919,0.0579207672615651,-0.6581260872933489,-0.2208027567175018
0.9886127110179452,0.0246288405554714,-0.0381292656757246,0.0567207710239956,-0.6609639418779641,-0.2165860209139426
0.9886602130718554,0.0240681932768647,-0.0383107968809627,0.0555170687775537,-0.6637480609871814,-0.2123324533954526
0.9887064238204232,0.0235084937759083,-0.0384876754394119,0.0543098103302176,-0.6664777163888707,-0.2080430125560541
0.9887513566788528,0.0229497599903479,-0.0386599308872882,0.0530991455063155,-0.6691522079396414,-0.2037186695581797
0.9887950249998751,0.0223920081683138,-0.0388275932589003,0.0518852230080211,-0.6717708659732685,-0.1993604036331935
0.988837442026974,0.0218352533174095,-0.0389906928996749,0.0506681912367008,-0.6743330492526016,-0.1949692043587971
0.9888786209294812,0.021279508614997,-0.0391492605927612,0.0494481968545219,-0.6768381477526852,-0.1905460658260255
0.9889185747843936,0.0207247854693709,-0.0393033274809233,0.0482253847515946,-0.6792855822138458,-0.1860919858045633
0.9889573164906637,0.0201710945764764,-0.0394529247266388,0.0469999002259116,-0.6816747994231864,-0.1816079730406314
0.9889948588836912,0.0196184441821327,-0.0395980839439151,0.0457718849985163,-0.6840052797096856,-0.1770950320789303
0.9890312146089631,0.0190668417324373,-0.0397388367003514,0.0445414807116626,-0.6862765295770101,-0.1725541753977369
0.9890663961971764,0.0185162926429553,-0.039875214796785,0.0433088260505741,-0.6884880866962689,-0.1679864122138974
0.9891004159959924,0.0179668011815796,-0.0400072499922407,0.0420740585638935,-0.6906395159367688,-0.1633927545623959
0.9891332862019068,0.0174183698353789,-0.0401349741160923,0.0408373131051368,-0.6927304115859103,-0.1587742109150626
0.989165018834448,0.0168709995606513,-0.040258418956577,0.0395987222486638,-0.6947603958992589,-0.1541317871032729
0.9891956257001072,0.0163246902764301,-0.0403776161085512,0.0383584172743317,-0.6967291168914286,-0.1494664894423776
0.9892251184233638,0.0157794402052646,-0.0404925970820746,0.0371165265472823,-0.6986362503650394,-0.144779318106111
0.9892535084170778,0.0152352462508155,-0.0406033931750486,0.035873176244636,-0.7004814980159768,-0.1400712693001868
0.9892808068766068,0.0146921039847968,-0.0407100354379246,0.0346284902054627,-0.7022645869981321,-0.1353433341783513
0.9893070247724514,0.0141500076631984,-0.0408125546326196,0.0333825898511243,-0.703985269347884,-0.1305964980383304
0.98933217284902,0.0136089501134232,-0.0409109812153424,0.0321355938120717,-0.7056433217686952,-0.1258317384115016
0.9893562616055056,0.0130689230029368,-0.041005345249438,0.0308876184372408,-0.7072385441975062,-0.1210500265378469
0.9893793012767814,0.0125299171801817,-0.0410956763180781,0.0296387784850457,-0.7087707583127593,-0.1162523295939968
0.9894013018513856,0.0119919221818361,-0.041182003582386,0.0283891858910113,-0.7102398084696612,-0.1114396055643017
0.9894222730628384,0.0114549262952197,-0.0412643557353682,0.0271389498161442,-0.7116455608520996,-0.1066128030107131
0.9894422243625176,0.0109189171473761,-0.041342760883417,0.0258881779321871,-0.7129879013473657,-0.1017728656597347
0.989461164951306,0.0103838807757304,-0.0414172466588274,0.0246369741742178,-0.7142667373393106,-0.096920723361
0.9894791037407168,0.0098498025445493,-0.0414878400554951,0.0233854407993041,-0.7154819947449295,-0.0920572997043692
0.9894960493535976,0.0093166671004349,-0.0415545674201951,0.0221336782172423,-0.716633617678731,-0.0871835110728223
0.9895120101339384,0.0087844579942293,-0.0416174544800868,0.0208817840376026,-0.7177215687300206,-0.0823002626426595
0.9895269941267903,0.0082531582447315,-0.0416765262528261,0.0196298543319142,-0.7187458271971127,-0.0774084530237394
0.9895410090888226,0.0077227499346717,-0.0417318070776323,0.0183779826271118,-0.7197063893942242,-0.0725089700801303
0.989554062480778,0.0071932143814847,-0.0417833205754048,0.0171262602527633,-0.7206032677198497,-0.0676026920385148
0.9895661614545276,0.0066645326306067,-0.0418310895877808,0.0158747774596559,-0.7214364893413522,-0.0626904916551427
0.9895773128698688,0.0061366847298732,-0.041875136233953,0.0146236216597836,-0.7222060969215772,-0.0577732291104897
0.9895875232785782,0.0056096503524576,-0.041915481838622,0.0133728788582055,-0.7229121470935927,-0.0528517574314838
0.9895967989297564,0.0050834085307389,-0.0419521469443858,0.0121226329853323,-0.7235547104004891,-0.0479269196925455
0.9896051457654272,0.0045579378428009,-0.0419851512860235,0.0108729663046891,-0.7241338705653976,-0.0429995504540111
0.9896125694174424,0.0040332166347916,-0.0420145137703239,0.0096239599114699,-0.7246497238539111,-0.0380704775802309
0.9896190752136758,0.0035092226238827,-0.0420402524930679,0.0083756927598437,-0.7251023790875205,-0.0331405182640483
0.9896246681724596,0.0029859332604948,-0.0420623847099267,0.0071282424988381,-0.7254919568476177,-0.0282104821940806
0.98962935300307,0.0024633257854437,-0.0420809268316958,0.0058816855862427,-0.7258185891067819,-0.0232811718894439
0.9896331341056824,0.0019413774331595,-0.0420958944178576,0.004636097753323,-0.7260824188323703,-0.0183533844313576
0.9896360155779736,0.0014200646192181,-0.0421073021968787,0.0033915520469125,-0.7262836000641628,-0.013427903615617
0.9896380012077144,0.0008993639751003,-0.0421151640314816,0.0021481212813183,-0.7264222970251772,-0.0085055095575872
0.9896390944773517,0.0003792521530779,-0.0421194929317897,0.0009058775582789,-0.7264986840798794,-0.0035869767099576
0.9896392985662869,-0.0001402945853965,-0.0421203010597839,-0.0003351087302748,-0.7265129455439252,0.001326930167236
0.9896386163507545,-0.0006592998557174,-0.0421175997246739,-0.001574767687612,-0.7264652753382588,0.0062354512741153
0.9896370474671126,-0.0011785459625284,-0.0421113877516413,-0.0028148419576274,-0.7263556715323324,0.0111450051963348
0.9896345890498932,-0.0016982817502024,-0.0421016544057318,-0.0040557994228572,-0.72618398802771,0.0160569608378031
0.9896312380385556,-0.0022185303470046,-0.0420883885294519,-0.0052975682171924,-0.7259500960250118,0.0209705476199861
0.9896269910791,-0.0027393140156199,-0.0420715781571761,-0.0065400738221058,-0.7256538774343764,0.0258849823124093
0.9896218445132182,-0.003260655654182,-0.0420512104765893,-0.0077832426664945,-0.72529522441477,0.030799483369878
0.989615794387804,-0.0037825774050798,-0.0420272718711382,-0.0090269988256673,-0.724874040343939,0.0357132579735483
0.9896088364469756,-0.0043051014974456,-0.0419997478936556,-0.0102712660512459,-0.7243902395778723,0.040625510164118
0.989600966134678,-0.0048282498655937,-0.0419686232822647,-0.0115159668826826,-0.7238437479568564,0.0455354374401087
0.9895921786008716,-0.0053520437778097,-0.0419338819908568,-0.0127610217891217,-0.7232345035666831,0.0504422274982045
0.9895824686918226,-0.0058765044763119,-0.0418955071570797,-0.0140063507184739,-0.7225624564026665,0.0553450644749745
0.9895718309476608,-0.0064016531490412,-0.0418534810995186,-0.015251873054771,-0.7218275685484125,0.0602431289026501
0.989560259611328,-0.0069275104080248,-0.0418077853602708,-0.0164975064087051,-0.7210298151469907,0.0651355930901578
0.9895477486484566,-0.0074540955393398,-0.041758400790955,-0.01774316487953,-0.7201691861198758,0.0700216144759799
0.9895342917045518,-0.0079814284225469,-0.0417053073915866,-0.0189887636364083,-0.7192456835715219,0.0749003537872325
0.9895198821301884,-0.0085095283096866,-0.0416484844184502,-0.0202342160607763,-0.7182593238880534,0.0797709639810942
0.989504512995098,-0.0090384134010708,-0.0415879104482949,-0.0214794327912394,-0.7172101390544238,0.0846325867173703
0.9894881770814437,-0.0095681012156577,-0.0415235633607441,-0.0227243226478945,-0.7160981765391715,0.0894843562026603
0.9894708668768468,-0.0100986088473983,-0.0414554203201624,-0.0239687932835303,-0.7149234991668164,0.0943254019505829
0.989452574570388,-0.0106299530554162,-0.0413834577696778,-0.0252127514416781,-0.7136861851964188,0.0991548500000105
0.9894332920900334,-0.0111621492082105,-0.0413076515884211,-0.0264561005393967,-0.7123863311892535,0.1039718137771467
0.9894130110804308,-0.0116952120499971,-0.0412279770143078,-0.0276987425275802,-0.7110240508185931,0.1087754016098412
0.989391722908288,-0.0122291555842343,-0.0411444086757233,-0.02894057768038,-0.7095994755439119,0.1135647161864857
0.9893694186717809,-0.0127639928898689,-0.0410569206392332,-0.0301815042350201,-0.708112755535332,0.1183388534650775
0.9893460891942104,-0.0132997363354306,-0.0409654863956898,-0.0314214189603596,-0.7065640595273525,0.1230969051778129
0.9893217250653656,-0.0138363967104569,-0.0408700790334701,-0.0326602152248736,-0.7049535778160615,0.1278379517602549
0.9892963165956652,-0.0143739843666587,-0.0407706710700293,-0.0338977857203022,-0.7032815194415435,0.1325610731634018
0.989269853847339,-0.0149125085647851,-0.0406672345856323,-0.0351340210321696,-0.7015481144679657,0.1372653437269047
0.9892423266861294,-0.0154519765668849,-0.0405597414367373,-0.0363688076562454,-0.6997536175231083,0.1419498250640972
0.989213724679933,-0.0159923957617931,-0.0404481628715495,-0.0376020329674634,-0.6978983013114302,0.1466135853613484
0.9891840372041976,-0.0165337716498254,-0.0403324699534702,-0.0388335806977891,-0.6959824636108456,0.151255682618226
0.989153253391042,-0.0170761089352034,-0.0402126333741103,-0.0400633335382301,-0.6940064240296314,0.1558751749577419
0.989121362192896,-0.0176194104887126,-0.0400886237127607,-0.0412911708907866,-0.6919705281310126,0.1604711126342324
0.9890883523513492,-0.0181636780456146,-0.039960411326341,-0.0425169705720869,-0.6898751453934948,0.1650425449528286
0.9890542123950192,-0.0187089123205727,-0.0398279663527337,-0.0437406091817123,-0.6877206690327052,0.1695885221189818
0.9890189306734768,-0.0192551125528891,-0.0396912588538753,-0.0449619611953956,-0.6855075180527374,0.1741080923637828
0.9889824953577686,-0.0198022766273965,-0.0395502588287364,-0.0461808993627582,-0.683236137111687,0.178600303965867
0.988944894467339,-0.0203504007974696,-0.0394049363282123,-0.0473972942201335,-0.680906997980671,0.1830642040170933
0.9889061158441594,-0.0208994801940987,-0.039255261365536,-0.0486110153541257,-0.6785205976641532,0.1874988436376139
0.9888661472046032,-0.0214495081981643,-0.0391012041268785,-0.0498219301425506,-0.6760774612828836,0.1919032739329689
0.988824976108842,-0.0220004770057348,-0.0389427348629598,-0.0510299051409232,-0.6735781398007472,0.1962765516503147
0.988782589989624,-0.022552377343518,-0.0387798240095915,-0.0522348055880153,-0.6710232113573429,0.2006177379510885
0.9887389761864032,-0.023105198164316,-0.0386124423276434,-0.0534364948847174,-0.6684132828079125,0.2049258971557113
0.9886941218953612,-0.0236589274177126,-0.0384405607195657,-0.0546348364131881,-0.6657489861562595,0.2092001038890705
0.9886480142609576,-0.0242135510267677,-0.0382641505885392,-0.0558296914556782,-0.663030983393884,0.2134394362383924
0.9886006402848126,-0.0247690541351577,-0.038083183496848,-0.0570209220313405,-0.6602599604091136,0.217642986468845
0.9885519869329012,-0.0253254199357632,-0.0378976315830361,-0.0582083885085205,-0.6574366325710269,0.2218098531417583
0.98850204107732,-0.0258826304940447,-0.0377074673454271,-0.0593919515143805,-0.654561740494565,0.2259391484768289
0.9884507895421926,-0.0264406663385051,-0.0375126638230203,-0.0605714711936817,-0.6516360518527717,0.2300299963286109
0.9883982191032392,-0.0269995065984472,-0.0373131945985992,-0.0617468076400216,-0.6486603604114225,0.2340815342927749
0.9883443164698832,-0.0275591293059354,-0.0371090337353895,-0.0629178216597652,-0.6456354840546517,0.2380929169027494
0.9882890683195285,-0.0281195111370509,-0.0369001559111347,-0.0640843743503862,-0.6425622657206278,0.2420633147098335
0.9882324612878562,-0.0286806276221846,-0.0366865363845453,-0.0652463276619844,-0.6394415717924917,0.2459919167355468
0.988174481997018,-0.0292424529689555,-0.0364681511043483,-0.066403544146716,-0.6362742925508714,0.2498779301326137
0.9881151170473498,-0.0298049602536593,-0.0362449766796854,-0.0675558874700812,-0.6330613405502847,0.2537205824130333
0.9880543529750409,-0.0303681219037746,-0.0360169902228023,-0.0687032234976465,-0.6298036471802062,0.2575191255016417
0.9879921763306384,-0.0309319090377192,-0.03578416964523,-0.069845419036668,-0.6265021657215774,0.2612728319486807
0.9879285736491764,-0.031496291842241,-0.0355464935454007,-0.0709823427033432,-0.6231578684725976,0.2649809982269377
0.987863531412552,-0.0320612399728846,-0.035303941068276,-0.0721138658063501,-0.6197717435497492,0.2686429479461185
0.9877970360909374,-0.0326267222423033,-0.0350564920601026,-0.0732398617841875,-0.6163447958474749,0.2722580302962079
0.987729074154402,-0.0331927065943342,-0.0348041271102974,-0.074360206223743,-0.612878046347245,0.2758256204074631
0.9876596319862442,-0.0337591608776202,-0.0345468272285073,-0.0754747784446981,-0.6093725264468837,0.2793451246183632
0.9875886959949708,-0.0343260519568618,-0.0342845742590944,-0.0765834597827844,-0.6058292824323942,0.2828159751812759
0.9875162525050944,-0.0348933466459582,-0.0340173504747128,-0.0776861354620532,-0.6022493687208184,0.2862376363167495
0.9874422878285112,-0.0354610111612191,-0.0337451388387747,-0.0787826935452561,-0.5986338502338099,0.2896096009937511
0.9873667881789668,-0.0360290118083037,-0.0334679226884465,-0.0798730262794757,-0.594983797003209,0.2929313951268839
0.987289739742054,-0.0365973144549112,-0.0331856859907385,-0.0809570290780608,-0.5913002864536472,0.2962025744201335
0.9872111286017003,-0.037165885092469,-0.0328984130708066,-0.0820346015932628,-0.5875843987243768,0.299422727578491
0.9871309407967218,-0.0377346894210109,-0.0326060888173733,-0.0831056469094555,-0.5838372182839277,0.3025914737712578
0.9870491622376308,-0.0383036934443157,-0.0323086983772554,-0.0841700726456942,-0.5800598289587492,0.3057084657740727
0.9869657787056582,-0.0388728634428052,-0.032006227151949,-0.0852277908570995,-0.5762533129784135,0.3087733894189087
0.9868807759266792,-0.0394421654517202,-0.0316986610647237,-0.086278717023333,-0.5724187534006144,0.311785960426683
0.9867941394496904,-0.0400115660693633,-0.0313859861189021,-0.0873227715019701,-0.5685572276572031,0.3147459283483934
0.9867058546885356,-0.0405810321332836,-0.0310681885495475,-0.0883598788628617,-0.5646698086581835,0.3176530742933812
0.9866159069219762,-0.0411505306916862,-0.0307452548232839,-0.0893899677746562,-0.5607575639815334,0.3205072102722532
0.986524281269377,-0.0417200291273703,-0.0304171715507121,-0.0904129711626671,-0.5568215540440365,0.3233081792684134
0.9864309626347348,-0.0422894954588702,-0.0300839252871468,-0.0914288266688819,-0.5528628290388201,0.3260558560583245
0.9863359357777176,-0.0428588978536595,-0.0297455027881777,-0.0924374756952184,-0.5488824313617945,0.328750144145132
0.9862391852392524,-0.0434282050396726,-0.0294018907450893,-0.0934388640545296,-0.5448813918573466,0.3313909770651631
0.9861406953470584,-0.0439973862142157,-0.0290530758072764,-0.0944329417132768,-0.5408607295677542,0.3339783171807007
0.986040450208747,-0.0445664110304004,-0.0286990445603971,-0.0954196626723123,-0.5368214509901227,0.3365121548449358
0.9859384337245052,-0.0451352494748992,-0.0283397835737131,-0.0963989846598469,-0.5327645501515672,0.3389925070873163
0.9858346295599084,-0.0457038719731269,-0.0279752793067715,-0.097370869218672,-0.5286910071129912,0.3414194173103904
0.985729021102049,-0.0462722495708102,-0.0276055179593299,-0.0983352819127391,-0.5246017859391113,0.3437929552292251
0.9856215915178076,-0.0468403535591742,-0.0272304856799687,-0.0992921915848237,-0.5204978367021302,0.3461132144514706
0.9855123237113456,-0.0474081556554986,-0.0268501684207945,-0.1002415705657148,-0.5163800935529559,0.3483803124449253
0.9854012003007968,-0.0479756280662494,-0.0264645518612527,-0.1011833946745474,-0.5122494736535801,0.3505943899438051
0.9852882036638576,-0.0485427431986971,-0.0260736215713488,-0.1021176426364933,-0.5081068787083164,0.3527556089896236
0.9851733158934468,-0.0491094738393994,-0.0256773628622441,-0.1030442962813353,-0.5039531931459893,0.3548641528386425
0.9850565188117302,-0.0496757930322283,-0.0252757608399821,-0.1039633402423922,-0.499789284521399,0.3569202246902835
0.9849377939356012,-0.0502416741959176,-0.0248688002921267,-0.1048747620481495,-0.4956160021973114,0.3589240473153085
0.9848171224945924,-0.0508070909841087,-0.0244564657554473,-0.1057785517948422,-0.4914341779499235,0.3608758617414048
0.984694485470201,-0.0513720170592582,-0.0240387416552346,-0.1066747016928765,-0.4872446272624983,0.3627759257266948
0.9845698635435468,-0.0519364262989236,-0.0236156121312372,-0.1075632063075274,-0.4830481474544605,0.3646245137495084
0.9844432370831814,-0.0525002928026229,-0.0231870610026242,-0.1084440624742451,-0.4788455173017873,0.3664219162623221
0.9843145862073474,-0.0530635905725973,-0.0227530719844286,-0.1093172687100069,-0.4746374991227722,0.3681684379470671
0.9841838906978247,-0.0536262938578378,-0.0223136284016221,-0.1101828256640242,-0.4704248359497502,0.3698643981091388
0.9840511300972712,-0.0541883766921566,-0.0218687135227408,-0.1110407353186665,-0.4662082547436146,0.3715101285704033
0.9839162836408244,-0.0547498131599847,-0.0214183103343004,-0.1118910013214192,-0.4619884641975478,0.3731059738407916
0.983779330240848,-0.0553105774190175,-0.0209624014962931,-0.1127336289342972,-0.4577661543707712,0.374652290496511
0.9836402485635656,-0.0558706433516388,-0.0205009696030017,-0.1135686244308551,-0.4535419991439137,0.3761494455748177
0.983499016992581,-0.0564299846929438,-0.0200339970651754,-0.1143959952203719,-0.4493166551160508,0.3775978163632007
0.9833556135862104,-0.0569885751690342,-0.0195614659742131,-0.1152157499784717,-0.4450907604315611,0.378997790153348
0.983210016152968,-0.0575463881712167,-0.0190833583564861,-0.1160278980956384,-0.4408649371334888,0.380349762825856
0.9830622022390442,-0.0581033967890947,-0.0185996561349105,-0.1168324496652297,-0.4366397908286567,0.3816541384268538
0.982912149077,-0.0586595739819894,-0.0181103409650121,-0.1176294156671009,-0.4324159093133056,0.3829113290395966
0.982759833594272,-0.059214892516096,-0.0176153942684201,-0.1184188078083548,-0.4281938629856207,0.3841217540767863
0.9826052324977792,-0.0597693246352655,-0.0171147975116478,-0.1192006379949598,-0.4239742073035444,0.3852858390609176
0.9824483222051434,-0.0603228422989683,-0.0166085319849173,-0.1199749186165385,-0.4197574809464977,0.3864040156906858
0.9822890787956894,-0.0608754173283533,-0.0160965786490713,-0.1207416626885588,-0.4155442046784773,0.3874767216239941
0.9821274781897243,-0.0614270207636576,-0.0155789187157316,-0.1215008829043203,-0.4113348862374021,0.3885043987600914
0.981963495932326,-0.0619776235994342,-0.0150555329548441,-0.1222525926040046,-0.4071300147312673,0.3894874942341493
0.981797107339736,-0.0625271962602376,-0.0145264021681821,-0.1229968049965761,-0.4029300646469341,0.3904264589717481
0.9816282874707024,-0.0630757086890544,-0.0139915070988888,-0.1237335332368379,-0.3987354951973381,0.3913217474682078
0.981457011070598,-0.0636231305126814,-0.0134508282571173,-0.1244627905992611,-0.3945467490843152,0.3921738176488518
0.9812832526620766,-0.0641694307328856,-0.0129043462094692,-0.1251845900176058,-0.3903642548959211,0.3929831299752852
0.981106986459415,-0.064714577986777,-0.0123520413105281,-0.1258989443881423,-0.3861884251568216,0.3937501474755139
0.9809281863749054,-0.0652585405032668,-0.0117938937270879,-0.1266058664631774,-0.3820196567081184,0.3944753352690601
0.9807468261149734,-0.0658012857956748,-0.0112298837403222,-0.1273053684094184,-0.3778583331174023,0.3951591597946302
0.9805628790348117,-0.0663427810877922,-0.0106599912943166,-0.1279974623202003,-0.3737048214727353,0.3958020890214607
0.9803763182883274,-0.0668829928495092,-0.0100841964644412,-0.1286821595770765,-0.3695594760068868,0.396404591519312
0.9801871167209656,-0.0674218871020135,-0.0095024791259615,-0.129359471204772,-0.3654226358253049,0.3969671365096557
0.9799952469048904,-0.0679594292968988,-0.0089148190652769,-0.1300294076784166,-0.3612946259046236,0.3974901933909683
0.9798006811086448,-0.0684955843843478,-0.0083211958890239,-0.1306919789716175,-0.3571757566434239,0.3979742314843992
0.9796033913080296,-0.0690303167623221,-0.0077215890602204,-0.1313471944555427,-0.3530663243288582,0.398419719660464
0.9794033493207436,-0.0695635899016792,-0.0071159783074766,-0.1319950624096439,-0.3489666140978691,0.3988271257552246
0.9792005264764632,-0.0700953672145716,-0.006504342626331,-0.1326355910472254,-0.3448768933427513,0.399196916966666
0.9789948939562234,-0.0706256111250244,-0.0058866613103408,-0.1332687873498039,-0.3407974189369452,0.3995295588322352
0.9787864226190188,-0.0711542835172129,-0.0052629134267894,-0.1338946575834202,-0.336728433871896,0.3998255153145303
0.9785750829965264,-0.0716813457232037,-0.004633077804591,-0.1345132072493784,-0.3326701674325836,0.4000852484964913
0.9783608454561128,-0.0722067581003807,-0.0039971335209906,-0.1351244405608302,-0.3286228385340237,0.4003092181241299
0.9781436798773404,-0.072730480812243,-0.0033550589410595,-0.1357283613270103,-0.3245866497895098,0.400497881713711
0.977923555928944,-0.0732524731184194,-0.0027068325447105,-0.136324972093599,-0.3205617930577782,0.4006516939627518
0.9777004430184736,-0.0737726934885748,-0.00205243277582,-0.1369142742557662,-0.3165484486465738,0.4007711066055943
0.9774743101964436,-0.0742910998071484,-0.0013918377621613,-0.137496268265844,-0.3125467838102223,0.4008565682376378
0.9772451262051672,-0.0748076492322746,-0.0007250254620929,-0.138070953445637,-0.3085569539106043,0.4009085240384254
0.9770128595355968,-0.0753222980485228,-5.19738308117e-05,-0.1386383278005408,-0.3045791036263804,0.4009274155508769
0.976777478268978,-0.0758350019969665,0.0006273396372889,-0.1391983883615367,-0.3006133644699583,0.4009136804897056
0.9765389499860484,-0.0763457164263101,0.0013129381615006,-0.1397511313143644,-0.2966598536740579,0.400867752446932
0.9762972418881012,-0.0768543959827536,0.0020048453162196,-0.140296551627183,-0.2927186766407441,0.4007900606269671
0.9760523211297426,-0.0773609938929644,0.0027030840787478,-0.1408346422666006,-0.2887899325527142,0.4006810297996147
0.9758041546790158,-0.0778654622703729,0.0034076772397066,-0.1413653945281669,-0.2848737120643651,0.4005410802041221
0.9755527091503988,-0.0783677524437257,0.0041186478802758,-0.1418887983710983,-0.2809700948026058,0.4003706273278877
0.9752979507326872,-0.0788678150653184,0.004836019571235,-0.1424048425065008,-0.2770791485600885,0.4001700816565844
0.9750398453933156,-0.079365599676008,0.0055598157935184,-0.1429135139261934,-0.2732009327086596,0.3999398486508496
0.97477835885528,-0.079861054738901,0.0062900600068777,-0.1434147979291375,-0.2693354979726576,0.3996803286211484
0.97451345648036,-0.0803541278403342,0.0070267759770949,-0.1439086783119619,-0.2654828848857628,0.3993919164840029
0.9742451032345046,-0.080844765718157,0.0077699878681302,-0.1443951373762313,-0.2616431235779839,0.3990750015580019
0.9739732639552402,-0.0813329137456637,0.0085197195007826,-0.1448741554017796,-0.2578162378212065,0.3987299677471781
0.9736979029787068,-0.0818185165859962,0.0092759953850551,-0.1453457112814214,-0.2540022399074671,0.398357192974303
0.9734189845207184,-0.0823015174803138,0.0100388396689677,-0.145809781808889,-0.25020113622209,0.3979570495438177
0.9731364724055304,-0.0827818587068586,0.010808276886561,-0.1462663421165232,-0.2464129236298245,0.3975299036821956
0.97285033018997,-0.0832594813342404,0.0115843316173517,-0.1467153654236324,-0.2426375913900666,0.3970761155968267
0.972560521163206,-0.0837343251991441,0.0123670284895829,-0.1471568230064738,-0.2388751213064376,0.3965960393846836
0.9722670082511046,-0.0842063290350979,0.013156392439626,-0.1475906843064653,-0.2351254866664921,0.3960900227754929
0.9719697541901884,-0.084675430161736,0.0139524482445092,-0.1480169166318665,-0.2313886546583665,0.3955584073314575
0.9716687214180192,-0.085141564639311,0.0147552208209916,-0.1484354852930674,-0.2276645850938581,0.3950015281827696
0.9713638720999296,-0.0856046671974884,0.0155647351560003,-0.1488463535274683,-0.2239532309093913,0.3944197139879452
0.9710551681782194,-0.0860646711347444,0.0163810161797017,-0.1492494824017016,-0.2202545389003495,0.3938132869506154
0.9707425713120142,-0.0865215083833827,0.0172040889292472,-0.1496448308611441,-0.2165684491193099,0.3931825626299351
0.9704260429248251,-0.0869751094102401,0.0180339784267941,-0.1500323556338684,-0.2128948955817269,0.3925278499582449
0.9701055442478724,-0.0874254031301954,0.0188707095718274,-0.1504120111499778,-0.209233806869661,0.3918494512649926
0.9697810361901694,-0.0878723170617556,0.0197143074858378,-0.1507837496647858,-0.2055851047567706,0.3911476619338432
0.9694524795733094,-0.0883157769725178,0.0205647969063845,-0.151147520953655,-0.2019487069761057,0.3904227708374853
0.9691198350068068,-0.0887557070322755,0.0214222025212913,-0.1515032724366833,-0.1983245258567737,0.3896750600170239
0.9687830627555696,-0.0891920299541469,0.0222865493147703,-0.1518509492810096,-0.1947124670093086,0.3889048043097551
0.9684421231060076,-0.0896246664869189,0.0231578616332967,-0.1521904939850557,-0.1911124333669865,0.3881122721153305
0.9680969761627372,-0.0900535356640832,0.024036163721396,-0.1525218465769498,-0.187524322992536,0.3872977248872018
0.967747581665786,-0.0904785549939539,0.0249214801922673,-0.1528449447478344,-0.1839480272977459,0.3864614166261928
0.9673938995350004,-0.0908996397633212,0.02581383465574,-0.1531597233106125,-0.1803834367080751,0.3856035951134823
0.9670358894502534,-0.0913167035342627,0.0267132507986387,-0.1534661145778022,-0.1768304363258026,0.3847245008607098
0.9666735109597956,-0.0917296579789465,0.0276197521196065,-0.153764048224833,-0.1732889071097813,0.3838243672989829
0.9663067234869622,-0.0921384128410332,0.0285333619235382,-0.1540534512515978,-0.1697587259871084,0.3829034207283369
0.965935486523438,-0.0925428756950188,0.0294541028547081,-0.1543342478046647,-0.1662397677167574,0.3819618807409913
0.9655597594192292,-0.0929429521563875,0.030381997435958,-0.1546063593195335,-0.1627319028552483,0.3809999596317152
0.9651795016279404,-0.0933385455900661,0.0313170674772253,-0.1548697043110528,-0.159235000063201,0.380017862954831
0.9647946723535568,-0.0937295574531213,0.0322593349617656,-0.155124198593467,-0.1557489228321275,0.3790157885448493
0.9644052310351946,-0.0941158867623959,0.0332088208713799,-0.1553697549158467,-0.1522735339274341,0.3779939276960846
0.9640111371434528,-0.0944974302875698,0.0341655457095219,-0.1556062830860834,-0.1488086934401356,0.3769524645696367
0.9636123502418652,-0.0948740824646636,0.0351295293719977,-0.1558336899062552,-0.145354259290031,0.3758915762783826
0.9632088298641592,-0.0952457354827347,0.0361007914636884,-0.1560518792119578,-0.1419100861287416,0.3748114324785705
0.9628005356166012,-0.0956122791508716,0.0370793510691754,-0.1562607517742718,-0.1384760262216877,0.3737121955524713
0.9623874275526269,-0.0959736005414271,0.038065225881077,-0.1564602050882357,-0.1350519325000511,0.3725940215348973
0.961969465604347,-0.0963295844739152,0.0390584335873473,-0.1566501336359754,-0.131637653704757,0.371457058492425
0.9615466100341896,-0.0966801130832309,0.0400589908149306,-0.156830428627891,-0.1282330381013583,0.3703014476452043
0.9611188214811496,-0.0970250657683818,0.0410669130536714,-0.1570009779713997,-0.1248379336911055,0.3691273234024763
0.9606860606443652,-0.0973643194236723,0.0420822154316188,-0.1571616663715166,-0.1214521855882346,0.3679348123919998
0.9602482884895112,-0.0976977482311539,0.0431049122522085,-0.157312375201742,-0.1180756376243516,0.3667240339114404
0.9598054665627572,-0.0980252233985125,0.0441350162937507,-0.1574529823709489,-0.1147081346363769,0.3654951006858614
0.9593575566194232,-0.0983466134184229,0.0451725397110953,-0.1575833624250974,-0.1113495194639622,0.364248117724
0.9589045209128128,-0.0986617838224852,0.0462174933953201,-0.1577033864180526,-0.1079996350439994,0.3629831829937688
0.958446322220662,-0.098970597142603,0.0472698869512846,-0.157812921881346,-0.1046583244371293,0.3617003873693159
0.9579829236573272,-0.0992729130085109,0.0483297291651071,-0.1579118328347281,-0.1013254293236456,0.3603998139692114
0.9575142888716524,-0.0995685879771055,0.0493970275836519,-0.1579999796942148,-0.0980007913417283,0.3590815385659349
0.9570403822989282,-0.0998574753500259,0.050471787982457,-0.1580772191959255,-0.0946842536980604,0.3577456301484902
0.9565611687936209,-0.1001394253759699,0.0515540152428804,-0.1581434044287025,-0.0913756584053487,0.3563921497347415
0.956076614144282,-0.1004142849098703,0.0526437122277941,-0.1581983847159169,-0.0880748497110005,0.3550211516621913
0.9555866845902896,-0.1006818976665498,0.0537408809163969,-0.1582420056429316,-0.0847816705939847,0.3536326820548049
0.9550913473556772,-0.100942103884186,0.0548455212474888,-0.1582741089529479,-0.0814959662407801,0.3522267801573372
0.9545905704027692,-0.1011947404344525,0.0559576317208807,-0.1582945325354385,-0.0782175821809859,0.3508034774560021
0.9540843225662058,-0.1014396407157323,0.0570772091446154,-0.1583031103693022,-0.0749463650114032,0.3493627978678222
0.9535725737917444,-0.1016766345094128,0.0582042481584186,-0.1582996724792897,-0.0716821637326603,0.3479047582231268
0.9530552948663332,-0.1019055480791644,0.0593387418826373,-0.1582840448965739,-0.0684248278044941,0.3464293672919096
0.9525324572846016,-0.1021262041741392,0.0604806822540012,-0.1582560495817654,-0.0651742061939257,0.3449366251859768
0.9520040340955312,-0.102338421625538,0.0616300582256061,-0.1582155044076546,-0.0619301524796385,0.3434265255528786
0.9514699995957344,-0.1025420154678177,0.0627868565046902,-0.1581622231221956,-0.0586925226329156,0.3418990544733937
0.9509303293483898,-0.1027367969006974,0.0639510615713939,-0.1580960153030339,-0.0554611749026694,0.3403541902769835
0.9503850001788672,-0.1029225732536619,0.0651226557471595,-0.1580166863014016,-0.0522359695762805,0.338791903281055
0.9498339901892788,-0.1030991479363564,0.0663016192211261,-0.1579240371790589,-0.0490167688725807,0.3372121555747261
0.949277279416274,-0.1032663201961438,0.0674879287080005,-0.1578178647671576,-0.0458034405384255,0.3356149026390925
0.9487148488805022,-0.1034238853813489,0.0686815595449938,-0.1576979614425555,-0.0425958520766448,0.3340000903460298
0.9481466818576786,-0.1035716345257974,0.0698824830516631,-0.1575641153135211,-0.0393938778325067,0.3323676583202244
0.9475727629139652,-0.1037093545919913,0.071090668650448,-0.157416109963573,-0.0361973932124746,0.3307175368758485
0.946993078627808,-0.103836828235041,0.0723060824072117,-0.1572537245458695,-0.0330062785387513,0.3290496487846864
0.9464076174916164,-0.1039538337999156,0.0735286873159539,-0.1570767337052394,-0.0298204182091913,0.3273639086797659
0.9458163699706176,-0.1040601452705548,0.0747584432502869,-0.1568849075276467,-0.0266397007616391,0.3256602228995868
0.9452193285343392,-0.1041555322202651,0.0759953069724344,-0.1566780114752045,-0.0234640187964259,0.3239384892426184
0.9446164881596766,-0.1042397596945249,0.0772392311705831,-0.1564558064915298,-0.02029327137829,0.3221985980719645
0.944007845877474,-0.1043125882486798,0.0784901654806616,-0.1562180487762126,-0.0171273613401058,0.3204404306512192
0.943393401260983,-0.1043737738358626,0.0797480555592287,-0.1559644898846779,-0.013966197590128,0.3186638601856476
0.9427731563831824,-0.1044230677794714,0.0810128432586444,-0.1556948766418137,-0.0108096945907543,0.3168687513205355
0.9421471160289588,-0.104460216716437,0.0822844662809643,-0.1554089511546341,-0.0076577731561272,0.3150549603647437
0.9415152875920512,-0.1044849625634526,0.0835628584758977,-0.1551064506836417,-0.0045103596470222,0.3132223345901043
0.9408776817627964,-0.1044970424514758,0.0848479485404306,-0.1547871078899008,-0.0013673891040309,0.3113707138129111
0.9402343116256352,-0.1044961887129971,0.0861396619343581,-0.1544506503082208,0.0017711995198915,0.3094999273494571
0.9395851649393508,-0.1044821278926643,0.0874379762839426,-0.1540967847680757,0.0049055966535689,0.307609712791277
0.9389298381462308,-0.1044545586588044,0.0887436482083698,-0.1537249824144905,0.0080378560703005,0.3056986467725858
0.9382683570283948,-0.1044131709781781,0.0900565727847148,-0.1533349275632687,0.0111679382782443,0.3037665338908744
0.9376007495105964,-0.1043576496785118,0.0913766429501105,-0.1529262987343886,0.014295805233293,0.3018131647391403
0.9369270477050634,-0.1042876744555921,0.0927037455296567,-0.152498769661092,0.0174214107651188,0.2998383212893989
0.9362472886892196,-0.1042029199460017,0.0940377598343327,-0.1520520097067849,0.0205446973331202,0.2978417785978568
0.9355615141937992,-0.1041030557110463,0.095378558415117,-0.1515856836140815,0.0236655978836551,0.2958233033130938
0.9348697713866588,-0.1039877463594137,0.0967260056682562,-0.1510994519732923,0.0267840326664436,0.2937826553947267
0.9341721123427912,-0.1038566514918236,0.0980799590145552,-0.1505929708089323,0.0298999120479306,0.2917195859604604
0.9334685946813408,-0.1037094258179382,0.0994402677982813,-0.1500658919591612,0.0330131340078521,0.2896338385604831
0.9327592818705426,-0.1035457192573536,0.1008067728466012,-0.1495178632614389,0.0361235831992506,0.2875251494775622
0.9320442431481182,-0.1033651769616087,0.1021793067729834,-0.1489485284483811,0.0392311316990806,0.2853932468806844
0.9313235543649648,-0.1031674395716244,0.1035576925087207,-0.148357527777875,0.0423356357351259,0.2832378527261598
0.9305972978086214,-0.1029521432550133,0.1049417438040141,-0.1477444978881854,0.0454369368957612,0.2810586816271796
0.9298655622959648,-0.1027189197915712,0.1063312652048923,-0.1471090718423459,0.0485348621157139,0.2788554405135574
0.9291284435589424,-0.1024673967563689,0.1077260514738588,-0.1464508794279646,0.0516292224105873,0.2766278291710776
0.928386045284978,-0.1021971979825801,0.1091258857870317,-0.1457695480993857,0.0547198089325703,0.2743755427837435
0.9276384784727136,-0.1019079434787125,0.110530541125148,-0.1450647024438453,0.0578063961173512,0.2720982693997259
0.9268858619473208,-0.1015992497293449,0.1119397794639659,-0.144335964666055,0.0608887399170819,0.2697956908963051
0.9261283234427504,-0.1012707303029041,0.1133533499210267,-0.1435829556994654,0.0639665737922663,0.2674674857224429
0.9253659992102988,-0.1009219959056911,0.1147709896715346,-0.1428052949424746,0.0670396107757088,0.2651133271681063
0.9245990347099348,-0.1005526549002367,0.1161924228371403,-0.1420026010616655,0.0701075410907773,0.2627328849673017
0.9238275847458736,-0.1001623136219807,0.1176173604166196,-0.1411744922822377,0.0731700320401462,0.2603258252279089
0.9230518145320532,-0.0997505772086056,0.119045498503138,-0.1403205877195933,0.0762267242114602,0.2578918133049695
0.9222718993584654,-0.0993170497831913,0.1204765190937032,-0.1394405072738353,0.0792772332631301,0.2554305123688896
0.9214880260506432,-0.0988613356447282,0.121910087601983,-0.1385338735565632,0.0823211446530864,0.2529415876635068
0.9207003925668552,-0.0983830395233715,0.1233458538018363,-0.1376003118239718,0.0853580157041078,0.2504247049889404
0.9199092088536116,-0.0978817675862897,0.1247834504621705,-0.1366394513843362,0.0883873727357566,0.2478795332289679
0.9191146980058992,-0.0973571287864254,0.1262224914488836,-0.1356509275399653,0.0914087071133105,0.2453057480180292
0.9183170959900442,-0.0968087354003323,0.1276625724451145,-0.1346343818934048,0.0944214768174784,0.2427030309159227
0.9175166528931163,-0.0962362046490404,0.1291032689052235,-0.1335894646363249,0.0974251021903412,0.2400710736496332
0.9167136328742602,-0.0956391595657246,0.1305441363624437,-0.1325158353399028,0.1004189666174629,0.2374095783067822
0.9159083164107688,-0.0950172316905692,0.131984706621548,-0.1314131669504084,0.1034024086534367,0.2347182653226848
0.9151009994002544,-0.0943700616322278,0.1334244896076822,-0.1302811458132005,0.1063747259215711,0.2319968713300478
0.9142919941456672,-0.0936973011202951,0.1348629718265088,-0.1291194743211735,0.1093351719382008,0.2292451534410542
0.9134816313139588,-0.0929986161540523,0.1362996131153385,-0.1279278752899167,0.1122829494576842,0.2264628972429534
0.9126702589798996,-0.0922736879492157,0.1377338485821856,-0.1267060924062789,0.1152172144943989,0.2236499152422037
0.9118582444543124,-0.091522216429539,0.1391650855953792,-0.1254538949453557,0.11813707015192,0.2208060551740314
0.91104597471289,-0.0907439228290551,0.1405927032651711,-0.1241710808025154,0.1210415655796842,0.2179312040211459
0.9102338568134214,-0.0899385525181091,0.1420160519373705,-0.122857479790739,0.1239296949297008,0.2150252924463814
0.9094223188274396,-0.0891058786261868,0.1434344517797383,-0.1215129581164504,0.1268003944556481,0.2120883016071098
0.9086118090871474,-0.0882457042471151,0.1448471943053851,-0.1201374204427085,0.1296525455383507,0.2091202644714411
0.9078027979486828,-0.0873578675271191,0.1462535394836078,-0.1187308164932951,0.1324849687527154,0.2061212768590757
0.9069957766853832,-0.0864422441014151,0.1476527178460213,-0.1172931432700741,0.1352964280087405,0.2030914987346856
0.906191257552166,-0.0854987509932255,0.1490439305159767,-0.1158244495466208,0.138085630442024,0.2000311603674319
0.9053897734729148,-0.0845273504112993,0.150426349865942,-0.1143248401067202,0.1408512275312419,0.19694056781213
0.9045918769467668,-0.083528052871372,0.1517991214857823,-0.1127944788792368,0.143591818789785,0.1938201060712959
0.9037981383407668,-0.0825009196758749,0.1531613671524023,-0.11123359109179,0.1463059573846942,0.1906702403766546
0.903009145381111,-0.0814460670571211,0.1545121856861546,-0.1096424679645169,0.148992151478132,0.187491522737777
0.9022254996429352,-0.0803636664810175,0.1558506588962487,-0.1080214656088575,0.1516488756395436,0.1842845870022125
0.9014478150561483,-0.0792539474673023,0.1571758539933462,-0.1063710078407943,0.154274575142249,0.1810501521429237
0.9006767144306769,-0.0781171975802568,0.1584868293174665,-0.1046915848459207,0.1568676767807034,0.1777890176485355
0.8999128263656397,-0.0769537625900043,0.1597826393254992,-0.1029837522750443,0.1594265981408186,0.1745020602845418
0.8991567812015518,-0.0757640447573507,0.1610623411221391,-0.1012481277641004,0.1619497598560299,0.171190226409322
0.8984092076388372,-0.0745485015353594,0.1623249997775614,-0.0994853882916451,0.1644355954088995,0.1678545265123162
0.8976707285678186,-0.0733076423820218,0.1635696949056099,-0.0976962650088194,0.1668825633787248,0.1644960255193728
0.8969419570630051,-0.0720420249865667,0.1647955268894018,-0.0958815374877052,0.1692891589597783,0.1611158326692412
0.8962234918798061,-0.0707522496585501,0.166001623876334,-0.094042025608985,0.1716539269693845,0.1577150876542155
0.8955159147377058,-0.0694389558510487,0.1671871457159733,-0.0921785847711782,0.173975468856513,0.1542949535478651
0.8948197861058568,-0.0681028150430701,0.1683512903752241,-0.0902920961461223,0.1762524545905179,0.1508566010925207
0.8941356429019289,-0.0667445260602234,0.1694932971158188,-0.0883834606488931,0.1784836282373263,0.1474012003443607
0.8934639956199432,-0.0653648083693793,0.1706124506169617,-0.0864535902436131,0.180667815437004,0.1439299078349468
0.8928053264073726,-0.0639643962119718,0.1717080835090303,-0.0845034006286157,0.1828039278319162,0.1404438566014095
0.8921600881020734,-0.0625440339128343,0.1727795773238541,-0.0825338057019062,0.1848909644781422,0.1369441496159476
0.8915287029782663,-0.0611044698369965,0.1738263639542331,-0.0805457102538121,0.1869280143274587,0.1334318501734273
0.890911562703881,-0.0596464523134472,0.1748479251334337,-0.078540005478214,0.1889142549303118,0.1299079773658929
0.8903090285980094,-0.0581707258303939,0.1758437914618611,-0.0765175648926945,0.1908489503421536,0.126373502217869
0.8897214320559055,-0.0566780272575258,0.176813541203402,-0.0744792403154986,0.1927314486611113,0.1228293438304277
0.8891490753954129,-0.0551690828035405,0.1777567984342879,-0.0724258588530216,0.194561178381546,0.119276367166365
0.8885922332825925,-0.0536446063645062,0.1786732302894512,-0.0703582217559663,0.1963376430666137,0.1157153838869565
0.8880511540420625,-0.052105297633835,0.1795625444529177,-0.0682771029006024,0.1980604165589199,0.1121471523048823
0.8875260610183894,-0.0505518403846479,0.1804244866139191,-0.0661832474572039,0.1997291381789664,0.108572377445333
0.8870171544838475,-0.0489849025113969,0.1812588370743577,-0.0640773728718863,0.2013435063279136,0.1049917148264625
0.8865246130020744,-0.0474051347573876,0.1820654082960588,-0.0619601680050974,0.2029032739506135,0.1014057708403343
0.8860485952396234,-0.0458131710698809,0.182844041754915,-0.0598322943933649,0.20440824268916,0.0978151065220456
0.8855892414456401,-0.0442096282807542,0.1835946053775692,-0.0576943865334612,0.2058582581891012,0.0942202394286153
0.885146675309963,-0.0425951074966838,0.1843169903941693,-0.0555470543782975,0.2072532042966098,0.0906216490266782
0.8847210051785064,-0.0409701937361293,0.1850111092725642,-0.0533908834235242,0.2085929993587959,0.0870197778179934
0.884312325250739,-0.0393354557142038,0.1856768937061692,-0.0512264349435174,0.209877592633933,0.0834150325694695
0.8839207171097482,-0.0376914473054515,0.1863142920826591,-0.0490542483965814,0.2111069597034041,0.0798077890046475
0.8835462512726006,-0.0360387098531362,0.1869232669419901,-0.0468748448773921,0.2122810978651499,0.0761983980462699
0.8831889875631036,-0.0343777698717526,0.1875037943669609,-0.0446887244391016,0.2134000252505526,0.0725871817602301
0.8828489765554467,-0.0327091415928074,0.1880558616442418,-0.042496369773035,0.2144637765993571,0.0689744397478618
0.8825262605300837,-0.0310333280461146,0.188579465731676,-0.0402982479025734,0.2154724005824272,0.0653604521147129
0.882220873981569,-0.0293508201952927,0.1890746124615223,-0.0380948092910596,0.2164259585323061,0.0617454781037295
0.8819328448363114,-0.0276621002024177,0.1895413145992709,-0.0358864923322877,0.2173245209583552,0.0581297634976301
0.8816621945464552,-0.0259676389514638,0.1899795917306143,-0.0336737202913279,0.218168167570818,0.0545135355630716
0.8814089391329328,-0.0242678992018339,0.1903894686137193,-0.0314569055918501,0.2189569843366999,0.0508970099867498
0.8811730896045052,-0.0225633357061808,0.1907709745461914,-0.0292364501034655,0.2196910624765272,0.0472803911954249
0.8809546523280768,-0.0208543950973166,0.1911241428121234,-0.027012745114887,0.2203704976012231,0.0436638721360679
0.8807536295323662,-0.0191415170006585,0.1914490099142555,-0.0247861728881503,0.2209953884216827,0.0400476365995867
0.88057001975092,-0.0174251353249458,0.1917456149047333,-0.0225571084248165,0.2215658356344594,0.036431861848411
0.8804038179159884,-0.0157056766862969,0.1920139992793692,-0.0203259174963367,0.2220819418773981,0.0328167151594549
0.8802550158686568,-0.0139835628221876,0.1922542061982931,-0.0180929598477633,0.222543810375926,0.02920235874446
0.8801236026120672,-0.012259211537973,0.1924662801204355,-0.0158585904793726,0.2229515443718651,0.0255889515212156
0.8800095643859833,-0.0105330357060319,0.1926502667243293,-0.0136231583977787,0.2233052470892217,0.0219766467813305
0.8799128848743103,-0.0088054437098419,0.1928062126119882,-0.0113870072367586,0.2236050212695748,0.0183655928804904
0.8798335454375997,-0.0070768411859791,0.1929341649701971,-0.0091504775504685,0.2238509686126698,0.0147559366172992
0.8797715251756392,-0.0053476306691993,0.1930341715033179,-0.0069139063863264,0.224043189726171,0.0111478222102733
0.8797268010188247,-0.0036182115667649,0.1931062803168618,-0.0046776272823165,0.2241817839681552,0.007541390960704
0.8796993478366089,-0.0018889814948365,0.1931505397707131,-0.0024419720226801,0.2242668492189119,0.0039367837491611
0.8796891384651466,-0.000160335599475,0.193166998459744,-0.0002072697851458,0.2242984818854331,0.0003341393241172
0.8796890643837125,-1.516605309219432e-13,0.1931671178863085,-6.625408500906399e-13,0.2242987114157111,4.860986287970326e-13
