3.04363774899103
0.8366154291646906,-2.980039686615929e-28,0.1467462717223856,-3.5849462776580633e-16,0.2555566589349395,5.984625810746643e-15
0.8366170880719378,0.0009661673320838,0.1467432888347181,0.0008775691272024,0.2555499728489305,-0.0015779627786769
0.8366307764514562,0.00293855208144,0.1467186753781607,0.0026690914289773,0.2554948022952369,-0.0047994245909925
0.8366583107679021,0.0049114010309482,0.1466691633875233,0.0044610553046068,0.2553838224146046,-0.0080220259793752
0.8366997095911826,0.0068843273943596,0.1465947158989692,0.0062531227660305,0.2552169507957085,-0.0112453923518617
0.8367549896598647,0.0088569373931986,0.146495297427567,0.0080449493583609,0.2549941085510936,-0.0144691387278967
0.8368241659066772,0.0108288364048366,0.1463708739061104,0.0098361896798217,0.2547152201629123,-0.0176928798668466
0.8369072512839656,0.0127996250465508,0.1462214129818006,0.0116264937596895,0.2543802141245078,-0.0209162239500805
0.8370042567847047,0.014768902124226,0.1460468839593527,0.0134155096713322,0.2539890227830914,-0.0241387774790836
0.8371151912647927,0.0167362621842741,0.1458472580997376,0.0152028812424161,0.2535415829730809,-0.0273601413456013
0.8372400613535473,0.0187012959557725,0.1456225087585903,0.0169882483900662,0.2530378362834801,-0.0305799116204251
0.8373788712821248,0.0206635894554809,0.1453726116707339,0.0187712462408164,0.2524777296460841,-0.0337976781456312
0.8375316227897668,0.0226227245466401,0.145097545093176,0.0205515055710087,0.2518612155996846,-0.0370130254999281
0.8376983149284724,0.0245782781107479,0.1447972901296184,0.0223286519866419,0.2511882529542354,-0.0402255316814498
0.8378789438117737,0.0265298210461109,0.1444718311546511,0.0241023049452558,0.2504588076714548,-0.04343476648915
0.8380735024545063,0.0284769186091598,0.1441211560732423,0.02587207799775,0.2496728533692015,-0.0466402920945972
0.8382819805682148,0.0304191302644419,0.1437452566594386,0.0276375785837031,0.2488303719962474,-0.049841662794754
0.8385043641896143,0.0323560082291056,0.1433441291958098,0.029398406639818,0.2479313551738772,-0.0530384225936291
0.8387406356910306,0.0342870996183945,0.1429177744239941,0.0311541564819918,0.2469758039862493,-0.056230108704876
0.8389907731513788,0.0362119431387219,0.142466198648985,0.032904413730854,0.2459637313492725,-0.0594162460363158
0.8392547503940574,0.0381300716247291,0.1419894136409732,0.0346487575507149,0.2448951616772656,-0.06259635130249
0.8395325364667946,0.0400410101209428,0.1414874375452849,0.0363867588383521,0.243770132801736,-0.0657699297512627
0.8398240953588896,0.041944276111976,0.1409602953656726,0.0381179803660204,0.2425886969267897,-0.0689364754134643
0.8401293857746809,0.0438393801063168,0.1404080193477107,0.0398419772474751,0.2413509213536116,-0.07209547192084
0.8404483607316287,0.0457258251263263,0.1398306496816221,0.0415582964106219,0.2400568899139702,-0.0752463914796895
0.8407809671268234,0.0476031062430826,0.1392282352657324,0.0432664761124097,0.2387067045329587,-0.0783886938803933
0.8411271455364001,0.0494707115516609,0.1386008340519038,0.044966046766416,0.2373004858484681,-0.081521827883581
0.8414868297942968,0.0513281218828941,0.137948513794405,0.0466565306234303,0.235838374728817,-0.0846452304668447
0.8418599468319413,0.0531748119470341,0.1372713523303107,0.0483374427580757,0.2343205327347067,-0.0877583284451754
0.8422464160747588,0.055010249244739,0.1365694386689099,0.0500082900267035,0.2327471443893197,-0.0908605363038546
0.8426461492922546,0.0568338953612177,0.135842873264366,0.0516685721980211,0.2311184176131344,-0.0939512580057347
0.843059050178857,0.05864520592162,0.1350917687832767,0.053317781869446,0.2294345852640388,-0.0970298865117807
0.8434850143639747,0.0604436324452565,0.134316250098354,0.0549554061170133,0.2276959049392182,-0.1000958064963721
0.8439239287063944,0.0622286210551714,0.1335164555913124,0.0565809252872041,0.225902661709452,-0.1031483916869822
0.8443756715970394,0.063999615454405,0.1326925366278639,0.0581938156794779,0.2240551667535747,-0.1061870094449813
0.8448401122600931,0.0657560556817213,0.1318446588649256,0.0597935483915946,0.2221537600998499,-0.1092110181180162
0.8453171108798623,0.0674973801937992,0.1309730020617735,0.0613795912006285,0.2201988100129983,-0.1122197700539773
0.845806518574361,0.0692230271183937,0.1300777601773642,0.0629514096960309,0.2181907130233217,-0.1152126131975399
0.8463081770788055,0.0709324343988361,0.1291591420068026,0.0645084674099901,0.2161298951669102,-0.1181888907491833
0.8468219189285069,0.0726250416377817,0.1282173709134814,0.0660502275029586,0.2140168112002573,-0.121147943752682
0.8473475674641971,0.0743002911406015,0.1272526848935447,0.0675761537278432,0.2118519445636695,-0.124089112299279
0.8478849368073402,0.0759576287721652,0.1262653367042928,0.0690857112319866,0.2096358074928873,-0.1270117363966242
0.8484338321554163,0.0775965056927701,0.1252555934132308,0.0705783681677742,0.207368939835942,-0.12991515838681
0.8489940500774933,0.0792163798682813,0.1242237359522564,0.0720535971052703,0.2050519078870307,-0.1327987249968618
0.8495653783251577,0.0808167160517408,0.1231700595719082,0.0735108750605081,0.2026853052485009,-0.1356617866797284
0.8501475965203921,0.0823969881919695,0.1220948726879745,0.0749496857417066,0.2002697500909399,-0.1385037012844376
0.8507404765237653,0.0839566806574601,0.1209984963198919,0.0763695207234904,0.1978058837490359,-0.1413238356715465
0.8513437824837359,0.0854952885020769,0.1198812641247148,0.0777698797557957,0.1952943706647311,-0.1441215656183842
0.8519572715443883,0.0870123193432171,0.1187435212187848,0.0791502725473014,0.1927358956154003,-0.1468962786651062
0.8525806944070075,0.0885072946134865,0.1175856232700181,0.0805102199839907,0.1901311615577442,-0.1496473758968251
0.8532137952447691,0.0899797491457633,0.1164079367951596,0.0818492538372182,0.1874808901919754,-0.1523742706939264
0.8538563129349309,0.0914292337888942,0.1152108370121209,0.0831669192336339,0.1847858170355405,-0.1550763931027234
0.8545079809498677,0.092855314698816,0.1139947081851982,0.0844627741053717,0.18204669211447,-0.1577531881270971
0.855168528269244,0.0942575748967669,0.1127599420714698,0.0857363907057251,0.1792642763909734,-0.1604041182624873
0.8558376798070839,0.0956356145779151,0.1115069372685782,0.086987355991465,0.1764393402280934,-0.1630286637681512
0.8565151566828612,0.0969890510509395,0.110236098855983,0.0882152716733341,0.1735726625262896,-0.1656263222643644
0.8572006770526226,0.0983175197448207,0.1089478369861764,0.0894197552373503,0.1706650275013662,-0.1681966104101295
0.8578939568618266,0.0996206748753296,0.1076425656146657,0.0906004406567561,0.1677172217793951,-0.1707390650287224
0.858594709016139,0.1008981871193312,0.1063207042087244,0.0917569763947709,0.1647300382285913,-0.1732532384168313
0.8593026459128833,0.1021497475165795,0.1049826731239357,0.0928890290492318,0.1617042654966017,-0.1757387058649807
0.8600174780255473,0.1033750639819421,0.1036288964135643,0.0939962803039256,0.1586406943449125,-0.1781950587588837
0.8607389152761588,0.1045738629380183,0.1022597993805062,0.0950784285168817,0.155540112112951,-0.1806219077519309
0.8614666670065496,0.1057458883912215,0.1008758087708473,0.0961351879943885,0.1524033031602588,-0.1830188809233066
0.8622004424499023,0.1068909018820807,0.0994773520193167,0.0971662890552312,0.1492310471720479,-0.185385623694825
0.8629399510211183,0.1080086821164931,0.0980648568350402,0.0981714778057787,0.1460241182419273,-0.1877217981302112
0.8636849031188204,0.1090990253375915,0.0966387498044425,0.0991505165787705,0.1427832817274892,-0.1900270838236707
0.864435009580302,0.11016174367946,0.0951994575653615,0.1001031825565536,0.1395092969511939,-0.1923011745750411
0.8651899822749499,0.1111966652903941,0.093747405807747,0.1010292679860998,0.1362029149771074,-0.1945437787443022
0.8659495345845999,0.1122036342207049,0.0922830184807549,0.1019285801777242,0.1328648768563476,-0.1967546191792968
0.8667133813359699,0.113182509565996,0.0908067180502668,0.1028009408357581,0.1294959142701375,-0.1989334315419949
0.867481238671962,0.1141331646247799,0.0893189258802859,0.1036461854049521,0.1260967504706662,-0.2010799625996207
0.8682528250336217,0.1150554874572958,0.0878200604613603,0.1044641636620154,0.1226680963115505,-0.20319397167083
0.8690278601114456,0.11594937895654,0.0863105395726936,0.1052547380944769,0.1192106552743119,-0.2052752264450267
0.8698060664545432,0.1168147541411539,0.084790777282047,0.106017785137178,0.1157251166966607,-0.2073235061576934
0.8705871681147959,0.1176515399890958,0.083261186711774,0.1067531933440718,0.1122121622078105,-0.2093385967668895
0.8713708916005908,0.1184596759892161,0.0817221783092794,0.1074608639649938,0.1086724618800976,-0.2113202924159307
0.8721569657457021,0.1192391134556839,0.0801741602283516,0.1081407104266629,0.1051066752232806,-0.2132683940145176
0.872945121618125,0.1199898149569171,0.0786175386380432,0.1087926579174197,0.1015154520298548,-0.2151827080278106
0.8737350932576827,0.1207117545493057,0.0770527163929443,0.1094166436695858,0.0978994294486548,-0.2170630473109651
0.8745266161684293,0.1214049159580653,0.0754800961469013,0.1100126154646426,0.0942592393326924,-0.2189092266107134
0.8753194293030341,0.1220692939991455,0.0739000765535466,0.110580532942108,0.0905954996286025,-0.2207210664534869
0.8761132740878939,0.1227048932734746,0.0723130543213612,0.111120366545662,0.0869088192972499,-0.2224983899724947
0.8769078942209244,0.1233117276907919,0.0707194247544405,0.1116320971966104,0.0831997997691912,-0.2242410217398628
0.8777030361562415,0.1238898205554826,0.069119580919086,0.1121157164436219,0.0794690332201665,-0.2259487881626354
0.8784984488123331,0.1244392040531482,0.0675139143636185,0.1125712261037192,0.0757171044700376,-0.2276215161791825
0.8792938842378518,0.1249599194387443,0.0659028139089187,0.1129986384881522,0.0719445883933745,-0.2292590340304155
0.8800890967421742,0.1254520161858466,0.0642866675388214,0.1133979757674085,0.0681520545895472,-0.2308611688403261
0.8808838436220674,0.1259155522510344,0.0626658610677285,0.1137692702599752,0.0643400645367924,-0.2324277475802525
0.8816778852996586,0.1263505938957317,0.0610407779862103,0.1141125643458145,0.0605091714993695,-0.2339585967629465
0.8824709841090976,0.1267572148345374,0.0594118020821504,0.1144279098585051,0.0566599270097114,-0.2354535396254305
0.8832629059969613,0.1271354970028138,0.0577793141002572,0.1147153687568085,0.0527928733175433,-0.2369123989697365
0.8840534193336095,0.1274855297605563,0.0561436943152223,0.1149750125631836,0.0489085497999966,-0.2383349944701484
0.8848422958980644,0.1278074102162043,0.0545053206380151,0.1152069226688525,0.045007488831327,-0.2397211440978139
0.8856293094437646,0.1281012425050327,0.0528645717302721,0.1154111898668202,0.0410902235717121,-0.2410706612376205
0.8864142375181653,0.1283671384323015,0.0512218233658514,0.1155879148750154,0.0371572797066505,-0.2423833575827789
0.8871968601684698,0.1286052168655089,0.049577451260514,0.1157372079602138,0.0332091826117077,-0.2436590405978346
0.8879769608777022,0.1288156039780564,0.0479318292521459,0.115859189155849,0.0292464534397773,-0.2448975148455995
0.8887543259620906,0.1289984329833101,0.0462853307002916,0.1159539881413451,0.0252696129383071,-0.2460985807727967
0.8895287446466742,0.1291538441372038,0.0446383284718907,0.1160217443090385,0.0212791819171384,-0.2472620346965548
0.8903000093166883,0.12928198477051,0.0429911945479683,0.11606260683696,0.0172756808153399,-0.2483876690683355
0.89106791516432,0.129383009218937,0.0413443009170268,0.1160767347237092,0.0132596324146925,-0.2494752718748371
0.8918322615990009,0.1294570789858464,0.0396980166817595,0.1160642968519575,0.009231555338644,-0.2505246285599314
0.8925928512976046,0.1295043625242014,0.0380527102034888,0.1160254719335205,0.0051919698182262,-0.2515355205391895
0.8933494901905807,0.129525035243615,0.0364087492607375,0.1159604485687398,0.0011413986846913,-0.2525077251921329
0.8941019877052409,0.1295192795320155,0.0347665006457972,0.1158694252862696,-0.0029196329984539,-0.2534410162211242
0.8948502423229149,0.1294872795916444,0.0331261422920697,0.1157525957172941,-0.0069910644851162,-0.2543352640123165
0.895594371376407,0.1294291938935872,0.0314873725608044,0.1156101063357455,-0.0110740333861169,-0.2551905622579827
0.8963341801482154,0.1293451864668743,0.0298505764772094,0.1154421479903355,-0.0151679762781321,-0.2560066041273787
0.8970694764320233,0.1292354301779596,0.0282161409450848,0.1152489235892558,-0.0192723181189027,-0.2567830797694623
0.8978000697583987,0.1291001070998497,0.026584456665159,0.1150306485903745,-0.023386466495384,-0.2575196759574801
0.8985257729929773,0.1289394085083448,0.0249559147680862,0.1147875508414227,-0.0275098191223201,-0.2582160782622817
0.8992464015689663,0.1287535352114293,0.0233309086929574,0.1145198710135354,-0.0316417581493446,-0.2588719707512829
0.8999617743965523,0.1285426975482891,0.0217098323066207,0.1142278625052389,-0.0357816539311848,-0.2594870374028491
0.9006717133000515,0.1283071157297791,0.0200930813228312,0.113911791845683,-0.0399288604041421,-0.2600609621836615
0.901376043262606,0.128047020017365,0.018481052905185,0.1135719388346754,-0.0440827150211998,-0.2605934299830563
0.9020745930657588,0.1277626507062085,0.0168741443411961,0.11320859643178,-0.0482425410883861,-0.2610841278375096
0.9027671957839646,0.1274542580557937,0.01527275200505,0.112822070599015,-0.0524076494112027,-0.2615327459570577
0.9034536877249142,0.1271221029117349,0.0136772739019541,0.1124126809988862,-0.0565773306073858,-0.2619389778055528
0.9041339097138004,0.1267664563262329,0.012088106793987,0.1119807604146074,-0.0607508614634236,-0.2623025218252926
0.904807707364944,0.1263875994902762,0.0105056456113893,0.1115266545853801,-0.0649275054377759,-0.2626230823692899
0.905474931026253,0.1259858238233435,0.0089302836104837,0.1110507222239537,-0.0691065112055643,-0.2629003705020928
0.9061354355613328,0.1255614312011599,0.0073624129136732,0.1105533351773542,-0.0732871101519286,-0.2631341048589546
0.9067890819772648,0.1251147329544837,0.0058024206405381,0.1100348771426812,-0.0774685256524803,-0.2633240131585578
0.9074357356151812,0.1246460510419609,0.0042506931725725,0.1094957449247365,-0.0816499606953827,-0.2634698325113783
0.908075268048879,0.1241557167634865,0.0027076115768949,0.1089363468132081,-0.0858306091468597,-0.2635713109837965
0.908707556906858,0.1236440707288484,0.0011735519193236,0.1083571024340573,-0.0900096540582619,-0.2636282083621988
0.9093324853547328,0.1231114631698096,-0.0003511135920279,0.1077584429671532,-0.0941862636705055,-0.2636402970524442
0.9099499434404512,0.1225582526786409,-0.0018660200185361,0.107140809581137,-0.0983595999048349,-0.2636073630949855
0.9105598311544691,0.121984802938539,-0.003370817473164,0.1065046496851959,-0.1025288393288987,-0.2635292063505283
0.9111620525604064,0.1213914876111832,-0.0048651569591229,0.1058504222560016,-0.1066931335750314,-0.2634056414543927
0.911756517581818,0.1207786887282836,-0.0063486948926735,0.1051785958468756,-0.1108516209428951,-0.2632364990230068
0.9123431430074876,0.1201467954537076,-0.0078210958256695,0.1044896470498518,-0.1150034333668004,-0.2630216263923096
0.9129218524819348,0.1194962037152767,-0.0092820327037292,0.1037840599260698,-0.1191476966729963,-0.2627608883759513
0.91349257715813,0.1188273150241801,-0.0107311888294536,0.1030623245561644,-0.1232835357817804,-0.2624541676319481
0.9140552549558728,0.1181405368127502,-0.0121682563322831,0.1023249372371725,-0.1274100700960565,-0.2621013655898941
0.9146098314508986,0.1174362808446616,-0.013592938794455,0.1015723985962304,-0.131526420821894,-0.2617024024847791
0.9151562591006877,0.1167149635610507,-0.0150049496672622,0.1008052137902826,-0.1356317063454372,-0.2612572182681451
0.915694498073724,0.1159770043784964,-0.016404014818375,0.1000238905156434,-0.1397250496188539,-0.2607657723419147
0.91622451549713,0.1152228259773311,-0.0177898710287498,0.0992289391445531,-0.1438055739243746,-0.2602280443889375
0.9167462857007922,0.1144528532761809,-0.0191622670700687,0.0984208714632971,-0.1478724062056854,-0.259644034381053
0.9172597900757624,0.113667512876299,-0.0205209638020509,0.0976001999153168,-0.1519246776543779,-0.2590137628054166
0.917765017309604,0.1128672318858619,-0.021865735283435,0.0967674362031769,-0.155961527429318,-0.2583372703137825
0.9182619628369209,0.1120524379118093,-0.0231963678180718,0.0959230911175337,-0.1599821003183852,-0.2576146182340199
0.9187506286779232,0.1112235584998717,-0.0245126600167813,0.0950676737879181,-0.1639855474602667,-0.2568458886510817
0.9192310235616252,0.11038102005577,-0.0258144236362,0.0942016904070251,-0.1679710295327121,-0.2560311839218381
0.9197031625279822,0.1095252476123885,-0.0271014830234069,0.0933256438387294,-0.1719377158054807,-0.2551706268789674
0.9201670670102512,0.1086566637498272,-0.0283736758604194,0.0924400323633424,-0.1758847872465759,-0.254264360151717
0.9206227646269524,0.1077756879791689,-0.0296308531302616,0.0915453489138838,-0.1798114373562488,-0.2533125458157672
0.9210702882689196,0.106882737550035,-0.0308728771166097,0.0906420817602231,-0.1837168668683619,-0.2523153665813043
0.9215096766485534,0.1059782254657403,-0.0320996234223432,0.0897307123627592,-0.1876002910360334,-0.2512730239343489
0.9219409739383936,0.1050625601730707,-0.0333109804915735,0.088811714948718,-0.1914609392623563,-0.2501857379116599
0.9223642293099694,0.1041361455280272,-0.0345068488263245,0.0878855563697516,-0.1952980537585393,-0.2490537471912136
0.9227794966209238,0.1031993805208765,-0.035687140591739,0.0869526957208146,-0.1991108894284796,-0.2478773088987387
0.9231868345625274,0.1022526579598318,-0.0368517805210117,0.0860135829351343,-0.2028987180088061,-0.2466566970197728
0.9235863058323692,0.1012963653766038,-0.0380007040335735,0.0850686596022697,-0.2066608232365984,-0.2453922035410706
0.9239779773557912,0.1003308835729686,-0.0391338583213461,0.0841183574500401,-0.2103965056465512,-0.2440841365486534
0.9243619200679776,0.0993565861207634,-0.0402512021834483,0.0831630977957186,-0.2141050834034324,-0.2427328193869571
0.924738208032368,0.098373840627678,-0.0413527038975029,0.0822032927332562,-0.2177858865859224,-0.2413385922608207
0.9251069187268586,0.0973830071330332,-0.0424383424551892,0.0812393435089971,-0.2214382625909816,-0.2399018098693318
0.9254681327303672,0.0963844379752748,-0.043508107051498,0.0802716403618935,-0.2250615758201899,-0.2384228409344782
0.9258219333671982,0.0953784778436003,-0.0445619964201528,0.0793005625490374,-0.2286552068166002,-0.2369020679800148
0.92616840646396,0.0943654635846295,-0.0456000184741694,0.0783264781402703,-0.2322185524042439,-0.2353398867280023
0.9265076402006313,0.0933457237625122,-0.0466221902086122,0.0773497435871126,-0.2357510267265614,-0.2337367050553037
0.926839724732148,0.0923195789345159,-0.0476285368926118,0.0763707039887814,-0.2392520598266393,-0.2320929430124615
0.9271647520207918,0.0912873413648437,-0.0486190918678584,0.0753896928253242,-0.2427210982791044,-0.2304090319495525
0.92748281571249,0.0902493146081207,-0.0495938964653687,0.074407031580307,-0.2461576062416325,-0.2286854133537345
0.9277940106824352,0.0892057942101951,-0.0505529988874629,0.07342303043067,-0.2495610628370093,-0.2269225394978432
0.9280984329636351,0.0881570672498538,-0.0514964542323607,0.0724379878409471,-0.2529309634967602,-0.2251208721806409
0.9283961797787608,0.087103411485462,-0.0524243248331205,0.0714521898052362,-0.2562668224618646,-0.2232808806698484
0.9286873488540168,0.0860450970607432,-0.0533366783423081,0.0704659114946534,-0.2595681671645121,-0.2214030440556414
0.9289720388990462,0.0849823841359116,-0.0542335894277817,0.0694794150987353,-0.2628345455492588,-0.2194878464679137
0.92925034858468,0.0839155260080444,-0.0551151367441994,0.0684929527905962,-0.2660655162724893,-0.217535781995881
0.9295223770947922,0.0828447665171619,-0.055981404823516,0.0675067643776098,-0.2692606566879242,-0.2155473494098163
0.9297882236935116,0.0817703410908988,-0.0568324828580312,0.0665210783460951,-0.2724195595325514,-0.2135230533390256
0.930047987502364,0.0806924771252122,-0.0576684641134821,0.06553611228363,-0.2755418318071291,-0.2114634043208102
0.9303017674414652,0.0796113937546196,-0.0584894458481864,0.0645520727443142,-0.2786270954845053,-0.2093689176972187
0.9305496621701912,0.078527301618938,-0.0592955292208749,0.0635691551213211,-0.28167498816371,-0.2072401124465575
0.9307917697551934,0.077440403865153,-0.0600868182952584,0.0625875446429587,-0.284685160262525,-0.2050775124318617
0.9310281878408752,0.0763508949957851,-0.060863420662271,0.0616074154190046,-0.2876572782785196,-0.2028816434174622
0.931259013209172,0.075258962482153,-0.0616254460540005,0.0606289319889338,-0.2905910203753737,-0.2006530355675931
0.9314843419439934,0.0741647856917259,-0.0623730069211909,0.0596522484479974,-0.2934860793992548,-0.198392220590008
0.9317042691731396,0.0730685367930095,-0.0631062176107159,0.0586775093549592,-0.2963421604966143,-0.1960997328600342
0.9319188890831456,0.0719703804144798,-0.0638251944303712,0.057704849523656,-0.29915898209749,-0.1937761080127431
0.9321282947783804,0.0708704740928523,-0.0645300551856057,0.0567343945204787,-0.3019362748108344,-0.1914218831687099
0.9323325781683072,0.0697689686568635,-0.0652209187942228,0.0557662610996282,-0.3046737805564117,-0.1890375970714496
0.9325318300099228,0.0686660078147992,-0.0658979054150248,0.0548005569381054,-0.3073712536873227,-0.186623788514821
0.9327261398234564,0.0675617284145695,-0.0665611361431013,0.0538373809675339,-0.3100284603761616,-0.184180996195319
0.932915595651894,0.0664562616816043,-0.0672107321567995,0.0528768245515137,-0.3126451757331572,-0.181709760788668
0.9331002843633348,0.0653497313701222,-0.0678468157127323,0.051918969974292,-0.3152211883044386,-0.1792106201816933
0.9332802912154644,0.0642422562141182,-0.0684695086069834,0.0509638926690521,-0.317756294342314,-0.1766841142986599
0.9334557001046312,0.0631339484076778,-0.0690789329771443,0.0500116599954947,-0.3202503014689322,-0.1741307810620121
0.9336265933893876,0.0620249146287999,-0.0696752106358798,0.0490623322218675,-0.3227030263723886,-0.1715511580849972
0.933793051847132,0.0609152563382898,-0.0702584628531831,0.0481159628719726,-0.3251142942643751,-0.1689457827850981
0.9339551547801688,0.0598050690878355,-0.0708288106590245,0.0471725982277799,-0.3274839404647176,-0.1663151901718112
0.9341129799241984,0.0586944431178306,-0.0713863744532776,0.046232277936187,-0.3298118091099279,-0.1636599136382699
0.9342666033236204,0.0575834642995046,-0.0719312734873758,0.0452950358956734,-0.3320977512606242,-0.1609804866608041
0.9344160994790124,0.056472213179808,-0.0724636263044526,0.0443608995349034,-0.3343416269831611,-0.1582774399781874
0.934561541274706,0.0553607655569857,-0.0729835504022887,0.0434298903892649,-0.3365433041717345,-0.155551302420181
0.9347029998578956,0.054249193537342,-0.0734911617141333,0.0425020250686738,-0.338702656541046,-0.1528026030004986
0.934840544837748,0.0531375641424187,-0.0739865752329617,0.0415773141734588,-0.3408195664437985,-0.1500318670040204
0.9349742441865756,0.0520259401708838,-0.0744699045712825,0.040655763100655,-0.3428939231688118,-0.1472396175946713
0.9351041642146318,0.0509143805679889,-0.0749412617793343,0.0397373724295138,-0.3449256222932289,-0.1444263762741957
0.9352303695887528,0.0498029404570964,-0.0754007573202039,0.0388221380232155,-0.3469145656839945,-0.1415926625185764
0.9353529233462818,0.0486916712060121,-0.0758485000282689,0.0379100511586975,-0.3488606614132318,-0.1387389935082318
0.9354718869008876,0.0475806205681032,-0.0762845970381991,0.0370010987164452,-0.3507638235299186,-0.1358658840610433
0.9355873200110882,0.0464698331993352,-0.0767091535764283,0.0360952636739449,-0.3526239712102105,-0.1329738475646838
0.9356992808811586,0.0453593499228793,-0.0771222732392574,0.0351925245744057,-0.3544410300213873,-0.1300633936717574
0.9358078260693328,0.0442492088380378,-0.0775240575634326,0.0342928564987331,-0.3562149300751147,-0.127135030802545
0.9359130105803548,0.0431394446524776,-0.0779146062757405,0.0333962305871409,-0.3579456071437466,-0.1241892640324237
0.9360148877861028,0.0420300897658419,-0.0782940169077384,0.0325026149788901,-0.3596330009643912,-0.1212265976074229
0.9361135095516286,0.0409211732038023,-0.0786623851737901,0.0316119740120738,-0.3612770569113382,-0.1182475317758156
0.9362089261928226,0.0398127213027543,-0.0790198047260496,0.0307242688379226,-0.3628777249016673,-0.1152525642659852
0.9363011864391712,0.0387047584569869,-0.079366366926245,0.0298394580746724,-0.3644349583468536,-0.1122421920031395
0.93639033755058,0.0375973060539389,-0.0797021611968778,0.0289574970099692,-0.3659487156944905,-0.1092169079327317
0.9364764252441274,0.0364903836438355,-0.0800272746614931,0.0280783385889082,-0.3674189587749134,-0.1061772039059163
0.936559493775746,0.0353840082451377,-0.0803417923687162,0.0272019329115986,-0.3688456537639402,-0.1031235685112778
0.9366395859530428,0.0342781944371108,-0.0806457972602471,0.0263282273598998,-0.3702287709928679,-0.1000564870408832
0.9367167430903588,0.0331729552953509,-0.0809393699204506,0.0254571673855914,-0.371568283753056,-0.0969764438244685
0.936791005062438,0.032068302028481,-0.0812225887011351,0.0245886962669469,-0.372864168796197,-0.0938839209964385
0.9368624103625092,0.0309642434288477,-0.081495529867336,0.0237227547232738,-0.374116406937489,-0.0907793967136967
0.9369309960534336,0.0298607869170513,-0.0817582673372062,0.0228592817803815,-0.3753249817965519,-0.0876633478490407
0.936996797797653,0.0287579384810217,-0.0820108727236241,0.0219982147618117,-0.3764898799100182,-0.0845362496231916
0.9370598499133804,0.0276557020996722,-0.0822534154798105,0.0211394888790943,-0.3776110913264752,-0.0813985737650734
0.9371201853759348,0.0265540800041529,-0.0824859628373986,0.0202830374774831,-0.3786886092462037,-0.0782507890364515
0.9371778357829842,0.0254530736916516,-0.0827085796065567,0.0194287928614161,-0.3797224290135542,-0.0750933639415106
0.937232831434383,0.0243526828573761,-0.0829213284200133,0.0185766854994201,-0.3807125491640851,-0.0719267635006879
0.937285201317406,0.0232529060023811,-0.0831242696151871,0.0177266445320757,-0.3816589707959929,-0.068751450811161
0.9373349731322808,0.0221537402908147,-0.0833174612739904,0.0168785976952764,-0.3825616976714461,-0.0655678864696467
0.93738217328956,0.02105518199836,-0.0835009591558426,0.0160324716988976,-0.3834207358193584,-0.0623765297115369
0.9374268269438356,0.0199572261620173,-0.083674816774047,0.0151881919876654,-0.3842360938076594,-0.0591778372467087
0.9374689579962548,0.0188598668997907,-0.0838390853535139,0.0143456830179377,-0.3850077824617657,-0.0559722640411218
0.9375085891378504,0.0177630966498625,-0.0839938139499336,0.0135048677037633,-0.3857358153417778,-0.0527602609489377
0.9375457417912588,0.0166669081564787,-0.0841390491747626,0.0126656689684486,-0.3864202073665484,-0.0495422803893152
0.9375804361970176,0.0155712925513082,-0.0842748354867256,0.0118280082998324,-0.3870609761026554,-0.0463187706072509
0.9376126913970352,0.0144762401101053,-0.0844012150846567,0.0109918063582325,-0.3876581411812871,-0.043090177757482
0.9376425252382616,0.0133817405738985,-0.0845182278811835,0.0101569832472274,-0.3882117240949288,-0.039856946734217
0.9376699543824202,0.0122877833391514,-0.0846259115024079,0.0093234586824886,-0.3887217481180497,-0.036619521626368
0.937694994344654,0.01119435637573,-0.0847243014036223,0.008491151191479,-0.3891882387801906,-0.0333783424060374
0.9377176594656916,0.0101014477473388,-0.0848134307263783,0.0076599792955045,-0.3896112231161886,-0.0301338493217967
0.9377379629497822,0.0090090444308415,-0.0848933304161024,0.0068298606333483,-0.3899907301527781,-0.0268864793000711
0.9377559168515938,0.0079171333833693,-0.0849640291414875,0.0060007127950053,-0.3903267904577442,-0.0236366690148837
0.9377715320946308,0.0068257011727573,-0.0850255533400957,0.0051724530615782,-0.390619436290294,-0.0203848537001431
0.9377848184839668,0.0057347335822783,-0.0850779272439961,0.0043449981265329,-0.3908687016598779,-0.0171314658792616
0.937795784708056,0.0046442157371097,-0.0851211728646634,0.003518264212768,-0.3910746221939563,-0.0138769356495462
0.9378044383302102,0.0035541337980807,-0.0851553099393124,0.0026921683762435,-0.3912372348244836,-0.0106216956541291
0.9378107858205846,0.002464472417171,-0.0851803560392733,0.0018666265964721,-0.3913565782490484,-0.0073661734054208
0.937814832543888,0.0013752162689561,-0.0851963265060246,0.0010415549569297,-0.3914326925743462,-0.0041107957730966
0.9378165827661574,0.0002863501088046,-0.0852032344646262,0.0002168697076536,-0.3914656193311293,-0.000855989081082
0.9378160396603846,-0.0008021416292161,-0.0852010908348774,-0.0006075130208334,-0.3914554014814594,0.0023978221712527
0.9378132048893252,-0.0018903891199137,-0.0851899026760102,-0.0014317637672305,-0.3914020754866665,0.0056505569520315
0.9378080765947548,-0.0029787769938362,-0.085169665247339,-0.0022562457547682,-0.3913056334444288,0.0089028950385218
0.9378006516235092,-0.0040673207537264,-0.0851403707986295,-0.00308104265731,-0.3911660650013835,0.0121544126122902
0.9377909257425536,-0.0051560344712416,-0.0851020094260524,-0.0039062370588692,-0.3909833614521489,0.0154046814975006
0.9377788936255756,-0.0062449327541998,-0.0850545690285341,-0.004731911924943,-0.3907575155532505,0.0186532751194217
0.93776454886421,-0.0073340291478751,-0.0849980353634406,-0.0055581493712686,-0.3904885218129039,0.0218997638152753
0.9377478839514172,-0.0084233374132582,-0.0849323919946059,-0.0063850316131496,-0.3901763762708555,0.0251437187340932
0.9377288902840883,-0.009512870822154,-0.0848576203183728,-0.0072126404109985,-0.3898210766523294,0.0283847098199394
0.937707558155054,-0.0106026423466405,-0.0847736995500342,-0.0080410571937455,-0.3894226223360847,0.0316223064650516
0.9376838767578344,-0.0116926641321548,-0.0846806067625799,-0.0088703626373579,-0.3889810145732575,0.0348560760365507
0.937657834166121,-0.0127829482094239,-0.0845783168282183,-0.0097006371847202,-0.3884962562469365,0.0380855860858037
0.9376294173347284,-0.0138735060319543,-0.0844668024465824,-0.0105319606725318,-0.3879683520457659,0.0413104030696458
0.9375986120864014,-0.0149643486602215,-0.0843460341195484,-0.0113644124496452,-0.3873973083865573,0.0445300929936237
0.9375654031266424,-0.0160554859425522,-0.0842159802380642,-0.01219807072903,-0.3867831338684052,0.0477442190982837
0.937529774001612,-0.0171469276681855,-0.0840766069480274,-0.0130330134443609,-0.3861258386840389,0.0509523453687075
0.9374917071449426,-0.0182386817901894,-0.08392787836644,-0.0138693168668927,-0.3854254356863856,0.0541540314190104
0.9374511837827832,-0.01933075694733,-0.083769756245284,-0.0147070575107671,-0.3846819388526394,0.0573488400140192
0.937408183996968,-0.0204231602112408,-0.083602200255975,-0.0155463103837211,-0.3838953646753565,0.0605363305691119
0.9373626866928496,-0.0215158977450902,-0.0834251679029967,-0.0163871494640564,-0.3830657318055043,0.0637160612141369
0.9373146695824898,-0.0226089748958067,-0.0832386145000505,-0.0172296477446945,-0.3821930609925028,0.0668875891892155
0.937264109207878,-0.0237023953878422,-0.0830424933037288,-0.018073876583198,-0.3812773757609949,0.0700504686433195
0.937210980851346,-0.0247961629852795,-0.0828367552115736,-0.018919906955563,-0.3803187010528395,0.0732042555858013
0.9371552586005508,-0.0258902797137795,-0.0826213490623826,-0.0197678080552762,-0.3793170646840691,0.0763485028769882
0.9370969153196772,-0.0269847462394638,-0.0823962215740305,-0.0206176475528314,-0.3782724971044295,0.0794827614898426
0.9370359225856212,-0.0280795627465961,-0.0821613171493041,-0.0214694922463691,-0.3771850305497083,0.0826065831744437
0.9369722507609064,-0.0291747272732969,-0.0819165782112313,-0.0223234067363246,-0.3760547006487765,0.0857195158568734
0.9369058689086656,-0.0302702369728245,-0.0816619449313574,-0.0231794543715933,-0.3748815452143326,0.0888211074166187
0.936836744821874,-0.0313660872883847,-0.0813973554003334,-0.0240376965720512,-0.3736656050809633,0.0919109035116819
0.9367648449703692,-0.0324622725202669,-0.081122745484811,-0.0248981932361185,-0.3724069234940252,0.0949884493645622
0.9366901345228984,-0.0335587851674949,-0.0808380489739454,-0.025761002188611,-0.3711055468293641,0.0980532880920969
0.9366125773008218,-0.0346556163378878,-0.0805431974664865,-0.0266261794644886,-0.3697615241193767,0.1011049620529122
0.9365321358183888,-0.0357527548929741,-0.0802381205894943,-0.0274937785951615,-0.3683749080906419,0.1041430106711529
0.9364487711764377,-0.0368501886444595,-0.0799227456620723,-0.0283638515125911,-0.366945753670209,0.1071669739708417
0.9363624431716342,-0.0379479025984288,-0.0795969981784825,-0.0292364471177969,-0.3654741202125993,0.1101763879414507
0.9362731101695744,-0.0390458803782605,-0.0792608013982969,-0.0301116123637522,-0.3639600696678922,0.1131707887004524
0.9361807291354352,-0.0401441035156817,-0.0789140765354819,-0.0309893916498484,-0.3624036674652969,0.1161497107695453
0.9360852556365428,-0.0412425511734138,-0.0785567428414956,-0.0318698265531696,-0.3608049829031499,0.1191126865756482
0.9359866438006996,-0.0423412003877421,-0.0781887175239818,-0.0327529559740493,-0.3591640887951438,0.1220592473705599
0.9358848462825002,-0.0434400261654206,-0.0778099156984131,-0.0336388161669969,-0.3574810612654139,0.1249889237433466
0.9357798143499764,-0.0445390003053723,-0.0774202507882333,-0.0345274397401628,-0.3557559815254011,0.1279012427555497
0.9356714977052536,-0.0456380930721289,-0.0770196339372277,-0.0354188569537032,-0.3539889332576514,0.1307957326806088
0.935559844626882,-0.0467372714416397,-0.0766079746186271,-0.0363130942498591,-0.3521800053003668,0.1336719186380698
0.9354448018975496,-0.0478364996523531,-0.0761851804470057,-0.037210174640823,-0.3503292907823391,0.1365293243790299
0.9353263148019704,-0.0489357390084429,-0.0757511572518958,-0.038110117491466,-0.3484368874088179,0.1393674720930309
0.9352043270255662,-0.0500349485828224,-0.0753058087899122,-0.0390129390391231,-0.3465028961661206,0.1421858845357903
0.9350787808253592,-0.0511340834376511,-0.0748490374529368,-0.0399186508757663,-0.3445274243487806,0.1449840807829784
0.9349496169290962,-0.0522330954037381,-0.0743807439795246,-0.0408272605204914,-0.3425105842191819,0.1477615786231438
0.9348167744466596,-0.0533319336233221,-0.0739008272177077,-0.0417387718080278,-0.3404524919097202,0.1505178962745098
0.9346801910095536,-0.054430543181223,-0.0734091847136653,-0.0426531836928932,-0.3383532698619153,0.1532525492982122
0.9345398026512084,-0.0555288659420908,-0.0729057123609158,-0.0435704908763691,-0.3362130452061347,0.1559650530954799
0.9343955438535536,-0.0566268399959281,-0.0723903046510981,-0.0444906832797767,-0.3340319507120195,0.1586549219100786
0.9342473475911652,-0.0577243991961313,-0.07186285491141,-0.0454137455866331,-0.3318101256448972,0.1613216681183281
0.934095145274127,-0.0588214734810201,-0.0713232551788098,-0.0463396574395645,-0.3295477150651466,0.1639648034534393
0.9339388667871537,-0.0599179884703651,-0.0707713964168854,-0.0472683930284362,-0.3272448705587943,0.1665838384640638
0.9337784404284374,-0.0610138657912278,-0.0702071683759891,-0.0481999212930585,-0.324901749454149,0.1691782837389741
0.93361379297924,-0.0621090224866949,-0.0696304599140575,-0.0491342053490487,-0.3225185159441898,0.1717476489444912
0.9334448497781634,-0.0632033704764659,-0.0690411593259899,-0.0500712019483729,-0.3200953421944806,0.1742914420529688
0.9332715345682218,-0.0642968175097826,-0.0684391538770375,-0.0510108622156903,-0.317632406150924,0.1768091720575063
0.9330937697362665,-0.0653892655883009,-0.0678243307017694,-0.0519531302178199,-0.3151298949389303,0.1793003458138584
0.9329114760507108,-0.0664806125869179,-0.0671965759555309,-0.0528979442783309,-0.3125880010809493,0.1817644722714157
0.9327245729821532,-0.0675707502709842,-0.066555775981301,-0.053845235187813,-0.3100069269072531,0.1842010584642291
0.9325329786311296,-0.0686595648103702,-0.0659018171069781,-0.0547949265594178,-0.3073868833342392,0.1866096112596867
0.9323366095689622,-0.0697469376944859,-0.0652345851518978,-0.0557469355480106,-0.3047280875018714,0.1889896399022296
0.9321353811987052,-0.070832743736922,-0.064553966700576,-0.0567011710272167,-0.3020307674494836,0.1913406521507488
0.9319292075110188,-0.0719168525177205,-0.0638598483075754,-0.0576575347674603,-0.2992951584835371,0.1936621580086577
0.9317180014690868,-0.0729991264324148,-0.0631521178252292,-0.0586159196349719,-0.2965215079360771,0.1959536660932038
0.9315016747843692,-0.074079422038048,-0.0624306636650305,-0.0595762106904394,-0.2937100717079677,0.1982146871363227
0.931280137905154,-0.0751575901853346,-0.0616953747817205,-0.060538285232715,-0.2908611136929983,0.2004447347812002
0.931053300452794,-0.0762334740358252,-0.0609461421305138,-0.0615020109504707,-0.2879749108544156,0.2026433220478893
0.930821070918108,-0.0773069107576391,-0.0601828576530975,-0.0624672473505065,-0.28505174866087,0.2048099654599414
0.930583356990393,-0.0783777301679431,-0.0594054153535604,-0.0634338444633763,-0.282091924584926,0.206944182853989
0.930340065580148,-0.0794457549131036,-0.0586137113446132,-0.0644016429206765,-0.2790957475641156,0.2090454943851063
0.930091102775678,-0.0805108009167769,-0.0578076436745665,-0.0653704742842837,-0.2760635366277441,0.2111134240053106
0.9298363741557576,-0.081572676309013,-0.0569871132992653,-0.0663401599995323,-0.2729956238109187,0.2131474979643317
0.9295757848178808,-0.0826311816710903,-0.0561520241105757,-0.0673105115386943,-0.2698923534371967,0.2151472459282092
0.929309239361759,-0.0836861104398056,-0.0553022828164213,-0.0682813307012797,-0.2667540808487121,0.2171122023359142
0.9290366421696508,-0.0847372481402047,-0.0544377997581535,-0.0692524088434206,-0.2635811745819624,0.2190419055360555
0.928757897461852,-0.0857843725878546,-0.0535584889893793,-0.0702235269967815,-0.2603740157470386,0.2209358987671611
0.9284729093961588,-0.0868272539271196,-0.0526642684838493,-0.0711944558440193,-0.2571329978650319,0.2227937307947093
0.9281815824660422,-0.087865653637863,-0.0517550612603284,-0.0721649547344577,-0.2538585299733629,0.2246149547253513
0.9278838212462712,-0.0888993259593068,-0.0508307944445911,-0.0731347729559257,-0.2505510322242974,0.2263991311037773
0.9275795308947916,-0.0899280166060582,-0.0498914006831637,-0.0741036484878141,-0.2472109399560516,0.2281458261902838
0.9272686170499298,-0.0909514636752903,-0.048936817652797,-0.075071308807606,-0.2438387008747122,0.2298546140603889
0.926950986305374,-0.0919693966240501,-0.0479669893379275,-0.0760374698877449,-0.2404347785016545,0.2315250753894543
0.9266265461762744,-0.0929815370085817,-0.0469818657176977,-0.0770018368579875,-0.2369996499333939,0.233156799207631
0.9262952053347148,-0.0939875983455285,-0.0459814032665533,-0.0779641038482909,-0.2335338064714027,0.2347493831296908
0.9259568736570944,-0.0949872865848362,-0.0449655648672749,-0.0789239544229247,-0.2300377521884466,0.2363024345305047
0.92561146288269,-0.0959802988183665,-0.0439343215387242,-0.0798810603270695,-0.2265120087134576,0.2378155689552251
0.925258886241592,-0.0969663250852161,-0.0428876510463618,-0.0808350832123679,-0.2229571092557768,0.2392884133230706
0.924899059310738,-0.0979450466488964,-0.0418255401662686,-0.0817856729748333,-0.2193736051315317,0.2407206036801818
0.924531899361286,-0.0989161385383698,-0.0407479824490787,-0.0827324702248273,-0.2157620569845132,0.242111789296401
0.9241573263710045,-0.0998792675140728,-0.03965498089681,-0.0836751043328136,-0.2121230426427454,0.24346162993898
0.923775263110054,-0.1008340926998888,-0.0385465478598377,-0.084613194058603,-0.2084571554917486,0.2447697971258153
0.9233856352832148,-0.1017802660467334,-0.0374227050913766,-0.0855463480328696,-0.2047650034180753,0.2460359750326506
0.9229883715802396,-0.1027174330011802,-0.0362834835294783,-0.0864741654566433,-0.2010472069025289,0.2472598615732981
0.922583403999674,-0.1036452325108392,-0.0351289238565791,-0.0873962361593364,-0.1973043996992403,0.2484411685151661
0.9221706686248202,-0.1045632961037752,-0.0339590783104332,-0.0883121397346328,-0.1935372335058175,0.249579620462703
0.9217501049518552,-0.1054712502828931,-0.0327740083569614,-0.089221447984085,-0.1897463692588077,0.2506749579783649
0.9213216568234572,-0.1063687152752865,-0.0315737869218993,-0.0901237237464357,-0.1859324832185736,0.2517269360204436
0.9208852723427966,-0.1072553061112685,-0.0303584977074088,-0.0910185220551607,-0.1820962636544716,0.2527353252625597
0.9204409046246556,-0.1081306319757014,-0.0291282368375417,-0.0919053895680137,-0.1782384149531727,0.2536999113377436
0.9199885113992052,-0.10899429791973,-0.0278831112921562,-0.0927838663865735,-0.174359651611401,0.2546204967250023
0.919528055238298,-0.1098459052239461,-0.0266232390890913,-0.0936534865357383,-0.1704606978773955,0.2554969009369295
0.919059504548808,-0.1106850504245166,-0.0253487515365539,-0.0945137770769286,-0.1665422937757551,0.2563289593623478
0.9185828330965052,-0.1115113271208828,-0.0240597914411462,-0.0953642600633777,-0.1626051886125307,0.2571165249777238
0.9180980203301708,-0.1123243262292005,-0.0227565135204961,-0.0962044529264503,-0.1586501414312196,0.2578594683092808
0.9176050522421773,-0.1131236354247421,-0.0214390862290479,-0.0970338680202884,-0.1546779257329819,0.2585576767027751
0.9171039206215068,-0.1139088412758164,-0.0201076892600345,-0.0978520149561428,-0.1506893211413023,0.2592110559893528
0.9165946234392128,-0.1146795293846779,-0.01876251411626,-0.0986584008947975,-0.1466851145303759,0.259819530168997
0.9160771653446316,-0.115435284434298,-0.0174037649514798,-0.0994525307357638,-0.1426661019515849,0.2603830410695444
0.915551558328983,-0.1161756900994783,-0.016031659819261,-0.1002339071547041,-0.1386330917266691,0.2609015479980747
0.915017820228828,-0.1169003319784056,-0.0146464262899876,-0.1010020338355351,-0.1345868910737428,0.2613750294368632
0.9144759765929866,-0.1176087956997595,-0.0132483058759152,-0.1017564136247353,-0.1305283187679838,0.2618034812184754
0.9139260595225356,-0.1183006692723313,-0.0118375505642451,-0.1024965511667922,-0.1264581946881755,0.262186917620759
0.9133681086525984,-0.1189755425010829,-0.0104144249207877,-0.1032219524341365,-0.1223773457219153,0.2625253704886655
0.9128021703721214,-0.1196330086470092,-0.0089792036708999,-0.1039321266530413,-0.1182865986580127,0.262818889622291
0.912228298653793,-0.1202726640627294,-0.0075321734171739,-0.1046265860623668,-0.1141867850722144,0.2630675420346725
0.9116465544731528,-0.1208941094962894,-0.0060736307780914,-0.1053048474676135,-0.1100787360423588,0.2632714119920376
0.9110570062242084,-0.121496950199573,-0.0046038830740288,-0.1059664325052059,-0.1059632842143499,0.2634306004697045
0.9104597289721889,-0.1220807972278718,-0.0031232461232864,-0.10661086920897,-0.1018412578266133,0.2635452249344742
0.9098548054751252,-0.1226452668983291,-0.0016320464683995,-0.1072376915551043,-0.0977134872190465,0.2636154186057146
0.9092423250011452,-0.123189982406102,-0.0001306181485092,-0.1078464413817855,-0.0935807962019621,0.2636413301646195
0.9086223839083154,-0.1237145736548195,0.0013806961272534,-0.1084366683392802,-0.0894440057754635,0.2636231230423028
0.9079950826420604,-0.1242186800235795,0.0029015524970758,-0.109007933149833,-0.0853039141782209,0.2635609744817515
0.9073605277872996,-0.1247019486208891,0.0044316010537098,-0.1095598058156759,-0.0811613111340414,0.2634550744086692
0.906718834953933,-0.1251640324734783,0.0059704791079682,-0.1100918636462598,-0.0770169966271151,0.2633056254152687
0.906070126666816,-0.1256045927065248,0.0075178165426528,-0.110603693804423,-0.0728717668212683,0.2631128422371788
0.9054145308579702,-0.1260232998180358,0.0090732395594218,-0.1110948948825938,-0.0687264047332838,0.2628769506537646
0.9047521820872636,-0.1264198330088451,0.0106363678744136,-0.1115650762259888,-0.0645816885515543,0.2625981871039506
0.9040832195832852,-0.1267938815234197,0.0122068194374181,-0.1120138596072106,-0.0604383799323185,0.2622767971813101
0.9034077888728618,-0.1271451437374599,0.0137842066347246,-0.1124408782389311,-0.0562972349716273,0.2619130355334714
0.9027260398391282,-0.1274733282870308,0.0153681408762027,-0.1128457782148344,-0.0521589930256871,0.2615071641710835
0.9020381269880862,-0.1277781538230651,0.0169582319403931,-0.1132282183190776,-0.0480243794684468,0.2610594516897148
0.9013442107793144,-0.1280593484332237,0.0185540848896979,-0.1135878693701616,-0.0438941146569598,0.2605701734478078
0.9006444550265584,-0.1283166507511705,0.0201553060400716,-0.1139244156848113,-0.039768899388038,0.2600396091662093
0.8999390277468658,-0.1285498094234773,0.0217615009118408,-0.1142375544998506,-0.0356494212783153,0.2594680426685892
0.8992281010926947,-0.1287585830408958,0.0233722743063122,-0.1145269959505357,-0.0315363555589466,0.2588557611679293
0.898511851232859,-0.12894274008783,0.0249872304878427,-0.1147924630623678,-0.0274303655834817,0.2582030545700742
0.8977904576986822,-0.1291020589958468,0.0266059745507763,-0.1150336918975522,-0.0233321003285658,0.2575102142993711
0.8970641024731397,-0.1292363281214865,0.0282281143135827,-0.1152504316451594,-0.0192421906262998,0.2567775317534052
0.8963329719791605,-0.1293453451732837,0.029853255725068,-0.1154424438218183,-0.0151612617380948,0.2560052997174777
0.895597254238793,-0.1294289175519417,0.0314810090529705,-0.1156095029248924,-0.0110899187024821,0.2551938089877065
0.8948571412014238,-0.1294868617973237,0.0331109835389693,-0.1157513955971911,-0.0070287606967306,0.2543433503397597
0.8941128267359726,-0.1295190036652847,0.0347427916799167,-0.1158679209057101,-0.0029783712060482,0.2534542119438852
0.8933645071496286,-0.1295251778299669,0.0363760478875603,-0.1159588899515466,0.0010606777236994,0.2525266794971408
0.8926123808325336,-0.1295052276828057,0.0380103690759946,-0.1160241256687311,0.0050878260864372,0.2515610354318724
0.8918563294289635,-0.1294589801036889,0.0396460627501587,-0.1160634736381279,0.0091042117393745,0.2505571282787699
0.8910964477469342,-0.1293862501301741,0.0412829730317937,-0.1160767466920332,0.0131098220145695,0.2495150414521234
0.8903329317376444,-0.1292868608499491,0.0429207303245827,-0.1160637574908201,0.0171041212391055,0.2484349786435901
0.8895659792272134,-0.12916064223491,0.0445589673029974,-0.1160243285574002,0.0210865831715787,0.2473171382122932
0.8887957916789103,-0.1290074312836628,0.0461973149840806,-0.1159582921702864,0.0250566807954273,0.2461617155631209
0.8880225753277005,-0.1288270723883768,0.0478354002201318,-0.1158654905471895,0.0290138797456189,0.2449689050429665
0.8872465386829478,-0.1286194169191552,0.0494728508957476,-0.1157457756525018,0.0329576503899688,0.2437388963358792
0.8864678930245027,-0.1283843232676529,0.0511092947184243,-0.115599009121085,0.0368874643418571,0.2424718752024188
0.8856868543196931,-0.1281216575138994,0.0527443550668356,-0.1154250626394628,0.0408027840128829,0.2411680267915919
0.884903639922127,-0.1278312924837461,0.0543776577933179,-0.1152238173056675,0.0447030784734336,0.2398275304395983
0.8841184713524797,-0.1275131087129034,0.0560088252567052,-0.1149951642015717,0.0485878086933533,0.2384505644699979
0.88333157262401,-0.1271669939698945,0.0576374796919209,-0.1147390040263215,0.0524564351812063,0.2370373036442567
0.8825431699921674,-0.1267928431521555,0.0592632435708286,-0.1144552469385067,0.0563084183956519,0.2355879188770804
0.8817534938530512,-0.1263905592815475,0.0608857355468287,-0.114143813247499,0.0601432087404313,0.2341025810153449
0.8809627771243046,-0.1259600529420831,0.0625045736734772,-0.1138046329458012,0.0639602538471859,0.2325814583016099
0.880171255343912,-0.1255012424256683,0.0641193750539131,-0.1134376457503882,0.0677589973781837,0.2310247168792465
0.8793791662459848,-0.1250140535891822,0.0657297565579641,-0.1130428009131052,0.0715388803620286,0.229432520300242
0.8785867513565647,-0.1244984209932912,0.0673353314376521,-0.1126200580739082,0.0752993329290737,0.227805033154554
0.8777942546032691,-0.1239542873032701,0.0689357120298474,-0.1121693867196074,0.0790397803759333,0.2261424188306001
0.8770019225103681,-0.1233816035902114,0.0705305092176763,-0.1116907663565537,0.0827596416117863,0.2244448403834593
0.8762100041518273,-0.1227803295109816,0.0721193323865607,-0.1111841865871163,0.0864583287860135,0.2227124609622781
0.8754187515474204,-0.122150433864719,0.0737017884956438,-0.1106496475061295,0.0901352448782154,0.220945445268096
0.8746284192433157,-0.1214918945704019,0.0752774827892484,-0.1100871596121918,0.0937897851260966,0.2191439592891533
0.8738392646239982,-0.1208046992309789,0.0768460180429179,-0.1094967442144405,0.0974213350582893,0.2173081716866845
0.8730515470080397,-0.1200888446707338,0.0784069962289074,-0.1088784329581447,0.1010292741454131,0.2154382524032836
0.8722655284556413,-0.119344337951737,0.0799600167745063,-0.1082322686172482,0.1046129715695918,0.2135343752502592
0.8714814741698518,-0.1185711972013271,0.081504675650173,-0.1075583057397824,0.1081717839562444,0.2115967197684662
0.8706996507844028,-0.1177694503638985,0.0830405686184208,-0.1068566094817202,0.1117050626998953,0.2096254678893469
0.8699203279529949,-0.1169391371678499,0.0845672879691851,-0.106127257237175,0.1152121462831416,0.2076208087161595
0.8691437773928101,-0.1160803086470632,0.086084424276416,-0.1053703381401484,0.1186923641827596,0.2055829371084709
0.8683702730967328,-0.1151930278393291,0.087591565851812,-0.1045859535917407,0.1221450354804341,0.2035120551992386
0.8676000905054044,-0.1142773693245802,0.0890883002264222,-0.1037742167617639,0.1255694721313608,0.2014083711820062
0.8668335086094238,-0.1133334222720783,0.0905742099375093,-0.1029352552002935,0.1289649692134402,0.1992721061477965
0.866070806810211,-0.1123612872880819,0.0920488785012542,-0.1020692079529326,0.132330818491161,0.1971034866611856
0.8653122672193827,-0.1113610797943074,0.0935118858201892,-0.101176228467402,0.1356662978204623,0.1949027522907734
0.8645581731230568,-0.1103329287573076,0.0949628110294254,-0.1002564833704927,0.1389706775676553,0.1926701525624924
0.8638088100246063,-0.1092769787623975,0.0964012303592409,-0.0993101542252975,0.1422432156642451,0.1904059513375676
0.8630644640388736,-0.1081933885267423,0.0978267200952757,-0.0983374361035544,0.1454831642823832,0.1881104234313579
0.8623254228874306,-0.1070823330064829,0.0992388545351609,-0.0973385393733968,0.1486897651253163,0.1857838590129949
0.861591975290054,-0.1059440033365575,0.1006372070289182,-0.0963136895472387,0.1518622517480505,0.1834265632999909
0.8608644100431899,-0.1047786061687312,0.1020213516022348,-0.0952631265814813,0.1549998531965658,0.1810388551075486
0.8601430170582774,-0.1035863661048035,0.103390860844794,-0.0941871069635448,0.1581017891842455,0.1786210717860932
0.8594280861666617,-0.1023675246743567,0.1047453080545872,-0.0930859026871024,0.1611672749312882,0.1761735670128672
0.8587199069658049,-0.1011223408958943,0.1060842673917497,-0.091959801650824,0.1641955214930649,0.1736967119025976
0.8580187686124416,-0.0998510917888801,0.1074073141340138,-0.0908091080136005,0.1671857363288334,0.171190896010003
0.8573249594189155,-0.0985540725491436,0.1087140253031154,-0.0896341422454296,0.1701371247177985,0.1686565276736632
0.8566387662336185,-0.0972315962752044,0.1100039806934636,-0.088435240770627,0.1730488920897245,0.1660940335237911
0.8559604741237342,-0.0958839941991147,0.1112767633270897,-0.0872127560674998,0.1759202450659699,0.1635038590238775
0.8552903662261747,-0.0945116162656741,0.1125319595938197,-0.0859670570855994,0.1787503918005331,0.1608864696885747
0.8546287229905577,-0.0931148304736304,0.1137691605309009,-0.0846985285409821,0.1815385449001173,0.1582423499505723
0.8539758215515953,-0.0916940223359498,0.1149879628535934,-0.0834075703192854,0.18428392378762,0.1555720023363241
0.8533319358183563,-0.0902495958421201,0.1161879686466601,-0.0820945982455407,0.1869857540581545,0.1528759495002964
0.8526973354749869,-0.0887819720233272,0.1173687870890496,-0.0807600426788164,0.1896432714248726,0.1501547317749497
0.8520722851557991,-0.0872915876428882,0.1185300358451901,-0.0794043472214005,0.1922557249182273,0.1474089050715852
0.8514570447792339,-0.0857788965271599,0.1196713403027741,-0.0780279698331819,0.1948223752493837,0.1446390436960855
0.8508518684694821,-0.0842443675200009,0.1207923354391433,-0.0766313808796231,0.1973424990985739,0.1418457369489596
0.8502570041930586,-0.0826884839430363,0.1218926663576101,-0.0752150625532033,0.1998153904186377,0.1390295885733051
0.8496726932793853,-0.0811117426546312,0.1229719890415867,-0.0737795079349317,0.2022403622379131,0.1361912155051666
0.8490991700251022,-0.0795146531898988,0.124029970956587,-0.0723252201352324,0.2046167481302772,0.1333312468094131
0.8485366612516969,-0.0778977366322316,0.1250662917419567,-0.0708527111964844,0.2069439038956332,0.1304503221677553
0.8479853857142771,-0.0762615238571253,0.1260806441797013,-0.0693625004303096,0.2092212098706258,0.1275490892935596
0.8474455542420127,-0.074606555760259,0.1270727338211467,-0.0678551145689376,0.2114480702339463,0.1246282049011504
0.8469173688533064,-0.0729333802982467,0.1280422805059943,-0.0663310850209521,0.2136239165680633,0.1216883300447879
0.8464010228489232,-0.0712425522457684,0.1289890180874516,-0.064790947608494,0.215748207400334,0.1187301303028993
0.8458967007302912,-0.0695346323900615,0.1299126944880868,-0.0632352417998218,0.2178204284939218,0.115754274954384
0.845404577464203,-0.0678101843134353,0.1308130729589566,-0.0616645077525902,0.2198400958435921,0.1127614319718346
0.8449248189964724,-0.0660697751908523,0.1316899310577046,-0.0600792870221974,0.2218067535587585,0.109752270029731
0.8444575819684339,-0.0643139738286349,0.1325430610959049,-0.0584801207648505,0.2237199750472402,0.1067274556904694
0.8440030136073392,-0.0625433490621151,0.133372270274433,-0.0568675482752622,0.2255793635019022,0.1036876512332128
0.843561252013205,-0.0607584695400253,0.1341773801034001,-0.0552421067947571,0.2273845507852681,0.1006335148599226
0.8431324261131665,-0.0589599021639927,0.1349582264375063,-0.0536043301015553,0.2291351976956946,0.0975656985702124
0.8427166557758282,-0.0571482109919829,0.1357146592268689,-0.051954747530495,0.2308309935958541,0.0944848468268978
0.842314051994164,-0.0553239563234776,0.1364465421507971,-0.0502938831647282,0.2324716557783679,0.0913915955146639
0.8419247171344592,-0.0534876940093888,0.1371537521392227,-0.0486222552380623,0.2340569285783522,0.0882865712572001
0.8415487453429212,-0.0516399755131472,0.1378361786155742,-0.0469403762265639,0.235586581859533,0.085170391972221
0.8411862224486542,-0.0497813454855013,0.1384937236609197,-0.0452487506820716,0.2370604115625201,0.0820436632036273
0.8408372267391606,-0.0479123435883585,0.139126300600771,-0.043547876938067,0.2384782367138729,0.0789069815933042
0.8405018288713151,-0.0460335020204422,0.1397338341669125,-0.0418382449074282,0.2398398999613036,0.0757609310789892
0.8401800924433218,-0.0441453464190916,0.1403162594657148,-0.0401203369567334,0.2411452654288584,0.072606084744154
0.8398720741326265,-0.0422483944343667,0.1408735217381903,-0.0383946266656034,0.2423942183413204,0.0694430027329578
0.8395778242721752,-0.040343156893575,0.1414055753309276,-0.036661579945783,0.2435866628741698,0.0662722344651089
0.8392973869274669,-0.0384301359838343,0.1419123835743657,-0.0349216534497927,0.2447225220309198,0.0630943158457141
0.8390308005762225,-0.0365098273936738,0.1423939175748011,-0.0331752965828728,0.2458017350793678,0.059909773035955
0.8387780981299167,-0.0345827181883826,0.1428501561991128,-0.0314229496361015,0.2468242576541941,0.056719119100533
0.8385393074424051,-0.0326492880528651,0.1432810851814927,-0.0296650449837614,0.2477900598848074,0.0535228562248727
0.8383144516192848,-0.0307100093808796,0.1436866965924276,-0.0279020072323153,0.2486991253279252,0.050321475984732
0.8381035492508209,-0.0287653467798928,0.1440669884469273,-0.0261342528389736,0.2495514502049885,0.0471154586291538
0.8379066147450106,-0.0268157574821036,0.1444219641330763,-0.024362190554749,0.2503470422295754,0.0439052738395075
0.837723658679847,-0.0248616922756135,0.1447516318068559,-0.022586222340407,0.2510859193518701,0.0406913823184843
0.8375546879867246,-0.0229035949850504,0.1450560040916518,-0.020806742964032,0.2517681091786763,0.0374742349694106
0.837399706224474,-0.020941902941855,0.1453350976142764,-0.019024140498204,0.2523936480197182,0.0342542736887712
0.8372587138504696,-0.0189770478018511,0.1455889325460114,-0.0172387971324545,0.2529625799379411,0.031031932708833
0.8371317083772019,-0.0170094551474982,0.1458175323492654,-0.0154510888810758,0.253474956253483,0.0278076379300019
0.8370186845982969,-0.0150395451398611,0.1460209233982566,-0.0136613862444846,0.25393083475821,0.0245818079631557
0.8369196347837197,-0.0130677331879902,0.1461991346541182,-0.0118700548858359,0.2543302790452306,0.0213548551855657
0.8368345487819123,-0.0110944290610562,0.1463521975061475,-0.0100774548924415,0.2546733582039138,0.0181271842377382
0.8367634142684853,-0.0091200394187337,0.1464801453479279,-0.008283943141967,0.2549601459138606,0.0148991961038129
0.8367062167927533,-0.0071449666894961,0.1465830135155498,-0.0064898723502414,0.2551907203438097,0.0116712862071183
0.8366629398933835,-0.0051696091842775,0.1466608390997325,-0.0046955912408901,0.2553651637613345,0.0084438445230842
0.8366335652271343,-0.0031943628764949,0.1467136607326183,-0.0029014462279181,0.2554835620792997,0.0052172584082305
0.836618072612318,-0.0012196209744625,0.1467415185260406,-0.0011077810923864,0.2555460047354697,0.0019919118169529
0.8366154291654575,-2.0026515168414252e-13,0.1467462717223352,1.3103710824746706e-12,0.255556658934099,-5.486201770654732e-13
