2.99870112779192
0.8640562582279276,2.7681886536155935e-27,0.1864513847628441,-3.240487072714213e-14,0.2488481127272167,6.31263552890327e-14
0.8640583232300729,0.0009359855003405,0.186448142904695,0.0010980204908146,0.2488414162310941,-0.0017237911159878
0.8640751840632984,0.0028334155475695,0.1864216726036037,0.003323997287979,0.2487867380426372,-0.0052185057364507
0.8641090415245675,0.0047312787074534,0.1863685167305546,0.0055506919248107,0.2486769358918824,-0.0087147584065415
0.8641599198745933,0.0066291899165667,0.1862886330012382,0.0077777935803775,0.2485119202084283,-0.0122123379799061
0.8642278416501433,0.0085267541696099,0.186181979709685,0.0100049800956146,0.2482916014691676,-0.0157110171174187
0.8643128276609611,0.0104235744754965,0.1860485157141928,0.0122319272531782,0.2480158901367183,-0.0192105671453798
0.8644148969326703,0.0123192515191759,0.185888200505516,0.0144583083255993,0.2476846967586677,-0.022710757635942
0.8645340665725701,0.0142133824423299,0.1857009943936631,0.0166837925859595,0.2472979323025974,-0.0262113543544131
0.8646703517173212,0.0161055615582786,0.1854868585636339,0.0189080460871912,0.246855508210961,-0.0297121207703187
0.8648237653743526,0.0179953793732659,0.1852457552957122,0.0211307304491759,0.2463573367863676,-0.0332128164332623
0.8649943182499699,0.0198824220394144,0.1849776482044421,0.0233515021478517,0.2458033316057927,-0.0367131961310536
0.8651820187388151,0.0217662726576459,0.1846825022217561,0.0255700139781209,0.2451934073962242,-0.0402130124702841
0.8653868722667063,0.023646506264136,0.1843602845948699,0.0277859090733789,0.2445274819973161,-0.0437120067074873
0.8656088817015875,0.0255226958074055,0.1840109642028913,0.0299988278619024,0.2438054748395031,-0.0472099199785417
0.8658480466549137,0.0273944072371823,0.1836345126166071,0.032208402194138,0.2430273090141435,-0.0507064842780146
0.8661043633022544,0.0292612002370877,0.1832309043407342,0.0344142561071976,0.242192911643924,-0.0542014238916474
0.8663778238562598,0.0311226264340275,0.1828001176026277,0.0366160036015805,0.2413022153725096,-0.0576944520830476
0.8666684167266865,0.0329782325551341,0.1823421340582887,0.0388132522591229,0.2403551576052141,-0.06118527702501
0.8669761256218155,0.0348275563812582,0.1818569401656326,0.0410055983341924,0.2393516831862392,-0.0646735941893831
0.8673009293484611,0.0366701279267806,0.1813445274581316,0.0431926280107314,0.238291744792182,-0.0681590884838195
0.8676428013196752,0.0385054687975285,0.1808048932799502,0.045373916493179,0.2371753042694628,-0.0716414329254286
0.8680017092250782,0.0403330926232466,0.1802380412659885,0.0475490283611995,0.2360023334338885,-0.0751202892995595
0.8683776139691906,0.0421525019905671,0.1796439829805158,0.049717513744124,0.2347728172579623,-0.0785953020937394
0.8687704698469316,0.0439631918919059,0.1790227376051414,0.0518789122342746,0.2334867530124773,-0.0820661047668977
0.8691802230640507,0.0457646452418702,0.1783743342462213,0.054032747333153,0.2321441548206054,-0.0855323108094227
0.8696068117794158,0.0475563359218078,0.1776988118422623,0.0561785298540868,0.2307450532366481,-0.0889935191081173
0.8700501650871134,0.0493377270160694,0.1769962207537018,0.0583157555712973,0.2292894983001219,-0.0924493100253407
0.8705102023214524,0.0511082708268604,0.176266623850131,0.060443904969031,0.2277775615438898,-0.0958992447805825
0.8709868324576179,0.0528674093774874,0.1755100974542389,0.0625624435600239,0.2262093377003619,-0.0993428656931047
0.8714799527196284,0.054614572199029,0.1747267335544622,0.0646708189088465,0.2245849490346788,-0.1027796909892336
0.8719894486392777,0.0563491796357021,0.1739166397262734,0.0667684642798563,0.2229045449266805,-0.1062092202980682
0.8725151924444015,0.0580706402267613,0.1730799417193237,0.0688547951247156,0.2211683069803358,-0.1096309284112954
0.8730570426320702,0.0597783525104337,0.1722167841778064,0.0709292108796474,0.2193764502657493,-0.113044267596666
0.8736148426831015,0.0614717040868956,0.1713273327434732,0.0729910934227603,0.2175292274355759,-0.1164486643454243
0.8741884207315147,0.0631500738355877,0.1704117746560119,0.0750398093396735,0.2156269297308259,-0.1198435222793941
0.8747775883371844,0.0648128314110848,0.1694703208019803,0.0770747088628754,0.2136698910054884,-0.1232282194784296
0.8753821398948635,0.0664593387739565,0.1685032067707243,0.0790951272686934,0.2116584897040634,-0.1266021097531126
0.8760018517571068,0.0680889509166702,0.1675106943895446,0.0811003852773347,0.2095931518531084,-0.1299645221601653
0.8766364818056576,0.0697010178128202,0.1664930725650128,0.0830897909432258,0.2074743526313084,-0.1333147629034866
0.8772857686099649,0.0712948852406059,0.1654506588098578,0.0850626401542951,0.2053026193912318,-0.1366521148055058
0.8779494312954786,0.0728698973589564,0.1643837996570585,0.0870182192908739,0.2030785323931044,-0.1399758403186836
0.8786271687970827,0.074425397659733,0.1632928720861708,0.0889558058798093,0.2008027276794067,-0.1432851810645057
0.8793186601580182,0.0759607322791934,0.1621782832944924,0.0908746721863148,0.1984758965346673,-0.14657936228781
0.8800235644074077,0.0774752520495404,0.1610404711676781,0.092774087268143,0.1960987864389447,-0.1498575946636364
0.880741520692302,0.0789683149300105,0.1598799043638804,0.094653319525888,0.1936722012554003,-0.1531190769065393
0.8814721485928846,0.0804392885847852,0.1586970821237645,0.09651163947036,0.1911970008872612,-0.1563629987327997
0.8822150489950178,0.081887553778493,0.1574925331966547,0.0983483235689883,0.1886740991272947,-0.1595885457193956
0.8829698048521668,0.0833125071489568,0.1562668149586158,0.1001626573685892,0.1861044619478879,-0.1627949029618542
0.8837359821271584,0.0847135639802833,0.1550205122511019,0.1019539386789361,0.1834891052471349,-0.1659812588975761
0.8845131308250704,0.086090160792588,0.1537542360808621,0.1037214805884342,0.1808290923448759,-0.1691468089104033
0.8853007868649688,0.0874417590188576,0.1524686209569269,0.1054646159552342,0.178125528652498,-0.1722907617009298
0.8860984728805903,0.0887678463736833,0.1511643239720444,0.1071826990190209,0.1753795600403681,-0.1754123406468786
0.8869057010024236,0.0900679411978946,0.1498420206438094,0.1088751109424543,0.1725923644185648,-0.1785107924306492
0.8877219734614965,0.0913415927227198,0.1485024043047088,0.1105412601688767,0.1697651508092364,-0.1815853864724677
0.8885467854687269,0.092588384688534,0.1471461817547339,0.1121805872254124,0.1668991505656343,-0.1846354226692654
0.8893796263128542,0.0938079357310491,0.145774071814366,0.1137925654084267,0.1639956147186605,-0.1876602318115811
0.8902199815673518,0.0949999011990026,0.1443868020385692,0.1153767034222661,0.1610558074541281,-0.1906591798077235
0.8910673351733378,0.0961639744035501,0.1429851056051251,0.1169325473718109,0.1580809999540477,-0.1936316709852076
0.8919211706289818,0.0972998863643124,0.141569719653531,0.1184596808307082,0.1550724673138407,-0.1965771479596965
0.8927809738256178,0.0984074075595197,0.1401413808688806,0.1199577276691111,0.1520314796026314,-0.1994950970246653
0.8936462332674877,0.0994863459855285,0.138700825371521,0.1214263499904262,0.1489593020635538,-0.2023850443383301
0.8945164426790913,0.1005365482293952,0.1372487846173025,0.1228652501775305,0.1458571868190247,-0.2052465602451602
0.8953911020195879,0.1015578983165041,0.1357859839083687,0.1242741699912882,0.1427263701093429,-0.2080792580864026
0.896269718433799,0.1025503164808945,0.1343131409866091,0.1256528895792829,0.1395680697014402,-0.2108827929287289
0.8971518081221185,0.103513758924425,0.1328309630570329,0.1270012278875966,0.1363834789108077,-0.2136568632932738
0.8980368966041059,0.1044482157063418,0.1313401464713732,0.1283190405052109,0.1331737662997508,-0.2164012078238948
0.8989245197283786,0.1053537095281395,0.1298413751381558,0.1296062187485893,0.1299400726312328,-0.2191156045355321
0.8998142244549184,0.1062302942736379,0.1283353192868394,0.1308626884131981,0.1266835085568232,-0.2217998694839832
0.9007055690790955,0.1070780530451414,0.126822635152905,0.1320884077961396,0.1234051542745263,-0.2244538539374619
0.9015981245240005,0.1078970972838513,0.1253039628284101,0.1332833672700094,0.1201060551912949,-0.2270774449374996
0.9024914733591872,0.1086875638146296,0.1237799279522876,0.1344475858312666,0.1167872258906736,-0.2296705593146031
0.903385211613948,0.1094496145644019,0.1222511386303319,0.1355811115141526,0.1134496437247323,-0.2322331461633748
0.9042789479253088,0.1101834339171625,0.1207181868720247,0.1366840183301345,0.1100942521977197,-0.2347651816910956
0.9051723034700496,0.1108892269599058,0.1191816486891477,0.1377564044463852,0.1067219614486805,-0.2372666666692044
0.9060649125486244,0.1115672183328959,0.1176420830589378,0.1387983912460313,0.1033336462263828,-0.2397376259091017
0.9069564226341492,0.1122176506887043,0.1161000317849238,0.1398101217818115,0.0999301457985126,-0.2421781063722698
0.9078464936595712,0.1128407827101029,0.1145560206672247,0.1407917584902218,0.0965122667434622,-0.2445881734083002
0.9087347988798802,0.1134368883662273,0.1130105579377285,0.1417434827897331,0.0930807796907143,-0.2469679114836291
0.9096210236820672,0.114006254800243,0.111464136242731,0.142665492489006,0.0896364238939372,-0.2493174195034871
0.9105048657693552,0.1145491813077264,0.109917232241158,0.1435580008490072,0.0861799065322627,-0.2516368100577643
0.9113860356102688,0.1150659784882396,0.1083703057192229,0.1444212359222807,0.0827119008907268,-0.2539262094422478
0.9122642549425554,0.1155569663099111,0.1068238021086566,0.1452554380429322,0.0792330521493242,-0.2561857527436894
0.9131392577538668,0.1160224737443458,0.1052781506596362,0.1460608598682898,0.075743973441671,-0.2584155855306019
0.9140107893954292,0.1164628373587415,0.1037337658829451,0.1468377646454835,0.0722452492259815,-0.2606158607966881
0.9148786066171176,0.1168784005097255,0.1021910473691493,0.1475864254442942,0.0687374350064771,-0.2627867384052276
0.9157424771337294,0.1172695123505847,0.1006503804322583,0.148307124023551,0.0652210589087588,-0.2649283834415402
0.9166021798467192,0.1176365271987325,0.0991121355820251,0.149000150310025,0.0616966205764306,-0.2670409662894408
0.9174575035710862,0.1179798033056492,0.0975766706648406,0.1496658007130167,0.0581645961660272,-0.2691246591090404
0.918308247703707,0.1182997025403886,0.0960443295360813,0.1503043780927532,0.054625435408993,-0.2711796371924747
0.9191542216238066,0.1185965895524541,0.0945154429927723,0.1509161907256086,0.0510795638291011,-0.2732060772535754
0.9199952444312028,0.118870831138719,0.0929903291036472,0.1515015516032297,0.0475273835823168,-0.2752041566262618
0.9208311446453484,0.1191227956428393,0.0914692936098496,0.1520607777501639,0.0439692744578363,-0.2771740524327022
0.9216617603308744,0.1193528525145408,0.0899526295465473,0.1525941898573618,0.0404055930448338,-0.2791159418054887
0.9224869380671716,0.1195613715733166,0.0884406189714024,0.1531021111965387,0.0368366768343502,-0.2810299994482234
0.9233065338738614,0.1197487228441147,0.0869335311200315,0.1535848678200627,0.033262839915902,-0.2829163998115657
0.9241204114344084,0.1199152757360881,0.0854316255105327,0.1540427871225322,0.0296843803461455,-0.284775313038393
0.9249284431911156,0.1200613989569375,0.0839351497813396,0.1544761981772031,0.0261015750640482,-0.2866069075918586
0.9257305093108532,0.1201874599555404,0.0824443414413353,0.1548854308313209,0.0225146840680519,-0.2884113480065243
0.9265264979818022,0.120293824666946,0.0809594271651265,0.1552708155798939,0.0189239487411984,-0.2901887957130357
0.9273163045951144,0.120380857097782,0.0794806241592554,0.1556326828844993,0.0153295951464298,-0.2919394073749247
0.9280998320781796,0.1204489191044148,0.078008139385589,0.1559713630893649,0.0117318321503821,-0.2936633358327498
0.9288769906336348,0.1204983700839619,0.0765421698857201,0.1562871860378671,0.008130852174737,-0.2953607297226266
0.9296476967423404,0.1205295666704164,0.0750829045044485,0.1565804804444525,0.0045268354112441,-0.2970317315288639
0.9304118738912542,0.1205428625682,0.0736305223637532,0.1568515739953172,0.0009199460601065,-0.2986764794271013
0.931169451844057,0.1205386082984244,0.0721851940835123,0.1571007928599905,-0.0026896647021391,-0.3002951059512395
0.9319205136216652,0.1205171451171774,0.0707467995952558,0.1573285041761168,-0.006302569591152,-0.3018880488486385
0.9326654529727024,0.1204787780622941,0.0693146191858574,0.1575351385333963,-0.0099208690469029,-0.3034563701687365
0.9334042153711898,0.1204238060951477,0.0678887895286421,0.1577209692540262,-0.0135445256303414,-0.3050001526050637
0.9341367483333746,0.1203525249401582,0.0664694461762946,0.1578862665742337,-0.0171734991861254,-0.3065194655754746
0.9348630046199308,0.1202652268526071,0.0650567173038927,0.1580312984777205,-0.020807762616091,-0.3080143721915214
0.9355829404269606,0.1201622007096651,0.0636507271068982,0.1581563302111422,-0.0244472931811776,-0.3094849257195287
0.9362965170293392,0.1200437317259474,0.0622515924955907,0.1582616245318754,-0.0280920810074616,-0.3109311731717061
0.9370036992740912,0.1199101015630794,0.0608594259212208,0.1583474413424746,-0.0317421218067805,-0.3123531524205508
0.9377044562206592,0.1197615881555636,0.0594743340165686,0.1584140377229503,-0.035397420410552,-0.3137508937107731
0.938398760850324,0.1195984656664401,0.0580964180525948,0.1584616677957457,-0.0390579896178985,-0.3151244192631269
0.939086589072354,0.1194210046611673,0.0567257758087815,0.1584905826016144,-0.0427238452189504,-0.3164737415198778
0.9397679212449788,0.1192294716718809,0.0553624984457688,0.1585010301249176,-0.0463950143318523,-0.317798866347258
0.940442740578997,0.1190241295240352,0.0540066735751214,0.1584932551381106,-0.0500715272384024,-0.3190997900875035
0.9411110341379976,0.1188052369930565,0.0526583831546456,0.1584674991536697,-0.0537534230699008,-0.3203765016988523
0.9417727921946164,0.118573048906218,0.0513177046671533,0.1584240003297166,-0.0574407466874822,-0.3216289816799363
0.9424280070655024,0.1183278165244637,0.0499847133904825,0.1583629935214673,-0.061133542407353,-0.3228572000749677
0.9430766747165106,0.1180697869430428,0.0486594790524145,0.1582847101388368,-0.0648318631888374,-0.3240611197102355
0.94371879335702,0.1177992035592667,0.0473420685898709,0.1581893782134706,-0.0685357630191216,-0.325240693735408
0.9443543639899604,0.1175163058349645,0.0460325449396399,0.1580772223138421,-0.0722453002505624,-0.3263958668462641
0.9449833900426848,0.1172213294123723,0.0447309677032139,0.1579484635560732,-0.0759605357329168,-0.3275265747869412
0.9456058776647044,0.1169145059357445,0.0434373924392659,0.1578033194990231,-0.079681534834114,-0.3286327450604672
0.946221835211749,0.1165960632502003,0.0421518716389739,0.157642004199818,-0.083408364670577,-0.3297142961672936
0.9468312729380924,0.1162662255497247,0.0408744552886574,0.1574647282816315,-0.0871410924284335,-0.3307711372534645
0.9474342035773144,0.1159252130471084,0.0396051895722189,0.1572716987457382,-0.0908797891162903,-0.3318031692976334
0.9480306418086168,0.115573242220405,0.0383441179005764,0.1570631190750816,-0.0946245265746054,-0.3328102843362348
0.9486206040986718,0.115210525892593,0.037091281168604,0.1568391892716464,-0.0983753766714739,-0.3337923653682623
0.949204109087614,0.1148372729706497,0.0358467168553566,0.1566001056794217,-0.1021324139757005,-0.334749287155554
0.9497811766150948,0.1144536890385225,0.0346104610200358,0.1563460613445823,-0.1058957097240645,-0.3356809147724266
0.9503518285028516,0.1140599758537111,0.0333825465628177,0.1560772456885335,-0.1096653370070354,-0.3365871050589918
0.950916088276862,0.1136563314887233,0.0321630037360699,0.1557938445742225,-0.1134413692349992,-0.3374677062970292
0.9514739807081743,0.1132429506423051,0.0309518610637008,0.155496040511939,-0.1172238772555769,-0.3383225576400379
0.9520255318777826,0.1128200246043734,0.0297491451398155,0.1551840126367941,-0.1210129298760173,-0.3391514893893818
0.9525707696541136,0.1123877408705258,0.0285548795160836,0.1548579364105792,-0.1248085973331595,-0.3399543238497187
0.953109722684106,0.1119462839102291,0.0273690868368273,0.1545179841814374,-0.1286109444999632,-0.3407308739630796
0.9536424210901456,0.1114958346211991,0.0261917872533875,0.1541643247711162,-0.1324200358270079,-0.3414809444971696
0.9541688958453188,0.1110365708360236,0.0250229997362969,0.1537971238581255,-0.1362359310612397,-0.3422043312917957
0.9546891792549388,0.1105686669116868,0.0238627409506164,0.1534165436492249,-0.1400586888047958,-0.3429008220831295
0.9552033044798046,0.1100922941345577,0.0227110262522596,0.1530227431935361,-0.1438883631976371,-0.3435701959836568
0.9557113054573996,0.1096076208108159,0.0215678698142038,0.1526158784602178,-0.1477250033585662,-0.3442122235507299
0.9562132173076672,0.1091148118808621,0.0204332836583685,0.1521961020108681,-0.1515686565305587,-0.3448266674490468
0.9567090756514328,0.1086140295722575,0.0193072791359868,0.1517635635443267,-0.1554193630038192,-0.3454132817401329
0.9571989169956884,0.1081054330380928,0.0181898660096057,0.1513184095913966,-0.1592771590775842,-0.3459718125250554
0.9576827785230771,0.1075891785678239,0.0170810528784607,0.1508607836921292,-0.1631420755004769,-0.3465019978406895
0.9581606981526264,0.1070654195266333,0.0159808469899745,0.1503908263398276,-0.1670141380021947,-0.3470035678807519
0.9586327141365848,0.1065343068067697,0.0148892551215994,0.1499086753862091,-0.1708933640460189,-0.3474762447374387
0.9590988655370676,0.1059959883152612,0.0138062824385742,0.1494144655825599,-0.174779766700496,-0.3479197430696709
0.959559191749309,0.1054506095149056,0.0127319335505527,0.1489083290698619,-0.1786733507464257,-0.3483337697876462
0.9600137327904944,0.1048983131034707,0.0116662117987123,0.1483903950867932,-0.1825741150712402,-0.3487180245056046
0.9604625288508626,0.1043392395652676,0.0106091202650066,0.14786079048736,-0.1864820488228538,-0.3490721993330818
0.9609056207610344,0.1037735266164261,0.0095606606367103,0.1473196392242547,-0.1903971353916375,-0.3493959794570453
0.9613430495249016,0.103201309795009,0.008520834266125,0.1467670629101339,-0.1943193483279584,-0.349689042956475
0.9617748564999684,0.1026227222563301,0.0074896417103338,0.1462031806311254,-0.1982486528428247,-0.3499510611550266
0.962201083295799,0.1020378949207692,0.0064670829362765,0.1456281090955465,-0.202185004841965,-0.3501816987601712
0.9626217717765536,0.1014469564886894,0.005453157280393,0.1450419626562719,-0.2061283508736792,-0.3503806140848835
0.9630369641354604,0.1008500333458451,0.0044478632328717,0.1444448532222157,-0.2100786287812537,-0.3505474592923503
0.9634467024620084,0.1002472502041599,0.0034511994530328,0.1438368909084011,-0.2140357634978292,-0.3506818804569632
0.9638510293048916,0.0996387293103766,0.0024631633743219,0.1432181832541728,-0.2179996723122496,-0.3507835180323949
0.964249987200488,0.0990245911462029,0.0014837523162062,0.1425888359358523,-0.2219702602696112,-0.3508520069218253
0.9646436187863712,0.0984049542903076,0.0005129631812202,0.1419489526431079,-0.2259474211205979,-0.3508869767994769
0.9650319668160918,0.0977799354139866,-0.0004492076109788,0.1412986350869964,-0.229931037362979,-0.3508880523833237
0.9654150740196497,0.097149649526665,-0.0014027638060959,0.1406379832695369,-0.2339209786899988,-0.3508548537211387
0.965792984785946,0.0965142071511657,-0.0023477135548405,0.1399670925104141,-0.2379171197313193,-0.3507869961412321
0.9661657420819636,0.0958737193953675,-0.0032840617765886,0.1392860587715319,-0.2419193079224292,-0.3506840907680754
0.9665333887448584,0.0952282959428151,-0.0042118133711833,0.1385949766010236,-0.2459273764140441,-0.3505457449658631
0.9668959675234644,0.0945780450227783,-0.0051309733425478,0.1378939391266363,-0.249941144296325,-0.3503715627113308
0.9672535212892736,0.0939230730549513,-0.0060415473580918,0.1371830376925266,-0.253960418792545,-0.3501611448413065
0.9676060928204876,0.0932634850492408,-0.0069435412284996,0.1364623623076711,-0.257984992773105,-0.349914089488061
0.967953724927218,0.0925993843944647,-0.0078369612515502,0.1357320014368118,-0.2620146460430874,-0.3496299923640751
0.968296460198723,0.0919308733592216,-0.0087218135870329,0.1349920425726237,-0.2660491422932265,-0.3493084473404216
0.9686343412224968,0.0912580527022207,-0.0095981048407093,0.1342425718335362,-0.2700882314731517,-0.3489490466857861
0.9689674105536922,0.0905810217393021,-0.0104658420120958,0.1334836740581226,-0.2741316493632749,-0.348551381462127
0.9692957105830284,0.0898998786277354,-0.0113250321741226,0.1327154331478384,-0.2781791158681769,-0.3481150420877503
0.969619283664238,0.0892147201263997,-0.0121756828275554,0.1319379318247137,-0.2822303364488029,-0.3476396186150525
0.9699381720212498,0.0885256418015558,-0.0130178016817546,0.1311512518890828,-0.2862850008945174,-0.3471247012782279
0.9702524178135652,0.0878327379019274,-0.0138513968496556,0.1303554741046768,-0.2903427840615672,-0.3465698808353511
0.97056206298288,0.0871361017109983,-0.0146764764634611,0.1295506786313658,-0.2944033438156198,-0.3459747492931757
0.970867149366924,0.0864358253191127,-0.0154930489964,0.1287369447959272,-0.298466322391019,-0.3453389002055715
0.9711677187002872,0.0857319996297315,-0.016301123288315,0.1279143511278872,-0.3025313463655019,-0.3446619291329955
0.9714638126005596,0.0850247143983077,-0.0171007085317766,0.1270829754340177,-0.3065980264522985,-0.3439434341408636
0.9717554724663848,0.0843140584893196,-0.017891814017915,0.1262428951329797,-0.3106659560567443,-0.3431830165527996
0.972042739613992,0.0836001195622195,-0.0186744495262488,0.1253941869194132,-0.3147347131244435,-0.3423802811331227
0.9723256552081588,0.0828829842414213,-0.019448625160707,0.1245369269957025,-0.3188038592077326,-0.3415348367538284
0.9726042601116944,0.0821627385169727,-0.0202143509564045,0.1236711915885606,-0.322872937264571,-0.340646297410992
0.9728785952264064,0.0814394668811465,-0.0209716378353409,0.1227970559495256,-0.326941476619408,-0.3397142817127223
0.9731487011337208,0.0807132532586212,-0.0217204966408868,0.1219145955067463,-0.3310089877830673,-0.3387384145445142
0.973414618237586,0.0799841806565522,-0.0224609385480724,0.1210238854853215,-0.3350749645416408,-0.3377183272186549
0.973676386876155,0.0792523308560431,-0.023192975396738,0.1201250005648178,-0.3391388857761639,-0.3366536575717103
0.9739340470076158,0.0785177852902699,-0.0239166188342275,0.1192180159938017,-0.3432002107032585,-0.3355440517863824
0.9741876384906398,0.0777806242800547,-0.0246318811161761,0.1183030066944755,-0.3472583832775268,-0.3343891638906175
0.9744372010210838,0.0770409272022829,-0.0253387749517937,0.1173800475043857,-0.3513128313961132,-0.3331886565415692
0.97468277392637,0.0762987731115263,-0.0260373129388914,0.1164492139945322,-0.3553629636743033,-0.331942202640973
0.9749243965316918,0.0755542396537463,-0.026727508620966,0.1155105811527976,-0.359408175585294,-0.3306494841488913
0.9751621077540596,0.0748074042966244,-0.027409375351016,0.1145642249680979,-0.3634478429566011,-0.3293101947474959
0.9753959462791224,0.074058343820835,-0.0280829268083019,0.1136102218415297,-0.3674813250056021,-0.3279240396575507
0.9756259506407432,0.0733071340665326,-0.0287481772458883,0.1126486483050725,-0.3715079659546688,-0.3264907357743695
0.975852159100392,0.0725538503207223,-0.0294051411612093,0.1116795815567719,-0.3755270932161607,-0.3250100129925813
0.9760746095371858,0.0717985677128552,-0.0300538329890377,0.1107031000211806,-0.379538015611042,-0.3234816156794453
0.9762933397491784,0.0710413602165013,-0.0306942679931114,0.1097192821090393,-0.3835400290181653,-0.3219053013412682
0.97650838717896,0.0702823015805438,-0.0313264614832165,0.108728207463636,-0.3875324117691822,-0.3202808431230348
0.9767197889383358,0.0695214652841178,-0.031950428897185,0.107729956958357,-0.3915144253052216,-0.3186080304541826
0.9769275819560472,0.0687589240261639,-0.0325661862498663,0.1067246120768181,-0.3954853172683008,-0.3168866686095726
0.977131802804662,0.0679947503633981,-0.0331737496359593,0.1057122557978584,-0.3994443186013125,-0.3151165807777921
0.9773324877792664,0.0672290164529001,-0.0337731354740383,0.1046929723094067,-0.403390645377323,-0.3132976081942149
0.9775296729493528,0.0664617938656108,-0.0343643606753816,0.1036668468067344,-0.4073235002504966,-0.3114296103492139
0.9777233940195555,0.0656931541412966,-0.0349474422397378,0.1026339662814084,-0.4112420701316453,-0.3095124669913904
0.977913686372836,0.0649231686628469,-0.035522397393502,0.1015944194091314,-0.4151455274251868,-0.3075460785594044
0.9781005852036893,0.0641519081364777,-0.036089244004235,0.1005482958958605,-0.4190330332538358,-0.305530365515323
0.9782841252830976,0.0633794435720537,-0.0366479998808658,0.0994956878519364,-0.4229037331243381,-0.3034652715331005
0.9784643412180298,0.0626058452366956,-0.0371986835715358,0.0984366884209922,-0.4267567628602224,-0.3013507614238938
0.9786412671741228,0.0618311838514573,-0.0377413135293782,0.0973713934596858,-0.4305912433044432,-0.299186825001643
0.9788149371299282,0.0610555295348862,-0.0382759088984855,0.0962999001411779,-0.4344062863193627,-0.2969734748650286
0.9789853847497668,0.0602789523684782,-0.0388024891362941,0.0952223077729999,-0.4382009927173501,-0.2947107485535162
0.9791526433815226,0.0595015224443166,-0.0393210740151431,0.0941387179108445,-0.4419744528326296,-0.2923987093309483
0.9793167461662832,0.058723309380122,-0.0398316839719828,0.0930492337248683,-0.445725749690712,-0.2900374453318352
0.9794777259346402,0.0579443828151007,-0.0403343397976057,0.0919539607281325,-0.4494539574300846,-0.2876270715727074
0.9796356152570664,0.0571648121980949,-0.0408290628022484,0.0908530065195256,-0.4531581432028923,-0.2851677298630224
0.9797904464630308,0.0563846667062863,-0.0413158748856002,0.0897464807021252,-0.45683736844565,-0.2826595890357267
0.9799422516185164,0.0556040153687228,-0.0417947984761064,0.0886344950885444,-0.4604906892033082,-0.2801028457964555
0.9800910624974164,0.0548229272369806,-0.0422658564489238,0.087517163975797,-0.4641171562872976,-0.2774977257453959
0.9802369107892134,0.0540414702968124,-0.0427290727932498,0.0863946026112767,-0.4677158212710924,-0.2748444801159959
0.980379827849982,0.0532597127651619,-0.0431844718345662,0.0852669290648244,-0.4712857314109356,-0.2721433904020791
0.9805198448789464,0.0524777221530565,-0.0436320788033097,0.0841342629019201,-0.4748259349571592,-0.2693947654968121
0.980656992851569,0.0516955656097031,-0.0440719196318275,0.0829967256875866,-0.478335480540514,-0.2665989430775336
0.9807913025962178,0.0509133094674227,-0.0445040212091814,0.0818544403302698,-0.4818134201934946,-0.2637562881489921
0.9809228046686624,0.0501310199438377,-0.0449284109864202,0.0807075321067257,-0.485258807199822,-0.2608671956949839
0.9810515295714064,0.0493487618195021,-0.0453451176916101,0.079556126722597,-0.4886707029203449,-0.2579320858843267
0.9811775075882356,0.0485665993570359,-0.0457541708058266,0.078400351642636,-0.4920481736564814,-0.2549514073783797
0.9813007688291634,0.0477845959973484,-0.0461556007147655,0.0772403356322282,-0.4953902929565209,-0.2519256361560943
0.9814213432394076,0.0470028142524984,-0.0465494387445373,0.076076208578731,-0.4986961430186666,-0.2488552749704858
0.9815392606982204,0.0462213149847927,-0.0469357174918779,0.0749081003870314,-0.5019648186181098,-0.2457408502644859
0.9816545508562206,0.0454401583835912,-0.0473144702987152,0.0737361423998068,-0.5051954238463151,-0.2425829157112623
0.9817672432390356,0.0446594032153436,-0.0476857315952682,0.0725604662426597,-0.5083870761363971,-0.2393820489240982
0.9818773672343456,0.0438791068082765,-0.048049536862255,0.071381203753798,-0.5115389071155245,-0.2361388509455353
0.9819849521052048,0.0430993248476068,-0.0484059226785787,0.0701984866227582,-0.5146500641894387,-0.2328539448918913
0.9820900270107052,0.0423201110923997,-0.0487549267931406,0.0690124459005812,-0.5177197123545944,-0.2295279741576932
0.9821926208136368,0.0415415186941153,-0.0490965874864215,0.0678232139494146,-0.5207470297151591,-0.2261616074628731
0.9822927623433906,0.0407635981319002,-0.04943094444305,0.0666309212372929,-0.5237312162782323,-0.2227555293962083
0.9823904802564516,0.0399863980905908,-0.0497580382882467,0.0654356975989918,-0.5266714910223935,-0.2193104433745499
0.9824858030011544,0.0392099656176266,-0.0500779104663976,0.0642376724082401,-0.529567091881804,-0.215827071608134
0.982578758860998,0.0384343456457794,-0.0503906033815284,0.0630369737696059,-0.5324172780650888,-0.212306152193499
0.9826693759192816,0.03765958113113,-0.0506961602733587,0.0618337286514475,-0.5352213299751215,-0.2087484388717792
0.9827576821022252,0.036885712522892,-0.0509946253562787,0.0606280619791767,-0.5379785515004337,-0.2051546976893805
0.9828437050572588,0.0361127786586346,-0.0512860434003962,0.0594200979431412,-0.540688267131122,-0.201525710205681
0.9829274722653846,0.035340815622095,-0.0515704601017093,0.0582099581329076,-0.543349826309224,-0.197862267238273
0.983009010899592,0.0345698578584308,-0.0518479215914895,0.0569977631929937,-0.5459625997559484,-0.1941651731308866
0.9830883479392304,0.0337999369599361,-0.0521184748123204,0.0557836308306625,-0.5485259838375325,-0.1904352390001608
0.9831655100533409,0.0330310825923807,-0.0523821671080365,0.0545676771801807,-0.5510393975197504,-0.1866732861428968
0.9832405236100914,0.0322633222748585,-0.0526390462401786,0.053350016371605,-0.5535022832560259,-0.1828801440153668
0.9833134147067604,0.031496680908557,-0.0528891604748347,0.0521307596937673,-0.5559141085348404,-0.1790566468859061
0.983384209097709,0.0307311813497417,-0.0531325583190336,0.0509100164128583,-0.558274364018942,-0.1752036356356228
0.9834529322345964,0.0299668438231607,-0.0533692886406884,0.0496878927499214,-0.5605825653198668,-0.1713219538037435
0.9835196091718332,0.0292036868016924,-0.0535994003241289,0.0484644931978828,-0.5628382502167116,-0.1674124510226169
0.9835842646299068,0.0284417261627936,-0.0538229424679069,0.0472399190883261,-0.5650409810958387,-0.1634759777509292
0.983646922924748,0.0276809758442052,-0.0540399641202563,0.0460142695572311,-0.5671903428317715,-0.1595133876359276
0.9837076079933368,0.0269214474054139,-0.0542505143458511,0.0447876407582528,-0.5692859438653021,-0.1555255342847938
0.9837663433662568,0.0261631502040152,-0.0544546421087155,0.0435601260637023,-0.5713274154298484,-0.1515132712040381
0.9838231521157378,0.0254060919432329,-0.0546523960685888,0.0423318168740398,-0.5733144098441935,-0.1474774537826292
0.9838780569193885,0.0246502777134819,-0.0548438247791299,0.0411028009892856,-0.5752466027870146,-0.1434189333016097
0.9839310799526164,0.0238957113174704,-0.0550289762894868,0.0398731646867691,-0.5771236895367936,-0.1393385631296628
0.9839822429649888,0.0231423941233886,-0.0552078983861844,0.0386429907874465,-0.5789453876136732,-0.1352371917306719
0.9840315672205956,0.0223903257792619,-0.0553806383608331,0.0374123597490453,-0.5807114346019012,-0.1311156656684023
0.9840790735182812,0.021639503803903,-0.0555472430564354,0.036181348931785,-0.5824215887548186,-0.1269748265703006
0.9841247821136192,0.0208899247258367,-0.0557077585691631,0.0349500344034461,-0.5840756260313593,-0.1228155166423977
0.984168712811028,0.0201415825371711,-0.0558622305468412,0.033718488344438,-0.5856733432245463,-0.1186385693999899
0.9842108848755684,0.0193944700250514,-0.0560107038549858,0.0324867811752148,-0.5872145545614376,-0.1144448163156081
0.984251317059001,0.0186485782893969,-0.0561532226438084,0.0312549807113598,-0.5886990923928077,-0.1102350834786679
0.9842900275752186,0.0179038971252394,-0.0562898302375186,0.0300231527436527,-0.5901268060197945,-0.1060101931038472
0.9843270341224404,0.0171604145455967,-0.0564205691887484,0.0287913602011689,-0.5914975622151757,-0.1017709602148382
0.9843623538474192,0.0164181174123802,-0.0565454811287435,0.0275596641489323,-0.5928112435887539,-0.0975181956329642
0.9843960033482296,0.0156769913793553,-0.056664606753896,0.0263281236530296,-0.5940677483499452,-0.0932527051223494
0.9844279986902096,0.0149370204990511,-0.0567779858595201,0.0250967950869804,-0.5952669905559828,-0.08897528659804
0.9844583553865702,0.0141981875795121,-0.0568856572491212,0.0238657326849942,-0.5964088990317556,-0.0846867316598274
0.984487088369288,0.0134604749127461,-0.0569876586093418,0.0226349897225244,-0.5974934158980149,-0.0803878293710611
0.984514212044696,0.0127238628860343,-0.0570840266860834,0.0214046161689081,-0.5985204982848491,-0.0760793577462942
0.9845397402249436,0.0119883317473895,-0.0571747970206775,0.0201746616027851,-0.5994901153585405,-0.0717620936271909
0.9845636861855508,0.0112538600735675,-0.0572600041344523,0.0189451726262078,-0.6004022501085814,-0.0674368033429337
0.9845860626199804,0.0105204260654838,-0.0573396813480671,0.0177161950041775,-0.601256897232383,-0.0631042499395187
0.984606881675728,0.0097880064483986,-0.0574138608914252,0.0164877717996128,-0.6020540641172729,-0.0587651863591335
0.9846261549165922,0.0090565777311294,-0.0574825737515587,0.0152599454614664,-0.6027937690082744,-0.0544203625586319
0.9846438933379176,0.008326115845048,-0.0575458497097751,0.0140327572021434,-0.6034760411982386,-0.0500705231041964
0.984660107382632,0.0075965955142619,-0.0576037173826119,0.0128062459207816,-0.6041009212614401,-0.0457164031388267
0.9846748069217756,0.0068679910549804,-0.0576562041369011,0.0115804495288019,-0.6046684599270526,-0.0413587328749232
0.9846880012533128,0.0061402766587461,-0.0577033360707278,0.0103554054131785,-0.6051787176583121,-0.0369982390673331
0.984699699124236,0.0054134253319056,-0.0577451380784431,0.0091311486381746,-0.6056317651422959,-0.0326356384418975
0.984709908713969,0.0046874097778056,-0.0577816337782742,0.0079077134172116,-0.6060276822935446,-0.0282716427630041
0.9847186376368456,0.0039622024884021,-0.0578128455088232,0.006685133257295,-0.6063665580026708,-0.0239069592026546
0.9847258929482672,0.0032377755029821,-0.0578387943395634,0.0054634405430247,-0.6066484900392572,-0.0195422887156475
0.9847316811419592,0.0025141009619324,-0.0578595000503265,0.0042426674619471,-0.6068735846206631,-0.0151783292120353
0.98473600816101,0.0017911501520326,-0.057874981160911,0.003022844386541,-0.6070419565284554,-0.0108157696482649
0.9847388793904096,0.0010688947595039,-0.0578852548953324,0.0018040019810322,-0.6071537285178648,-0.0064552974386689
0.984740299666669,0.0003473056463938,-0.0578903372079875,0.0005861691306801,-0.6072090314041078,-0.0020975909371179
0.984740273274706,-0.0003736460460462,-0.057890242765075,-0.0006306252018724,-0.6072080036662506,0.0022566740300707
0.9847388038937108,-0.0010940088001886,-0.0578849847442493,-0.0018463855703003,-0.6071507890776754,0.0066069444622306
0.9847358892218796,-0.001814878050162,-0.0578745555961913,-0.0030628835687227,-0.6070373272501495,0.0109589909617462
0.9847315253892646,-0.0025362819830393,-0.0578589428395314,-0.0042800892529995,-0.6068675256108288,0.0153121354115243
0.9847257079926548,-0.0032582477532672,-0.0578381327700185,-0.0054979706548865,-0.6066412999102943,0.0196656905432714
0.9847184320864152,-0.0039808029257905,-0.0578121104343962,-0.0067164962244094,-0.6063585740862295,0.0240189687933998
0.9847096921814502,-0.0047039749374948,-0.0577808596341336,-0.0079356339284253,-0.6060192804551632,0.0283712791997751
0.9846994822462892,-0.0054277908217319,-0.057744362937508,-0.0091553507943907,-0.6056233599976054,0.0327219259011066
0.9846877957102786,-0.0061522769812594,-0.0577026016999886,-0.0103756125374812,-0.6051707627349721,0.0370702069474922
0.9846746254411104,-0.006877460423467,-0.0576555559936869,-0.0115963856507657,-0.6046614471232641,0.0414154218893932
0.9846599637728,-0.0076033668878011,-0.0576032047178769,-0.0128176342618112,-0.6040953814106229,0.0457568607251105
0.984643802489929,-0.0083300218203629,-0.0575455255539532,-0.0140393217868714,-0.6034725433087068,0.0500938099599493
0.9846261328181622,-0.0090574506139826,-0.057482494943678,-0.0152614113462036,-0.6027929199193812,0.0544255542391109
0.9846069454428644,-0.0097856776986973,-0.0574140881684352,-0.0164838642490108,-0.6020565087506718,0.0587513711462919
0.9845862304875994,-0.0105147273628907,-0.0573402792861114,-0.0177066413881869,-0.6012633171954355,0.0630705363338572
0.984563977521494,-0.0112446233235467,-0.0572610411717326,-0.0189297025337395,-0.6004133631282802,0.0673823212070298
0.9845401755845152,-0.0119753879106158,-0.0571763456224628,-0.0201530049853125,-0.5995066761848274,0.0716859883918339
0.9845148131555996,-0.0127070431282338,-0.0570861632597833,-0.0213765053714156,-0.5985432968602141,0.0759807983101033
0.9844878781690144,-0.0134396100788379,-0.0569904636041683,-0.0226001587056725,-0.5975232774541721,0.0802660060871204
0.9844593579896556,-0.014173109588171,-0.0568892150044548,-0.0238239194529374,-0.5964466814584979,0.0845408655278577
0.9844292394708132,-0.0149075606724519,-0.0567823848607175,-0.0250477389955312,-0.5953135860604789,0.0888046205205336
0.9843975088892192,-0.0156429822167011,-0.0566699394120233,-0.0262715684605811,-0.5941240800075921,0.0930565151954882
0.9843641519939762,-0.0163793917258086,-0.0565518439290638,-0.0274953566653768,-0.5928782657669133,0.0972957870443823
0.9843291540012156,-0.0171168055188363,-0.0564280627145554,-0.0287190504743153,-0.5915762596246366,0.1015216684917044
0.9842924995586544,-0.0178552394620127,-0.0562985589980295,-0.0299425960467464,-0.5902181906708251,0.1057333915210344
0.9842541728217572,-0.0185947074057669,-0.056163295225652,-0.0311659362795331,-0.5888042039189899,0.1099301791957453
0.98421415741078,-0.0193352221508805,-0.0560222329291162,-0.0323890124495524,-0.5873344589787449,0.1141112517065016
0.9841724363916408,-0.0200767957731631,-0.0558753326798814,-0.0336117647856595,-0.5858091296281732,0.1182758286773462
0.9841289923220348,-0.0208194387760065,-0.0557225542737048,-0.0348341311086005,-0.5842284057636113,0.1224231248962761
0.984083807262932,-0.0215631599827631,-0.0555638567929204,-0.0360560467014468,-0.582592494037879,0.1265523503161658
0.9840368627656207,-0.0223079668312817,-0.0553991985830558,-0.0372774448427639,-0.5809016175912032,0.1306627123100323
0.98398813986581,-0.0230538654999414,-0.0552285372548635,-0.038498257060464,-0.5791560160316125,0.1347534169637897
0.9839376191089124,-0.0238008605528366,-0.055051829795852,-0.0397184125999142,-0.5773559465124668,0.1388236677451989
0.9838852805784396,-0.0245489546088172,-0.0548690326922242,-0.0409378379393013,-0.5755016848706042,0.1428726643918017
0.9838311038696574,-0.0252981488184742,-0.0546801018593782,-0.0421564576262627,-0.5735935247849893,0.1468996062171619
0.9837750680831512,-0.0260484429896995,-0.0544849926427195,-0.0433741945363416,-0.5716317776400531,0.1509036934565155
0.983717151902597,-0.0267998346136459,-0.0542836601113507,-0.0445909683511531,-0.5696167752947198,0.1548841227902149
0.983657333559531,-0.0275523194653579,-0.0540760589573763,-0.0458066966005875,-0.567548868829583,0.1588400913588003
0.9835955908347532,-0.0283058916607652,-0.0538621435232551,-0.0470212948178878,-0.565428428566877,0.1627707978235217
0.9835319011344242,-0.0290605428324292,-0.0536418680872305,-0.0482346752792738,-0.5632558466002049,0.1666754388811247
0.9834662413722848,-0.0298162636461564,-0.0534151864771595,-0.0494467495141391,-0.5610315326428106,0.1705532179607823
0.9833985881506376,-0.0305730417732242,-0.0531820527172674,-0.0506574251165676,-0.5587559200269581,0.1744033355818377
0.9833289176842782,-0.0313308629517786,-0.052942420784501,-0.0518666075304199,-0.5564294628581217,0.17822499576273
0.9832572057283984,-0.0320897118422864,-0.0526962443812011,-0.0530742014818973,-0.5540526333776855,0.1820174111324229
0.9831834278215092,-0.0328495695485234,-0.052443477788676,-0.0542801071057669,-0.5516259297250197,0.1857797913737347
0.9831075590714228,-0.0336104160486062,-0.0521840751497179,-0.0554842238969903,-0.5491498684422923,0.1895113563269753
0.9830295742774492,-0.0343722290191033,-0.0519179909056071,-0.056686448914599,-0.5466249881156899,0.1932113309794017
0.9829494479786094,-0.035134983533403,-0.0516451799759193,-0.0578866763909854,-0.5440518504282107,0.196878944969862
0.982867154366177,-0.0358986530538466,-0.0513655974752423,-0.0590847993768762,-0.5414310367982713,0.2005134383079395
0.982782667403592,-0.0366632084304201,-0.051079199135427,-0.0602807082452725,-0.5387631516456944,0.2041140574572103
0.9826959608300188,-0.0374286180631902,-0.0507859413287277,-0.0614742910356679,-0.5360488218040298,0.2076800571043798
0.9826070080663574,-0.0381948488786857,-0.0504857807612785,-0.0626654350571124,-0.533288692879824,0.2112107056041085
0.9825157823073278,-0.0389618656280165,-0.0501786747959941,-0.0638540258656727,-0.5304834314332445,0.2147052825088141
0.9824222565985256,-0.0397296304087531,-0.049864581720006,-0.0650399466069147,-0.5276337265202427,0.2181630773036279
0.9823264037390343,-0.0404981036417901,-0.0495434604238213,-0.066223079608711,-0.5247402858334723,0.2215833947171895
0.9822281963614424,-0.0412672435483182,-0.049215270676576,-0.067403305645879,-0.5218038372606996,0.2249655531504203
0.9821276069560309,-0.0420370061249279,-0.0488799732106137,-0.0685805039802585,-0.5188251286357707,0.228308885403852
0.9820246078121352,-0.0428073457413269,-0.0485375295288904,-0.0697545533478019,-0.5158049250066774,0.231612742047104
0.9819191711088784,-0.0435782145851329,-0.048187902209208,-0.0709253311774695,-0.5127440102991911,0.2348764897200646
0.981811268853586,-0.0443495632618688,-0.0478310546997147,-0.072092714571462,-0.5096431844474607,0.2380995143876839
0.9817008729023332,-0.0451213407553082,-0.0474669513872771,-0.0732565803016224,-0.5065032629402466,0.2412812217497035
0.9815879550719588,-0.0458934937791433,-0.0470955579642866,-0.0744168038922253,-0.5033250788779858,0.2444210351767185
0.981472486977073,-0.0466659680376079,-0.0467168408876401,-0.0755732615747985,-0.5001094772006056,0.247518401437336
0.9813544401939628,-0.0474387072152203,-0.046330767913423,-0.076725828818395,-0.4968573181548533,0.2505727870544055
0.981233786135868,-0.0482116539274927,-0.0459373076816035,-0.0778743817996729,-0.493569472639605,0.2535836825571176
0.9811104961410512,-0.04898474923823,-0.0455364299977642,-0.0790187967209093,-0.4902468234747508,0.2565506009134315
0.9809845413644354,-0.0497579334338934,-0.0451281054730446,-0.0801589509920181,-0.4868902613055944,0.2594730808102944
0.9808558930069712,-0.05053114469793,-0.0447123062594402,-0.0812947213048508,-0.4835006895526876,0.2623506818752074
0.9807245219842058,-0.0513043212181072,-0.0442890049664888,-0.0824259867637048,-0.4800790144292909,0.2651829928021539
0.9805903992205058,-0.0520773994726316,-0.0438581756034286,-0.0835526263825579,-0.476626151578868,0.2679696250413615
0.9804534954489056,-0.0528503154878362,-0.0434197929223775,-0.0846745209438386,-0.4731430196860896,0.2707102175054743
0.9803137813329728,-0.0536230041859327,-0.0429738327990632,-0.0857915520551002,-0.4696305425098179,0.2734044341939154
0.9801712273275882,-0.0543954002130511,-0.0425202717760176,-0.0869036033528572,-0.4660896442641581,0.2760519670433831
0.9800258037930047,-0.0551674373399045,-0.042059087415597,-0.0880105596320747,-0.4625212514448293,0.2786525336844977
0.9798774809334556,-0.0559390488380755,-0.041590258091592,-0.0891123073844924,-0.4589262902419153,0.2812058785773464
0.9797262288271916,-0.0567101673524857,-0.0411137630715867,-0.090208734606113,-0.4553056862587437,0.2837117723582791
0.9795720173031034,-0.0574807255489594,-0.0406295821159498,-0.0912997317018711,-0.4516603605953668,0.286170013650212
0.97941481612287,-0.0582506552049265,-0.0401376960385296,-0.0923851901742449,-0.4479912332621705,0.2885804257834934
0.9792545947816068,-0.0590198882195866,-0.0396380860675524,-0.0934650040311085,-0.4442992175583773,0.2909428596500236
0.9790913225565128,-0.0597883563519723,-0.0391307339882164,-0.0945390693804536,-0.4405852204365281,0.2932571923754251
0.978924968585876,-0.0605559908489173,-0.0386156223755566,-0.095607283879535,-0.4368501434837837,0.2955233257365218
0.9787555017958324,-0.0613227227975818,-0.0380927343527685,-0.0966695471971982,-0.4330948804402844,0.2977411867609164
0.9785828907973844,-0.0620884835681599,-0.0375620532626831,-0.0977257615854073,-0.4293203142292026,0.2999107284299911
0.9784071040542004,-0.0628532040375061,-0.0370235631737461,-0.0987758307622976,-0.4255273199981988,0.3020319268569584
0.9782281097605728,-0.0636168151239038,-0.036477248491464,-0.0998196606103835,-0.4217167617693645,0.3041047822412588
0.9780458759008812,-0.0643792475081783,-0.0359230941286347,-0.1008571587486313,-0.4178894931161359,0.3061293174773742
0.9778603701428444,-0.065140432059953,-0.035361085168676,-0.1018882350663128,-0.4140463543476967,0.3081055786552465
0.97767155993718,-0.0659002993908856,-0.0347912071577824,-0.1029128010651125,-0.4101881740933512,0.3100336332045958
0.9774794124039292,-0.0666587802897689,-0.0342134457498176,-0.1039307703973813,-0.4063157664773353,0.3119135703428008
0.977283894573848,-0.0674158047446714,-0.0336277874203298,-0.1049420575037688,-0.4024299355212231,0.3137454979788144
0.9770849730471014,-0.0681713032650987,-0.0330342184283819,-0.1059465793373627,-0.3985314678344389,0.315529545313133
0.9768826142853342,-0.0689252057168335,-0.0324327256807395,-0.1069442537533793,-0.3946211380518137,0.3172658593078056
0.9766767843407294,-0.0696774423219184,-0.0318232959119764,-0.1079350007865903,-0.3906997031690493,0.3189546063529474
0.9764674490499018,-0.0704279428938222,-0.0312059162514711,-0.1089187415825072,-0.3867679060156988,0.3205959697684795
0.9762545740773028,-0.0711766366785655,-0.030580574335595,-0.1098953981452256,-0.3828264756750659,0.3221901488382596
0.9760381247270432,-0.0719234530036153,-0.0299472577404752,-0.1108648941367364,-0.378876123668643,0.3237373595432194
0.9758180660558238,-0.0726683208423822,-0.0293059543035894,-0.1118271542536382,-0.3749175458429941,0.3252378329128104
0.9755943628525152,-0.073411168862269,-0.0286566520510826,-0.1127821042399304,-0.370951421757445,0.3266918144556806
0.9753669796677852,-0.0741519253032009,-0.0279993392708402,-0.1137296706812458,-0.3669784149978867,0.3280995632538189
0.9751358808495848,-0.0748905178484404,-0.0273340046002321,-0.114669780793543,-0.3629991735710055,0.3294613510821559
0.9749010304849892,-0.0756268737983621,-0.0266606368433557,-0.1156023625991585,-0.3590143286939721,0.3307774621034646
0.974662392319961,-0.0763609202897146,-0.0259792247294277,-0.1165273451531536,-0.355024493330562,0.3320481925812825
0.9744199300167948,-0.0770925834774617,-0.0252897576351032,-0.1174446574637102,-0.3510302663903231,0.3332738488108471
0.9741736069472684,-0.0778217891666162,-0.0245922249764758,-0.1183542292477066,-0.3470322290942838,0.3344547476327207
0.9739233862506164,-0.0785484626100163,-0.0238866163609791,-0.1192559906296163,-0.3430309458697745,0.3355912154547291
0.9736692307664532,-0.0792725286780812,-0.0231729213847688,-0.1201498723060952,-0.3390269632280794,0.3366835878941221
0.9734111033545398,-0.0799939109353388,-0.0224511305143244,-0.1210358043648757,-0.3350208147166408,0.3377322078068524
0.9731489665416888,-0.0807125326452793,-0.0217212340758167,-0.121913717488844,-0.3310130152384647,0.3387374262677854
0.9728827825879768,-0.0814283165441804,-0.0209832224296947,-0.1227835426293105,-0.3270040621510398,0.3396996016017449
0.9726125136234144,-0.0821411844516947,-0.0202370863347278,-0.1236452104912109,-0.3229944373289536,0.3406190982863382
0.972338121612617,-0.0828510573628099,-0.0194828168306208,-0.1244986516106208,-0.3189846065681243,0.3414962865667041
0.972059568409212,-0.0835578553016731,-0.0187204053683066,-0.1253437961447736,-0.3149750203406353,0.342331541768391
0.971776815571576,-0.0842614977777137,-0.0179498432874653,-0.1261805743821454,-0.310966111141207,0.3431252443239045
0.971489824560229,-0.0849619032643868,-0.017171122340559,-0.1270089160819742,-0.3069582963790302,0.3438777786320942
0.9711985566598303,-0.0856589893859901,-0.0163842344606059,-0.127828750664713,-0.3029519772755941,0.3445895327928878
0.9709029730559876,-0.0863526727207201,-0.0155891719501203,-0.1286400069476184,-0.298947539960883,0.3452608979244955
0.970603034690422,-0.0870428691281561,-0.0147859270725118,-0.12944261349627,-0.2949453535573419,0.345892268012834
0.9702987025400012,-0.0877294930887596,-0.0139744927815288,-0.1302364978240108,-0.2909457739846661,0.3464840388350811
0.9699899372846416,-0.0884124584545628,-0.0131548618125172,-0.1310215872352726,-0.2869491395961487,0.3470366082006756
0.9696766995409524,-0.0890916778955357,-0.0123270272890966,-0.1317978081525185,-0.2829557743822211,0.3475503750057619
0.9693589497708966,-0.0897670630892819,-0.0114909824604214,-0.1325650863073451,-0.278965986864254,0.3480257389695644
0.9690366483913054,-0.090438524470979,-0.0106467209700194,-0.1333233464286971,-0.2749800715735767,0.3484631000389636
0.9687097557092386,-0.0911059713608066,-0.0097942366640443,-0.1340725123635775,-0.2709983083159073,0.34886285809069
0.9683782319715724,-0.0917693118467422,-0.0089335237001804,-0.1348125069203329,-0.2670209628826142,0.3492254124685534
0.9680420372291074,-0.0924284530372258,-0.0080645761750157,-0.1355432521253468,-0.2630482855459919,0.349551161732761
0.9677011315548356,-0.0930833006059271,-0.0071873886703409,-0.1362646686915208,-0.2590805138030663,0.3498405030374511
0.9673554748829571,-0.0937337590924993,-0.0063019558152926,-0.136976676330379,-0.2551178705844772,0.3500938319272917
0.967005027073723,-0.0943797317513487,-0.0054082724344878,-0.1376791935611804,-0.2511605651747698,0.350311541900061
0.9666497480758914,-0.0950211202390045,-0.0045063339392124,-0.1383721373521963,-0.2472087951531205,0.3504940239756389
0.966289597648757,-0.0956578251059693,-0.003596135597231,-0.1390554236354796,-0.2432627433939384,0.3506416665291286
0.9659245356171716,-0.0962897453111103,-0.0026776731598471,-0.1397289667614643,-0.2393225810636547,0.3507548548188864
0.9655545218423062,-0.0969167782666519,-0.0017509427615575,-0.140392679533876,-0.235388467377561,0.3508339707202488
0.9651795161439872,-0.0975388199531693,-0.0008159407016025,-0.1410464733154296,-0.2314605488942146,0.3508793924470331
0.96479947816608,-0.0981557651067154,0.0001273369099092,-0.1416902582026278,-0.227538958309837,0.3508914942337565
0.964414367826546,-0.0987675064569431,0.0010788930551262,-0.1423239422115959,-0.2236238192824977,0.3508706460122834
0.964024144079646,-0.0993739366504299,0.0020387328836474,-0.1429474332483605,-0.2197152340752649,0.3508172130216619
0.9636287663579918,-0.0999749458902739,0.0030068601577696,-0.1435606366339311,-0.2158132985553254,0.3507315555135945
0.9632281947742,-0.1005704216909675,0.00398327681021,-0.1441634548719277,-0.2119181039480863,0.3506140287466303
0.9628223894060298,-0.1011602499842881,0.0049679847333603,-0.1447557887794273,-0.2080297297283646,0.350464982681711
0.9624113105692974,-0.1017443146915108,0.0059609851400859,-0.1453375370421533,-0.2041482463958836,0.3502847618224696
0.9619949185393728,-0.1023224981026074,0.0069622792649718,-0.1459085965831228,-0.2002737129382767,0.3500737048749099
0.9615731741315128,-0.1028946800468756,0.0079718669956267,-0.1464688617324833,-0.196406182349146,0.3498321448152733
0.9611460380231556,-0.1034607388177108,0.008989748532339,-0.1470182251333856,-0.19254569540385,0.3495604083429983
0.9607134713407036,-0.1040205503490787,0.010015923010337,-0.1475565769245365,-0.1886922861644551,0.3492588159963453
0.9602754352364212,-0.1045739887582491,0.0110503895388937,-0.1480838052600925,-0.1848459782333542,0.348927681689952
0.9598318914182248,-0.1051209256461892,0.0120931459775505,-0.1485997956319827,-0.1810067895283568,0.3485673129036143
0.9593828018498188,-0.1056612304758548,0.0131441896828116,-0.1491044312309619,-0.177174729643958,0.3481780103053905
0.958928128803451,-0.1061947704833372,0.01420351741538,-0.1495975928550709,-0.173349800392359,0.3477600676050551
0.9584678347914112,-0.1067214107313063,0.0152711255306867,-0.1500791589503902,-0.1695319953171751,0.3473137713021117
0.9580018830576214,-0.107241013529907,0.0163470088741357,-0.150549005077309,-0.1657213038124033,0.346839400995902
0.9575302369867752,-0.1077534390986224,0.0174311621887794,-0.1510070045130497,-0.1619177062467051,0.3463372286540209
0.957052860822262,-0.1082585447555862,0.0185235784972957,-0.15145302751773,-0.1581211798379352,0.3458075191932056
0.956569719093836,-0.1087561855348604,0.0196242504601866,-0.1518869418878094,-0.1543316940119563,0.3452505297319068
0.956080776987301,-0.1092462137711278,0.0207331695662865,-0.1523086125833001,-0.1505492133879965,0.344666509833231
0.9555860003023204,-0.1097284791369194,0.0218503262728423,-0.1527179017618263,-0.1467736974160271,0.3440557013192019
0.9550853556404856,-0.1102028284523694,0.0229757096256268,-0.15311466861852,-0.1430051017770415,0.3434183383653741
0.9545788101545816,-0.1106691059179556,0.0241093078691204,-0.1534987695831112,-0.1392433764467016,0.3427546470477423
0.9540663319969324,-0.1111271526856145,0.0252511074865871,-0.1538700579640757,-0.135488469012725,0.3420648457806973
0.9535478899837802,-0.1115768071653102,0.0264010940007597,-0.1542283842049374,-0.1317403221123859,0.341349144746928
0.9530234539155674,-0.1120179047291784,0.0275592513082601,-0.1545735956449731,-0.1279988757303976,0.3406077461877987
0.9524929945842572,-0.1124502777109933,0.0287255617181911,-0.154905536526358,-0.1242640671407577,0.3398408442919637
0.9519564835917118,-0.1128737555469149,0.0299000064025151,-0.1552240481035887,-0.1205358295591621,0.3390486247935004
0.9514138937037936,-0.1132881644795848,0.0310825646696511,-0.1555289684177287,-0.1168140945613352,0.3382312653435941
0.9508651989559688,-0.1136933274902663,0.032273213795099,-0.1558201322577768,-0.113098792656444,0.3373889355513324
0.9503103745732052,-0.1140890643699424,0.033471929256854,-0.1560973712225543,-0.1093898525934194,0.3365217967381966
0.949749396796104,-0.1144751918345322,0.0346786851659869,-0.1563605138011994,-0.1056872001145681,0.3356300015180464
0.9491822432953564,-0.1148515232241685,0.0358934534286211,-0.1566093851641524,-0.1019907606239203,0.3347136942987925
0.9486088933320236,-0.1152178684161251,0.0371162034703216,-0.1568438071205355,-0.0983004600432842,0.3337730114182666
0.9480293275928346,-0.1155740339492258,0.0383469026560839,-0.1570635982126041,-0.0946162235620201,0.3328080807464626
0.9474435281269508,-0.1159198230576516,0.0395855164853521,-0.157268573737017,-0.090937975121262,0.3318190214247006
0.9468514789812504,-0.1162550353008846,0.0408320073143206,-0.1574585455316279,-0.0872656412530987,0.3308059447892035
0.9462531655598388,-0.1165794669537557,0.0420863357794248,-0.1576333222167474,-0.0835991468839104,0.3297689531435498
0.9456485752052788,-0.1168929106774797,0.0433484596394453,-0.157792709011027,-0.0799384187999062,0.3287081405917999
0.945037697274225,-0.1171951555096912,0.0446183336953144,-0.1579365077483624,-0.0762833858725748,0.3276235930323702
0.9444205228715664,-0.1174859870133546,0.0458959104169869,-0.1580645169624484,-0.0726339772714957,0.3265153875316672
0.9437970454613848,-0.1177651869971641,0.0471811387505007,-0.1581765317705995,-0.0689901259068665,0.3253835932542833
0.9431672604833314,-0.1180325337234923,0.0484739649917367,-0.1582723439856017,-0.0653517659344566,0.3242282706187513
0.9425311656180534,-0.1182878018007077,0.0497743323138327,-0.1583517420806158,-0.0617188341273082,0.3230494716056604
0.941888760967214,-0.1185307621347525,0.0510821804791906,-0.1584145111935124,-0.058091270687602,0.3218472399233411
0.9412400491867642,-0.1187611819123976,0.0523974456524809,-0.1584604331513436,-0.054469019756881,0.3206216110920539
0.9405850354840048,-0.1189788246370519,0.0537200604919534,-0.1584892865083796,-0.050852029156875,0.3193726122687736
0.9399237274996516,-0.1191834501888317,0.0550499544684925,-0.1585008465719889,-0.0472402495352254,0.3181002618369758
0.9392561360867706,-0.1193748146120055,0.0563870523833616,-0.1584948854175925,-0.0436336383986073,0.3168045707208398
0.9385822740870908,-0.1195526705047966,0.057731276907558,-0.1584711719176078,-0.0400321532552173,0.3154855398289057
0.9379021576395578,-0.1197167666503699,0.0590825460381321,-0.1584294717538783,-0.0364357585243307,0.3141431623835529
0.9372158063550968,-0.1198668480509253,0.0604407728533516,-0.1583695475091439,-0.0328444261257526,0.3127774241020306
0.9365232430704548,-0.1200026560528457,0.0618058661004303,-0.1582911587191064,-0.0292581338788717,0.3113883025334794
0.9358244940366024,-0.1201239283575903,0.0631777299165082,-0.1581940619389232,-0.0256768662305483,0.3099757672419089
0.9351195887605788,-0.120230399096142,0.0645562642311761,-0.158078010764129,-0.0221006132048807,0.3085397792864311
0.9344085606987144,-0.1203217987717873,0.0659413635028,-0.1579427559868512,-0.0185293736862969,0.3070802924293407
0.9336914470623026,-0.1203978543701098,0.0673329172014818,-0.1577880456421718,-0.0149631541327667,0.305597252554736
0.9329682888433638,-0.1204582894162555,0.06873080985446,-0.1576136250669599,-0.0114019684596755,0.304090597517936
0.93223913087784,-0.1205028240232155,0.0701349210166831,-0.1574192369595846,-0.0078458381291357,0.3025602570651524
0.9315040224570644,-0.1205311749230117,0.0715451241903093,-0.1572046216027314,-0.0042947948875638,0.3010061539115597
0.9307630168253828,-0.1205430555751877,0.0729612878912381,-0.1569695167980392,-0.0007488780623839,0.2994282024847085
0.9300161720881932,-0.1205381762218217,0.0743832740090582,-0.1567136582116933,0.0027918613167143,0.2978263106474202
0.9292633791068852,-0.1205162370567237,0.0758112637873464,-0.1564367140087037,0.0063281656572356,0.2962000063816362
0.9285042813109032,-0.1204769037500145,0.0772459032179026,-0.1561382306291853,0.0098619066551608,0.2945482490348629
0.927738950505925,-0.1204198367725778,0.0786870243570066,-0.1558178922578512,0.0133929312387767,0.2928708954473141
0.9269674620629104,-0.1203446933168162,0.0801344557307332,-0.1554753805171189,0.0169210847839055,0.2911677916121514
0.9261898983004114,-0.1202511276248297,0.0815880160751342,-0.1551103759298735,0.0204461956938294,0.2894387797608183
0.9254063471626256,-0.1201387910412898,0.0830475169549252,-0.1547225574948701,0.0239680817997492,0.2876836951913365
0.9246169038177422,-0.1200073323924194,0.084512759911924,-0.1543116036020268,0.0274865434482847,0.2859023695751275
0.9238216700083676,-0.11985639812371,0.0859835378203404,-0.1538771919220131,0.0310013667993264,0.2840946292894155
0.9230207547000788,-0.1196856326290318,0.0874596338210533,-0.1534189999411179,0.0345123212636787,0.2822602966660371
0.922214274039636,-0.1194946784898622,0.0889408215395066,-0.1529367051613885,0.0380191600238696,0.2803991897064556
0.9214023515323964,-0.1192831767596364,0.0904268648939757,-0.152429985421256,0.0415216195563202,0.2785111223047228
0.920585118867079,-0.1190507674570185,0.0919175167242273,-0.1518985196612927,0.0450194163838505,0.2765959060141512
0.9197627148864168,-0.1187970895766957,0.0934125208077692,-0.1513419875301254,0.0485122517889805,0.274653347512545
0.918935287602165,-0.1185217819947166,0.0949116083237675,-0.1507600709983442,0.0519998034953094,0.2726832532357804
0.9181029928614002,-0.1182244834260162,0.0964145004189159,-0.1501524537961859,0.0554817316441451,0.2706854261804902
0.9172659955456772,-0.1179048331814601,0.0979209061653947,-0.1495188225816624,0.058957673990348,0.2686596687195799
0.9164244693366876,-0.1175624714995676,0.0994305231202636,-0.1488588671535209,0.0624272471596049,0.2666057820626128
0.9155785971829876,-0.1171970401550405,0.1009430366159498,-0.1481722812012557,0.0658900449541513,0.2645235674401338
0.9147285712636044,-0.1168081829030984,0.1024581199530836,-0.1474587627011987,0.0693456387296982,0.2624128261147224
0.9138745942828924,-0.1163955465824312,0.1039754322211637,-0.1467180154805602,0.0727935723613941,0.2602733627638836
0.9130168778679316,-0.115958780913043,0.1054946212768847,-0.1459497483679665,0.076233368953804,0.2581049817124388
0.9121556449790312,-0.1154975402542956,0.1070153195843533,-0.1451536778444034,0.0796645213082286,0.2559074932678774
0.9112911283740502,-0.1150114834860815,0.1085371470601799,-0.1443295273002829,0.0830864982907615,0.2536807102286381
0.9104235715606478,-0.1145002751602201,0.1100597094987129,-0.1434770285212185,0.0864987411591251,0.2514244507218409
0.9095532300588296,-0.1139635870204167,0.111582596475376,-0.1425959236771915,0.0899006587777847,0.2491385420572397
0.9086803699894602,-0.1134010979968294,0.1131053839365826,-0.1416859647355712,0.0932916333211317,0.2468228177189655
0.9078052690058496,-0.1128124956038929,0.1146276326651343,-0.1407469151981996,0.0966710167051904,0.244477120520607
0.9069282171564104,-0.1121974774795949,0.1161488868826667,-0.1397785519656504,0.1000381273674958,0.2421013058080959
0.9060495158529742,-0.1115557517049678,0.117668676138129,-0.1387806652253689,0.1033922543236187,0.239695239695943
0.9051694798783024,-0.1108870393448995,0.1191865119200239,-0.1377530617912094,0.1067326495379202,0.2372588056900774
0.9042884352737932,-0.1101910740863589,0.1207018913912402,-0.1366955638779629,0.1100585360121873,0.2347919002045787
0.9034067220180838,-0.1094676055619617,0.1222142928454982,-0.1356080135178111,0.1133690976266791,0.2322944414637129
0.9025246921163692,-0.1087163992595234,0.1237231790674104,-0.1344902716969621,0.11666348635652,0.2297663658543165
0.9016427102628534,-0.1079372384717182,0.1252279962435118,-0.1333422205891635,0.1199408196816252,0.2272076315764434
0.9007611553452404,-0.1071299272462083,0.1267281714489806,-0.1321637671646015,0.123200174929334,0.224618225106242
0.8998804181433294,-0.1062942900642716,0.1282231166138606,-0.130954841945083,0.1264405977092517,0.2219981568167005
0.899000903194283,-0.1054301753439837,0.1297122253719999,-0.1297154033416077,0.1296610948415427,0.2193474689528804
0.8981230271838432,-0.1045374558587919,0.1311948758066563,-0.1284454374568963,0.1328606400793075,0.2166662336223687
0.8972472197246887,-0.1036160315219376,0.1326704291277251,-0.1271449612792919,0.1360381709940425,0.2139545581212635
0.8963739226646403,-0.1026658308678869,0.1341382308257536,-0.1258140239648494,0.1391925912096406,0.2112125861175842
0.8955035895772466,-0.1016868127693386,0.1355976114936044,-0.1244527084453961,0.1423227718906521,0.2084404995797802
0.8946366853308421,-0.1006789683240889,0.1370478874956766,-0.123061133257104,0.1454275528840733,0.2056385211857387
0.893773685431773,-0.0996423225746125,0.1384883619951792,-0.1216394541207546,0.1485057446125473,0.2028069162549851
0.8929150752575452,-0.0985769361589796,0.1399183261420238,-0.1201878654219147,0.1515561302922111,0.1999459945382205
0.8920613486209664,-0.0974829061466015,0.141337061347727,-0.1187066005898026,0.1545774704466127,0.1970561099365161
0.8912130068224317,-0.096360367428496,0.1427438407155633,-0.1171959332602963,0.1575685055914732,0.1941376619191481
0.8903705577046112,-0.0952094941333712,0.1441379304432689,-0.115656178484134,0.1605279588504365,0.1911910971158189
0.8895345141458189,-0.0940305002715307,0.1455185921301243,-0.1140876929209355,0.163454540480589,0.1882169090740116
0.8887053921435467,-0.0928236396596687,0.146885085727927,-0.1124908741284432,0.1663469537420463,0.1852156364990285
0.8878837089233832,-0.0915892056495079,0.148236672414193,-0.1108661596644749,0.1692039005806135,0.1821878613891097
0.8870699816123557,-0.0903275314991123,0.1495726165073116,-0.1092140270996249,0.1720240852752988,0.1791342090774763
0.8862647253214,-0.0890389896869512,0.1508921883302544,-0.1075349926959511,0.1748062200919122,0.1760553459612304
0.8854684509051433,-0.0877239903977493,0.152194667574599,-0.1058296090904837,0.177549031986596,0.1729519756451289
0.8846816629364165,-0.0863829799609351,0.1534793462848067,-0.1040984630160711,0.1802512685063989,0.169824835420383
0.8839048576383003,-0.0850164388203344,0.1547455318894009,-0.1023421725111996,0.182911703794855,0.166674692056779
0.883138521466499,-0.0836248802518891,0.1559925491549712,-0.1005613851815265,0.1855291423481831,0.1635023396916082
0.8823831284173916,-0.0822088463818881,0.1572197442023126,-0.0987567730914773,0.1881024271209909,0.1603085918950921
0.881639139336366,-0.0807689073602025,0.158426485256689,-0.0969290317914827,0.1906304407982819,0.1570942813072265
0.8809069994344407,-0.0793056567860249,0.1596121663071517,-0.0950788746478358,0.1931121131992736,0.1538602510970453
0.8801871371659706,-0.0778197091475287,0.1607762085509966,-0.0932070298389902,0.1955464240646043,0.1506073513247235
0.8794799630089966,-0.076311696658921,0.1619180620020712,-0.0913142366615746,0.1979324062242257,0.1473364341938946
0.8787858685916347,-0.0747822663808206,0.1630372065480599,-0.0894012422634581,0.2002691476507714,0.1440483501324907
0.8781052254605893,-0.0732320761016214,0.16413315359584,-0.0874687968926565,0.2025557947786738,0.1407439413917695
0.877438385136383,-0.0716617926542688,0.1652054456573595,-0.0855176522481069,0.2047915515626009,0.1374240410154814
0.8767856785131436,-0.070072088494368,0.1662536570124351,-0.0835485576947576,0.206975680825902,0.1340894681311958
0.87614741550603,-0.0684636384343643,0.1672773939908768,-0.0815622567221252,0.2091075048505658,0.1307410236769369
0.8755238854674481,-0.0668371179876256,0.1682762940428203,-0.0795594854230694,0.2111864034796525,0.1273794895105355
0.8749153571967638,-0.0651932005209955,0.1692500254862764,-0.0775409695134888,0.2132118136663661,0.1240056249890013
0.8743220794444341,-0.0635325554771467,0.1701982864861908,-0.0755074226843864,0.2151832274550861,0.1206201657252805
0.873744281336786,-0.0618558462643904,0.171120804185579,-0.0734595445479254,0.2171001903083979,0.1172238215802985
0.8731821734279944,-0.0601637298905366,0.1720173328599378,-0.0713980207099617,0.2189622974307109,0.113817278087042
0.8726359479161638,-0.058456854152685,0.1728876534304704,-0.0693235198476204,0.2207691929383617,0.110401192804289
0.872105779839863,-0.0567358576983541,0.1737315714352186,-0.0672366942792592,0.2225205658447631,0.1069761973544724
0.8715918278476454,-0.0550013689318305,0.1745489157043146,-0.0651381791040127,0.2242161475249512,0.1035428969754012
0.8710942349307602,-0.0532540048011422,0.175339537113247,-0.0630285911830484,0.225855709353724,0.1001018697202613
0.8706131297409345,-0.0514943717402986,0.1761033064253573,-0.0609085307024051,0.227439058464487,0.0966536697667864
0.8701486269442518,-0.0497230633741519,0.1768401136833398,-0.0587785788039444,0.2289660367270845,0.0931988242109786
0.8697008287347363,-0.04794066257763,0.1775498657748254,-0.0566393004420867,0.2304365159438721,0.0897378382714112
0.8692698251352857,-0.0461477391987557,0.1782324859365427,-0.0544912419964723,0.2318503970656943,0.0862711918827079
0.868855695390853,-0.0443448522251743,0.1788879115388916,-0.0523349341995062,0.2332076058439443,0.0827993448146219
0.8684585084802047,-0.0425325487005167,0.1795160932787627,-0.0501708911369684,0.2345080913980345,0.0793227353527866
0.8680783240455049,-0.0407113645621785,0.1801169937196828,-0.04799961152972,0.2357518234266519,0.0758417825916465
0.8677151929317791,-0.0388818239272254,0.1806905864570672,-0.0458215781406936,0.2369387907077269,0.0723568856485623
0.8673691582219994,-0.0370444410277923,0.1812368545070295,-0.0436372603188226,0.2380689979848102,0.0688684278433367
0.8670402556207281,-0.0351997192359822,0.1817557897302646,-0.041447113054364,0.2391424649881308,0.065376775231668
0.8667285142044164,-0.0333481521302831,0.1822473916810521,-0.0392515784478466,0.240159224257495,0.0618822789541528
0.866433956949103,-0.0314902236745633,0.1827116668113607,-0.0370510861052886,0.2411193196909911,0.0583852758224969
0.8661566014143477,-0.029626409690797,0.1831486274314088,-0.0348460550492422,0.2420228045806217,0.054886091273846
0.8658964598831399,-0.0277571760428758,0.1835582915293433,-0.0326368917225214,0.2428697414145733,0.0513850360860499
0.8656535401855701,-0.0258829815741372,0.1839406815146704,-0.0304239936046109,0.2436601994439788,0.047882411973237
0.8654278458223132,-0.0240042765418713,0.184295824065318,-0.0282077474890661,0.2443942545213542,0.0443785086832013
0.8652193766447408,-0.0221215055571332,0.1846237490983356,-0.0259885330705747,0.2450719871170259,0.0408736094783242
0.8650281288758155,-0.0202351055064096,0.1849244897776243,-0.0237667205996676,0.2456934824687736,0.037367987211999
0.8648540954923348,-0.0183455063494536,0.1851980819519259,-0.0215426719258779,0.2462588295433668,0.0338619057541626
0.8646972667233528,-0.016453134047532,0.1854445634093353,-0.0193167440351498,0.2467681196089126,0.0303556253237917
0.864557630004277,-0.0145584080144389,0.185663973986034,-0.0170892861324485,0.2472214465621872,0.0268493976316754
0.8644351703682592,-0.0126617435675065,0.1858563549857452,-0.0148606426033773,0.2476189058215516,0.0233434702817542
0.8643298705482212,-0.0107635513802223,0.1860217490520512,-0.0126311524419906,0.2479605941456867,0.0198380855951224
0.864241711137461,-0.0088642376527661,0.1861601999464399,-0.0104011495195226,0.2482466092477186,0.0163334807546956
0.8641706707660843,-0.006964205076316,0.1862717522992442,-0.0081709637806124,0.2484770493437121,0.0128298894018952
0.8641167262432893,-0.0050638545679532,0.186356451411856,-0.0059409233387892,0.2486520127976103,0.0093275446390953
0.8640798525518374,-0.0031635833485955,0.1864143432885398,-0.0037113522773345,0.248771598231094,0.0058266752843715
0.864060022962967,-0.0012637857611622,0.186445474476582,-0.0014825716651489,0.2488359042282919,0.0023275071777515
0.8640562582276504,-8.801878496889072e-14,0.1864513847628777,-5.469526741241905e-13,0.2488481127274683,2.901763031248894e-13
