3.00762357397505
0.8501819206246327,-1.3224778334298971e-27,0.1756755205001582,-2.0793094190806814e-14,0.2627998744553689,2.863060513413234e-14
0.8501838784885284,0.000989136212013,0.175672357029412,0.0010403424391681,0.2627930878645629,-0.0016809631730688
0.8501998603698215,0.0029939776743574,0.1756465335745052,0.003149016498053,0.2627376887647557,-0.0050882207339067
0.8502319517117709,0.0049993245208083,0.1755946788836614,0.0052583572205215,0.2626264444535934,-0.0084968787925717
0.8502801756868023,0.0070047893281108,0.1755167522125238,0.0073680478362114,0.2624592667931751,-0.0119066432625796
0.850344554087121,0.0090099851325903,0.175412713371458,0.0094777721876555,0.2622360684496944,-0.0153172223977395
0.8504251072804825,0.0110145229898232,0.1752825227810633,0.0115872120975638,0.2619567629894318,-0.0187283228027994
0.8505218540844851,0.0130180102183424,0.1751261416569984,0.0136960454530448,0.2616212652449124,-0.0221396465994531
0.8506348117906808,0.0150200525263298,0.1749435319503075,0.0158039483746216,0.2612294911491421,-0.0255508951971931
0.8507639958909222,0.0170202502851762,0.1747346567667565,0.0179105912222286,0.2607813585900163,-0.0289617630921725
0.8509094201340625,0.0190182014787952,0.1744994802499027,0.0200156416265934,0.2602767871066023,-0.0323719430296586
0.8510710963124981,0.0210134997821504,0.174237967898687,0.0221187623905867,0.2597156985098945,-0.0357811228625533
0.8512490340093987,0.0230057332441179,0.1739500869466747,0.0242196100213014,0.2590980176279954,-0.0391889834189146
0.851443240499933,0.0249944851465944,0.1736358064903133,0.0263178355522128,0.2584236725048081,-0.0425952000739226
0.8516537205660446,0.0269793337132424,0.1732950977551414,0.0284130841505982,0.2576925948865559,-0.0459994423482801
0.8518804761299272,0.0289598504398249,0.1729279346538969,0.0305049932649283,0.2569047213264052,-0.0494013711226132
0.8521235060428405,0.0309356003455097,0.1725342940919643,0.0325931927935652,0.2560599937386443,-0.0528006391193996
0.8523828059729238,0.0329061429000888,0.17211415611111,0.034677305965775,0.2551583595973271,-0.0561968925382131
0.8526583677391473,0.0348710288307404,0.1716675049296354,0.0367569458606241,0.2541997740501184,-0.0595897655699942
0.8529501792889649,0.0368298022619156,0.1711943289393107,0.0388317175578356,0.2531841997848804,-0.0629788840641907
0.853258224247902,0.0387819995832225,0.1706946213954892,0.0409012168244701,0.2521116083752154,-0.0663638635371436
0.85358248129711,0.0407271477228251,0.1701683813870254,0.0429650281601425,0.2509819822182262,-0.0697443060961861
0.853922924212636,0.0426647666798983,0.1696156137332938,0.0450227273521171,0.2497953141608516,-0.0731198047196027
0.854279520862305,0.0445943659045082,0.1690363305740428,0.0470738774964884,0.24855161075171,-0.0764899368090886
0.8546522331459385,0.046515446509047,0.1684305514301359,0.0491180311993049,0.2472508922024694,-0.0798542678336248
0.8550410163249638,0.0484275000504576,0.1677983042578965,0.0511547291306221,0.2458931944743689,-0.0832123489624141
0.8554458185450274,0.0503300086108348,0.1671396261933152,0.053183499949035,0.2444785706915641,-0.0865637169068202
0.8558665803948646,0.0522224451248033,0.1664545642408047,0.0552038604831794,0.243007092428283,-0.0899078941506975
0.8563032341132403,0.0541042722540894,0.1657431765394599,0.0572153143545057,0.241478852229992,-0.0932443865569677
0.8567557033611637,0.0559749439406425,0.1650055327143705,0.0592173534518079,0.2398939641635623,-0.0965726856467736
0.8572239019649442,0.0578339027233559,0.1642417159114885,0.0612094548673859,0.2382525679795348,-0.0998922632918083
0.8577077343261024,0.0596805840396487,0.1634518221221318,0.0631910853019702,0.2365548274469003,-0.1032025787708243
0.8582070940087008,0.0615144131547155,0.1626359624873174,0.0651616975708519,0.2348009350876074,-0.106503072631504
0.8587218635756857,0.0633348072342568,0.1617942635741504,0.0671207326125038,0.2329911125517655,-0.1097931696517971
0.859251913757312,0.0651411749037023,0.1609268687524723,0.0690676187961006,0.2311256133572468,-0.113072277230557
0.8597971032452426,0.0669329180811985,0.1600339385593734,0.0710017736715755,0.2292047234540872,-0.1163397878157782
0.8603572778455174,0.0687094316061117,0.1591156521240707,0.072922603343324,0.2272287640717435,-0.1195950772733838
0.8609322702622328,0.0704701050112257,0.1581722075729392,0.0748295041540783,0.2251980923771395,-0.1228375070854341
0.8615218995728396,0.0722143232243121,0.1572038229522513,0.0767218632159687,0.2231131032521195,-0.1260664245446776
0.8621259708523497,0.0739414677280041,0.1562107369208417,0.0785990594388056,0.2209742305838493,-0.1292811637268836
0.862744275027667,0.075650918302006,0.1551932090784145,0.0804604651974228,0.2187819477799624,-0.1324810475031201
0.8633765884363828,0.077342053834887,0.1541515207941669,0.0823054469954167,0.2165367693727272,-0.1356653877800565
0.8640226729095578,0.079014254495349,0.1530859751880178,0.0841333676182306,0.2142392508109739,-0.138833488248486
0.8646822758565302,0.0806669036805037,0.1519968971210123,0.0859435880620753,0.2118899882851859,-0.141984646726419
0.8653551301274637,0.0822993892416628,0.1508846335664132,0.087735468688391,0.2094896193898006,-0.1451181561258686
0.8660409539780358,0.0839111048849279,0.1497495538279932,0.0895083705817018,0.2070388234755807,-0.1482333057248737
0.866739452000971,0.0855014536454619,0.1485920481710678,0.091261659210516,0.2045383185939951,-0.1513293864743859
0.8674503149267634,0.0870698484270028,0.1474125283351684,0.092994704888894,0.2019888625227231,-0.1544056907003622
0.868173220427506,0.0886157146911353,0.1462114263976041,0.0947068856272891,0.1993912502514729,-0.1574615160059645
0.8689078337820678,0.090138492512173,0.1449891938735604,0.0963975893185387,0.196746311997485,-0.1604961680447723
0.8696538082949102,0.0916376378895677,0.1437463012341051,0.0980662151296492,0.1940549121466938,-0.1635089619000865
0.87041078628204,0.0931126250140876,0.1424832364876077,0.0997121759822889,0.1913179461899006,-0.1664992254536458
0.8711783998731678,0.0945629478765326,0.141200504070265,0.1013349003382656,0.1885363383473127,-0.16946630157101
0.8719562718987974,0.0959881218124319,0.1398986235980319,0.1029338339459114,0.1857110389130711,-0.172409550276514
0.8727440171574764,0.0973876854908584,0.1385781279823352,0.104508442120847,0.1828430202370765,-0.1753283519976512
0.8735412430895159,0.0987612015778837,0.1372395625374786,0.1060582105744024,0.1799332748757971,-0.1782221082255587
0.8743475507673358,0.100108257818125,0.1358834835579299,0.107582646737843,0.1769828126117439,-0.1810902431516871
0.8751625362359464,0.1014284684865864,0.134510456301792,0.109081281539453,0.1739926561952287,-0.1839322062623049
0.875985791177289,0.1027214745218781,0.1331210541053906,0.1105536697198719,0.1709638395602807,-0.1867474722850647
0.8768169041406199,0.1039869444514955,0.1317158565395191,0.1119993910698071,0.1678974039683193,-0.1895355429631985
0.8776554618730195,0.1052245752530163,0.1302954473838622,0.1134180516291858,0.1647943937601982,-0.1922959489015533
0.8785010497619985,0.1064340917453975,0.1288604140938092,0.114809283228965,0.1616558553742866,-0.1950282483116765
0.8793532528425311,0.1076152467809067,0.1274113463063184,0.1161727439616009,0.1584828342794786,-0.1977320276124593
0.8802116568021792,0.108767821315115,0.1259488343365547,0.1175081185326664,0.1552763718920644,-0.2004069019101486
0.8810758487381272,0.1098916240477196,0.1244734680843844,0.118815118133592,0.1520375033940715,-0.2030525146267382
0.8819454182827635,0.1109864914750884,0.122985835299209,0.1200934808071225,0.1487672541455347,-0.2056685382197581
0.8828199573815251,0.1120522861944003,0.1214865221378877,0.1213429697823494,0.1454666411393864,-0.2082546708341848
0.8836990613873795,0.1130888969249836,0.1199761114664667,0.1225633738090057,0.1421366695107588,-0.21081063704448
0.8845823304539178,0.1140962387350958,0.1184551806255349,0.1237545077581141,0.1387783278484571,-0.2133361893337145
0.8854693685956748,0.1150742505497441,0.1169243031954356,0.1249162100179884,0.1353925923310654,-0.2158311028863112
0.8863597853237548,0.1160228956892801,0.1153840463244856,0.1260483434598291,0.131980421080185,-0.2182951779169244
0.8872531951681986,0.1169421600221279,0.1138349716867552,0.1271507935783551,0.1285427565316324,-0.2207282360410288
0.8881492187953798,0.1178320518865211,0.1122776336754597,0.1282234687313344,0.1250805216917368,-0.2231301211995086
0.8890474829561789,0.1186926007754452,0.1107125796068849,0.129266298900405,0.121594620845318,-0.2255006974122722
0.8899476204593479,0.1195238561528101,0.1091403498796625,0.1302792345896692,0.1180859401801138,-0.2278398467789834
0.8908492710600303,0.1203258871620105,0.1075614765281566,0.1312622468007326,0.1145553448319514,-0.2301474699646584
0.8917520817795068,0.1210987817603446,0.1059764827491694,0.1322153263146002,0.1110036780833465,-0.2324234852012224
0.8926557061223578,0.1218426449808131,0.1043858843595617,0.1331384818801935,0.1074317648962963,-0.2346678246418799
0.8935598053427902,0.1225575990073929,0.1027901876505069,0.1340317406240695,0.1038404073760941,-0.2368804359969135
0.8944640470184038,0.1232437810713423,0.1011898919733953,0.1348951457448971,0.1002303908626393,-0.239061277569141
0.8953681070935271,0.1239013441500373,0.0995854861969678,0.1357287576931519,0.0966024762340448,-0.2412103218908651
0.8962716685450552,0.124530455038296,0.0979774511186322,0.1365326520549478,0.092957405613266,-0.2433275511857678
0.8971744227971113,0.1251312945097106,0.0963662569974356,0.1373069200604455,0.0892958970578016,-0.2454129595075155
0.8980760680497558,0.1257040553537203,0.0947523665696833,0.1380516663678605,0.0856186516740288,-0.2474665477131973
0.8989763104477742,0.1262489424370415,0.0931362330049226,0.1387670094189275,0.081926349266755,-0.2494883251800451
0.8998748641024673,0.1267661719510578,0.0915182998875859,0.139453080753328,0.0782196485628555,-0.2514783088544016
0.9007714503756756,0.127255970301363,0.0898990025258476,0.1401100238252065,0.0744991904871083,-0.2534365207729881
0.9016657992017602,0.1277185741809184,0.0882787655800444,0.1407379943821373,0.0707655929966782,-0.2553629901424782
0.9025576479752864,0.1281542292903319,0.0866580050706805,0.1413371590315796,0.0670194559548012,-0.2572577501108686
0.9034467417785133,0.1285631898757031,0.0850371279707207,0.141907694874507,0.063261360476292,-0.2591208375846665
0.904332833670027,0.1289457182773244,0.0834165316712089,0.1424497891555383,0.0594918679587987,-0.2609522931856599
0.9052156846488228,0.1293020843256379,0.0817966040258736,0.1429636386964655,0.05571152043982,-0.2627521605525594
0.9060950627659512,0.1296325644552956,0.0801777249612253,0.1434494488949023,0.0519208446225317,-0.2645204839945835
0.9069707445468262,0.1299374417570012,0.0785602638366925,0.1439074340686775,0.0481203459716921,-0.2662573108865054
0.90784251442483,0.1302170051988873,0.0769445804363228,0.1443378166086141,0.0443105112530063,-0.2679626900065162
0.9087101637112744,0.1304715488262615,0.0753310268369856,0.1447408260331296,0.0404918131913664,-0.2696366691168721
0.9095734918511054,0.1307013717184409,0.0737199450354721,0.1451166991926704,0.0366647051272925,-0.2712792970616576
0.9104323057380008,0.1309067773127454,0.0721116681595263,0.1454656795005206,0.0328296241024075,-0.2728906220787973
0.9112864200804462,0.1310880730570298,0.070506519718774,0.145788016668957,0.0289869892999362,-0.2744706921796249
0.9121356562302374,0.1312455697452679,0.0689048157378272,0.1460839658710513,0.0251372073745532,-0.2760195527118411
0.9129798435797682,0.131379581419577,0.0673068620577013,0.1463537878906095,0.0212806662128165,-0.2775372487127876
0.9138188187700544,0.1314904247918148,0.0657129557383586,0.1465977484248284,0.0174177384831372,-0.2790238232138045
0.9146524254182368,0.1315784188421682,0.0641233854930789,0.1468161176510559,0.0135487828965026,-0.2804793165859354
0.915480514642678,0.1316438845143621,0.0625384305967289,0.1470091700121031,0.0096741417447103,-0.281903767304573
0.9163029442181042,0.1316871442731494,0.0609583623999714,0.1471771836463773,0.0057941447688776,-0.2832972103420266
0.9171195786892828,0.1317085218067823,0.0593834440197279,0.1473204401131357,0.0019091086058146,-0.2846596772886515
0.9179302899728988,0.1317083417021558,0.0578139290696696,0.1474392241560948,-0.0019806661827276,-0.2859911972604351
0.9187349623376504,0.1316869288466561,0.0562500518295001,0.1475338238060765,-0.0058749195545378,-0.2872918047380259
0.9195341252842202,0.1316445654545519,0.0546907896523054,0.1476045760586802,-0.0097765368485936,-0.2885625367526856
0.9203276633171484,0.1315815259064891,0.0531363703998625,0.1476517156128282,-0.0136853059656151,-0.2898033478180221
0.9211154650078432,0.1314980851043064,0.051587018265406,0.1476754793055684,-0.0176010180158945,-0.2910141844757769
0.9218974233962796,0.1313945183595894,0.0500429529501329,0.1476761060702992,-0.0215234690644082,-0.2921949859972332
0.9226734370403472,0.1312711011027917,0.0485043875290902,0.1476538367903908,-0.0254524652941577,-0.2933456859771686
0.923443410612838,0.1311281085099209,0.0469715271627192,0.1476089139924608,-0.0293878261695592,-0.2944662131061623
0.924207252733025,0.130965815651761,0.0454445733114531,0.1475415817083981,-0.0333293734759565,-0.2955564879322969
0.9249648764475408,0.1307844973155585,0.0439237227223423,0.1474520853638209,-0.0372769336190271,-0.2966164236552153
0.9257162000787112,0.1305844276407018,0.0424091656441593,0.1473406715122616,-0.0412303420317394,-0.2976459273391768
0.926461145599837,0.1303658803690264,0.0409010890103099,0.1472075878851986,-0.0451894346674131,-0.2986448976968687
0.9271996407739924,0.1301291280945353,0.039399672031788,0.1470530828839105,-0.0491540593109206,-0.2996132280369342
0.9279316171744608,0.1298744426449062,0.0379050900997165,0.1468774057196282,-0.0531240651676971,-0.3005508036112134
0.928657010871514,0.1296020947416552,0.0364175133060912,0.1466808061439759,-0.0570993065198358,-0.3014575026085212
0.929375762470084,0.1293123538095076,0.0349371062622755,0.1464635342473988,-0.0610796430302344,-0.3023331962371237
0.930087816287416,0.1290054881528262,0.0334640296924566,0.1462258405389493,-0.0650649352576309,-0.3031777477865135
0.9307931211401836,0.1286817644993394,0.0319984387145636,0.1459679755562824,-0.0690550490648163,-0.3039910136729836
0.9314916299694748,0.1283414479845616,0.0305404835031197,0.1456901897940231,-0.0730498536645149,-0.3047728430408509
0.932183299224688,0.1279848023170359,0.0290903104736005,0.1453927337984809,-0.07704921816388,-0.3055230771720652
0.9328680894911208,0.1276120893444065,0.0276480608708937,0.1450758577741975,-0.0810530152188812,-0.3062415503003143
0.9335459647548504,0.1272235693020803,0.0262138722061578,0.1447398117525183,-0.0850611168648592,-0.30692808892722
0.9342168928938164,0.1268195004225507,0.024787877118482,0.1443848452235515,-0.089073397465237,-0.3075825124634156
0.9348808451491708,0.1264001391072963,0.0233702043849461,0.1440112072475395,-0.0930897306915909,-0.3082046328134467
0.9355377962470562,0.1259657397411602,0.0219609785579909,0.1436191462601872,-0.0971099903251319,-0.308794254642724
0.9361877239561398,0.1255165548726691,0.0205603208092606,0.1432089102055677,-0.1011340476313309,-0.3093511751334831
0.9368306094256048,0.1250528348884196,0.0191683481013023,0.1427807462140051,-0.1051617734954169,-0.3098751844596286
0.9374664370266876,0.1245748279960027,0.0177851734163551,0.1423349005526141,-0.1091930375766621,-0.3103660657934879
0.9380951936347984,0.124082780670571,0.0164109072153641,0.1418716190169686,-0.1132277038193287,-0.3108235949454141
0.9387168694520226,0.1235769369464556,0.0150456555460782,0.1413911462454928,-0.1172656357296703,-0.311247541202932
0.9393314575844444,0.1230575386158081,0.0136895208492542,0.140893725872564,-0.1213066938392364,-0.3116376671714028
0.9399389534596176,0.1225248256373246,0.0123426031418431,0.1403796008971691,-0.1253507319363399,-0.3119937286285671
0.94053935525989,0.1219790357058812,0.0110049989643518,0.1398490132513871,-0.129397599933471,-0.3123154750607636
0.9411326636900068,0.1214204043654637,0.0096768017900717,0.1393022038846944,-0.1334471424132458,-0.3126026497545591
0.9417188817519996,0.1208491651487057,0.0083581024285501,0.1387394128799912,-0.1374991971438878,-0.3128549899514832
0.9422980151226438,0.1202655491328001,0.0070489880742559,0.1381608789947886,-0.1415535977569445,-0.3130722272755193
0.9428700714942124,0.119669785505309,0.0057495436867969,0.1375668401968248,-0.1456101692666243,-0.3132540877214601
0.943435060793666,0.1190621012923385,0.0044598514007755,0.1369575333773929,-0.1496687296186351,-0.3134002920603332
0.9439929948424902,0.1184427216618943,0.0031799912034319,0.1363331946366098,-0.1537290872975582,-0.3135105560654602
0.9445438877240906,0.1178118694646986,0.001910039996395,0.1356940588035003,-0.1577910440274906,-0.3135845909285411
0.9450877554794272,0.1171697654915925,0.0006500721887366,0.1350403596732024,-0.1618543926703888,-0.3136221035004943
0.9456246158627644,0.1165166287099175,-0.000599839833229,0.1343723302303216,-0.1659189154437783,-0.3136227966365964
0.9461544884145512,0.1158526761392179,-0.001839625966614,0.1336902025070562,-0.1699843844764523,-0.313586369601043
0.9466773959089878,0.1151781209017367,-0.003069221901716,0.1329942055501541,-0.1740505732059289,-0.3135125181886863
0.947193361102741,0.1144931762609299,-0.0042885616055018,0.1322845695547432,-0.1781172314533376,-0.3134009353704207
0.9477024086108224,0.1137980532840588,-0.0054975817864099,0.1315615234551312,-0.1821840997069521,-0.3132513116975842
0.9482045645228768,0.1130929612870458,-0.0066962210879055,0.1308252953663882,-0.1862509062139997,-0.3130633357812374
0.94869985613924,0.1123781081819682,-0.0078844195459232,0.130076112934017,-0.1903173648513065,-0.312836694885018
0.9491883123368212,0.1116536999310836,-0.0090621195526036,0.1293142027493046,-0.19438317813192,-0.3125710752785464
0.9496699633281424,0.1109199408402485,-0.0102292653753806,0.1285397906391827,-0.1984480353436895,-0.3122661628050545
0.9501448408271808,0.1101770332552182,-0.0113858036547976,0.1277531013286851,-0.2025116140679554,-0.3119216432526833
0.9506129772462908,0.1094251787825272,-0.0125316815398833,0.1269543597188533,-0.2065735733938007,-0.3115372034627154
0.9510744068487352,0.1086645764380078,-0.0136668495900441,0.1261437889093761,-0.2106335639166563,-0.3111125310036587
0.9515291646149574,0.1078954244076281,-0.0147912590982657,0.1253216120510341,-0.2146912180841225,-0.3106473156005451
0.9519772866022392,0.1071179194667241,-0.015904863052995,0.1244880517177817,-0.2187461533504147,-0.3101412494856108
0.9524188102162522,0.1063322564557997,-0.0170076169088524,0.123643329327717,-0.2227979748264693,-0.3095940276341123
0.952853773666003,0.1055386291809788,-0.0180994773255169,0.1227876660922266,-0.2268462705346108,-0.3090053489540293
0.9532822163011458,0.1047372297814405,-0.0191804030996174,0.1219212823211938,-0.230890614670742,-0.3083749164867972
0.9537041783929184,0.1039282490737457,-0.0202503547104259,0.1210443977768277,-0.2349305658167767,-0.3077024382778157
0.9541197009813592,0.1031118768152105,-0.0213092940205947,0.1201572319448561,-0.2389656656737495,-0.3069876282730976
0.9545288260930704,0.1022883012469925,-0.0223571849189081,0.1192600035237464,-0.2429954413912278,-0.3062302066128975
0.9549315967438948,0.1014577090127856,-0.0233939934270229,0.1183529303166856,-0.2470194059640142,-0.305429900180078
0.9553280565558088,0.1006202858895888,-0.0244196868081372,0.117436230012028,-0.2510370547487934,-0.3045864439684504
0.9557182499031026,0.0997762164655825,-0.025434234027668,0.1165101198179884,-0.2550478671811455,-0.3036995815175606
0.9561022220537808,0.0989256837751125,-0.0264376062147757,0.1155748160446151,-0.2590513086194284,-0.3027690652187841
0.9564800190831162,0.0980688694011128,-0.0274297765371098,0.1146305341957935,-0.2630468299430415,-0.3017946570715902
0.956851687483766,0.0972059543057165,-0.0284107192678749,0.1136774898676508,-0.2670338638529935,-0.3007761303442846
0.95721727463996,0.0963371177005937,-0.0293804111216002,0.1127158974863838,-0.2710118303386808,-0.2997132690104281
0.957576828424162,0.0954625379096063,-0.0303388302840821,0.1117459712418771,-0.2749801328849027,-0.2986058694598194
0.957930397423804,0.0945823917692304,-0.031285957104127,0.1107679244062612,-0.2789381614629996,-0.2974537404857835
0.9582780307640903,0.0936968549814235,-0.0322217737147293,0.1097819697057154,-0.2828852911755994,-0.2962567044247437
0.9586197781708294,0.0928061018841008,-0.0331462642925996,0.1087883190463665,-0.2868208835742699,-0.2950145975592209
0.9589556897723556,0.0919103058918083,-0.0340594146130376,0.107787183986765,-0.2907442850283497,-0.2937272714356634
0.9592858162774588,0.0910096389602802,-0.0349612126199559,0.1067787751217027,-0.2946548294422667,-0.2923945928247923
0.9596102089941966,0.090104271423227,-0.035851648573389,0.1057633018771984,-0.298551839284254,-0.2910164441133164
0.9599289194584772,0.0891943729354146,-0.0367307141206337,0.1047409735476291,-0.3024346219091394,-0.2895927254009752
0.9602419997539732,0.0882801115066093,-0.0375984032593812,0.1037119981931752,-0.3063024741613456,-0.2881233537201055
0.960549502343432,0.0873616538747126,-0.0384547119632681,0.1026765830370518,-0.3101546812023011,-0.2866082642360157
0.9608514800207404,0.0864391655607511,-0.0392996381334057,0.1016349345074111,-0.3139905167674037,-0.2850474109853972
0.9611479860540716,0.0855128103284837,-0.0401331820851628,0.1005872576058834,-0.3178092459086777,-0.2834407665699781
0.9614390739147056,0.0845827509098489,-0.0409553458738105,0.0995337567053482,-0.3216101225015855,-0.281788323973678
0.9617247975113228,0.0836491481638589,-0.0417661340367577,0.0984746345768532,-0.3253923932558415,-0.2800900956647961
0.9620052108718066,0.0827121619875319,-0.0425655527758732,0.0974100933999701,-0.3291552945721702,-0.2783461157647157
0.9622803684781182,0.0817719500999108,-0.0433536109895167,0.0963403333606923,-0.3328980580507878,-0.2765564383345095
0.9625503248951708,0.080828669154884,-0.0441303192951016,0.095265553892803,-0.3366199066243648,-0.2747211399126366
0.962815135030532,0.0798824737341189,-0.0448956908497196,0.0941859525097661,-0.3403200592066168,-0.2728403180531256
0.9630748538865788,0.0789335170788078,-0.0456497407140542,0.0931017256152624,-0.3439977284478749,-0.2709140931512984
0.9633295367253646,0.0779819503690357,-0.0463924864028461,0.0920130676580577,-0.3476521242232767,-0.2689426073891305
0.9635792389903428,0.0770279228470692,-0.0471239477339378,0.09092017124796,-0.3512824537977698,-0.2669260252737994
0.9638240161747924,0.0760715821756106,-0.047844146513454,0.0898232275429546,-0.3548879211590628,-0.2648645346907938
0.9640639239029296,0.0751130739919948,-0.0485531068399826,0.0887224257157692,-0.3584677294374601,-0.2627583462339841
0.964299018059523,0.0741525412053261,-0.049250855558498,0.0876179521211888,-0.3620210841984793,-0.2606076918126157
0.964529354459812,0.0731901251476883,-0.0499374213500567,0.0865099915937785,-0.3655471898442315,-0.2584128273187331
0.9647549890205094,0.0722259647289776,-0.0506128352983311,0.0853987264532246,-0.3690452534847869,-0.2561740308724171
0.9649759777143117,0.0712601964368612,-0.0512771308158776,0.0842843364790324,-0.3725144856228379,-0.2538916028385276
0.9651923765598528,0.0702929541862178,-0.0519303436728669,0.0831669987118405,-0.3759541013831951,-0.2515658654451507
0.9654042414708186,0.0693243698086528,-0.052572511595883,0.0820468879947996,-0.3793633194783445,-0.2491971639095826
0.9656116284583846,0.0683545719485432,-0.0532036749315167,0.0809241756734904,-0.3827413668105137,-0.2467858636556091
0.9658145934844308,0.0673836865033376,-0.0538238762541098,0.0797990300788991,-0.386087477542805,-0.244332351159943
0.9660131923177108,0.0664118371243677,-0.0544331599700274,0.0786716170845905,-0.3894008920643251,-0.2418370350290264
0.9662074807532772,0.0654391439583878,-0.0550315730307959,0.0775420986241003,-0.3926808619676197,-0.2393003425391083
0.9663975143898428,0.0644657245117673,-0.0556191642907993,0.0764106336688379,-0.3959266477035278,-0.2367227215017722
0.9665833487339888,0.0634916929180131,-0.0561959848635068,0.07527737735409,-0.3991375216590369,-0.2341046379807514
0.9667650391991348,0.0625171596829134,-0.0567620881546888,0.0741424806574177,-0.4023127695135611,-0.231446575113169
0.9669426408358064,0.0615422329000626,-0.057317529051549,0.0730060917910095,-0.4054516868189582,-0.2287490359370933
0.9671162085565108,0.0605670168421329,-0.0578623646464542,0.0718683545395512,-0.4085535841453063,-0.2260125390595141
0.9672857969805608,0.0595916125702105,-0.0583966537747347,0.0707294089475899,-0.411617785582643,-0.2232376197440877
0.9674514604929396,0.0586161173709445,-0.0589204572177005,0.0695893906410361,-0.4146436309805577,-0.2204248277104645
0.9676132531568906,0.0576406250166507,-0.0594338374425914,0.0684484311091653,-0.4176304755299066,-0.2175747271970906
0.9677712286266984,0.0566652260767077,-0.0599368583351421,0.0673066580491095,-0.420577689229811,-0.2146878972116501
0.9679254402026878,0.0556900073767232,-0.0604295853795452,0.0661641947141522,-0.4234846589295251,-0.2117649292572549
0.9680759408251302,0.0547150517891697,-0.0609120856438253,0.0650211596486434,-0.4263507892443722,-0.2088064259261687
0.9682227829328266,0.0537404389156794,-0.0613844273267201,0.0638776674692852,-0.429175500824585,-0.2058130021826195
0.9683660185107046,0.0527662445838141,-0.0618466799045498,0.0627338282583901,-0.4319582321258417,-0.2027852830714667
0.968505699076268,0.0517925407092922,-0.0622989140809318,0.0615897473849279,-0.4346984400016856,-0.1997239024549142
0.9686418755762592,0.0508193957993815,-0.0627412014416641,0.0604455260799229,-0.4373955984637588,-0.1966295037556734
0.9687745983962792,0.0498468747077753,-0.0631736144700675,0.059301261134145,-0.4400491995632522,-0.193502738374945
0.9689039173530576,0.0488750384927961,-0.0635962265044634,0.0581570447171059,-0.4426587538994744,-0.1903442643842044
0.9690298815948092,0.0479039449815613,-0.0640091113918089,0.0570129650282011,-0.4452237892059168,-0.1871547475092972
0.9691525396437032,0.0469336482948172,-0.0644123436018545,0.0558691057255336,-0.4477438517252597,-0.1839348587559718
0.969271939400581,0.0459641986134958,-0.064805998217701,0.0547255456385831,-0.4502185068102369,-0.1806852727464383
0.9693881279982176,0.0449956431965502,-0.0651901504237225,0.0535823599579983,-0.4526473363135078,-0.1774066702630599
0.9695011518663338,0.044028025737656,-0.0655648756871061,0.0524396194680074,-0.4550299402680039,-0.1740997352862711
0.9696110566893634,0.0430613865756186,-0.0659302495848567,0.0512973907858905,-0.4573659363121365,-0.1707651548634326
0.9697178873791932,0.0420957628100891,-0.0662863476774477,0.0501557364909765,-0.4596549593573401,-0.1674036186879666
0.9698216880599384,0.0411311883291123,-0.066633245420391,0.0490147151503821,-0.4618966614535645,-0.1640158183910469
0.9699225020526612,0.0401676938465391,-0.0669710180740151,0.0478743813571213,-0.4640907116036512,-0.160602446876547
0.9700203718318,0.0392053072321984,-0.0672997405166332,0.0467347861156755,-0.4662367949060095,-0.157164198717677
0.9701153390528418,0.0382440531723708,-0.0676194872951251,0.0455959764356614,-0.4683346132013542,-0.1537017681955494
0.9702074445022022,0.0372839535931426,-0.0679303324135341,0.0444579958292713,-0.4703838839774003,-0.1502158500655663
0.9702967281294764,0.0363250272661231,-0.0682323493978438,0.0433208838408337,-0.4723843410469576,-0.1467071374014163
0.9703832289181916,0.0353672911562368,-0.0685256108138196,0.0421846776427314,-0.4743357315706549,-0.1431763258282702
0.9704669850364912,0.0344107587807296,-0.0688101887310399,0.0410494100879039,-0.4762378193122689,-0.1396241068458197
0.9705480337292316,0.0334554413398289,-0.0690861543121384,0.0399151110493451,-0.4780903820734081,-0.1360511712985583
0.9706264113089884,0.0325013478510951,-0.0693535777351632,0.0387818075797023,-0.4798932112888374,-0.1324582092729047
0.9707021531926382,0.0315484847238594,-0.0696125282717154,0.0376495234060804,-0.4816461126493499,-0.1288459078943059
0.9707752938572544,0.0305968563080535,-0.0698630740901313,0.0365182795825141,-0.4833489048493125,-0.1252149528015763
0.970845866858186,0.029646464704537,-0.0701052822708252,0.0353880942658441,-0.4850014197375786,-0.1215660268695386
0.970913904852737,0.0286973094478854,-0.0703392188420013,0.0342589823396243,-0.4866035025965026,-0.1178998084221945
0.9709794395075496,0.0277493888257968,-0.0705649484157324,0.033130956985458,-0.4881550096605773,-0.1142169757938704
0.9710425015849375,0.0268026987600878,-0.070782534439212,0.0320040283545876,-0.4896558098194055,-0.1105182025257499
0.9711031209021564,0.0258572334306731,-0.070992039010185,0.0308782043128824,-0.4911057833243016,-0.1068041592928727
0.9711613263202936,0.0249129855554649,-0.0711935227942616,0.0297534907775514,-0.4925048211664231,-0.1030755145624353
0.9712171457850396,0.023969945835604,-0.071387045122642,0.0286298910599769,-0.4938528256928841,-0.0993329319766306
0.9712706063226508,0.0230281030497852,-0.071572663936246,0.0275074059812787,-0.495149710151695,-0.0955770702777103
0.9713217339600746,0.0220874455910766,-0.0717504354666519,0.0263860357081265,-0.4963953963737203,-0.0918085890520455
0.9713705538621076,0.0211479591504896,-0.0719204146718373,0.0252657769962517,-0.4975898177205777,-0.0880281391124966
0.971417090228253,0.0202096286657043,-0.0720826548384399,0.0241466255176066,-0.4987329161964007,-0.0842363699207457
0.9714613663248848,0.0192724379200788,-0.0722372076547966,0.0230285753875645,-0.499824642838119,-0.080433927670306
0.9715034045092724,0.0183363691799963,-0.0723841232574548,0.0219116187372389,-0.5008649579212229,-0.0766214534952698
0.9715432262146432,0.0174014036329939,-0.0725234501429707,0.0207957462411675,-0.5018538302085178,-0.0727995849373838
0.9715808519565364,0.0164675214192229,-0.072655235155081,0.0196809471602432,-0.5027912367231,-0.0689689557936157
0.9716163013600552,0.0155347010871494,-0.0727795235464902,0.0185672086972589,-0.5036771630496818,-0.065130193603917
0.9716495931075324,0.0146029211138015,-0.0728963587629681,0.0174545178174479,-0.504511601653434,-0.0612839256445061
0.9716807449948875,0.0136721586801379,-0.0730057826096022,0.0163428597923117,-0.5052945529163811,-0.0574307736648356
0.9717097739234368,0.0127423900127191,-0.073107835192363,0.0152322186131678,-0.5060260245742694,-0.053571355055967
0.971736695901645,0.0118135905078822,-0.0732025548957625,0.0141225771452922,-0.5067060314075353,-0.0497062831480484
0.9717615260433592,0.0108857350284467,-0.0732899783494243,0.0130139174883959,-0.507334594850905,-0.0458361682462754
0.9717842785817146,0.0099587976670705,-0.0733701404511815,0.0119062206999939,-0.5079117430087915,-0.0419616164604385
0.9718049668716155,0.0090327518628682,-0.0734430743513988,0.0107994669408029,-0.5084375103934236,-0.0380832300111281
0.9718236033949608,0.0081075704147461,-0.0735088114483401,0.0096936354968011,-0.5089119377432827,-0.0342016071169191
0.9718401997561572,0.007183226035619,-0.0735673813506572,0.0085887054478953,-0.5093350716055239,-0.0303173441651966
0.9718547667065665,0.006259690377722,-0.0736188119433725,0.0074846545090953,-0.5097069646678786,-0.0264310314720674
0.9718673141300944,0.0053369350837915,-0.0736631293181632,0.0063814602932579,-0.5100276751132715,-0.022543257556997
0.9718778510589142,0.004414931177414,-0.0737003578113875,0.0052790995885833,-0.5102972667554435,-0.0186546064484013
0.9718863856704842,0.0034936496758435,-0.0737305199774692,0.0041775490975476,-0.5105158087105013,-0.0147656601414021
0.9718929252984074,0.002573061099112,-0.0737536366125759,0.0030767848562807,-0.5106833754360028,-0.0108769964101017
0.9718974764338112,0.0016531355888661,-0.073769726746202,0.0019767823828871,-0.5108000465414694,-0.0069891891940381
0.9719000447265916,0.0007338435683535,-0.0737788076336411,0.0008775174729053,-0.5108659066091376,-0.0031028112809348
0.971900634993748,-0.0001848451657171,-0.0737808947749116,-0.0002210348803446,-0.5108810452107063,0.0007815696337299
0.9718992512195572,-0.0011029606836304,-0.0737760019062004,-0.0013188995712878,-0.5108455567291077,0.0046633878348669
0.9718958934256235,-0.0020211956719179,-0.0737641299261755,-0.0024168938615437,-0.5107594599471154,0.0085448807402035
0.9718905577300188,-0.002939861969379,-0.0737452671069613,-0.0035153795728955,-0.5106226995943629,0.0124266742637298
0.9718832395542304,-0.0038589881868185,-0.0737194004405333,-0.0046143798079396,-0.5104352287212899,0.0163081953431207
0.9718739334997456,-0.0047786026071875,-0.0736865152105521,-0.0057139172314833,-0.5101970056733927,0.020188868219922
0.9718626333388806,-0.0056987337493505,-0.0736465949694998,-0.0068140147385753,-0.5099079940090971,0.0240681169335175
0.9718493320152648,-0.0066194097917036,-0.0735996215512832,-0.00791469475926,-0.5095681626781763,0.027945363004243
0.9718340216519128,-0.0075406579488855,-0.0735455751119134,-0.0090159785074866,-0.5091774864059436,0.0318200229377304
0.9718166935252566,-0.0084625059334784,-0.0734844340513301,-0.0101178877225489,-0.5087359452208359,0.0356915145078638
0.9717973380789512,-0.0093849807165846,-0.0734161750770087,-0.0112204431813427,-0.5082435250103988,0.0395592516721397
0.9717759449047464,-0.0103081092839245,-0.0733407731526659,-0.0123236655961287,-0.5077002172495804,0.0434226478852655
0.9717525027728604,-0.0112319171181825,-0.0732582016228032,-0.0134275737948439,-0.5071060199986238,0.0472811098950914
0.9717269995848576,-0.0121564300569885,-0.0731684320654053,-0.0145321869357055,-0.5064609369435044,0.0511340456773823
0.9716994223887936,-0.013081673315599,-0.0730714343655201,-0.0156375233332054,-0.5057649780307056,0.0549808604996545
0.971669757401937,-0.0140076706499549,-0.0729671768164952,-0.0167435994526672,-0.5050181602967837,0.0588209536271063
0.97163798995389,-0.0149344460661062,-0.0728556259426307,-0.0178504319466264,-0.5042205067008402,0.0626537256100043
0.9716041045233142,-0.015862022413098,-0.0727367466523279,-0.0189580359681896,-0.5033720473277609,0.0664785726274895
0.9715680847122694,-0.0167904219955882,-0.0726105021732038,-0.0200664258971611,-0.5024728190279161,0.0702948892286088
0.9715299132567192,-0.0177196661152459,-0.0724768541154681,-0.0211756147868917,-0.5015228659727646,0.0741020666527283
0.9714895720181372,-0.0186497751611353,-0.0723357624701695,-0.022285614466884,-0.5005222397425522,0.0778994934325674
0.9714470419938066,-0.0195807682592304,-0.0721871856740334,-0.0233964351193573,-0.4994709998833415,0.0816865542085812
0.97140230327832,-0.0205126639993235,-0.0720310805049593,-0.0245080861414973,-0.4983692132616794,0.0854626329423706
0.9713553350651966,-0.0214454801718375,-0.0718674021193015,-0.0256205758259179,-0.4972169544248568,0.0892271120812518
0.9713061156971536,-0.0223792326556787,-0.0716961042594296,-0.0267339100294501,-0.496014307148725,0.092979368349937
0.971254622622428,-0.0233139362444047,-0.0715171391345702,-0.0278480931542236,-0.4947613636735735,0.0967187764062522
0.9712008323507972,-0.0242496052659249,-0.0713304573028127,-0.028963128881357,-0.4934582239575598,0.1004447116001406
0.9711447205344432,-0.0251862520002842,-0.0711360079877328,-0.0300790182805344,-0.4921049979609184,0.1041565439635632
0.971086261912165,-0.0261238875981592,-0.070933738920967,-0.0311957609008198,-0.4907018046008551,0.1078536422284504
0.9710254303317528,-0.0270625216031082,-0.0707235964571976,-0.0323133541975067,-0.4892487726013469,0.1115353722840753
0.9709621987253528,-0.0280021622533418,-0.0705055255272134,-0.0334317938878255,-0.4877460402066614,0.115201098735563
0.9708965391411896,-0.0289428159180475,-0.0702794697864672,-0.0345510732764752,-0.4861937562343376,0.1188501830853088
0.970828422699868,-0.029884487665925,-0.0700453715042281,-0.0356711839291579,-0.4845920793267879,0.1224819863525352
0.9707578196311456,-0.0308271806559434,-0.0698031717308001,-0.0367921149446624,-0.4829411791028057,0.1260958671233312
0.9706846992534908,-0.031770896365909,-0.0695528102682619,-0.0379138532243154,-0.481241235942597,0.1296911828762414
0.9706090300179224,-0.0327156339815038,-0.0692942258619793,-0.0390363827436959,-0.479492442257462,0.1332672881170424
0.9705307794309568,-0.0336613913324989,-0.0690273559789276,-0.0401596856635036,-0.4776950009399892,0.1368235384121068
0.9704499141385886,-0.0346081637954618,-0.0687521371371224,-0.0412837410242178,-0.4758491275285306,0.1403592867203165
0.9703663998850368,-0.0355559447882447,-0.0684685048069692,-0.042408525332807,-0.4739550494511197,0.143873885784195
0.9702802015334446,-0.0365047255020245,-0.0681763935243755,-0.0435340122439942,-0.472013006678323,0.1473666876555098
0.970191283069294,-0.0374544948579394,-0.0678757369447525,-0.0446601725088616,-0.4700232519524511,0.1508370440890675
0.9700996075802092,-0.0384052397095974,-0.0675664678174195,-0.0457869742152265,-0.4679860504698966,0.1542843078391244
0.9700051373565584,-0.0393569438089845,-0.067248518367084,-0.0469143815630899,-0.4659016822164005,0.1577078294966794
0.9699078338151248,-0.0403095886502915,-0.0669218200770987,-0.0480423558669502,-0.4637704403214747,0.1611069611857614
0.9698076574948692,-0.0412631534998463,-0.0665863037174021,-0.0491708555926405,-0.4615926310228127,0.1644810572510398
0.969704568124474,-0.0422176147636944,-0.0662418996120102,-0.050299835611114,-0.4593685751530794,0.1678294726288818
0.969598524621826,-0.043172946059733,-0.0658885376762985,-0.0514292472876538,-0.457098608082143,0.1711515637760802
0.9694894851407908,-0.0441291178708243,-0.0655261476108228,-0.052559038076308,-0.45478308063225,0.1744466881519888
0.9693774070218156,-0.0450860980641417,-0.065154658773792,-0.0536891521388346,-0.4524223578991966,0.1777142067134112
0.9692622467989744,-0.0460438518703185,-0.0647740002418974,-0.0548195303246908,-0.4500168192699784,0.1809534844933826
0.9691439603096564,-0.0470023410456725,-0.0643841012080218,-0.0559501091882286,-0.4475668605218209,0.1841638884593565
0.9690225027153698,-0.0479615238558353,-0.0639848910802948,-0.0570808209779614,-0.4450728939575981,0.1873447882462951
0.9688978283901007,-0.0489213560748241,-0.0635762991455735,-0.0582115948224883,-0.442535345804027,0.1904955602100292
0.9687698910688688,-0.0498817899131953,-0.0631582550873372,-0.0593423554751555,-0.4399546589260736,0.1936155845823199
0.9686386438111098,-0.0508427744444532,-0.062730688891568,-0.0604730238263713,-0.4373312916653447,0.1967042476295885
0.9685040390590558,-0.0518042553064276,-0.0622935310616715,-0.0616035165624173,-0.4346657185613646,0.1997609414258145
0.968366028682116,-0.0527661745477069,-0.0618467127833908,-0.0627337459967224,-0.4319584307054478,0.2027850641343934
0.9682245639598468,-0.0537284709162393,-0.0613901658877748,-0.0638636204216075,-0.4292099348284942,0.2057760216814405
0.9680795956059068,-0.0546910798465166,-0.0609238229454027,-0.0649930441057942,-0.4264207531647411,0.2087332284369568
0.9679310738345244,-0.0556539331835066,-0.060447617493749,-0.0661219169841523,-0.4235914240677619,0.2116561070923665
0.967778948390493,-0.0566169591812209,-0.0599614841424277,-0.0672501346712724,-0.4207225018407851,0.2145440894041407
0.9676231685045296,-0.0575800829671258,-0.0594653584375645,-0.0683775890209669,-0.4178145551221907,0.2173966182949541
0.9674636830647272,-0.0585432256621411,-0.0589591774121155,-0.0695041671120577,-0.4148681692717085,0.2202131459285201
0.9673004405564234,-0.0595063049801896,-0.0584428793919932,-0.0706297519684322,-0.4118839443262719,0.2229931362082162
0.9671333890780514,-0.0604692353255259,-0.0579164040434223,-0.0717542226903101,-0.408862494373736,0.2257360657008622
0.9669624764353264,-0.0614319274504903,-0.0573796926630281,-0.0728774540730679,-0.4058044482859927,0.2284414232906225
0.9667876501548216,-0.0623942886081722,-0.0568326882079388,-0.0739993168056447,-0.4027104489093286,0.2311087112523046
0.9666088574428788,-0.0633562229872389,-0.0562753351530064,-0.0751196779973806,-0.3995811512759627,0.2337374470324731
0.9664260453062292,-0.0643176312588475,-0.0557075798503398,-0.0762384006701891,-0.3964172236379403,0.2363271625301244
0.9662391606203716,-0.0652784104591634,-0.0551293707172756,-0.0773553436444306,-0.3932193474649436,0.2388774043424356
0.96604814993425,-0.0662384552104983,-0.0545406576064344,-0.0784703629804337,-0.3899882129237221,0.2413877374864869
0.9658529598534116,-0.0671976559819376,-0.0539413929605222,-0.0795833099792201,-0.3867245242028311,0.2438577412384407
0.9656535367860706,-0.0681559006146934,-0.0533315309933708,-0.0806940329783169,-0.3834289939251662,0.2462870135711848
0.9654498269779824,-0.0691130743205492,-0.0527110277655099,-0.081802377370625,-0.3801023425526214,0.2486751714190785
0.9652417768185289,-0.070069058456257,-0.0520798420767842,-0.0829081842087959,-0.3767453021089827,0.2510218479325399
0.9650293324600449,-0.0710237325201362,-0.0514379342640041,-0.0840112925406198,-0.3733586086769902,0.2533266977139179
0.9648124401825002,-0.0719769726625422,-0.0507852672634309,-0.085111537708706,-0.369943007020233,0.2555893933341727
0.964591046349596,-0.0729286521332051,-0.0501218064228819,-0.0862087518939685,-0.366499248484145,0.257809626660933
0.964365097190291,-0.0738786424096806,-0.0494475187957422,-0.0873027654403987,-0.3630280863055417,0.2599871115948795
0.9641345391487592,-0.0748268118771801,-0.0487623741357646,-0.0883934053565302,-0.3595302797680142,0.2621215810366518
0.9638993186755872,-0.0757730269084773,-0.0480663442143812,-0.0894804965839542,-0.3560065896658798,0.2642127894032694
0.963659382392244,-0.076717151362884,-0.0473594032501421,-0.0905638614445644,-0.352457779523635,0.2662605114526403
0.963414677013332,-0.0776590470789697,-0.0466415276155785,-0.0916433202307289,-0.3488846131475524,0.2682645432965463
0.963165149401685,-0.0785985738178219,-0.045912695936275,-0.0927186911632441,-0.3452878542038666,0.2702247021282998
0.962910746584232,-0.0795355893631413,-0.0451728890710888,-0.0937897905293904,-0.3416682652185164,0.2721408262542226
0.9626514158930736,-0.0804699491690852,-0.0444220904521551,-0.0948564323045896,-0.3380266083464728,0.2740127741768342
0.9623871046417228,-0.0814015076809769,-0.0436602850766292,-0.0959184296835756,-0.3343636396288357,0.2758404269873818
0.9621177604945962,-0.0823301171285199,-0.0428874605077307,-0.0969755937240992,-0.330680113068191,0.277623685603317
0.9618433313276886,-0.0832556281738665,-0.0421036063967227,-0.0980277341095202,-0.326976777524693,0.2793624717293663
0.9615637653266174,-0.0841778897088149,-0.0413087146888574,-0.0990746589402745,-0.3232543769516273,0.2810567270892053
0.9612790108776276,-0.0850967493432384,-0.0405027792369198,-0.1001161753105323,-0.3195136478734949,0.2827064139134273
0.9609890167003232,-0.0860120530802607,-0.0396857961027207,-0.1011520889603718,-0.3157553201422632,0.2843115138764135
0.9606937317779009,-0.0869236456542147,-0.0388577632817958,-0.1021822046798182,-0.3119801150330366,0.285872028216931
0.9603931054313182,-0.0878313703985127,-0.0380186808345969,-0.103206326179493,-0.308188745268078,0.2873879769818335
0.9600870873149489,-0.0887350693618946,-0.0371685507945983,-0.1042242562422901,-0.3043819140465161,0.2888593986865445
0.9597756275203608,-0.0896345831030959,-0.0363073773754357,-0.1052357965124994,-0.3005603154497624,0.2902863494288064
0.9594586763660418,-0.0905297513915126,-0.0354351663082619,-0.10624074830354,-0.2967246310218837,0.2916689034215768
0.9591361847593144,-0.0914204122552822,-0.034551925759631,-0.1072389115471492,-0.2928755333970653,0.293007150889952
0.9588081038382998,-0.0923064030762511,-0.0336576652640454,-0.1082300860415215,-0.2890136812059588,0.2943011991442367
0.9584743852204128,-0.0931875599600953,-0.0327523963267884,-0.10921407076192,-0.2851397213808921,0.2955511709580157
0.9581349810680084,-0.0940637176535855,-0.0318361325157961,-0.1101906637880161,-0.2812542891930395,0.2967572038391226
0.9577898440019564,-0.09493470985342,-0.0309088891418658,-0.1111596626674324,-0.2773580065776111,0.2979194498297008
0.9574389270303458,-0.0958003694380169,-0.0299706829871085,-0.1121208646897693,-0.2734514807631273,0.2990380751253906
0.9570821837045752,-0.0966605281245904,-0.0290215326436772,-0.1130740665210513,-0.269535305497707,0.300113258925644
0.9567195682960284,-0.097515016121463,-0.0280614588959784,-0.1140190638371415,-0.2656100624035797,0.3011451923624915
0.9563510355432986,-0.0983636628048028,-0.0270904839618674,-0.114955652091165,-0.2616763176734332,0.3021340786881857
0.955976540560308,-0.0992062969466786,-0.0261086311757197,-0.115883626777729,-0.2577346207289739,0.3030801327957345
0.955596039411976,-0.100042745456903,-0.0251159264173892,-0.1168027820619504,-0.2537855098871286,0.3039835791073154
0.9552094886509082,-0.100872834498161,-0.0241123968077274,-0.1177129120256327,-0.2498295070144975,0.3048446521970451
0.9548168454556494,-0.101696389203217,-0.023098070991675,-0.1186138103692961,-0.245867118662765,0.3056635957695046
0.9544180677228308,-0.1025132335191764,-0.0220729792942154,-0.1195052702563981,-0.2418988366759918,0.3064406618312913
0.9540131139719296,-0.1033231904404235,-0.0210371533929659,-0.1203870845821714,-0.2379251369417084,0.3071761102504277
0.9536019437034664,-0.1041260813309948,-0.0199906271511238,-0.1212590452505949,-0.2339464826232574,0.3078702074913333
0.9531845170823832,-0.104921726609721,-0.0189334357203933,-0.1221209439363693,-0.2299633207533143,0.3085232266201237
0.9527607950287176,-0.105709945589385,-0.0178656156937521,-0.1229725719222798,-0.2259760829339022,0.3091354464964126
0.952330739349136,-0.1064905562598935,-0.0167872053555918,-0.123813719878366,-0.2219851863822473,0.309707150972233
0.9518943127052354,-0.1072633753838764,-0.0156982445178414,-0.1246441779795929,-0.2179910334332419,0.3102386283618388
0.9514514786291942,-0.1080282184944585,-0.0145987744779012,-0.1254637359165995,-0.2139940115326301,0.3107301708308297
0.9510022015715686,-0.1087848998354591,-0.0134888380568252,-0.1262721828444324,-0.2099944935423789,0.3111820737582572
0.95054644696346,-0.1095332322823852,-0.0123684796714652,-0.1270693073113183,-0.2059928381747719,0.3115946351104592
0.9500841813817924,-0.110273027107855,-0.0112377456559516,-0.1278548970233934,-0.2019893913065763,0.3119681547676408
0.9496153723184588,-0.1110040943887166,-0.0100966836117728,-0.1286287392917552,-0.1979844838537788,0.3123029342014818
0.9491399884557626,-0.111726242589195,-0.0089453430002001,-0.1293906206026624,-0.1939784340832564,0.3125992757252465
0.9486579993666016,-0.1124392790419096,-0.00778377433437,-0.1301403271382085,-0.1899715450194528,0.3128574821722355
0.9481693762240332,-0.1131430089156133,-0.0066120308098896,-0.1308776437030448,-0.1859641103107258,0.3130778560027872
0.9476740909864656,-0.1138372364472908,-0.0054301662589888,-0.13160235503311,-0.1819564074068744,0.3132606992625694
0.9471721170698878,-0.1145217639780076,-0.0042382366872464,-0.1323142447955695,-0.1779487030978813,0.3134063127658987
0.94666342926158,-0.1151963921258763,-0.0030362999777121,-0.1330130957862657,-0.173941252713164,0.3135149957302397
0.9461480035922952,-0.1158609199828716,-0.001824415506498,-0.1336986901470775,-0.1699342990906415,0.3135870453667429
0.9456258177566672,-0.1165151445980416,-0.0006026450495408,-0.1343708088459135,-0.1659280758344885,0.3136227563933907
0.9450968506512488,-0.1171588616012469,0.0006289483861361,-0.1350292323337187,-0.1619228037120144,0.3136224206902547
0.9445610828979212,-0.1177918645720424,0.0018702994191809,-0.1356737399090354,-0.1579186946738453,0.313586326859638
0.9440184954357292,-0.1184139466921339,0.0031213436261794,-0.1363041114079113,-0.1539159414383807,0.3135147596755426
0.9434690722346076,-0.1190248975848942,0.0043820113417638,-0.1369201240024464,-0.1499147377282438,0.3134079999310787
0.94291279869134,-0.1196245052871932,0.0056522314727811,-0.1375215542295799,-0.1459152661584748,0.313266324060271
0.9423496621728684,-0.1202125556748705,0.0069319303341657,-0.1381081774254441,-0.1419177022051367,0.3130900038946492
0.9417796521669825,-0.120788832379306,0.008221031403287,-0.1386797676636646,-0.1379222151716101,0.3128793064490597
0.9412027598150364,-0.1213531173178067,0.0095194564681597,-0.1392360983001731,-0.1339289648585943,0.3126344934675448
0.9406189785488638,-0.1219051900964551,0.010827124274573,-0.1397769413973537,-0.1299381060088854,0.312355821366904
0.9400283036374768,-0.1224448285060005,0.0121439516354535,-0.1403020682304549,-0.1259497851387548,0.3120435407713152
0.9394307327051172,-0.1229718080798334,0.0134698523577136,-0.1408112488711831,-0.1219641440654586,0.3116978964867913
0.9388262657766204,-0.1234859021356401,0.0148047372397157,-0.1413042522515846,-0.1179813201122604,0.3113191273156053
0.9382149049477218,-0.1239868821166888,0.016148514890166,-0.1417808465108488,-0.1140014438977496,0.3109074656116041
0.93759665484133,-0.1244745172545623,0.017501090807452,-0.1422407986889478,-0.1100246423341025,0.3104631373198278
0.9369715228320042,-0.1249485744787491,0.0188623669869161,-0.142683874666555,-0.106051039976646,0.3099863619515491
0.9363395185721308,-0.1254088188546443,0.0202322430477607,-0.1431098395980106,-0.1020807559437131,0.3094773520297834
0.9357006547591016,-0.1258550130781936,0.0216106146561221,-0.1435184574615001,-0.0981139087363219,0.3089363134830674
0.935054946691538,-0.1262869178898695,0.0229973745846653,-0.143909491468118,-0.0941506133637387,0.3083634451222409
0.9344024123854856,-0.1267042920500006,0.0243924125472569,-0.1442827040572966,-0.090190982067988,0.3077589385302947
0.9337430735455222,-0.1271068918156497,0.0257956132211524,-0.1446378564582664,-0.0862351301260805,0.3071229788144354
0.9330769541381164,-0.1274944719362741,0.0272068593892532,-0.1449747096050435,-0.0822831671451282,0.3064557431209217
0.9324040815110838,-0.1278667850213565,0.0286260296381396,-0.1452930235950483,-0.0783352038125958,0.3057574015139785
0.9317244864202304,-0.1282235816490587,0.0300529984051491,-0.1455925578200953,-0.074391351924915,0.3050281169006013
0.9310382033545352,-0.128564610324987,0.0314876353994163,-0.145873070972549,-0.0704517261439588,0.3042680452859324
0.9303452695949996,-0.128889618061775,0.0329298076657469,-0.1461343215584029,-0.0665164385132652,0.3034773346182633
0.9296457265914988,-0.1291983498013834,0.0343793767993853,-0.1463760674557025,-0.0625856063022759,0.3026561261980044
0.9289396188327678,-0.1294905490597964,0.0358362013918285,-0.1465980664701382,-0.0586593455195054,0.3018045532863895
0.9282269950834556,-0.1297659574936706,0.0373001345587593,-0.1468000760335441,-0.054737777810303,0.3009227424560612
0.9275079075495264,-0.1300243153771603,0.0387710257574158,-0.1469818536125257,-0.050821025732428,0.300010812508694
0.9267824125325016,-0.1302653614592147,0.0402487195288597,-0.1471431566438531,-0.0469092163292755,0.2990688751873152
0.9260505711398062,-0.1304888329022232,0.0417330541557901,-0.1472837425687728,-0.0430024848134097,0.2980970360769285
0.9253124470748508,-0.1306944661005691,0.0432238662368474,-0.147403369413507,-0.0391009626993945,0.2970953916167717
0.9245681096755832,-0.1308819958846161,0.0447209846093715,-0.1475017953467021,-0.0352047939908096,0.2960640330728359
0.9238176316167416,-0.1310511563347044,0.0462242350864182,-0.1475787792387577,-0.031314122930942,0.2950030434074619
0.923061090750812,-0.1312016804527531,0.0477334368347942,-0.1476340805605029,-0.0274291036264668,0.2939124997793917
0.9222985690266036,-0.1313333005847771,0.049248404632437,-0.1476674596831003,-0.0235498943602432,0.2927924720146393
0.9215301530201636,-0.1314457484506193,0.0507689478836345,-0.1476786779780553,-0.0196766603336075,0.2916430233301226
0.9207559337409054,-0.1315387553286955,0.0522948710800428,-0.1476674979806127,-0.0158095726805283,0.2904642100290853
0.919976006951714,-0.1316120521626703,0.0538259732401501,-0.1476336835407241,-0.0119488100926646,0.2892560819676395
0.919190472511203,-0.1316653697663874,0.0553620492666761,-0.1475769999369585,-0.008094555606547,0.2880186815189173
0.918399436295206,-0.1316984388464612,0.0569028862543774,-0.1474972141666692,-0.0042470060732259,0.2867520465986678
0.9176030087654692,-0.1317109903297188,0.0584482663724216,-0.1473940950773362,-0.000406365067842,0.2854562084924116
0.9168013058090828,-0.1317027555153631,0.0599979652955042,-0.1472674136361404,0.003427153002928,0.2841311932440619
0.9159941888632166,-0.1316734534993945,0.0615522517921257,-0.1471168910120324,0.0072545502168841,0.282776582287508
0.9151813816447164,-0.1316227663451789,0.0631116549870318,-0.1469421886286201,0.0110774486325551,0.2813916798101979
0.914363011164262,-0.131550375438417,0.0646759274120042,-0.1467430274423645,0.0148955518224406,0.2799764371576583
0.9135392100153148,-0.1314559627549352,0.0662448153151427,-0.1465191309359603,0.0187085545593782,0.2785308005543896
0.9127101176857868,-0.1313392112321254,0.0678180562384055,-0.146270225687711,0.0225161367178866,0.2770547133966893
0.9118758802116174,-0.1311998050448002,0.0693953797716539,-0.1459960415897569,0.0263179649537719,0.2755481157378136
0.9110366501315672,-0.1310374298867433,0.0709765077184766,-0.1456963121135411,0.0301136929178632,0.2740109442842984
0.9101925875147794,-0.1308517734940518,0.0725611522424573,-0.1453707749919908,0.033902956630846,0.2724431344021091
0.9093438594658568,-0.1306425259366941,0.0741490168897675,-0.1450191724219547,0.0376853767889277,0.2708446194078919
0.908490639982528,-0.130409379934044,0.0757397969281308,-0.144641251341036,0.0414605593817701,0.2692153304765309
0.9076331104497324,-0.1301520313496701,0.0773331784922919,-0.1442367639882954,0.0452280934662893,0.2675551977837667
0.9067714601303316,-0.1298701797687521,0.0789288377468411,-0.1438054685490135,0.0489875490161216,0.2658641517400724
0.9059058850664284,-0.1295635285768729,0.0805264429879262,-0.1433471290224272,0.0527384816899,0.2641421211432582
0.9050365886247308,-0.129231785516532,0.082125653677441,-0.1428615158441808,0.0564804303226961,0.2623890345161282
0.904163782299872,-0.1288746634502766,0.0837261190176353,-0.142348406764096,0.0602129133875722,0.2606048220903877
0.9032876849419302,-0.1284918805577016,0.0853274794222275,-0.1418075868767255,0.0639354322364155,0.2587894146682594
0.902408522972999,-0.1280831608903709,0.0869293661534143,-0.1412388491792646,0.0676474700230864,0.2569427444807497
0.9015265308339832,-0.1276482350940359,0.0885314005416473,-0.1406419953378755,0.0713484896743962,0.2550647466128192
0.9006419502957067,-0.1271868406152735,0.090133195266451,-0.1400168357279559,0.075037936627709,0.2531553580795814
0.8997550311720298,-0.1266987226008737,0.0917343530798482,-0.1393631904201044,0.0787152356459256,0.2512145199144664
0.8988660308382022,-0.1261836342321432,0.0933344676934559,-0.1386808893784446,0.0823797926272211,0.2492421767645291
0.8979752151161811,-0.1256413378516065,0.0949331221934761,-0.1379697737038338,0.086030990737932,0.2472382795471563
0.897082856463402,-0.1250716045121631,0.0965298922948526,-0.1372296947870881,0.0896681976086125,0.2452027821372249
0.8961892365388446,-0.1244742162236128,0.0981243417335561,-0.1364605169860446,0.0932907545718173,0.2431356479665493
0.8952946440630779,-0.123848965335813,0.0997160260921363,-0.1356621165428894,0.0968979851472337,0.2410368460711358
0.8943993755955899,-0.1231956557425762,0.10130449138522,-0.1348343828726377,0.1004891915617687,0.2389063537823511
0.8935037354456355,-0.122514103595192,0.1028892741934075,-0.1339772191941707,0.1040636548053465,0.2367441575443646
0.8926080358401065,-0.121804138251526,0.1044699013356832,-0.1330905434444694,0.1076206336450342,0.2345502544330177
0.8917125966115238,-0.12106560290291,0.1060458903842663,-0.1321742887739163,0.1111593655390381,0.2323246526026037
0.8908177454188776,-0.1202983556601138,0.1076167492310462,-0.1312284046029695,0.1146790654138713,0.2300673731196608
0.8899238167804172,-0.1195022696638023,0.1091819777323438,-0.1302528564637504,0.1181789290982175,0.2277784488904236
0.8890311533844695,-0.1186772352079765,0.1107410653493767,-0.1292476283076554,0.1216581277885137,0.2254579294466061
0.8881401045933047,-0.1178231594602074,0.1122934937029025,-0.1282127218459557,0.1251158135155283,0.2231058787001537
0.8872510271728637,-0.1169399681991613,0.1138387352210243,-0.1271481583523231,0.1285511158726074,0.2207223784858302
0.886364284737229,-0.1160276064402725,0.115376254027556,-0.1260539790934703,0.1319631437512761,0.2183075289005584
0.8854802470694124,-0.1150860388977351,0.1169055070267401,-0.1249302455670226,0.1353509874966913,0.215861448313209
0.8845992911278905,-0.1141152522795238,0.1184259420627557,-0.123777041918689,0.1387137145829016,0.2133842781351953
0.8837217998653707,-0.1131152553750602,0.1199369998634638,-0.1225944747028464,0.1420503736863077,0.210876181740569
0.8828481613364966,-0.1120860793340916,0.1214381154584516,-0.1213826728894013,0.1453599975689927,0.2083373440985035
0.8819787695167969,-0.1110277799687442,0.1229287166450427,-0.1201417902511202,0.1486415994518162,0.2057679764420049
0.8811140231525669,-0.1099404378581666,0.1244082258369495,-0.118872005144917,0.1518941768610431,0.2031683154234356
0.8802543252055343,-0.1088241590951277,0.1258760608730998,-0.1175735210584781,0.1551167131724637,0.2005386239825606
0.8794000832648797,-0.1076790773510009,0.1273316341687445,-0.1162465686830239,0.1583081755244791,0.1978791953107022
0.8785517072660943,-0.1065053524133844,0.1287743564513112,-0.114891403889188,0.1614675227949658,0.1951903485956219
0.8777096096136549,-0.1053031717717506,0.1302036363764247,-0.1135083092615626,0.1645937045298369,0.1924724320801686
0.8768742050241176,-0.1040727519725596,0.1316188806229295,-0.1120975953500705,0.1676856609442843,0.1897258254935453
0.8760459087568544,-0.1028143376162145,0.1330194967123076,-0.110659599219987,0.1707423288852253,0.1869509372588188
0.8752251369459568,-0.1015282033756593,0.1344048922562921,-0.1091946864807779,0.1737626399930771,0.1841482085645996
0.8744123035770063,-0.1002146507861106,0.13577447986427,-0.107703247362054,0.1767455312176065,0.181318106067215
0.8736078221454822,-0.0988740122354939,0.1371276741360059,-0.1061857010141293,0.1796899380829948,0.1784611304416053
0.8728121023294496,-0.0975066469424611,0.1384638970559459,-0.1046424907138192,0.1825948062723009,0.175577807673854
0.8720255505865059,-0.0961129431336094,0.1397825767664011,-0.103074086133846,0.1854590888006028,0.1726686938579674
0.8712485680087639,-0.0946933155002352,0.1410831509463794,-0.1014809802949189,0.1882817532221006,0.169734370074353
0.8704815503430953,-0.0932482062561483,0.1423650665508864,-0.0998636906047468,0.1910617809407113,0.166775444972871
0.8697248854913958,-0.0917780813986503,0.143627783764112,-0.0982227545438839,0.1937981756810927,0.1637925475845753
0.8689789535797261,-0.0902834314595777,0.144870775650115,-0.0965587304216308,0.1964899626383327,0.1607863295562786
0.8682441256004177,-0.0887647694221799,0.1460935301908063,-0.0948721949853125,0.1991361928260017,0.1577574616749237
0.8675207624819758,-0.0872226291784072,0.1472955516080919,-0.0931637416714004,0.201735945888778,0.1547066316562492
0.8668092139951916,-0.0856575633618864,0.1484763619593697,-0.0914339781997322,0.2042883335246421,0.1516345408316982
0.866109817944635,-0.0840701414760418,0.1496355022608642,-0.0896835245324079,0.2067925019041763,0.1485419015611331
0.865422899642191,-0.0824609484077815,0.150772533149446,-0.0879130112888186,0.2092476331136638,0.1454294354912823
0.8647487713042731,-0.0808305825574877,0.1518870356795294,-0.0861230777645536,0.2116529469118419,0.1422978711329355
0.8640877311052964,-0.0791796528335142,0.1529786126954883,-0.0843143687359169,0.2140077037478834,0.1391479393487701
0.8634400629766472,-0.0775087771237882,0.1540468889797356,-0.0824875329190298,0.2163112051555234,0.135980371769035
0.8628060362888176,-0.0758185802894418,0.1550915116064233,-0.0806432209266225,0.2185627946114556,0.1327958983185365
0.8621859057576862,-0.0741096925318003,0.1561121499380411,-0.0787820836543382,0.2207618576424934,0.1295952454741432
0.8615799108918735,-0.0723827462582623,0.1571084963897657,-0.0769047690535196,0.2229078236038272,0.1263791317332561
0.8609882766006928,-0.0706383759470478,0.1580802652970595,-0.075011922187947,0.2250001633864158,0.12314826870382
0.8604112126085595,-0.0688772144721142,0.159027193760277,-0.073104181455215,0.2270383913975742,0.1199033555807364
0.8598489144198947,-0.067099893808645,0.1599490399558318,-0.0711821795759599,0.2290220620989797,0.1166450817267782
0.8593015629344494,-0.0653070416045227,0.1608455836776695,-0.0692465401084064,0.2309507713576179,0.1133741215739304
0.8587693251844518,-0.0634992810580502,0.1617166250513697,-0.0672978775522769,0.2328241538724707,0.1100911355812038
0.8582523546317027,-0.0616772294034368,0.1625619839840829,-0.0653367959479284,0.2346418821927998,0.1067967685731151
0.8577507916564294,-0.0598414969634146,0.1633814993130522,-0.0633638880906742,0.2364036650936415,0.1034916490613631
0.8572647640433089,-0.057992686173349,0.1641750279710779,-0.0613797347143634,0.2381092459918593,0.1001763884537617
0.8567943875212489,-0.0561313907902219,0.1649424440755784,-0.0593849038725256,0.2397584012003568,0.0968515805346701
0.8563397665097559,-0.0542581959768963,0.1656836376916111,-0.057379951253221,0.2413509374827233,0.0935178024372016
0.8559009945136308,-0.052373677066932,0.1663985141786557,-0.0553654190744161,0.2428866908619426,0.0901756131872991
0.855478154963551,-0.0504784002344728,0.1670869928193218,-0.0533418370129713,0.2443655238843556,0.0868255555717181
0.85507132138581,-0.0485729203265899,0.1677490065488976,-0.0513097200951662,0.2457873252454616,0.0834681529128484
0.8546805584358281,-0.0466577825914744,0.1683845002852682,-0.0492695707419962,0.2471520064051308,0.0801039126750142
0.8543059223673948,-0.0447335221328355,0.1689934301845643,-0.0472218783750572,0.2484595001866225,0.0767333259700513
0.8539474617585758,-0.042800664780222,0.1695757624847489,-0.0451671205225362,0.2497097584849094,0.0733568694886021
0.8536052175777589,-0.0408597245549906,0.1701314734257575,-0.0431057602981474,0.2509027522798996,0.0699750014274505
0.8532792243970638,-0.0389112074899759,0.1706605473095369,-0.0410382506262064,0.2520384676490566,0.0665881684611261
0.8529695102505316,-0.0369556081303993,0.1711629767643402,-0.0389650306817209,0.2531169065049007,0.0631967998926156
0.8526760976184276,-0.0349934126407472,0.1716387611830236,-0.0368865293374354,0.254138083404685,0.05980131326288
0.8523990037713673,-0.0330250985569848,0.172087906202731,-0.034803165038533,0.2551020245876533,0.0564021140636257
0.8521382409785201,-0.0310511334865575,0.1725104234055564,-0.0327153445603663,0.2560087674780524,0.0529995936105921
0.8518938172276842,-0.0290719776512218,0.1729063291902463,-0.0306234658263786,0.256858358400637,0.0495941335156934
0.8516657363479764,-0.027088082323174,0.1732756446124057,-0.0285279163731085,0.2576508523662251,0.0461861030358867
0.8514539986974603,-0.0250998930991682,0.1736183943094253,-0.0264290769221157,0.2583863108845623,0.0427758647152944
0.8512586010274589,-0.0231078462603877,0.1739346067580368,-0.0243273176422439,0.2590648026282848,0.0393637681210793
0.8510795371477402,-0.0211123724306742,0.1742243132342658,-0.0222230021143731,0.2596864013039711,0.0359501560879705
0.8509167980397837,-0.0191138955434682,0.1744875476658193,-0.020116486336462,0.2602511854297842,0.0325353628853212
0.8507703721557839,-0.0171128338165795,0.1747243461823813,-0.0180081198430902,0.2607592374565751,0.0291197158076286
0.850640245655282,-0.0151096005555466,0.1749347467652542,-0.015898246638474,0.2612106430939533,0.0257035364492666
0.850526402469346,-0.0131046024837177,0.1751187891739949,-0.0137872035210399,0.2616054912225384,0.022287137748754
0.8504288247371588,-0.0110982446410084,0.1752765142689965,-0.0116753253213614,0.2619438725022859,0.018870832216589
0.8503474925785557,-0.0090909236618591,0.1754079644055055,-0.0095629379017883,0.2622258802716586,0.0154549203526521
0.8502823846224031,-0.0070830361886594,0.175513182603627,-0.0074503670862109,0.2624516088130909,0.012039704832639
0.8502334778541274,-0.0050749738923146,0.175592212816596,-0.0053379334896773,0.2626211539670828,0.008625481881136
0.8502007477927703,-0.003067125658173,0.1756450996640624,-0.0032259548880107,0.2627346125910831,0.0052125448397213
0.8501841685589604,-0.001059878888803,0.1756718883393202,-0.001114747655093,0.2627920823842061,0.0018011862236175
0.8501819206243952,-1.9774763423963115e-14,0.1756755205001681,-4.361094818605693e-13,0.2627998744555979,1.5812589952701741e-13
