3.06753729784801
0.8324820878497075,-2.673902899621604e-28,0.1283950513290395,3.1444133690312338e-15,0.2421014837896332,3.983906432672602e-15
0.8324835905323315,0.0009176397418632,0.1283922215798557,0.0007928964364103,0.2420948817461616,-0.0014931309015272
0.832496190585301,0.002811032686482,0.1283684936426239,0.0024288925699206,0.2420395225532542,-0.0045740627392154
0.8325216018493135,0.0047047933833072,0.1283206380630223,0.0040651750319208,0.2419278720870574,-0.0076559319635696
0.8325598400884481,0.0065985349637068,0.1282486209802642,0.005701388212383,0.2417598522811541,-0.0107383383399671
0.832610918943951,0.0084918543980423,0.1281524104079822,0.0073371623426381,0.2415353899006475,-0.0138208561964477
0.832674849920901,0.0103843460575655,0.128031976243445,0.0089721251614182,0.2412544165472023,-0.0169030565506036
0.8327516423106877,0.0122756012799036,0.1278872903960126,0.0106059014873029,0.2409168689357829,-0.0199845064584712
0.8328413030944036,0.0141652079262004,0.1277183269499849,0.0122381127842766,0.2405226892450444,-0.0230647683447715
0.8329438368776565,0.0160527508179751,0.1275250622667596,0.0138683774875626,0.240071825319454,-0.0261434007619423
0.8330592457056492,0.0179378100658749,0.1273074753112877,0.015496309509172,0.2395642313878939,-0.0292199557052857
0.8331875290248163,0.0198199624386105,0.1270655477010798,0.0171215193700564,0.2389998681281239,-0.0322939808784618
0.833328683343282,0.0216987782053113,0.1267992643221158,0.0187436114242975,0.2383787040467232,-0.0353650145599845
0.8334827023022409,0.0235738243564841,0.1265086131690388,0.0203621865924627,0.2377007150423637,-0.0384325908754965
0.833649576287836,0.0254446614453791,0.1261935860514571,0.0219768395879044,0.2369658859823137,-0.0414962346366111
0.8338292923424147,0.0273108448092798,0.1258541787352959,0.0235871599264377,0.2361742109537807,-0.0445554633229732
0.8340218338563309,0.0291719233030771,0.1254903914983941,0.0251927307905708,0.2353256944741842,-0.0476097849791232
0.8342271804841315,0.031027440525088,0.1251022292626878,0.0267931300464735,0.2344203517064024,-0.0506587001809141
0.8344453076496302,0.0328769322797685,0.1246897025040313,0.0283879280171985,0.233458210480359,-0.0537016978064067
0.8346761866157926,0.0347199293429713,0.1242528270955964,0.0299766898323808,0.2324393108198368,-0.05673825949898
0.8349197839157044,0.0365559547135989,0.1237916253608617,0.0315589730259826,0.2313637072830426,-0.0597678550460335
0.8351760612731545,0.0383845251860029,0.1233061262027772,0.033134328863392,0.2302314691411242,-0.062789944843523
0.835444975328051,0.040205151243357,0.1227963656042273,0.034702302223904,0.2290426814154138,-0.0658039795809573
0.8357264772030998,0.0420173360586254,0.1222623874326307,0.036262430719231,0.2277974466167548,-0.0688093984206845
0.836020512287944,0.0438205761553585,0.1217042438362999,0.0378142452466314,0.2264958855257846,-0.0718056298940754
0.8363270200527438,0.0456143621491745,0.121121995588412,0.0393572706151733,0.2251381378443811,-0.0747920929165465
0.8366459337567269,0.0473981788109752,0.1205157126344663,0.0408910255926871,0.2237243633152238,-0.0777681966561106
0.8369771799878819,0.0491715043181956,0.1198854749663029,0.0424150222607173,0.2222547435967606,-0.0807333390142662
0.8373206786465056,0.0509338120139913,0.1192313726579811,0.0439287675315034,0.2207294821780998,-0.083686909265051
0.8376763426079749,0.0526845703014357,0.1185535065170576,0.0454317630665105,0.2191488057237889,-0.0866282875638986
0.8380440774503086,0.0544232429584484,0.1178519886196553,0.0469235055633562,0.2175129651429953,-0.0895568451285508
0.8384237813618688,0.0561492902858815,0.1171269425088841,0.048403487763781,0.2158222358696758,-0.0924719457996686
0.8388153450787766,0.0578621702315792,0.1163785033425301,0.0498711994455098,0.2140769180210673,-0.0953729475538504
0.8392186514297716,0.0595613377459236,0.1156068187984415,0.0513261269048397,0.2122773383204264,-0.0982592010026803
0.8396335754677321,0.0612462467125785,0.1148120488671195,0.0527677546531522,0.2104238494229708,-0.1011300522266008
0.840059984409178,0.0629163508422004,0.1139943660176996,0.0541955662290477,0.2085168301113682,-0.1039848438530193
0.8404977374597509,0.0645711040553695,0.1131539555906796,0.0556090445800304,0.2065566860197869,-0.1068229152468193
0.8409466861864107,0.0662099628448965,0.1122910151489498,0.0570076741407225,0.2045438479288782,-0.1096436060862661
0.8414066738866159,0.0678323847831202,0.1114057557629054,0.0583909396244618,0.2024787745732446,-0.112446253314675
0.8418775366843826,0.0694378331975272,0.1104983999831179,0.0597583300834194,0.2003619477245975,-0.1152301987114644
0.8423591026843981,0.071025774733515,0.1095691835546575,0.0611093369053856,0.1981938760057222,-0.1179947842051935
0.8428511929392412,0.0725956831418672,0.1086183536474779,0.0624434571205254,0.195975090580782,-0.1207393579543161
0.8433536212255954,0.0741470388123617,0.1076461693865627,0.0637601930868697,0.1937061462149941,-0.1234632730738077
0.8438661944487563,0.0756793303019778,0.1066529011763874,0.0650590538772266,0.1913876195263816,-0.1261658898365147
0.8443887128819317,0.0771920551709181,0.105638830348654,0.0663395560792188,0.189020107997283,-0.1288465766887498
0.8449209707943988,0.0786847217900834,0.1046042480586921,0.0676012254181365,0.1866042272375278,-0.1315047130163907
0.845462756303173,0.0801568487843486,0.1035494556925122,0.0688435963798535,0.1841406117809326,-0.1341396877431427
0.8460138519869613,0.0816079665862076,0.1024747637981578,0.0700662136217373,0.1816299124435895,-0.1367509016872336
0.8465740357693933,0.0830376194199144,0.1013804904880117,0.0712686337387851,0.179072792451209,-0.1393377707722839
0.8471430804285959,0.0844453635992689,0.1002669625224773,0.0724504239248881,0.1764699298381737,-0.1418997226236105
0.8477207548727724,0.0858307703073442,0.0991345129474266,0.0736111644060785,0.1738220118014845,-0.1444362012818476
0.848306824004933,0.0871934246593806,0.0979834814865663,0.0747504477451597,0.1711297354991883,-0.1469466652303163
0.8489010490784452,0.0885329260116345,0.096814213978123,0.0758678791966698,0.1683938066241801,-0.1494305876812708
0.8495031886920296,0.0898488895857346,0.0956270605498367,0.076963078154072,0.1656149350318727,-0.1518874593539368
0.8501129984942712,0.0911409450935983,0.0944223763303524,0.0780356770909334,0.1627938363089248,-0.1543167857315452
0.8507302323071627,0.0924087384486293,0.0932005193629766,0.0790853230707411,0.1599312268007782,-0.1567180900936966
0.8513546414948859,0.0936519297024811,0.0919618519835065,0.080111676120461,0.157027826757757,-0.1590909094834862
0.851985976840665,0.0948701960780893,0.0907067372292101,0.0811144118196129,0.1540843518452752,-0.1614348003617548
0.8526239869667496,0.0960632280527165,0.0894355421005348,0.0820932181465534,0.1511015207216294,-0.1637493310369784
0.8532684203869312,0.0972307325735839,0.0881486336085281,0.0830477982050287,0.1480800457083697,-0.166034087766889
0.8539190243076775,0.0983724300326599,0.086846381287691,0.083977867816464,0.1450206386318414,-0.1682886688452188
0.8545755466937249,0.0994880571937472,0.0855291531901859,0.0848831579812486,0.1419240013669983,-0.1705126903275722
0.855237734252861,0.1005773629172792,0.0841973200430563,0.0857634114679888,0.1387908355628291,-0.1727057775675263
0.8559053343921131,0.1016401108350223,0.0828512514523153,0.086618385061407,0.1356218336879175,-0.1748675704982045
0.8565780944138033,0.1026760772947978,0.0814913176395611,0.0874478479670384,0.1324176830861434,-0.1769977195171027
0.8572557625604388,0.1036850523340916,0.0801178874558598,0.0882515826606167,0.1291790612784526,-0.1790958874869874
0.8579380871732453,0.1046668377353112,0.0787313302050172,0.0890293833979403,0.1259066402444772,-0.1811617457540945
0.8586248174231863,0.1056212475427498,0.0773320142899103,0.0897810566991959,0.1226010832274736,-0.1831949752091322
0.8593157030386577,0.1065481070994533,0.0759203078918328,0.0905064206548434,0.1192630463405064,-0.1851952642680225
0.8600104954037929,0.1074472539588023,0.0744965768507136,0.0912053057023011,0.1158931735624382,-0.1871623108777525
0.8607089458195123,0.1083185350654855,0.0730611883496543,0.0918775524926682,0.1124921054717678,-0.1890958164172227
0.8614108068002151,0.1091618080467719,0.0716145083998168,0.0925230129786678,0.109060473331998,-0.1909954884439959
0.8621158322167543,0.109976940880044,0.0701569016713867,0.0931415502195471,0.1055988987227642,-0.1928610400041564
0.8628237767387137,0.1107638108030948,0.0686887327780813,0.0937330376192224,0.1021079966352883,-0.1946921871649526
0.8635343956611827,0.1115223038151379,0.0672103667861287,0.0942973586374714,0.0985883767530129,-0.1964886477645551
0.8642474460241278,0.1122523155528567,0.0657221670330413,0.094834407522556,0.0950406383362899,-0.1982501434272995
0.8649626848772013,0.1129537491715794,0.0642244988925605,0.0953440878250716,0.0914653792810123,-0.1999763944352285
0.8656798709445432,0.1136265168228255,0.0627177264611384,0.095826313580416,0.0878631883309159,-0.2016671231553251
0.8663987633917712,0.1142705382011442,0.0612022152988256,0.0962810083421495,0.0842346517414306,-0.2033220503588037
0.8671191222077257,0.1148857407777837,0.0596783318065917,0.0967081054628397,0.0805803519446917,-0.2049408955769102
0.8678407085538098,0.1154720599391655,0.0581464426619349,0.0971075482913788,0.0769008663571026,-0.2065233772986724
0.8685632838836197,0.1160294381425313,0.0566069168690671,0.0974792897044131,0.0731967724854126,-0.2080692104971142
0.8692866110291978,0.1165578257108194,0.0550601236429257,0.0978232927648413,0.0694686430510358,-0.2095781085265406
0.8700104531010333,0.1170571799230171,0.0535064349497945,0.0981395302376437,0.0657170523332678,-0.2110497803237333
0.8707345734353114,0.1175274650568492,0.0519462258469183,0.0984279847811644,0.0619425772703653,-0.2124839300432736
0.8714587360088711,0.1179686527434466,0.050379873819483,0.0986886493317354,0.0581457961616715,-0.2138802576361283
0.8721827055865604,0.11838072209976,0.04880775868712,0.0989215273342284,0.0543272887602973,-0.2152384588427558
0.8729062466578325,0.1187636592349136,0.0472302651555996,0.0991266326418104,0.0504876428331391,-0.2165582230058957
0.8736291251226413,0.1191174583279215,0.0456477794026303,0.0993039903043672,0.0466274462601674,-0.2178392360602621
0.8743511059348993,0.1194421205922965,0.0440606944865725,0.0994536362339945,0.0427473006481814,-0.2190811761957367
0.8750719548491183,0.1197376554313887,0.0424694068170465,0.0995756180491714,0.0388478132285051,-0.2202837170447603
0.8757914374284032,0.1200040802469036,0.0408743186234427,0.0996699952375656,0.0349296034211981,-0.22144652602589
0.8765093200802643,0.1202414211447395,0.0392758359650914,0.0997368397211483,0.0309932985311925,-0.2225692661764881
0.8772253685076914,0.120449712725982,0.0376743724851749,0.0997762361180763,0.0270395436082002,-0.2236515938870556
0.877939348815928,0.120628998895598,0.0360703472883756,0.0997882823802559,0.0230689969269815,-0.2246931609998665
0.8786510267933189,0.1207793330941149,0.034464186894033,0.0997730902799451,0.0190823355600362,-0.2256936141185936
0.8793601695065512,0.1209007790901792,0.0328563219860372,0.0997307859084726,0.0150802481076607,-0.2266525973015014
0.8800665449545229,0.1209934112146152,0.0312471885058274,0.0996615100657005,0.0110634381951438,-0.2275697518650638
0.8807699187403638,0.1210573145080737,0.0296372356183736,0.0995654192240738,0.0070326452953036,-0.2284447127666538
0.8814700580411302,0.1210925859412356,0.0280269170859042,0.0994426858763464,0.0029886242359344,-0.2292771146689091
0.882166729663834,0.1210993347829891,0.0264166960923415,0.0992934993773461,-0.0010678416914765,-0.2300665902788037
0.8828597009642002,0.121077683345562,0.0248070435449329,0.0991180664924021,-0.0051359438497122,-0.2308127724664399
0.8835488287714306,0.121027759359306,0.0231982303457282,0.0989165843028406,-0.0092153746989056,-0.2315153833969568
0.8842338972811651,0.1209497000220002,0.0215907038087024,0.0986892803171631,-0.0133053762652239,-0.232174058587783
0.8849146637667469,0.1208436597571743,0.0199849842818183,0.09843640965349,-0.0174049961944652,-0.2327884090572472
0.8855908867913892,0.1207098106040505,0.018381600192343,0.0981582490797168,-0.0215132502151689,-0.2333580538454418
0.8862623266715135,0.1205483428564974,0.0167810873620039,0.097855097466264,-0.0256291224062597,-0.2338826218958099
0.8869287469868637,0.1203594653323218,0.0151839857789345,0.097527275629836,-0.0297515720167148,-0.2343617546845426
0.8875899134170805,0.1201434062491636,0.0135908427162958,0.0971751273239663,-0.0338795239402842,-0.2347951068102304
0.8882455967315407,0.119900412838379,0.012002205854122,0.09679901808008,-0.0380118850046896,-0.2351823495473367
0.8888955714237035,0.1196307521355868,0.0104186268020329,0.0963993361095741,-0.0421475334174009,-0.2355231712859092
0.8895396169785806,0.1193347109210525,0.0088406582585226,0.0959764917854716,-0.0462853246730746,-0.2358172798141913
0.8901775192786376,0.1190125953017425,0.0072688507179014,0.0955309167304438,-0.0504240987994593,-0.2360644043249027
0.8908090702882918,0.1186647309438549,0.0057037533266102,0.0950630638770166,-0.0545626768008775,-0.2362642965185963
0.8914340690399607,0.1182914626250122,0.0041459114991438,0.0945734065705214,-0.0586998656522474,-0.2364167322688252
0.8920523217597576,0.1178931541216463,0.0025958665962534,0.0940624381549343,-0.062834457933962,-0.2365215128915939
0.8926636443468503,0.1174701864048557,0.0010541496201206,0.0935306694279869,-0.0669652475543258,-0.2365784666208187
0.8932678602316948,0.1170229586725245,-0.0004787135765289,0.0929786297637556,-0.071091014878723,-0.2365874491506996
0.8938648029815945,0.1165518861495397,-0.0020022090654979,0.0924068641328439,-0.0752105439759963,-0.2365483447690539
0.8944543393565267,0.1160573794546812,-0.0035158945510394,0.0918159084529288,-0.079322784543919,-0.2364610624037378
0.8950363279590772,0.1155398758411253,-0.0050192944024019,0.0912063275758175,-0.0834265679737904,-0.2363255375747765
0.8956106327814789,0.1149998298925107,-0.0065119339550519,0.0905787031657388,-0.0875206982140435,-0.236141735430549
0.8961771283825151,0.1144377086696859,-0.0079933531441527,0.0899336276362455,-0.091603988199316,-0.2359096508346555
0.8967357005318082,0.1138539900869335,-0.0094631087007643,0.0892717021095979,-0.0956752656600943,-0.2356293081791106
0.8972862458309581,0.1132491621862791,-0.0109207737297991,0.088593535432143,-0.0997333718741342,-0.235300761416127
0.8978286720722816,0.112623721605379,-0.0123659392589794,0.0878997422816534,-0.1037771659855567,-0.2349240936479964
0.8983628986378555,0.1119781718124502,-0.0137982159692151,0.0871909410609253,-0.1078055300458378,-0.2344994163366591
0.8988888558998089,0.111313022421113,-0.015217233300398,0.0864677530105726,-0.1118173668509529,-0.2340268690435811
0.8994064850597799,0.1106287880296429,-0.0166226397301963,0.0857308007928671,-0.1158116011307752,-0.2335066188780491
0.8999157384097455,0.1099259864326988,-0.0180141042281175,0.0849807064237768,-0.1197871842188931,-0.2329388593415387
0.9004165785212205,0.1092051382176875,-0.0193913148170507,0.084218090714717,-0.123743090615802,-0.2323238101296285
0.9009089787114698,0.108466764593351,-0.0207539806305951,0.0834435708427638,-0.1276783246352675,-0.2316617154298995
0.90139292226288,0.1077113869243227,-0.0221018305704328,0.08265775976121,-0.1315919174371374,-0.2309528435041506
0.9018684019103832,0.106939525994395,-0.0234346126676918,0.0818612653155051,-0.1354829260886455,-0.230197486079689
0.9023354198310328,0.1061517004846659,-0.0247520948416636,0.0810546885619491,-0.1393504367687215,-0.2293959569157667
0.9027939873247174,0.1053484258874985,-0.0260540648075984,0.0802386225712928,-0.1431935656168352,-0.228548590636313
0.9032441239803248,0.1045302143721307,-0.027340328503302,0.0794136522122087,-0.147011455253505,-0.2276557425149424
0.9036858578120052,0.1036975729961554,-0.0286107112496302,0.0785803522691298,-0.1508032794139535,-0.2267177864569223
0.9041192245271328,0.1028510034615177,-0.0298650564296848,0.0777392871495011,-0.1545682403119818,-0.225735114528375
0.9045442668890108,0.1019910018482093,-0.0311032243867876,0.076891010563074,-0.1583055666137777,-0.2247081365023468
0.9049610347739832,0.1011180570119229,-0.03232509331465,0.076036063896126,-0.1620145174396382,-0.2236372777656776
0.9053695841981352,0.1002326511008579,-0.0335305571234227,0.0751749766958967,-0.1656943772718214,-0.2225229796802456
0.905769977832458,0.0993352569806752,-0.0347195276476087,0.0743082641501265,-0.1693444640779045,-0.2213656960619089
0.9061622832846492,0.0984263405599688,-0.0358919302329702,0.0734364293482681,-0.1729641172298122,-0.2201658957723762
0.9065465737299828,0.0975063580592182,-0.0370477062292869,0.0725599606459875,-0.1765527065244297,-0.2189240588697948
0.9069229269434602,0.0965757568839633,-0.0381868107136343,0.0716793325336146,-0.1801096265873476,-0.2176406773206583
0.9072914253043102,0.0956349743124743,-0.0393092130847265,0.0707950044228917,-0.1836343001297281,-0.2163162527794619
0.9076521550356564,0.094684438109858,-0.0404148953156463,0.0699074212770898,-0.1871261739006055,-0.2149512969513553
0.9080052064162402,0.0937245647178419,-0.041503853134528,0.0690170119788693,-0.1905847238218191,-0.2135463284861452
0.908350672410207,0.0927557617263449,-0.0425760923112903,0.0681241917005566,-0.1940094446147459,-0.2121018760206541
0.9086886493043916,0.0917784250502592,-0.0436316310799618,0.0672293593570414,-0.1973998588252009,-0.2106184735157306
0.9090192356922544,0.0907929406699765,-0.0446704974275171,0.0663328993030667,-0.2007555095139112,-0.2090966622419994
0.9093425328207256,0.0897996825640813,-0.0456927305903197,0.0654351795436745,-0.2040759663866287,-0.2075369870063276
0.90965864372424,0.0887990142466084,-0.0466983787228683,0.0645365532495051,-0.2073608195739994,-0.2059399978462122
0.9099676730640236,0.0877912883584361,-0.0476874987309861,0.0636373584941127,-0.2106096803075593,-0.2043062487712007
0.910269726945672,0.0867768463361069,-0.0486601560163887,0.0627379180806208,-0.2138221813015577,-0.2026362965558605
0.9105649126694976,0.0857560183351368,-0.0496164239809731,0.0618385396098834,-0.2169979763212469,-0.2009306998970708
0.910853338117458,0.084729124529564,-0.0505563823128398,0.0609395167590051,-0.2201367356293203,-0.1991900208948388
0.9111351122578296,0.0836964725564388,-0.0514801188742762,0.0600411271806001,-0.2232381533801179,-0.1974148200308958
0.911410344100958,0.0826583604887088,-0.0523877265230092,0.059143635257352,-0.2263019380763684,-0.1956056604647281
0.9116791427912698,0.0816150759342267,-0.0532793035892527,0.058247291448522,-0.2293278151231312,-0.1937631058477335
0.9119416178318398,0.0805668944762802,-0.0541549548035723,0.0573523311123155,-0.2323155309777445,-0.1918877168052414
0.9121978780633808,0.0795140830813803,-0.0550147880554418,0.0564589775859686,-0.2352648430609744,-0.1899800562455443
0.9124480321603724,0.0784568976542068,-0.0558589161643377,0.0555674402439788,-0.2381755266433194,-0.1880406843138114
0.9126921882754152,0.0773955839436441,-0.0566874558048386,0.0546779154393763,-0.2410473720289447,-0.1860701592573319
0.9129304536844276,0.0763303786469384,-0.0575005263893365,0.0537905875869222,-0.2438801814696855,-0.184069038771657
0.9131629350750456,0.0752615077357909,-0.0582982511189459,0.0529056279251985,-0.2466737735646248,-0.1820378761660207
0.9133897378590348,0.0741891891947474,-0.0590807546857595,0.0520231969546398,-0.2494279759478301,-0.1799772248236691
0.9136109666415718,0.0731136305589368,-0.0598481649167041,0.0511434425573552,-0.2521426317003548,-0.1778876328397733
0.9138267246912928,0.072035031102362,-0.0606006109711036,0.0502665019646157,-0.2548175936446873,-0.1757696465149854
0.914037113796458,0.0709535824174777,-0.061338222831552,0.0493925023678993,-0.2574527230699203,-0.1736238109022762
0.9142422347445146,0.0698694657572075,-0.0620611329771807,0.0485215589246159,-0.2600478962468109,-0.171450663887786
0.9144421865042356,0.0687828560756503,-0.0627694734968302,0.047653778177595,-0.262602994616512,-0.1692507435683818
0.9146370666597944,0.0676939196904667,-0.0634633775773695,0.0467892563141922,-0.2651179105630855,-0.1670245830015842
0.91482697129502,0.0666028147352555,-0.0641429790623514,0.0459280796904521,-0.2675925462843219,-0.1647727104526275
0.91501199465816,0.0655096930151267,-0.0648084112023612,0.0450703264430313,-0.2700268096406565,-0.162495652624653
0.9151922294353644,0.0644146984336674,-0.0654598075709839,0.0442160653860068,-0.2724206178422564,-0.1601939308541815
0.9153677664907078,0.0633179685174566,-0.0660973010638373,0.0433653573487365,-0.2747738941233886,-0.1578680637183415
0.9155386949776804,0.062219633784784,-0.0667210242253048,0.0425182548170769,-0.2770865692387421,-0.1555185651753912
0.9157051022364416,0.0611198184300592,-0.0673311087960938,0.0416748025994899,-0.2793585800716314,-0.1531459454799337
0.9158670737945231,0.0600186404085791,-0.0679276856287644,0.0408350380209428,-0.2815898695651488,-0.1507507108583338
0.9160246933465258,0.0589162116740837,-0.0685108845223579,0.0399989912317326,-0.2837803863288452,-0.1483333635251718
0.9161780426147634,0.0578126393159019,-0.0690808336086046,0.0391666861881839,-0.2859300825231766,-0.1458944037170531
0.9163272016385609,0.0567080236619131,-0.0696376603255053,0.0383381393367875,-0.288038917699635,-0.1434343250562752
0.9164722485254296,0.0556024601860655,-0.0701814903948657,0.0375133611764459,-0.290106855114604,-0.1409536182880073
0.9166132593634532,0.0544960404675645,-0.0707124473815798,0.0366923570731222,-0.2921338601636675,-0.1384527730567761
0.9167503085647084,0.0533888497657665,-0.0712306538760724,0.0358751255616285,-0.2941199049999782,-0.1359322720408866
0.916883468631234,0.0522809690053056,-0.0717362305104059,0.0350616599344738,-0.2960649648976516,-0.1333925949963768
0.9170128102092364,0.0511724746091764,-0.0722292960517691,0.0342519482168339,-0.2979690186867831,-0.1308342180075526
0.917138402043987,0.0500634391678442,-0.0727099671188124,0.0334459737517408,-0.2998320477233235,-0.1282576146695274
0.9172603110880854,0.0489539307937672,-0.0731783584832213,0.0326437148225729,-0.3016540371071729,-0.1256632542472659
0.9173786025053796,0.0478440133231093,-0.0736345829767753,0.0318451448977736,-0.3034349753746553,-0.1230516017764143
0.9174933395939312,0.0467337473319215,-0.0740787510838567,0.031050233452543,-0.3051748529408328,-0.1204231201179641
0.9176045838497182,0.0456231898987258,-0.0745109710745864,0.0302589458780413,-0.3068736626302278,-0.117778269106577
0.9177123950407052,0.0445123941832585,-0.0749313491835453,0.0294712432655224,-0.3085314003917516,-0.1151175042369559
0.9178168311864916,0.0434014099172528,-0.0753399894242351,0.0286870828407353,-0.3101480645773881,-0.1124412775206502
0.917917948514782,0.0422902842304414,-0.0757369933105458,0.0279064186229405,-0.3117236548306432,-0.1097500391993826
0.918015801588336,0.0411790606496807,-0.0761224602476067,0.0271292007928689,-0.3132581736177469,-0.1070442350641287
0.9181104431784104,0.0400677808875671,-0.0764964869293093,0.0263553770172562,-0.3147516238100091,-0.1043243105438572
0.918201924483982,0.0389564827093202,-0.0768591680996717,0.0255848910269695,-0.3162040116881771,-0.1015907052588681
0.9182902950459956,0.0378452012102198,-0.0772105961164031,0.0248176835825013,-0.3176153451782028,-0.0988438558706955
0.918375602727592,0.0367339694774865,-0.0775508607722605,0.0240536929934438,-0.318985633091959,-0.0960841974959714
0.9184578937628334,0.0356228184276096,-0.0778800493903009,0.0232928550628285,-0.3203148854602011,-0.0933121631058017
0.9185372128389108,0.0345117760941362,-0.0781982470580871,0.0225351026598634,-0.3216031144321002,-0.0905281815348715
0.918613603017294,0.0334008691048144,-0.0785055362196837,0.0217803667878674,-0.3228503325763844,-0.0877326809680503
0.918687105866196,0.0322901212273011,-0.0788019971170886,0.0210285756480291,-0.3240565546152608,-0.0849260851010873
0.918757761418687,0.0311795543171217,-0.0790877075354712,0.0202796553416284,-0.3252217963394689,-0.082108815320098
0.918825608221249,0.0300691879663805,-0.079362742914158,0.019533529685617,-0.3263460750029494,-0.0792812896272926
0.9188906832418052,0.0289590414761322,-0.0796271758902746,0.0187901215856909,-0.3274294073949595,-0.0764439274994101
0.9189530220630352,0.0278491311305187,-0.079881077002066,0.0180493512515959,-0.328471812652905,-0.0735971427847652
0.91901265878177,0.0267394722669913,-0.0801245142036366,0.0173111376336326,-0.3294733102159,-0.0707413488195442
0.919069626123444,0.0256300776238929,-0.0803575532565417,0.0165753973664783,-0.3304339213706295,-0.0678769540285601
0.919123955344398,0.0245209595941126,-0.0805802572586154,0.0158420463112854,-0.3313536672487986,-0.0650043675794
0.9191756763365964,0.0234121286908626,-0.0807926870019625,0.0151109985766387,-0.3322325702359532,-0.0621239952927098
0.9192248175789396,0.0223035950255138,-0.0809949007061806,0.0143821675342065,-0.333070652804725,-0.0592362433406946
0.9192714062879516,0.0211953653681916,-0.0811869545740209,0.0136554639251407,-0.3338679397538859,-0.0563415104586137
0.919315468241529,0.0200874475877959,-0.0813689020044107,0.0129307988161407,-0.3346244548827926,-0.0534401993879886
0.919357027945054,0.0189798472987955,-0.0815407942174257,0.0122080814321583,-0.3353402235196441,-0.0505327080160611
0.91939610859335,0.0178725691074677,-0.0817026800418329,0.0114872200113523,-0.3360152715793011,-0.0476194325036801
0.919432732059984,0.0167656174790671,-0.0818546058168325,0.0107681224017133,-0.3366496250911649,-0.0447007694620669
0.9194669189739628,0.015658995001641,-0.0819966156590501,0.0100506949642863,-0.3372433112529888,-0.0417771112740116
0.9194986886960416,0.014552703403203,-0.0821287513165855,0.0093348432691724,-0.3377963577645604,-0.0388488486577826
0.9195280593042948,0.0134467446714975,-0.0822510520631873,0.0086204728491284,-0.3383087923263269,-0.0359163735376782
0.9195550476696022,0.0123411188743251,-0.0823635549695047,0.0079074878196461,-0.338780643719193,-0.032980073175089
0.9195796694169112,0.0112358259749992,-0.0824662947018953,0.0071957920825714,-0.3392119409082625,-0.0300403348805431
0.9196019389368172,0.0101308661566157,-0.0825593035329394,0.0064852895601955,-0.3396027130333211,-0.0270975467970301
0.9196218694504916,0.0090262371590305,-0.0826426115778443,0.0057758825106975,-0.3399529903517232,-0.024152090718265
0.9196394729458642,0.0079219379095248,-0.0827162464958429,0.0050674738901894,-0.3402628029355085,-0.0212043516696816
0.9196547602394772,0.0068179658046974,-0.0827802337191314,0.0043599656321705,-0.3405321815869832,-0.0182547105818429
0.919667740958113,0.0057143181624451,-0.0828345963492623,0.0036532596060586,-0.3407611573587293,-0.0153035480790656
0.9196784235433028,0.0046109929769201,-0.0828793551516864,0.0029472581244496,-0.3409497614879479,-0.0123512464238778
0.9196868152869084,0.003507986166171,-0.0829145286831983,0.0022418622064754,-0.3410980258933737,-0.0093981820748371
0.9196929223062426,0.0024052943539813,-0.0829401331687048,0.0015369733830786,-0.3412059826182672,-0.0064447330500418
0.9196967495623802,0.0013029135778272,-0.0829561825614994,0.0008324928940129,-0.3412736640487374,-0.0034912753953812
0.9196983008601748,0.000200840539509,-0.0829626885294726,0.00012832251082,-0.3413011028223242,-0.0005381864605894
0.9196975788584304,-0.0009009285357088,-0.0829596604864855,-0.0005756361688382,-0.3412883319293585,0.0024141582305929
0.9196945846563706,-0.0020025079280999,-0.0829471038495359,-0.0012795520140328,-0.3412353773347617,0.0053656798321218
0.9196893165745076,-0.0031041363647212,-0.0829250149231013,-0.0019836733609554,-0.3411422363898296,0.0083166331396317
0.9196817717028162,-0.0042058171941534,-0.0828933873959894,-0.0026880981352134,-0.3410089052381042,0.0112666422583714
0.9196719459851962,-0.0053075538261562,-0.0828522127024045,-0.0033929242573341,-0.3408353803472015,0.0142153315770044
0.9196598342179374,-0.0064093494198957,-0.0828014800248485,-0.0040982494197175,-0.3406216585322658,0.0171623250073161
0.9196454300528452,-0.007511206425825,-0.0827411763190547,-0.004804170768961,-0.3403677370743363,0.02010724483621
0.9196287259831984,-0.0086131274623503,-0.0826712862695286,-0.005510785442642,-0.340073613548537,0.0230497141478756
0.919609713365902,-0.0097151135441058,-0.0825917923990551,-0.0062181894080985,-0.3397392863022979,0.0259893521726512
0.919588382364702,-0.0108171672087488,-0.0825026748505508,-0.0069264794433641,-0.3393647535571013,0.0289257827125559
0.9195647219938006,-0.0119192893737392,-0.0824039115914044,-0.0076357510951467,-0.3389500142897528,0.0318586258329324
0.9195387200926092,-0.0130214805482698,-0.0822954783322563,-0.0083460994296094,-0.3384950679138758,0.0347875011834379
0.9195103633240804,-0.014123740541941,-0.0821773485468866,-0.0090576188179824,-0.3379999143884356,0.0377120273095543
0.9194796371644758,-0.0152260685523083,-0.0820494934588645,-0.0097704029652368,-0.3374645541883234,0.0406318219752228
0.9194465258851532,-0.0163284634295391,-0.0819118819976501,-0.0104845450537913,-0.3368889881491233,0.0435465029523931
0.9194110125613644,-0.0174309229848838,-0.0817644808695741,-0.0112001372677258,-0.3362732177943006,0.046455686282548
0.9193730790528658,-0.0185334443087779,-0.0816072545140357,-0.0119172709686825,-0.3356172451829921,0.0493589872169796
0.9193327059845756,-0.019636023940303,-0.0814401650627416,-0.0126360367768531,-0.3349210727730464,0.0522560207583262
0.9192898727697802,-0.0207386568789362,-0.0812631724775452,-0.0133565238958834,-0.3341847040291963,0.0551463991655628
0.9192445575370046,-0.0218413381586691,-0.0810762342923596,-0.0140788211085312,-0.3334081423835869,0.058029736189975
0.9191967372109344,-0.0229440604483197,-0.0808793059940595,-0.0148030151743307,-0.3325913928551984,0.0609056408999098
0.9191463873893044,-0.0240468166801389,-0.0806723405639062,-0.0155291925176772,-0.3317344601815335,0.0637737246667854
0.9190934824201744,-0.0251495978320193,-0.0804552888478926,-0.0162574377387587,-0.3308373503932143,0.0666335954887295
0.9190379953541032,-0.0262523937078117,-0.0802280994136478,-0.016987834088007,-0.3299000702564985,0.0694848601549936
0.918979897898736,-0.0273551934425312,-0.079990718421337,-0.0177204637657352,-0.3289226267797744,0.0723271256689842
0.9189191604534565,-0.0284579844267185,-0.0797430898248288,-0.0184554071726402,-0.327905028082331,0.075159996592362
0.918855752109265,-0.029560752058675,-0.0794851554314567,-0.0191927427007066,-0.3268472836736987,0.0779830745613034
0.9187896405432966,-0.0306634812542006,-0.079216854536232,-0.0199325477008893,-0.325749402989556,0.0807959622949701
0.9187207920884916,-0.03176615482833,-0.0789381242719806,-0.0206748973616491,-0.3246113968664527,0.0835982595867464
0.9186491716783892,-0.0328687541007755,-0.0786488994532465,-0.0214198650695565,-0.323433276936876,0.0863895650071211
0.918574742854234,-0.0339712584381835,-0.0783491126756057,-0.0221675220557092,-0.3222150560685806,0.0891694748980026
0.9184974676753191,-0.0350736462255196,-0.0780386940276658,-0.0229179380094451,-0.3209567472286454,0.0919375859778068
0.9184173068304612,-0.0361758928900011,-0.0777175716148475,-0.0236711796888839,-0.3196583656417865,0.0946934905321782
0.9183342195231722,-0.0372779722583072,-0.0773856711741322,-0.024427311790827,-0.3183199272531158,0.0974367800135998
0.9182481634561876,-0.0383798563679741,-0.0770429160927852,-0.0251863967750992,-0.3169414488355624,0.1001670447320308
0.918159094891102,-0.0394815143770092,-0.0766892277270298,-0.02594849406054,-0.3155229492954016,0.1028838713397896
0.9180669684825936,-0.040582914314659,-0.0763245248262419,-0.0267136611795354,-0.3140644473814211,0.1055868473509057
0.9179717374538392,-0.0416840205917478,-0.0759487243144646,-0.0274819519983764,-0.3125659648354339,0.1082755552059886
0.9178733533706476,-0.0427847963759874,-0.0755617404834574,-0.0282534183090547,-0.3110275231790202,0.1109495783102373
0.91777176625506,-0.043885201885103,-0.0751634855322952,-0.0290281085847034,-0.3094491458834681,0.1136084970546405
0.917666924635958,-0.0449851936177393,-0.0747538698528674,-0.0298060673674625,-0.3078308594944319,0.1162518872162698
0.917558775275498,-0.0460847269521165,-0.0743328010514164,-0.0305873370390174,-0.3061726897607242,0.1188793264480881
0.91744726347386,-0.0471837526444333,-0.0739001852323271,-0.0313719552776517,-0.3044746666988991,0.1214903861057431
0.9173323326643712,-0.048282220603528,-0.0734559255184852,-0.0321599576764137,-0.3027368187610944,0.1240846404984154
0.9172139248948844,-0.0493800748901247,-0.0729999240126841,-0.0329513740983338,-0.300959180507201,0.126661655283024
0.9170919803590208,-0.0504772579824029,-0.0725320800788254,-0.0337462316554651,-0.2991417858414054,0.1292209978390876
0.916966437592024,-0.0515737085774017,-0.0720522911986993,-0.0345445530611461,-0.2972846713355198,0.1317622323348296
0.9168372335028144,-0.0526693611076574,-0.0715604531886985,-0.0353463561933718,-0.2953878770115634,0.1342849189237217
0.916704303154295,-0.0537641473672277,-0.0710564594601676,-0.0361516552028619,-0.2934514434312831,0.1367886177939116
0.9165675800010388,-0.0548579942392752,-0.0705402020226358,-0.0369604587686209,-0.2914754155016527,0.139272884240515
0.9164269957169012,-0.0559508249224866,-0.0700115709251304,-0.0377727709091945,-0.2894598402417674,0.1417372718139253
0.9162824802150996,-0.0570425585074887,-0.0694704544315815,-0.0385885905867821,-0.2874047673742014,0.1441813316683066
0.9161339617101076,-0.0581331092998588,-0.0689167393485786,-0.039407911111353,-0.285310250468485,0.1466046113873409
0.9159813665968796,-0.0592223875227783,-0.0683503106689896,-0.0402307205741353,-0.2831763454745445,0.149006656905993
0.9158246195461104,-0.0603102984109532,-0.0677710520222779,-0.0410570010742381,-0.2810031123012699,0.1513870108512417
0.915663643460592,-0.061396742357416,-0.0671788456037248,-0.0418867287303068,-0.2787906144020274,0.1537452132482496
0.9154983595744172,-0.0624816140976852,-0.0665735726278391,-0.042719872955817,-0.2765389203039915,0.1560808001432624
0.9153286873376528,-0.063564803362223,-0.0659551129892851,-0.0435563968519039,-0.2742481021559175,0.158393305430863
0.9151545445011352,-0.0646461941872216,-0.0653233456574576,-0.0443962565737486,-0.2719182369990273,0.1606822597781516
0.9149758469568235,-0.0657256657776123,-0.0646781481793049,-0.0452394018966128,-0.269549404723481,0.1629471928606977
0.9147925090840686,-0.0668030902860119,-0.0640193980095641,-0.0460857743775366,-0.26714169272883,0.1651876291105378
0.9146044436174304,-0.0678783336300551,-0.0633469720952218,-0.0469353078668371,-0.2646951941055828,0.1674030899393958
0.9144115615996212,-0.0689512557106646,-0.0626607467728015,-0.0477879285664195,-0.2622100069782739,0.1695930946459476
0.9142137723717726,-0.0700217103873222,-0.0619605977992994,-0.048643554902082,-0.2596862343299863,0.1717571607999255
0.9140109838742404,-0.0710895438326663,-0.0612464014718438,-0.0495020960915088,-0.2571239877112069,0.1738948013900879
0.91380310243157,-0.0721545957482396,-0.0605180339085924,-0.0503634529895866,-0.254523384274895,0.1760055278002687
0.9135900329616672,-0.0732166983013213,-0.0597753718240923,-0.0512275171121481,-0.2518845491732239,0.1780888481820429
0.9133716790543366,-0.0742756758495941,-0.0590182928263586,-0.0520941702794371,-0.2492076161778965,0.1801442674664547
0.9131479429665632,-0.075331345099244,-0.0582466754150236,-0.0529632846130737,-0.2464927272110766,0.182171288226674
0.9129187254390508,-0.0763835160502941,-0.0574603983646306,-0.053834723195652,-0.2437400297205872,0.1841694129952686
0.9126839265197132,-0.0774319883540325,-0.0566593435506031,-0.0547083369290038,-0.2409496860740813,0.1861381378802103
0.9124434448426972,-0.0784765548729093,-0.0558433934531825,-0.0555839673431758,-0.238121864249188,0.1880769599265508
0.9121971782512264,-0.0795169990890543,-0.0550124332599805,-0.0564614443144445,-0.2352567445962023,0.1899853727863614
0.911945023532815,-0.0805530965263805,-0.0541663499245352,-0.0573405871253005,-0.2323545159566702,0.1918628699409096
0.911686876995106,-0.0815846126461327,-0.0533050340477377,-0.0582212025539577,-0.2294153814845926,0.1937089414456204
0.9114226342573994,-0.0826113041002898,-0.052428379095571,-0.0591030857967321,-0.2264395552437481,0.1955230768376035
0.9111521905064376,-0.0836329180773355,-0.0515362821638033,-0.0599860197817784,-0.2234272640950817,0.1973047645514797
0.9108754405498394,-0.0846491925055894,-0.0506286440483572,-0.0608697752161729,-0.2203787471741815,0.1990534928731314
0.9105922792236828,-0.08565985500071,-0.0497053704576531,-0.0617541095435631,-0.2172942591654627,0.2007687487303174
0.9103026013629736,-0.086664623509114,-0.0487663717625437,-0.0626387673717201,-0.2141740686004742,0.2024500194326599
0.9100063018839476,-0.0876632065091865,-0.0478115631061678,-0.0635234805345259,-0.2110184573719175,0.2040967935782835
0.909703276395864,-0.0886553015012843,-0.0468408661931095,-0.0644079666371176,-0.2078277257451512,0.2057085591527768
0.9093934210210364,-0.0896405962708285,-0.0458542084928199,-0.0652919300527198,-0.2046021887536759,0.2072848062358052
0.9090766327015164,-0.0906187685066719,-0.044851523997836,-0.0661750614790412,-0.201342177729853,0.208825026933987
0.908752809732666,-0.0915894848565066,-0.0438327546574915,-0.067057036975373,-0.198048043943133,0.2103287144889772
0.9084218516455144,-0.0925524020654104,-0.0427978497199671,-0.0679375188841449,-0.1947201553907243,0.2117953656628468
0.9080836598826558,-0.0935071657733825,-0.0417467675467897,-0.0688161546371134,-0.1913589015591144,0.2132244794598521
0.9077381372216023,-0.0944534129633916,-0.0406794734939272,-0.0696925789169343,-0.1879646855368037,0.2146155613451391
0.9073851892225496,-0.0953907687508907,-0.0395959440560101,-0.0705664106202024,-0.1845379361253586,0.2159681189693504
0.9070247234893978,-0.0963188493516167,-0.0384961641971606,-0.0714372555256041,-0.1810790981681832,0.2172816670691285
0.9066566510161188,-0.0972372594845145,-0.0373801310726474,-0.0723047038019896,-0.1775886431197903,0.2185557242297182
0.9062808855772582,-0.0981455949790848,-0.0362478517273269,-0.0731683323882651,-0.1740670605751523,0.2197898170828897
0.9058973446700656,-0.0990434414337008,-0.0350993455003648,-0.0740277036820033,-0.170514864588703,0.2209834788683022
0.905505949252118,-0.0999303758985785,-0.0339346427573677,-0.074882367103465,-0.1669325885170022,0.222136252122691
0.9051066247298252,-0.1008059656511872,-0.0327537873471191,-0.075731857895895,-0.1633207913930021,0.2232476874327456
0.9046993013312278,-0.1016697685938237,-0.0315568371532709,-0.07657569746736,-0.1596800583146806,0.2243173444134883
0.9042839140898776,-0.1025213344914447,-0.0303438634831551,-0.0774133945752952,-0.1560109973191311,0.225344793644321
0.9038604033504584,-0.1033602050856376,-0.0291149519793879,-0.078244445440952,-0.1523142409382433,0.2263296171019298
0.9034287149661884,-0.1041859148968738,-0.0278702026029239,-0.0790683345528885,-0.148590444947624,0.2272714093845488
0.9029888014389812,-0.1049979902966425,-0.0266097323016707,-0.079884533752665,-0.1448402951431901,0.2281697769397889
0.9025406214497138,-0.1057959517414983,-0.0253336730020794,-0.0806925044826602,-0.1410645001172892,0.2290243408816125
0.9020841408691774,-0.1065793132225236,-0.0240421738453892,-0.0814916972699434,-0.1372637967535739,0.2298347365786756
0.9016193330458118,-0.1073475831718175,-0.0227354013074705,-0.0822815526732532,-0.1334389493968761,0.2306006148754978
0.9011461788669224,-0.1081002657222451,-0.0214135386782623,-0.0830615026208874,-0.1295907472252656,0.2313216435479014
0.9006646679912005,-0.1088368601287531,-0.0200767887985557,-0.0838309698601709,-0.1257200111522288,0.2319975069305135
0.9001747981225122,-0.1095568633523663,-0.018725371304833,-0.0845893706953479,-0.1218275847762787,0.2326279085314361
0.8996765761213481,-0.1102597697404122,-0.0173595249976382,-0.0853361147325525,-0.1179143403045781,0.2332125707973655
0.8991700184719156,-0.1109450718519346,-0.0159795083717269,-0.086070605806098,-0.1139811791163717,0.2337512360091617
0.8986551514889246,-0.1116122616710915,-0.0145855994248891,-0.0867922433310347,-0.1100290303243674,0.2342436674379154
0.8981320114390934,-0.1122608318936342,-0.0131780952475286,-0.0875004237604865,-0.1060588488226735,0.2346896504332162
0.8976006449163949,-0.1128902768653303,-0.0117573123078018,-0.088194541685605,-0.1020716154034114,0.235088993161943
0.8970611093422091,-0.1135000934157046,-0.010323587062693,-0.0888739908222496,-0.0980683378422807,0.2354415272679446
0.8965134732258577,-0.1140897820173629,-0.0088772759227387,-0.0895381653581235,-0.0940500502279162,0.2357471087266957
0.895957815469672,-0.1146588488969318,-0.0074187527261466,-0.0901864624009318,-0.09001780551261,0.2360056190413222
0.8953942272314452,-0.1152068054314107,-0.0059484129665598,-0.090818281366059,-0.0859726868869145,0.2362169650357831
0.8948228098560401,-0.1157331715697814,-0.0044666677169416,-0.0914330279541675,-0.0819157907539279,0.2363810804411358
0.8942436767245789,-0.1162374752433901,-0.0029739478522564,-0.0920301135609998,-0.0778482382599436,0.2364979256326436
0.893656951990901,-0.1167192547563392,-0.001470700183922,-0.0926089581345343,-0.0737711646853949,0.2365674884390286
0.8930627712285235,-0.1171780593190848,4.26114015546e-05,-0.0931689908876526,-0.0696857226811721,0.2365897842289284
0.892461280311311,-0.1176134509655257,0.0015655092866287,-0.0937096526870269,-0.0655930734652207,0.2365648560997389
0.8918526201736245,-0.1180250153281528,0.0030975407710092,-0.0942304098885363,-0.0614942840784809,0.2364927722909184
0.8912369421837217,-0.1184123495684994,0.0046382389745414,-0.0947307400057464,-0.057390434024108,0.2363736238586142
0.8906144233512628,-0.1187750547761146,0.006187085487288,-0.0952101214650587,-0.0532827145121987,0.2362075293888598
0.889985249446182,-0.1191127490060547,0.0077435534325182,-0.0956680498536366,-0.0491723133403739,0.2359946341689408
0.8893496155810204,-0.1194250674244523,0.0093071062090402,-0.0961040382246472,-0.0450604190866107,0.2357351097265737
0.888707725413184,-0.119711663206671,0.0108771996235902,-0.0965176183979047,-0.0409482163790947,0.235429152981101
0.8880597895951404,-0.1199722085208358,0.0124532857580335,-0.0969083424921474,-0.0368368768024006,0.2350769847186911
0.8874060256818319,-0.1202063946352679,0.0140348131761268,-0.0972757832855262,-0.0327275595402123,0.2346788484978194
0.886746657928349,-0.1204139320678651,0.0156212273705791,-0.0976195346155723,-0.0286214114011425,0.2342350095757178
0.8860819168725806,-0.1205945507737558,0.0172119716931654,-0.0979392118392645,-0.0245195656154623,0.2337457537303183
0.885412036508003,-0.1207480007672549,0.0188064939613021,-0.0982344532200207,-0.0204231261118017,0.2332113840732425
0.8847372556612187,-0.1208740513762932,0.020404242913392,-0.0985049190548909,-0.016333178073729,0.232632220724987
0.8840578173839825,-0.1209724911477694,0.0220046694287741,-0.0987502918358535,-0.0122507861274978,0.2320085992850714
0.8833739670339957,-0.1210431277622758,0.02360723076432,-0.0989702766893262,-0.0081769849019373,0.2313408679321988
0.8826859519052952,-0.1210857874659926,0.025211391049686,-0.0991646009866848,-0.0041127792238232,0.2306293856756776
0.8819940219256566,-0.121100314474213,0.0268166192923657,-0.0993330136653948,-5.91505585986e-05,0.2298745218572484
0.8812984278332661,-0.1210865705067241,0.0284223932413255,-0.0994752852164898,0.0039829514271938,0.2290766531008523
0.8805993568025997,-0.1210444289071359,0.0300283464829597,-0.0995912164525629,0.0080129760611213,0.2282360828909944
0.8798969842580945,-0.1209737673101999,0.0316341463296902,-0.099680619897327,0.0120304598256172,0.227353089510022
0.8791915496419417,-0.120874476835055,0.0332393208684675,-0.0997433115889118,0.0160345937409789,0.2264280234687997
0.8784832928180037,-0.1207464615137795,0.0348434057383431,-0.0997791246950172,0.0200245923354066,0.2254612354404016
0.8777724543039215,-0.1205896377881469,0.036445943224525,-0.0997879089216322,0.023999690370546,0.224453075825285
0.877059274640438,-0.1204039338676887,0.0380464833097476,-0.0997695299696857,0.0279591444938027,0.223403893214883
0.8763439922353313,-0.1201892884949818,0.0396445880992416,-0.0997238687539244,0.0319022432150774,0.222314030400216
0.8756268467156548,-0.1199456512224664,0.0412398239062252,-0.0996508208280536,0.0358282864426404,0.2211838286322074
0.874908078527257,-0.1196729820300781,0.0428317618409093,-0.0995502960096844,0.0397365862184505,0.2200136268206438
0.8741879267055079,-0.1193712500836468,0.044419982410178,-0.0994222175835019,0.0436264772844603,0.2188037575708157
0.8734666315221395,-0.1190404343329621,0.0460040693178746,-0.0992665221703191,0.0474973011770087,0.2175545511760435
0.8727444324891872,-0.1186805223688597,0.0475836135565098,-0.0990831589608367,0.0513484156373104,0.216266332104958
0.8720215691715454,-0.1182915104050699,0.0491582112960637,-0.0988720893944311,0.0551791888535143,0.2149394201625985
0.8712982808830124,-0.1178734028175875,0.0507274642452159,-0.0986332866597996,0.0589889998058814,0.2135741298293758
0.8705748072252655,-0.1174262121787871,0.0522909781895526,-0.0983667354778816,0.0627772342252722,0.2121707712184387
0.8698513876064721,-0.116949958757389,0.0538483637597934,-0.0980724315985391,0.066543286015706,0.2107296491944746
0.869128262467674,-0.1164446711573223,0.055399233530232,-0.0977503820037487,0.0702865498378999,0.2092510659262637
0.8684056710870242,-0.1159103846818074,0.0569432064840538,-0.0974006036960586,0.074006431532394,0.2077353166042808
0.8676838536600545,-0.1153471426103785,0.0584799032969644,-0.0970231243186655,0.0777023363918352,0.2061826938129563
0.8669630506892229,-0.114754995745268,0.0600089474247068,-0.0966179817185392,0.0813736715026571,0.2045934866034302
0.866243503530067,-0.1141340028552882,0.0615299637294532,-0.0961852241085164,0.0850198421877921,0.2029679820542625
0.8655254533232173,-0.1134842297877636,0.0630425805321194,-0.0957249093158354,0.088640256695781,0.201306463271033
0.8648091418141232,-0.1128057501645243,0.0645464276692437,-0.0952371051228163,0.0922343213238921,0.1996092115959129
0.8640948114629238,-0.112098645592731,0.0660411360752236,-0.094721889300878,0.0958014392405902,0.1978765073844719
0.8633827057899449,-0.1113630061799616,0.0675263368847029,-0.0941793498809595,0.0993410081907939,0.1961086314513287
0.8626730682935178,-0.1105989296004451,0.0690016635179245,-0.0936095843601912,0.1028524253289195,0.1943058630094091
0.861966143305036,-0.1098065221198662,0.070466749720531,-0.0930127003440588,0.1063350824182195,0.192468482365305
0.8612621762100187,-0.1089858991229746,0.0719212289506645,-0.0923888158533209,0.109788364277336,0.1905967722527691
0.8605614125987776,-0.1081371844145995,0.0733647359808494,-0.0917380587015352,0.1132116524990751,0.1886910163521412
0.8598640994113631,-0.1072605118757942,0.0747969043837046,-0.0910605676677913,0.1166043194105304,0.1867515031565509
0.8591704841685396,-0.1063560249343822,0.076217367977928,-0.0903564920150038,0.1199657314506447,0.1847785248144527
0.8584808143286802,-0.1054238760341806,0.0776257619945074,-0.0896259909812943,0.1232952518757387,0.1827723761121387
0.8577953392168688,-0.1044642296211749,0.0790217189951489,-0.0888692360329135,0.1265922310724973,0.1807333609969983
0.8571143079734815,-0.1034772598729175,0.0804048729331913,-0.0880864090143907,0.1298560161400047,0.1786617876943339
0.8564379708018971,-0.1024631529010004,0.081774856477092,-0.0872777038049763,0.1330859445517001,0.1765579734463895
0.8557665783238402,-0.1014221063988112,0.0831313021968879,-0.0864433259723384,0.136281346956077,0.174422243757638
0.8551003810803853,-0.1003543293878671,0.0844738434411595,-0.0855834924890344,0.1394415492442339,0.1722549319357603
0.854439630405823,-0.0992600441746678,0.085802112447145,-0.0846984332293815,0.1425658681121066,0.1700563831195156
0.8537845777930794,-0.0981394860326209,0.0871157415024981,-0.0837883906492551,0.145653613821529,0.1678269536051322
0.8531354746982456,-0.0969929035382482,0.0884143632150234,-0.0828536199860238,0.1487040908635455,0.1655670115416318
0.8524925720524555,-0.0958205583745576,0.0896976113648221,-0.0818943890216667,0.1517165999950274,0.1632769365934705
0.8518561204728969,-0.0946227263789599,0.0909651203570955,-0.0809109788607483,0.1546904369951393,0.1609571220591835
0.8512263703560496,-0.0933996985153165,0.092216524919321,-0.0799036846581021,0.1576248920083254,0.1586079767757837
0.8506035706637931,-0.0921517793145168,0.0934514623944689,-0.0788728142613374,0.1605192549809047,0.1562299221672931
0.8499879699497416,-0.0908792896579442,0.0946695705803655,-0.0778186904289256,0.1633728106594345,0.1538233976487718
0.8493798145527743,-0.0895825639206484,0.0958704911879065,-0.0767416483916885,0.1661848467664325,0.1513888552737593
0.8487793493109496,-0.0882619521342693,0.0970538682991727,-0.075642037558766,0.1689546504631497,0.148926763970366
0.8481868168684809,-0.0869178192972656,0.0982193496132291,-0.0745202208650067,0.1716815113521455,0.1464376083648682
0.8476024577523391,-0.0855505463357058,0.0993665861725551,-0.0733765754904043,0.1743647209294028,0.143921890708647
0.847026509187722,-0.084160528121923,0.100495234566468,-0.0722114911200869,0.1770035778373974,0.1413801273957624
0.8464592055704327,-0.0827481752657323,0.1016049558775816,-0.0710253713551978,0.1795973855059796,0.1388128524673821
0.8459007773752797,-0.0813139121562272,0.1026954176965445,-0.069818631984503,0.1821454569757392,0.1362206142553556
0.8453514509725539,-0.0798581770422542,0.103766294353063,-0.068591700959041,0.1846471155562513,0.1336039758110584
0.8448114486233413,-0.0783814226224886,0.1048172668033188,-0.0673450188009061,0.1871016946904102,0.1309635162405304
0.8442809874031856,-0.0768841136739017,0.1058480246055768,-0.0660790365136606,0.1895085427032226,0.1282998267544656
0.8437602793745927,-0.0753667279073271,0.1068582654628227,-0.0647942162127938,0.191867021873849,0.1256135125425692
0.8432495308341964,-0.0738297541829917,0.1078476965679955,-0.0634910295273032,0.1941765117242909,0.1229051899555358
0.8427489421697821,-0.072273692309297,0.108816034765567,-0.062169957339279,0.1964364095502869,0.1201754865365529
0.8422587073455226,-0.070699051618567,0.1097630074368836,-0.0608314884881143,0.1986461326478611,0.1174250389164957
0.8417790137831132,-0.0691063506221794,0.1106883526224819,-0.0594761193917316,0.2008051187646357,0.1146544926296977
0.8413100419406734,-0.0674961155858014,0.1115918197329434,-0.0581043527525431,0.2029128279298703,0.1118645000570702
0.8408519651638292,-0.0658688798385099,0.1124731697384778,-0.0567166968893583,0.2049687430728016,0.1090557196694122
0.8404049491292918,-0.0642251814712646,0.1133321761473492,-0.0553136636982745,0.2069723724852087,0.1062288125072508
0.8399691521505777,-0.0625655639455174,0.1141686243310995,-0.0538957690984061,0.2089232484310827,0.103384443695952
0.8395447247296564,-0.0608905738904637,0.1149823123069777,-0.0524635310841306,0.2108209291583638,0.1005232791142912
0.8391318096623687,-0.0592007607897926,0.1157730504624366,-0.0510174693940584,0.2126649984450699,0.097645985318941
0.8387305418321114,-0.0574966753406021,0.1165406618846587,-0.0495581040499747,0.2144550665578627,0.0947532271952043
0.8383410481923861,-0.0557788683691179,0.117284982334168,-0.0480859543756339,0.2161907703810156,0.09184566656546
0.837963447941266,-0.054047890486952,0.1180058598591169,-0.046601538655792,0.2178717727072443,0.0889239620418082
0.8375978522831237,-0.0523042897626167,0.1187031552050081,-0.0451053720990368,0.2194977633823917,0.0859887655161783
0.8372443650600567,-0.0505486133227661,0.1193767405716599,-0.0435979681767906,0.2210684565942779,0.0830407252661029
0.8369030822848175,-0.0487814036808356,0.1200265004729744,-0.0420798354444154,0.2225835930624566,0.0800804801633358
0.8365740928366092,-0.0470032006131525,0.1206523303862578,-0.0405514791291667,0.2240429370702717,0.0771086631964224
0.8362574782595431,-0.0452145384988013,0.121254137118042,-0.0390133988289304,0.2254462774956137,0.0741258973588424
0.8359533132681524,-0.0434159472903926,0.1218318378300949,-0.0374660893358493,0.2267934257129077,0.0711327975977029
0.8356616658089416,-0.0416079510809776,0.122385359916122,-0.0359100393996321,0.2280842154736987,0.0681299687208682
0.8353825973097988,-0.0397910676000956,0.1229146405262992,-0.0343457312941815,0.2293185019604651,0.0651180048397954
0.835116163067832,-0.0379658086456443,0.1234196258346229,-0.0327736411953953,0.2304961602346487,0.0620974903378138
0.8348624124916626,-0.0361326797029118,0.1239002705873817,-0.0311942388647887,0.2316170843338229,0.0590689994603036
0.8346213892238652,-0.0342921786033011,0.1243565378823321,-0.0296079865096352,0.2326811869002096,0.056033094301674
0.8343931316908142,-0.0324447973686347,0.1247883981421271,-0.0280153403923954,0.2336883969231005,0.0529903280293946
0.834177673172695,-0.0305910206336322,0.1251958289997409,-0.0264167494959153,0.2346386596009902,0.0499412424329453
0.8339750421233618,-0.0287313258923143,0.1255788147132318,-0.024812655763639,0.2355319350987452,0.0468863684661588
0.8337852625019494,-0.0268661840861892,0.1259373455608381,-0.0232034946385852,0.2363681972514199,0.0438262273249459
0.8336083539792318,-0.0249960592013777,0.1262714174746621,-0.0215896947507834,0.2371474328170329,0.0407613298752636
0.8334443322544948,-0.0231214090786808,0.1265810314668851,-0.0199716786540078,0.2378696402378986,0.0376921780522432
0.8332932092405827,-0.0212426850564722,0.126866193305926,-0.0183498625580548,0.2385348289774184,0.0346192643266544
0.833154993279114,-0.019360331923555,0.1271269131360493,-0.0167246563304369,0.2391430187174925,0.0315430716660925
0.8330296894290973,-0.017474789101298,0.1273632049587819,-0.0150964645615108,0.2396942382261159,0.02846407548884
0.8329172996159568,-0.0155864903058574,0.1275750863776029,-0.0134656863193187,0.2401885248317392,0.0253827431171539
0.8328178228296621,-0.0136958640078409,0.127762578249543,-0.0118327155943174,0.2406259236732033,0.0222995345221147
0.8327312552917385,-0.0118033336911772,0.1279257043948001,-0.0101979415720415,0.2410064870778338,0.0192149027285363
0.8326575906227232,-0.0099093185084369,0.1280644913046257,-0.0085617492493039,0.2413302739284231,0.0161292948554937
0.8325968199671379,-0.0080142334748453,0.1281789679281623,-0.0069245196528202,0.2415973492074341,0.0130431523954191
0.8325489320947868,-0.0061184890269114,0.1282691655025784,-0.0052866295094437,0.2418077836353686,0.0099569104519831
0.8325139135584736,-0.0042224932303636,0.1283351172755169,-0.0036484532058137,0.2419616530511519,0.0068710012847069
0.8324917487344221,-0.0023266508204896,0.1283768584469422,-0.0020103620116815,0.2420590382977437,0.0037858526901755
0.8324824199027316,-0.0004313633628287,0.1283944260339267,-0.0003727242711832,0.2421000249214304,0.0007018882047706
0.8324820878517172,-5.388095568673035e-13,0.1283950513288773,3.745555623470287e-12,0.2421014837874614,-1.350151869645988e-12
