3.00005207256528
0.8888084492734869,-1.0902909597117033e-26,0.1964143907872697,-1.2781250597615159e-14,0.2072755506068703,3.5317442703895854e-14
0.8888104727855748,0.0007861587700707,0.1964109980903144,0.0010670086881932,0.2072694141714429,-0.001788991742477
0.8888273241704832,0.0024008756806921,0.196382743744295,0.003258668785802,0.2072183096017484,-0.0054638549668353
0.888861271652218,0.0040158357038051,0.1963258210814778,0.005450952404796,0.2071153495423272,-0.0091404744697095
0.8889123375809138,0.0056306609384479,0.1962401852074659,0.0076435447879031,0.20696044841471,-0.0128188029433394
0.8889805421885526,0.0072449608176948,0.1961257910085354,0.0098361146040415,0.2067535179902791,-0.0164987677165522
0.8890659036115569,0.0088583430175956,0.1959825930844759,0.0120283287575227,0.2064944672156102,-0.0201802959725953
0.8891684378033863,0.0104704126449023,0.1958105458624961,0.0142198512861219,0.2061832023508291,-0.0238633132875118
0.8892881584441027,0.0120807720173059,0.1956096037129105,0.0164103430609339,0.2058196270964405,-0.0275477435114627
0.8894250768923461,0.0136890210523095,0.1953797209903692,0.0185994623120917,0.2054036425703421,-0.0312335100390144
0.8895792019547569,0.0152947555939328,0.1951208523784094,0.0207868623448656,0.2049351478182736,-0.0349205323476617
0.8897505398371064,0.0168975683214613,0.1948329529260543,0.0229721927642336,0.2044140397513031,-0.038608728433882
0.8899390938251022,0.018497046984513,0.1945159785357773,0.0251550970519908,0.2038402138841045,-0.042298011093937
0.8901448640464172,0.0200927741151019,0.1941698863130667,0.0273352121443551,0.2032135648065651,-0.0459882875542723
0.8903678473459382,0.0216843276663257,0.1937946347235911,0.0295121692689453,0.2025339862902659,-0.0496794612233947
0.8906080367832663,0.0232712789923019,0.1933901843844146,0.031685591138224,0.2018013725260347,-0.0533714272550581
0.8908654213740729,0.0248531931168771,0.1929564984446264,0.0338550922548964,0.2010156186010177,-0.0570640733479386
0.8911399855340617,0.0264296272882977,0.192493543467018,0.0360202768545007,0.2001766218660783,-0.0607572764993599
0.8914317087315712,0.0280001311936661,0.1920012899596508,0.0381807391035642,0.1992842826516955,-0.0644509035520706
0.8917405648915607,0.0295642459382013,0.1914797133286923,0.0403360615833305,0.1983385057298774,-0.0681448087767436
0.8920665214430631,0.0311215017727161,0.190928795438096,0.0424858120138028,0.1973392028601945,-0.0718388283560912
0.8924095391233562,0.0326714199540497,0.1903485248969001,0.0446295456449103,0.1962862930122617,-0.0755327845140795
0.8927695709269494,0.0342135105763898,0.1897388987978878,0.0467668020653657,0.195179705204249,-0.0792264800029572
0.8931465609575803,0.0357472707584175,0.189099924632569,0.0488971024445742,0.1940193816487464,-0.0829196931874767
0.8935404436438579,0.0372721848523791,0.1884316216037587,0.0510199495279272,0.1928052797931288,-0.0866121777608831
0.8939511424116878,0.0387877227962099,0.1877340228744357,0.0531348250051931,0.1915373760496708,-0.0903036577793586
0.8943785686168636,0.0402933399733011,0.1870071773952041,0.0552411889156551,0.1902156687531383,-0.0939938260716044
0.8948226195861367,0.0417884743727776,0.1862511532714322,0.0573384752104069,0.1888401839144339,-0.0976823357330015
0.8952831774837602,0.0432725472930864,0.1854660397573422,0.059426092184736,0.187410978480216,-0.1013687999092042
0.8957601074266506,0.0447449618648694,0.1846519505616495,0.0615034197804538,0.1859281459841981,-0.1050527858654927
0.896253255697779,0.0462051024961982,0.1838090270269517,0.0635698080850264,0.1843918219833078,-0.1087338108765456
0.8967624472647375,0.047652332831645,0.1829374425442204,0.0656245736182564,0.1828021917676295,-0.1124113338507706
0.8972874843591233,0.0490859973765699,0.1820374052077019,0.0676670006952755,0.1811594948948967,-0.1160847556574517
0.8978281437074794,0.0505054196776317,0.181109162836191,0.069696337796324,0.1794640340810799,-0.1197534101826398
0.898384174445254,0.051909903019266,0.1801530068950615,0.071711797377475,0.1777161821423489,-0.1234165611231148
0.8989552959859008,0.0532987313268435,0.1791692765673276,0.0737125558666187,0.1759163892742984,-0.1270733987353052
0.8995411955153686,0.0546711695080157,0.1781583635501687,0.0756977527284616,0.1740651917390351,-0.1307230344584845
0.9001415266280579,0.0560264667763591,0.1771207149685099,0.077666493722175,0.1721632172002281,-0.1343645028064135
0.9007559072322604,0.0573638582674355,0.1760568376318003,0.079617851614906,0.1702111926209241,-0.1379967582486138
0.901383918350392,0.0586825687248324,0.1749673008332805,0.081550869820748,0.1682099496107638,-0.141618677134953
0.9020251039191708,0.0599818179957783,0.173852737493647,0.0834645686758838,0.1661604268556132,-0.1452290643501552
0.9026789700560798,0.0612608249495119,0.1727138463025838,0.0853579494234826,0.1640636745088538,-0.148826655557686
0.9033449861449766,0.0625188145261681,0.1715513907626939,0.0872300028633969,0.1619208530206294,-0.1524101282022196
0.9040225862659584,0.0637550245138606,0.1703661976731849,0.0890797177522512,0.1597332310548204,-0.1559781122565491
0.90471117197191,0.0649687137784454,0.1691591532831549,0.0909060915749503,0.1575021792188035,-0.1595292058820723
0.905410114996942,0.0661591691553311,0.1679311995625208,0.0927081395804346,0.1552291641036622,-0.1630619882751882
0.9061187618347004,0.0673257143341332,0.1666833271697309,0.0944849071361779,0.1529157362910825,-0.1665750396594874
0.9068364382060627,0.0684677170688435,0.165416568554688,0.0962354799502581,0.1505635186464848,-0.1700669580335272
0.9075624546726004,0.0695845968452567,0.1641319889636708,0.0979589954142418,0.1481741907328084,-0.1735363791569551
0.9082961120210375,0.0706758307497824,0.1628306777415097,0.0996546516519211,0.1457494737500804,-0.1769819931178919
0.9090367075447182,0.0717409593833548,0.1615137379200727,0.1013217171072427,0.1432911122291954,-0.180402563195882
0.9097835397877038,0.0727795893374916,0.1601822783968095,0.1029595352341409,0.1408008604703556,-0.1837969359467449
0.9105359150607234,0.0737913972417079,0.1588374028167349,0.1045675320605069,0.1382804627215137,-0.1871640583161624
0.9112931516887972,0.0747761297523807,0.1574802023377433,0.1061452177658541,0.1357316404782799,-0.1905029835098244
0.912054584440009,0.0757336033008624,0.1561117479350741,0.1076921881547802,0.1331560787954832,-0.1938128774696395
0.9128195682289514,0.0766637025031071,0.1547330838651444,0.1092081242405891,0.1305554146298305,-0.1970930221367015
0.9135874809984592,0.0775663773577545,0.1533452224799189,0.1106927900448242,0.1279312275826128,-0.2003428154840349
0.914357725702786,0.0784416393815195,0.151949140553879,0.1121460287500025,0.125285033367642,-0.2035617683491692
0.9151297326698042,0.0792895582881063,0.1505457748256853,0.1135677597966324,0.1226182756609606,-0.2067495036159324
0.9159029591472952,0.0801102557526711,0.1491360225701432,0.1149579710957331,0.1199323273812626,-0.2099057446046248
0.9166768908168648,0.0809039017641263,0.1477207385443543,0.1163167154528612,0.1172284850050303,-0.2130303127126387
0.9174510412322744,0.0816707090837284,0.1463007356596402,0.1176441036997585,0.1145079698796054,-0.2161231175081598
0.9182249514586414,0.0824109284122948,0.14487678526475,0.1189402988367942,0.1117719287476397,-0.2191841487533271
0.918998189265938,0.0831248435744778,0.1434496182289749,0.1202055100070416,0.1090214357590565,-0.2222134676489996
0.9197703482316276,0.0838127670821072,0.1420199261866288,0.1214399869129431,0.1062574947646012,-0.2252111986708144
0.9205410467934796,0.0844750360818404,0.1405883628722524,0.122644014695401,0.1034810417607812,-0.2281775220604097
0.9213099271222144,0.0851120085473572,0.1391555457939896,0.1238179090309757,0.1006929479734809,-0.2311126663832962
0.9220766535896916,0.0857240595385138,0.1377220586749689,0.1249620111062302,0.0978940244384281,-0.2340169002504581
0.9228409119359836,0.0863115784052745,0.1362884526095725,0.1260766841046813,0.0950850240892538,-0.2368905273257123
0.9236024079988696,0.0868749659344183,0.1348552480491849,0.1271623093955346,0.0922666454615774,-0.2397338801740949
0.924360866459633,0.0874146318171771,0.1334229367801276,0.1282192831141066,0.0894395364020374,-0.2425473146444408
0.9251160297625016,0.0879309925137797,0.1319919835968049,0.1292480133071437,0.0866042971981196,-0.2453312052968042
0.9258676572703872,0.0884244694995786,0.1305628275450617,0.1302489176582693,0.0837614828689477,-0.2480859420212622
0.9266155238532509,0.0888954873352016,0.1291358842628587,0.1312224206860536,0.0809116076537029,-0.2508119248485628
0.9273594192139588,0.0893444724210727,0.1277115469436821,0.132168952153205,0.0780551467921999,-0.2535095617101341
0.9280991470929304,0.0897718518018537,0.1262901875429418,0.1330889454615243,0.0751925387935756,-0.2561792659233179
0.928834524197101,0.0901780519502,0.1248721585327952,0.1339828358593054,0.0723241888297127,-0.2588214528391146
0.9295653799542712,0.0905634981361803,0.123457793085561,0.1348510597956396,0.0694504689754945,-0.2614365395891322
0.9302915550006552,0.090928613205224,0.1220474077177499,0.1356940528530416,0.0665717234481213,-0.2640249403848322
0.9310129013211492,0.0912738173377293,0.1206413017568193,0.1365122497623619,0.0636882674221812,-0.2665870678226225
0.9317292813740904,0.09159952732334,0.119239758779827,0.1373060832633451,0.060800389847086,-0.2691233306026392
0.9324405673775378,0.0919061560114379,0.1178430477598404,0.1380759832532409,0.0579083557032987,-0.2716341318862905
0.9331466405782048,0.0921941118356737,0.1164514242664266,0.1388223760014451,0.0550124084046201,-0.2741198676372404
0.9338473917846584,0.0924637988904085,0.1150651291820918,0.1395456847356131,0.0521127670328015,-0.2765809294312281
0.9345427197612854,0.0927156161620014,0.113684391640893,0.1402463279913777,0.0492096323548542,-0.2790176997453142
0.9352325312531868,0.0929499574918375,0.1123094287723213,0.1409247197534654,0.0463031862294496,-0.281430553008836
0.9359167410487004,0.0931672115234472,0.1109404453599566,0.141581269597789,0.0433935907846214,-0.2838198567689499
0.9365952708225496,0.0933677612716487,0.1095776359423721,0.1422163816685248,0.0404809927734599,-0.2861859685931886
0.9372680493585454,0.0935519841833866,0.1082211841723692,0.1428304550317059,0.037565522140128,-0.288529237792641
0.9379350116098508,0.0937202518653049,0.1068712645156439,0.1434238829467289,0.0346472955828342,-0.2908500030796466
0.9385960995407054,0.0938729303017617,0.1055280403596223,0.1439970537618631,0.0317264123878014,-0.2931485964180182
0.939251260345233,0.0940103794205077,0.1041916674360647,0.1445503494812041,0.0288029617484065,-0.2954253377329219
0.9399004474466784,0.0941329533577441,0.1028622916171583,0.1450841467985602,0.025877017905598,-0.2976805392801804
0.9405436196251702,0.0942410002805687,0.1015400505124625,0.1455988164930318,0.0229486435295263,-0.2999145034910825
0.9411807406791224,0.0943348623705906,0.1002250739983735,0.1460947233229776,0.0200178908190647,-0.3021275226584111
0.9418117797541667,0.0944148759062188,0.0989174833726372,0.146572226435461,0.0170847995284845,-0.3043198809237528
0.9424367103186604,0.0944813711542511,0.0976173933084417,0.147031678727126,0.0141494012373081,-0.306491851546343
0.9430555106084392,0.0945346724786427,0.0963249107792596,0.1474734273452563,0.0112117168616938,-0.3086436992579394
0.943668163272233,0.0945750983312716,0.0950401356362945,0.1478978135623792,0.0082717578402465,-0.3107756798243292
0.944274655078833,0.0946029612694669,0.093763161068687,0.1483051727136245,0.005329527077682,-0.3128880398030092
0.9448749766868726,0.0946185679917528,0.0924940739414755,0.148695834188442,0.0023850196245574,-0.314981016499649
0.9454691225135144,0.0946222193832106,0.0912329549307612,0.1490701214903688,-0.0005617771075888,-0.3170548382507169
0.9460570906210738,0.0946142105590577,0.0899798786233371,0.1494283523025331,-0.0035108832231437,-0.3191097247517807
0.9466391421513748,0.0945948197051408,0.088734357083013,0.1497709886648462,-0.0064636504725961,-0.3211467964151865
0.947215400496758,0.0945643078297927,0.0874961913177171,0.1500983868871884,-0.0094207707176455,-0.3231666761763455
0.947785873971986,0.0945229308591329,0.0862654282061338,0.1504108244205776,-0.0123823554961081,-0.3251695666754061
0.9483505726354764,0.0944709393479816,0.0850421119656999,0.1507085724620838,-0.0153485188062372,-0.3271556588133745
0.9489095085646512,0.0944085785834621,0.0838262834837844,0.1509918962985839,-0.018319378725342,-0.3291251332518135
0.9494626962778824,0.0943360886221845,0.08261797931118,0.1512610556695679,-0.0212950599482582,-0.3310781624247804
0.9500101522476306,0.094253704410956,0.0814172326278405,0.1515163046477962,-0.0242756915418438,-0.3330149093363857
0.9505518949424536,0.0941616558569862,0.0802240730655907,0.1517578917942104,-0.0272614074725856,-0.334935528201411
0.9510879445845432,0.0940601679379307,0.0790385271568833,0.1519860601745105,-0.0302523455834175,-0.3368401640631898
0.9516183232108224,0.0939494607624206,0.0778606181193563,0.1522010475107633,-0.0332486482251179,-0.3387289534700061
0.9521430544018392,0.0938297496914744,0.0766903663775189,0.1524030861871103,-0.0362504610293141,-0.3406020239554025
0.9526621633207416,0.0937012454010935,0.0755277894018898,0.1525924033850466,-0.0392579334002931,-0.3424594946042088
0.9531756767583152,0.0935641539284204,0.0743729015305887,0.1527692212030556,-0.0422712190860515,-0.3443014766311841
0.9536836226732072,0.0934186768522822,0.0732257149291781,0.1529337565998801,-0.0452904737782416,-0.3461280721339965
0.9541860305839984,0.0932650112490325,0.0720862386391009,0.1530862216319019,-0.0483158576896153,-0.3479393758857999
0.954682930920562,0.0931033499422022,0.0709544799775262,0.1532268233470025,-0.0513475319496641,-0.34973547337279
0.9551743555193642,0.0929338814135308,0.0698304433511951,0.1533557640355224,-0.054385661832788,-0.3515164429365774
0.955660337200662,0.0927567899910629,0.0687141311536046,0.1534732411968621,-0.0574304144615616,-0.3532823545946706
0.9561409098887012,0.0925722558648068,0.0676055434303346,0.1535794476624103,-0.0604819597955036,-0.3550332708083835
0.9566161083058456,0.0923804552565438,0.0665046785253041,0.1536745716126555,-0.0635404689431622,-0.3567692456900623
0.9570859681956752,0.0921815603889855,0.0654115325107462,0.1537587967122025,-0.0666061158112773,-0.3584903261236911
0.9575505261030564,0.0919757396219229,0.0643260996402393,0.1538323021420188,-0.0696790759436524,-0.3601965512606336
0.9580098193465753,0.0917631575164033,0.0632483723615282,0.1538952626747124,-0.0727595265623985,-0.3618879527033086
0.9584638858737284,0.0915439749531633,0.0621783416069831,0.1539478487323199,-0.0758476458114064,-0.3635645542454666
0.9589127644326352,0.0913183490995666,0.0611159963412877,0.1539902264807782,-0.078943614135218,-0.3652263727692231
0.9593564942757096,0.0910864335989724,0.0600613242127163,0.1540225578651308,-0.0820476124806123,-0.3668734174045918
0.959795115376851,0.0908483785057333,0.0590143109933229,0.1540450006959363,-0.0851598240122668,-0.3685056905775044
0.9602286680525572,0.0906043305296731,0.0579749414371566,0.154057708688824,-0.0882804316578379,-0.3701231868358565
0.9606571930921218,0.0903544330187726,0.0569431989328762,0.1540608315446319,-0.0914096191816402,-0.3717258935530597
0.96108073180523,0.0900988259713888,0.0559190653479278,0.1540545150076434,-0.0945475717387781,-0.3733137913215202
0.961499325974826,0.0898376460974337,0.0549025210996987,0.1540389009151588,-0.0976944757612193,-0.3748868539848827
0.9619130175736508,0.0895710270349206,0.053893545806695,0.154014127263437,-0.1008505170162605,-0.3764450477691304
0.9623218488770536,0.0892990993289992,0.052892117984356,0.153980328268589,-0.1040158815808303,-0.3779883318897407
0.9627258625551628,0.0890219904068202,0.0518982147842528,0.1539376344085655,-0.107190756742361,-0.3795166590796172
0.9631251014083207,0.08873982479218,0.0509118126102851,0.153886172496461,-0.1103753291142612,-0.3810299747607129
0.9635196083907271,0.0884527241362094,0.0499328870347109,0.1538260657377365,-0.113569784928885,-0.3825282172924314
0.9639094266328688,0.0881608072419747,0.048961412715425,0.153757433779112,-0.1167743103488144,-0.3840113182102154
0.9642945995221588,0.0878641900368204,0.0479973631655114,0.1536803927366994,-0.1199890922970046,-0.3854792026806626
0.9646751703951562,0.0875629858420433,0.0470407114957669,0.1535950552990123,-0.1232143160463458,-0.3869317884691663
0.965051182709488,0.0872573052832598,0.0460914299633491,0.1535015307447469,-0.1264501667425975,-0.3883689867255054
0.9654226801512932,0.0869472562296396,0.0451494896728835,0.1533999249491665,-0.1296968305047551,-0.3897907025221407
0.965789706217551,0.0866329441709724,0.0442148616103675,0.1532903405328628,-0.1329544909305694,-0.3911968333756364
0.9661523045074693,0.0863144720155828,0.0432875158871152,0.1531728768304421,-0.1362233317106675,-0.3925872704723208
0.9665105185819624,0.085991940240502,0.0423674220761364,0.153047629967347,-0.1395035355090088,-0.3939618982364442
0.9668643918784648,0.0856654470055023,0.041454549414672,0.1529146929326247,-0.1427952832532527,-0.3953205941024022
0.9672139678990936,0.0853350880143324,0.0405488663026406,0.1527741555478259,-0.1460987559614478,-0.3966632293308468
0.9675592899894954,0.085000956748477,0.0396503408557616,0.1526261045831595,-0.1494141327852459,-0.397989668247857
0.96790040142244,0.084663144422896,0.0387589406754008,0.1524706237623618,-0.1527415918579348,-0.3992997686483029
0.968237345376549,0.0843217400352993,0.0378746328885877,0.1523077938026964,-0.156081310179153,-0.4005933817912455
0.9685701647362908,0.0839768306031341,0.0369973846615884,0.152137692548824,-0.1594334616733422,-0.4018703517043709
0.968898902399983,0.0836285008819318,0.0361271623794504,0.1519603948561319,-0.1627982203005114,-0.4031305164338325
0.9692236010200832,0.083276833659876,0.0352639323171265,0.1517759727492461,-0.1661757575237152,-0.4043737071098989
0.9695443030974114,0.0829219096908191,0.0344076603813688,0.1515844954056055,-0.1695662432959042,-0.4055997483665187
0.9698610507848416,0.0825638079438664,0.0335583126269582,0.1513860293062249,-0.1729698440002159,-0.4068084576455242
0.9701738862794234,0.0822026051928003,0.0327158541985427,0.1511806380238071,-0.1763867266666983,-0.4079996467438702
0.970482851279974,0.0818383766598791,0.0318802507783137,0.1509683825935274,-0.1798170531530609,-0.409173119790568
0.9707879874208164,0.0814711955503483,0.0310514674144106,0.1507493212648469,-0.1832609848473764,-0.4103286749429393
0.971089336116122,0.081101133252727,0.0302294689304505,0.1505235096215875,-0.186718681033626,-0.4114661038293646
0.9713869382674148,0.0807282597334407,0.0294142207216496,0.1502910008376433,-0.1901902954800517,-0.4125851904844269
0.9716808347064664,0.0803526430249329,0.0286056875441749,0.1500518453772631,-0.1936759814811015,-0.4136857130560445
0.9719710659751224,0.0799743495182283,0.0278038341094095,0.1498060911794865,-0.1971758893575303,-0.4147674430015318
0.9722576722035112,0.0795934441553722,0.02700862542027,0.1495537837954873,-0.2006901649158786,-0.4158301446654139
0.9725406933892524,0.0792099900910547,0.0262200259966228,0.1492949661757573,-0.2042189527979248,-0.4168735763442591
0.972820169052954,0.078824049179071,0.0254380008300536,0.1490296790010561,-0.2077623922049882,-0.4178974890343483
0.9730961385247234,0.0784356816153209,0.0246625145863467,0.1487579604514618,-0.2113206203891803,-0.418901627513274
0.9733686407245358,0.0780449462669795,0.0238935322190824,0.148479846439,-0.2148937698205188,-0.4198857295552069
0.9736377142376194,0.0776519006008121,0.0231310187612992,0.1481953705691414,-0.2184819690317126,-0.4208495262323858
0.9739033974231428,0.0772566005485708,0.0223749390170052,0.1479045640479089,-0.2220853440151486,-0.4217927423205449
0.9741657281612152,0.0768591009066463,0.0216252582808677,0.147607455979619,-0.2257040147382056,-0.4227150954147962
0.9744247441373848,0.076459454939862,0.020881941530569,0.1473040730817479,-0.2293380989072423,-0.4236162969575903
0.9746804825301332,0.0760577148833984,0.0201449543229191,0.1469944400672969,-0.2329877075411708,-0.4244960511603787
0.9749329802861488,0.0756539315483052,0.019414262008243,0.146678579353603,-0.2366529486933177,-0.4253540559843144
0.9751822738634496,0.0752481547535441,0.0186898304746958,0.1463565114026236,-0.2403339236498517,-0.4261900022789165
0.9754283994846548,0.0748404329491018,0.017971625419685,0.1460282544331208,-0.24403073046503,-0.4270035746650169
0.9756713929687189,0.0744308135114539,0.0172596128408527,0.1456938246580194,-0.2477434613836491,-0.427794450983771
0.9759112897292342,0.0740193427797328,0.0165537590484013,0.1453532363240919,-0.2514722026096971,-0.4285623023251987
0.976148124815956,0.0736060660159195,0.0158540305498086,0.1450065016882287,-0.2552170347531138,-0.4293067931950224
0.9763819329383112,0.0731910273895886,0.0151603939852957,0.1446536310104557,-0.2589780330441911,-0.4300275816146165
0.9766127484089449,0.0727742701036313,0.0144728163004853,0.1442946326666803,-0.2627552662616993,-0.4307243189747867
0.9768406052236484,0.072355836277495,0.0137912645146364,0.1439295130555377,-0.2665487978497411,-0.4313966503116376
0.9770655369118698,0.0719357672473932,0.0131157061736775,0.1435582768669032,-0.270358683245919,-0.4320442138994808
0.9772875766561644,0.0715141033794723,0.0124461090017653,0.1431809269306823,-0.2741849716146315,-0.4326666416567885
0.9775067573596729,0.0710908839615926,0.0117824407019655,0.1427974641235762,-0.2780277068628686,-0.4332635593635121
0.9777231114251602,0.0706661476527174,0.0111246696308685,0.1424078877820601,-0.2818869235850488,-0.4338345860973753
0.97793667088556,0.0702399322679235,0.0104727644145784,0.1420121955239162,-0.2857626490262076,-0.4343793346693798
0.9781474674934229,0.069812274622207,0.0098266936814814,0.1416103831099874,-0.2896549045105751,-0.434897411899305
0.9783555325579952,0.0693832108809886,0.0091864265667693,0.1412024447791365,-0.2935637022534133,-0.4353884182601472
0.9785608969860276,0.0689527765129043,0.008551932598534,0.1407883732211192,-0.2974890457764543,-0.4358519480738258
0.9787635914177896,0.068521006030284,0.0079231812851358,0.1403681593377484,-0.3014309322577551,-0.4362875898911517
0.9789636460462016,0.0680879333930945,0.0073001426815249,0.1399417926427613,-0.3053893488238683,-0.4366949261603405
0.9791610906851552,0.0676535918981156,0.0066827871885137,0.1395092611728983,-0.30936427352372,-0.4370735334890487
0.9793559549001264,0.0672180139138595,0.0060710851512346,0.1390705512347239,-0.3133556777177673,-0.4374229829768023
0.9795482677604636,0.0667812314536504,0.0054650076427395,0.1386256479913585,-0.3173635207852757,-0.4377428398492139
0.9797380580505144,0.066343275735366,0.004864525811636,0.1381745350384763,-0.3213877541010142,-0.4380326639662158
0.979925354103698,0.0659041775864588,0.0042696114141987,0.1377171948350002,-0.3254283172565088,-0.4382920096736208
0.98011018409559,0.0654639667842945,0.0036802358924975,0.1372536080341507,-0.3294851440629341,-0.4385204263412446
0.9802925756332084,0.0650226730469554,0.0030963716882368,0.1367837545352736,-0.3335581533594614,-0.4387174579378274
0.9804725560631276,0.0645803253373048,0.0025179912728802,0.1363076127792225,-0.3376472553378074,-0.438882643605383
0.9806501524552624,0.0641369519130178,0.0019450672033181,0.1358251598110788,-0.341752351010026,-0.4390155177336957
0.9808253914481652,0.0636925807341679,0.0013775726282522,0.1353363717416142,-0.3458733283503722,-0.4391156099886674
0.9809982993962824,0.0632472391241277,0.0008154808227837,0.1348412234031031,-0.3500100653385342,-0.4391824456083825
0.9811689022847594,0.0628009540086133,0.0002587654721956,0.1343396886342421,-0.3541624276468308,-0.4392155455270281
0.9813372258265451,0.0623537516877239,-0.0002925996360376,0.1338317400491183,-0.3583302706586294,-0.4392144265904469
0.9815032953456492,0.0619056581659793,-0.0008386402228347,0.1333173494338008,-0.3625134362920507,-0.4391786017348182
0.9816671363397136,0.06145669763611,-0.0013793833654844,0.1327964860139939,-0.3667117670697465,-0.4391075799570467
0.9818287734776372,0.0610068952078553,-0.0019148541931967,0.1322691196142431,-0.370925080533986,-0.4390008667431447
0.9819882312018112,0.0605562753246863,-0.0024450778535877,0.1317352188831903,-0.3751531838950393,-0.4388579642566618
0.9821455336456772,0.0601048620063771,-0.002970079234365,0.1311947515996576,-0.3793958716533311,-0.4386783715772334
0.9823007045783454,0.059652679033982,-0.003489882769558,0.1306476849271349,-0.3836529237405124,-0.4384615850292633
0.9824537675327686,0.0591997496030866,-0.0040045128597931,0.1300939850294152,-0.3879241086611559,-0.4382070982857439
0.9826047457302792,0.0587460965594217,-0.0045139936134693,0.1295336173834481,-0.3922091811616752,-0.4379144027045316
0.982753662113777,0.0582917423214895,-0.005018348950859,0.1289665467180434,-0.3965078828411949,-0.4375829875448517
0.9829005393316598,0.0578367089482535,-0.0055176025427888,0.1283927371310577,-0.4008199413945404,-0.4372123402738111
0.9830453997804736,0.0573810180257597,-0.0060117779486648,0.1278121519805633,-0.4051450715701424,-0.4368019467415473
0.9831882655195078,0.0569246909540771,-0.0065008983183014,0.1272247542856509,-0.4094829723311113,-0.4363512917152096
0.9833291584217068,0.0564677484875085,-0.0069849869007445,0.1266305061745669,-0.4138333311078003,-0.4358598587328928
0.9834681000211594,0.0560102112373803,-0.0074640665159417,0.1260293695679609,-0.4181958189075238,-0.4353271308830178
0.9836051116494112,0.0555520992479102,-0.0079381600162841,0.125421305666587,-0.4225700942414927,-0.4347525906532536
0.9837402142960652,0.0550934324742866,-0.0084072897989087,0.1248062756213174,-0.4269557984569205,-0.4341357208106624
0.9838734287703066,0.0546342302592155,-0.008871478358122,0.1241842398794123,-0.4313525606306291,-0.4334760040639992
0.9840047756024008,0.0541745116763224,-0.0093307479386539,0.1235551586806681,-0.4357599941908069,-0.4327729238091918
0.9841342751159792,0.0537142952935452,-0.0097851207819011,0.1229189917768572,-0.440177699088048,-0.4320259641021762
0.9842619473049266,0.053253599623956,-0.010234618688145,0.1222756990968057,-0.4446052573771104,-0.4312346107172827
0.9843878119704405,0.0527924426572482,-0.0106792634904579,0.1216252401471225,-0.4490422376240042,-0.4303983507578744
0.9845118887120038,0.0523308418937413,-0.0111190770196433,0.1209675740935158,-0.4534881945064951,-0.4295166729883777
0.984634196808115,0.0518688148009584,-0.0115540806756347,0.120302660456695,-0.4579426643409098,-0.4285890690586786
0.9847547553427228,0.0514063783624029,-0.0119842958685213,0.1196304585224256,-0.4624051693544379,-0.4276150330465173
0.9848735831838804,0.0509435491627721,-0.0124097439384932,0.1189509275047204,-0.4668752168053782,-0.4265940619493883
0.9849906989246322,0.0504803436313486,-0.0128304459382445,0.1182640269528165,-0.4713522965758847,-0.4255256566045011
0.985106120939582,0.0500167778392849,-0.0132464228286755,0.1175697165090409,-0.4758358830785257,-0.4244093216654006
0.9852198674020762,0.0495528674386369,-0.0136576955358475,0.1168679558649501,-0.4803254358071913,-0.4232445658245542
0.985331956238606,0.0490886278571892,-0.0140642847809237,0.116158705105331,-0.4848203974203557,-0.4220309026848958
0.9854424051366384,0.0486240742846396,-0.0144662111015462,0.1154419247470406,-0.4893201938491096,-0.4207678511798347
0.9855512315569948,0.0481592216369746,-0.0148634948902892,0.1147175757432739,-0.493824234627301,-0.4194549359283038
0.9856584527397436,0.0476940845450029,-0.0152561564100804,0.1139856195235322,-0.4983319129986845,-0.4180916876452022
0.98576408569389,0.0472286774130379,-0.0156442157503166,0.113246018145257,-0.5028426053549708,-0.4166776437667366
0.9858681471872384,0.0467630144816747,-0.0160276927828071,0.1124987344582472,-0.5073556706454533,-0.4152123491321831
0.9859706537947768,0.0462971096276165,-0.0164066073335895,0.1117437318475533,-0.5118704523475569,-0.4136953558419055
0.9860716218443464,0.045830976621528,-0.0167809789765276,0.1109809747112008,-0.5163862760110807,-0.4121262245557111
0.9861710674225208,0.045364629125442,-0.017150827047395,0.110210428530664,-0.5209024493415914,-0.4105045250466387
0.9862690064002776,0.0448980805938189,-0.0175161707322201,0.109432059780356,-0.5254182632319745,-0.4088298364078733
0.9863654544043836,0.0444313444289043,-0.0178770289538821,0.1086458362586459,-0.5299329903475196,-0.4071017481539641
0.9864604268380416,0.0439644339061474,-0.0182334204418469,0.1078517270416387,-0.5344458859552598,-0.4053198605417779
0.9865539388837788,0.0434973621807284,-0.0185853637362811,0.1070497025702324,-0.5389561879849533,-0.4034837851688604
0.9866460054954236,0.0430301423496464,-0.018932877151049,0.1062397348350946,-0.5434631165726661,-0.4015931458082942
0.9867366413748564,0.0425627875980997,-0.0192759786783911,0.105421797716481,-0.5479658728158556,-0.3996475796462964
0.986825860987068,0.0420953111567002,-0.0196146860376889,0.1045958670033494,-0.552463639379745,-0.3976467378058171
0.986913678583674,0.0416277262077229,-0.0199490167574081,0.1037619203173868,-0.5569555816131825,-0.3955902856171449
0.9870001081680436,0.0411600460994372,-0.020278988035302,0.1029199375851762,-0.5614408457269463,-0.3934779042346306
0.9870851635306522,0.0406922841912193,-0.0206046168655634,0.1020699008582145,-0.5659185605492808,-0.3913092906749165
0.9871688582138152,0.040224454079837,-0.0209259198967241,0.1012117948198057,-0.570387835653259,-0.3890841595819055
0.9872512055344322,0.0397565695148206,-0.021242913510914,0.1003456067369002,-0.5748477624991183,-0.3868022436211607
0.9873322185732148,0.0392886444989556,-0.0215556137749925,0.0994713267507885,-0.5792974138377214,-0.3844632947504498
0.9874119101904189,0.0388206932405476,-0.0218640364937182,0.0985889478972558,-0.5837358445631643,-0.3820670847953332
0.9874902930318836,0.0383527301576562,-0.0221681972262139,0.097698466220909,-0.588162092099862,-0.3796134062642362
0.9875673794714582,0.0378847702707654,-0.0224681110549718,0.0967998816387642,-0.5925751731653794,-0.3771020752724817
0.987643181740166,0.037416828471482,-0.0227637930807332,0.0958931966566382,-0.5969740911875038,-0.3745329285137056
0.9877177117653944,0.0369489205499796,-0.0230552577896892,0.094978418462194,-0.601357827174173,-0.3719058296664553
0.987790981290916,0.0364810625192748,-0.0233425195134886,0.0940555577501851,-0.6057253466909773,-0.3692206666799818
0.9878630018919584,0.0360132705539083,-0.0236255924833881,0.0931246287038548,-0.6100756010425544,-0.3664773521891024
0.987933784883742,0.0355455616310619,-0.0239044904649846,0.0921856503847812,-0.6144075219830072,-0.3636758281238538
0.9880033414295256,0.0350779528850078,-0.0241792271765963,0.0912386455716267,-0.618720028456078,-0.3608160628411885
0.9880716824284362,0.0346104624102628,-0.0244498158409368,0.0902836425011022,-0.6230120199545301,-0.357898056890101
0.9881388186739908,0.0341431082482331,-0.0247162698059928,0.0893206729328491,-0.627282386685845,-0.3549218376869701
0.9882047607037864,0.0336759094698463,-0.0249786019448363,0.0883497744788497,-0.6315300005062866,-0.3518874671505889
0.9882695189328078,0.0332088853110317,-0.0252368251792209,0.0873709889467623,-0.6357537237614895,-0.3487950371231874
0.9883331036019656,0.0327420555799044,-0.0254909522712773,0.0863843632875376,-0.639952406519185,-0.3456446727748617
0.9883955247586356,0.0322754408664768,-0.0257409957406623,0.0853899501602425,-0.6441248857259887,-0.342436534923056
0.9884567923518354,0.0318090618930676,-0.0259869682414072,0.0843878066613809,-0.6482699920936504,-0.3391708164134051
0.988516916137679,0.0313429402746118,-0.0262288821796191,0.0833779960482873,-0.6523865444035556,-0.3358477481174933
0.988575905798569,0.0308770976601956,-0.0264667501889208,0.0823605859889037,-0.6564733582672024,-0.3324675936290611
0.9886337708422902,0.030411556562335,-0.0267005847217037,0.0813356504468182,-0.6605292399718826,-0.3290306558400259
0.9886905206999425,0.0299463396353901,-0.0269303984411366,0.0803032681935764,-0.6645529940349034,-0.3255372723661845
0.9887461646839952,0.0294814700482467,-0.0271562040498983,0.0792635236968463,-0.6685434211663411,-0.3219878188107311
0.9888007120136362,0.0290169713215106,-0.0273780143905884,0.0782165068304776,-0.6724993209541666,-0.3183827080792619
0.9888541718425852,0.0285528671226439,-0.027595842557365,0.0771623124657853,-0.6764194948719746,-0.3147223891941532
0.9889065532323644,0.0280891815236157,-0.0278097017858926,0.0761010410980998,-0.6803027453713886,-0.3110073496447749
0.9889578651898572,0.0276259387030789,-0.0280196056050826,0.0750327982081034,-0.684147879702971,-0.3072381133301916
0.9890081166606636,0.0271631630227231,-0.0282255678091473,0.0739576944584239,-0.6879537105649224,-0.3034152413453872
0.9890573165535969,0.0267008788174362,-0.0284276025571357,0.0728758452193586,-0.6917190591250219,-0.2995393303582898
0.989105473742472,0.0262391103792348,-0.0286257243799126,0.0717873705249295,-0.6954427564020212,-0.2956110124422443
0.9891525970495808,0.0257778821207243,-0.0288199481114457,0.0706923954484449,-0.6991236432219332,-0.2916309564073041
0.9891986952702168,0.0253172183452001,-0.0290102889887814,0.0695910495440352,-0.7027605733532126,-0.287599865734065
0.9892437772364622,0.0248571425822954,-0.0291967629154438,0.0684834652087985,-0.7063524199000804,-0.2835184724087563
0.9892878517167948,0.0243976785681341,-0.0293793860464385,0.0673697799723607,-0.7098980687152449,-0.2793875451159617
0.9893309274742028,0.0239388496501081,-0.0295581750271494,0.066250135019736,-0.713396424273781,-0.275207883641493
0.9893730132893044,0.0234806784972837,-0.0297331470888417,0.0651246744024493,-0.7168464129226627,-0.2709803156397516
0.9894141179448048,0.0230231872083631,-0.0299043199836826,0.0639935452019841,-0.7202469830065561,-0.2667056968911829
0.9894542502144726,0.0225663973846929,-0.0300717119377006,0.0628568976109847,-0.7235971052831959,-0.2623849112613114
0.989493418868651,0.0221103300206922,-0.0302353416721318,0.0617148845573618,-0.7268957746663824,-0.2580188689105354
0.9895316326861144,0.0216550053040263,-0.0303952284512899,0.0605676610848057,-0.7301420125109551,-0.2536085035099602
0.989568900448172,0.0212004426083528,-0.0305513920561471,0.0594153841997741,-0.7333348673940498,-0.2491547711842945
0.9896052309419606,0.0207466603714671,-0.0307038527959829,0.0582582124206692,-0.7364734166362165,-0.2446586482766975
0.9896406329534148,0.0202936760917063,-0.0308526314764598,0.057096305616613,-0.7395567668996026,-0.2401211301962751
0.9896751152363028,0.0198415066445225,-0.0309977492663541,0.0559298256711249,-0.7425840526094606,-0.2355432334975
0.9897086865792634,0.0193901673159789,-0.0311392279762321,0.0547589338325748,-0.7455544429139409,-0.2309259849441541
0.9897413557325284,0.0189396726476725,-0.0312770897466588,0.0535837927169485,-0.748467136319402,-0.2262704287601178
0.9897731314408738,0.0184900358973103,-0.0314113571828114,0.0524045647412698,-0.751321364561309,-0.2215776198768395
0.9898040224201652,0.0180412692446857,-0.0315420532511644,0.0512214124806138,-0.7541163914404262,-0.2168486247306162
0.9898340373434944,0.017593383890156,-0.0316692012158462,0.050034498756121,-0.7568515123971984,-0.2120845210307171
0.9898631848530988,0.0171463897717167,-0.0317928246837815,0.048843985712099,-0.7595260563605678,-0.2072863934678996
0.9898914735685568,0.0167002952956444,-0.0319129476342055,0.0476500339071645,-0.7621393872494452,-0.2024553294060138
0.989918912045966,0.0162551078302812,-0.0320295942397157,0.0464528034431167,-0.7646909008805104,-0.1975924228020275
0.9899455087437998,0.0158108341791713,-0.0321427887144324,0.0452524550773041,-0.7671800223054226,-0.1926987781843091
0.9899712721418504,0.0153674784688385,-0.0322525558136821,0.0440491443379397,-0.7696062174432073,-0.1877754860657037
0.989996210570829,0.0149250448541032,-0.0323589201021046,0.0428430286501027,-0.7719689775798563,-0.1828236513807671
0.9900203322961024,0.0144835360259131,-0.0324619063026631,0.0416342631421981,-0.7742678275284852,-0.1778443758429162
0.9900436455107878,0.0140429531640541,-0.0325615392602568,0.0404230003294438,-0.7765023253156929,-0.1728387560204579
0.990066158292823,0.0136032965991503,-0.0326578437509085,0.0392093917603735,-0.7786720583157895,-0.1678078895655883
0.9900878786350892,0.0131645651150941,-0.0327508446028175,0.0379935859358782,-0.7807766463027985,-0.1627528660716298
0.990108814421491,0.0127267562531222,-0.0328405665864077,0.036775728978623,-0.7828157392759071,-0.1576747692851708
0.9901289733845686,0.0122898670941963,-0.0329270342245866,0.0355559666644526,-0.7847890133586863,-0.1525746850958967
0.990148363147055,0.0118538932990254,-0.0330102719626415,0.034334441614088,-0.7866961748161646,-0.1474536893681345
0.9901669911991828,0.011418829450817,-0.0330903040629456,0.0331112941004859,-0.7885369577909802,-0.1423128508227857
0.990184864894946,0.0109846690145942,-0.0331671545807931,0.0318866617978093,-0.7903111238273953,-0.1371532295317858
0.9902019914349612,0.0105514046336463,-0.0332408472825621,0.0306606804884836,-0.7920184600142549,-0.1319758794712459
0.990218377881104,0.0101190276483413,-0.0333114057005444,0.0294334825801184,-0.7936587802426522,-0.1267818418574831
0.990234031129504,0.0096875286573311,-0.0333788530086721,0.0282051985743879,-0.7952319222784618,-0.1215721509565929
0.9902489579045026,0.0092568976212291,-0.0334432119883339,0.0269759572609378,-0.7967377468646252,-0.1163478345708125
0.990263164771104,0.0088271234232422,-0.0335045050740638,0.0257458843636152,-0.7981761386647709,-0.1111099079548739
0.9902766581250408,0.0083981940214302,-0.0335627543029503,0.0245151028712353,-0.799547004936084,-0.1058593748787384
0.99028944416749,0.0079700971790842,-0.0336179811977415,0.0232837350453306,-0.80085027259517,-0.1005972358999665
0.990301528955434,0.0075428186949407,-0.0336702069767968,0.022051897245518,-0.802085892966604,-0.0953244659706327
0.990312918320386,0.0071163450635963,-0.0337194521956049,0.0208197075051822,-0.8032538330924195,-0.0900420465543839
0.9903236179257336,0.0066906614741066,-0.0337657369872607,0.0195872796998048,-0.8043540811601084,-0.0847509404541273
0.9903336332460264,0.0062657524026774,-0.0338090809660044,0.0183547251794015,-0.8053866439632543,-0.0794520985449144
0.99034296956443,0.0058416016104009,-0.0338495032094001,0.0171221526962147,-0.8063515461995526,-0.0741464592421277
0.990351631945485,0.0054181933914085,-0.0338870221337527,0.0158896719797098,-0.8072488271991347,-0.0688349637111247
0.9903596252913652,0.0049955098520393,-0.033921655731372,0.0146573857692766,-0.8080785462911023,-0.0635185213673662
0.9903669542742372,0.0045735341301092,-0.0339534212714979,0.0134253991340332,-0.8088407753415923,-0.058198049866218
0.9903736233754308,0.0041522484946672,-0.033982335464068,0.0121938139001915,-0.8095356023497374,-0.0528744509421136
0.990379636878486,0.0037316345500956,-0.0340084144240107,0.0109627291989888,-0.8101631302735954,-0.0475486126104893
0.9903849988641996,0.0033116734241921,-0.0340316736444189,0.0097322419769374,-0.8107234760601543,-0.0422214112347319
0.9903897132017748,0.0028923464843983,-0.0340521279530508,0.0085024490632235,-0.8112167692673418,-0.0368937203639609
0.9903937835575656,0.0024736348088724,-0.0340697915454231,0.0072734455942301,-0.8116431525303771,-0.0315664038162375
0.9903972133987567,0.0020555186740834,-0.0340846779962301,0.0060453234804193,-0.8120027815105871,-0.0262403089273363
0.9904000059815214,0.0016379788570922,-0.0340968002036728,0.0048181752057821,-0.8122958232246259,-0.0209162829330306
0.990402164362424,0.0012209953313418,-0.03410617043494,0.0035920899764082,-0.8125224568188403,-0.0155951561868016
0.990403691390539,0.0008045484843974,-0.0341128002882659,0.0023671572799003,-0.8126828723319094,-0.0102777575266257
0.9904045897133292,0.0003886183156014,-0.0341167007149846,0.0011434645100288,-0.8127772709118786,-0.0049649039006951
0.9904048617752284,-2.68156068506e-05,-0.0341178820101921,-7.89031759226e-05,-0.812805864279079,0.0003426003176855
0.9904045098174062,-0.0004417731432595,-0.0341163538088145,-0.0012998599203919,-0.8127688743249598,0.0056439506353274
0.9904035343603892,-0.0008567647098887,-0.0341121184948222,-0.0025207639270235,-0.8126663733213627,0.0109446146152769
0.9904019332951284,-0.0012721886156721,-0.0341051672550219,-0.0037426429799725,-0.8124981884327362,0.0162486234964289
0.9903997043543604,-0.0016880639157501,-0.0340954908121365,-0.0049654081551503,-0.8122641617549446,0.0215551574356406
0.9903968450713236,-0.0021044100502893,-0.034083079248272,-0.0061889708988169,-0.8119641462964811,0.0268633959662611
0.9903933527829744,-0.0025212460225999,-0.0340679220218589,-0.0074132406296108,-0.8115980066461161,0.0321725076637481
0.9903892246222036,-0.002938591299828,-0.034050007937109,-0.0086381274043232,-0.8111656184966513,0.0374816617840769
0.9903844575331096,-0.0033564641367309,-0.0340293252138004,-0.0098635370192819,-0.8106668705937974,0.042790007111484
0.9903790482479036,-0.0037748838104338,-0.0340058613908212,-0.0110893775921594,-0.8101016626750353,0.0480967005729662
0.9903729933103832,-0.0041938684467062,-0.0339796034320429,-0.0123155532122699,-0.809469908290826,0.0534008798241142
0.9903662890528938,-0.0046134368051653,-0.0339505376306728,-0.0135419691990385,-0.8087715327697486,0.05870168611654
0.9903589316213872,-0.0050336065315928,-0.0339186497224707,-0.0147685270183111,-0.8080064762104067,0.0639982424184935
0.9903509169684924,-0.0054543948306624,-0.0338839248604409,-0.0159951262921824,-0.8071746931331932,0.0692896622511705
0.9903422408270282,-0.0058758197607265,-0.0338463475051439,-0.0172216686054605,-0.8062761501192276,0.0745750662255224
0.99033289875403,-0.0062978979216853,-0.0338059016207551,-0.0184480508050173,-0.8053108307672089,0.0798535532741023
0.9903228861119237,-0.0067206455859631,-0.0337625705989716,-0.0196741683473181,-0.8042787341180669,0.0851242152647059
0.9903121980611468,-0.0071440789827577,-0.0337163372328717,-0.0208999161666814,-0.8031798742816093,0.0903861408856439
0.9903008295695256,-0.0075682138749203,-0.0336671837635355,-0.0221251874942993,-0.8020142817902667,0.0956384107295515
0.9902887754259352,-0.0079930651217728,-0.0336150919453062,-0.0233498726540399,-0.8007820053723742,0.1008800923309112
0.9902760302294707,-0.0084186471708605,-0.0335600430053496,-0.0245738605475484,-0.7994831112031772,0.1061102467492365
0.9902625884114232,-0.0088449733891244,-0.033502017745156,-0.0257970367979605,-0.7981176854964251,0.111327920863859
0.9902484442015244,-0.009272057223486,-0.0334409964015638,-0.0270192871547425,-0.7966858314103527,0.1165321621489951
0.9902335916476096,-0.0096999115435997,-0.0333769587387622,-0.0282404956689724,-0.7951876713940659,0.1217220110985951
0.990218024656674,-0.0101285475755789,-0.0333098842323559,-0.0294605417379895,-0.7936233516277434,0.1268964889597641
0.9902017369263454,-0.0105579769300882,-0.0332397517812091,-0.0306793059760873,-0.7919930354047481,0.1320546229562364
0.9901847220323118,-0.0109882092788971,-0.0331665400914933,-0.0318966636935414,-0.7902969121767012,0.1371954189387351
0.9901669733551988,-0.0114192543925966,-0.0330902273692511,-0.0331124907815509,-0.7885351904623141,0.1423178866286101
0.9901484841326826,-0.0118511208515143,-0.0330107915523505,-0.0343266601545656,-0.7867081032712909,0.1474210248953825
0.9901292474540196,-0.0122838163072425,-0.0329282102944738,-0.0355390426040708,-0.7848159077196748,0.1525038257376868
0.9901092562732646,-0.0127173472916982,-0.0328424610294647,-0.0367495063810027,-0.7828588864599809,0.1575652729228804
0.9900885033893276,-0.0131517197481666,-0.0327535208934378,-0.0379579187986929,-0.7808373458247395,0.1626043490898882
0.9900669814716768,-0.0135869385494,-0.0326613668428176,-0.0391641450046352,-0.7787516184139953,0.1676200310044428
0.9900446830559958,-0.0140230076874915,-0.0325659756433916,-0.040368048636649,-0.7766020626882758,0.1726112927209571
0.9900216005963728,-0.0144599293756283,-0.0324673241010587,-0.0415694894842083,-0.7743890679495015,0.177577096357193
0.9899977263819336,-0.0148977057643793,-0.032365388712805,-0.0427683283591086,-0.7721130462333671,0.1825164127296322
0.9899730526260828,-0.0153363373286995,-0.0322601460557089,-0.043964422792683,-0.7697744407519499,0.187428204013467
0.9899475714400237,-0.0157758235051315,-0.0321515726808321,-0.0451576289438167,-0.7673737231348676,0.1923114321464896
0.989921274849925,-0.0162161625018306,-0.032039645193475,-0.046347801234609,-0.7649113947949814,0.1971650578473088
0.9898941547744564,-0.0166573517779857,-0.0319243401645202,-0.0475347937993816,-0.762387984519253,0.2019880470410741
0.9898662030675568,-0.0170993874287068,-0.0318056343192641,-0.0487184589756925,-0.7598040521119802,0.2067793652227393
0.9898374115249348,-0.0175422642210084,-0.0316835045712042,-0.0498986475748727,-0.7571601885238404,0.2115379791401411
0.9898077718542586,-0.0179859761632361,-0.0315579279017737,-0.0510752105631738,-0.7544570126132425,0.2162628641281499
0.9897772757468118,-0.0184305155285506,-0.0314288816700025,-0.0522479966306122,-0.7516951771364538,0.2209529948847512
0.9897459147984804,-0.01887587414167,-0.0312963432834361,-0.0534168557645513,-0.7488753609213235,0.225607360371283
0.9897136806214546,-0.0193220418693057,-0.0311602906759077,-0.0545816354372551,-0.7459982782678638,0.2302249491447265
0.989680564751944,-0.0197690080538293,-0.0310207019221956,-0.0557421845413883,-0.7430646698614376,0.2348047656181467
0.9896465587121348,-0.0202167607368691,-0.0308775555044393,-0.0568983515129804,-0.740075307522306,0.2393458231342616
0.9896116540027396,-0.0206652868763061,-0.0307308302846863,-0.0580499850635364,-0.7370309926341252,0.2438471474335289
0.9895758421140496,-0.0211145723063923,-0.0305805055551076,-0.0591969342385532,-0.7339325561581033,0.2483077774404081
0.9895391145271348,-0.0215646018253957,-0.0304265610463097,-0.0603390488008941,-0.7307808577205821,0.2527267673090455
0.9895014627142844,-0.0220153592830434,-0.0302689769321864,-0.0614761796039679,-0.7275767845948543,0.2571031883947446
0.9894628781499708,-0.0224668275370432,-0.0301077338784558,-0.062608178627292,-0.724321251531291,0.2614361298991277
0.9894233523028994,-0.0229189886318206,-0.0299428130116541,-0.0637348995652991,-0.7210151989324803,0.2657247016175356
0.9893828766523404,-0.0233718236877255,-0.029774195989256,-0.0648561976815854,-0.7176595930380351,0.2699680338432247
0.9893414426998488,-0.0238253128567016,-0.0296018650497027,-0.0659719298330032,-0.714255425632491,0.2741652779307043
0.9892990419308184,-0.0242794358177122,-0.0294258028535217,-0.0670819558093009,-0.7108037096101032,0.2783156117623656
0.9892556658672218,-0.0247341712664584,-0.0292459927034325,-0.0681861371867919,-0.7073054820115328,0.2824182358204868
0.9892113060042896,-0.0251894976489852,-0.0290624182820814,-0.0692843392168866,-0.7037617975744198,0.2864723805846609
0.9891659538704474,-0.0256453925814615,-0.02887506390092,-0.0703764295013867,-0.7001737322629955,0.2904773019066188
0.9891196009878512,-0.0261018333103146,-0.0286839143366846,-0.0714622791860293,-0.6965423787600393,0.2944322857115652
0.9890722388857388,-0.0265587966149635,-0.0284889548865144,-0.0725417627909232,-0.6928688462080237,0.2983366475986787
0.9890238591031938,-0.0270162588224863,-0.0282901713787469,-0.0736147583066268,-0.6891542590730395,0.3021897334047687
0.9889744531424642,-0.0274741962758521,-0.0280875499807194,-0.0746811483354511,-0.6853997522541191,0.3059909234511481
0.9889240125157164,-0.0279325849082043,-0.0278810773905688,-0.0757408191203379,-0.6816064734029385,0.3097396291458165
0.9888725287072868,-0.0283914006123643,-0.0276707406817142,-0.0767936614290473,-0.6777755787705892,0.3134352962099291
0.9888199931695352,-0.0288506192785686,-0.0274565272857506,-0.0778395706418424,-0.6739082316994321,0.3170774049753783
0.98876639733526,-0.029310216687654,-0.027238425042669,-0.0788784465037219,-0.6700056023428484,0.3206654694891752
0.9887117325874382,-0.0297701687722636,-0.0270164220771156,-0.0799101937041231,-0.6660688642797974,0.3241990394573897
0.9886559902878598,-0.0302304513677885,-0.0267905069143929,-0.0809347212924014,-0.6620991954582435,0.3276776981256409
0.988599161691304,-0.0306910409098023,-0.0265606681323997,-0.0819519441956427,-0.6580977710024046,0.3311010672793233
0.9885412380046106,-0.031151913913435,-0.0263268946019335,-0.0829617819999153,-0.6540657664783776,0.334468802854124
0.9884822103762452,-0.0316130470459585,-0.0260891754442182,-0.0839641590647307,-0.6500043561392532,0.3377805951208717
0.9884220698390588,-0.0320744175474407,-0.0258474998009252,-0.0849590053723606,-0.6459147080762645,0.3410361712121975
0.9883608073484136,-0.0325360028941978,-0.0256018569890526,-0.0859462557153214,-0.6417979860371381,0.3442352920956653
0.9882984137476368,-0.0329977810296429,-0.0253522363632778,-0.0869258501131752,-0.637655346286887,0.3473777535918629
0.9882348797534436,-0.0334597304265118,-0.0250986272596742,-0.0878977338475234,-0.6334879359592398,0.3504633860708926
0.9881701959793412,-0.0339218298724962,-0.0248410190912597,-0.0888618569117685,-0.629296893947111,0.3534920522768963
0.9881043529021388,-0.034384058672767,-0.0245794012163739,-0.0898181743384955,-0.6250833480855854,0.3564636479405111
0.9880373408363154,-0.0348463967770984,-0.0243137628399802,-0.0907666463481772,-0.6208484130127242,0.3593781017434197
0.987969149967376,-0.0353088244960683,-0.0240440931493619,-0.0917072376492231,-0.6165931918331254,0.3622353726517523
0.987899770308326,-0.0357713227524949,-0.0237703811449688,-0.0926399178396168,-0.612318772939388,0.3650354506488882
0.9878291917293648,-0.0362338728306825,-0.0234926157615136,-0.0935646607801565,-0.6080262314870875,0.3677783543155569
0.987757403893618,-0.0366964567494652,-0.0232107856189215,-0.0944814452225074,-0.6037166251475519,0.3704641321641331
0.9876843962958533,-0.0371590569498351,-0.022924879179802,-0.0953902540559297,-0.5993909962461518,0.3730928598298343
0.9876101582575656,-0.0376216562810194,-0.0226348847344397,-0.096291074163438,-0.5950503712045749,0.3756646391231056
0.9875346788885194,-0.0380842381904233,-0.0223407902555381,-0.0971838966697037,-0.5906957581041916,0.3781795981782107
0.987457947106244,-0.0385467865470809,-0.0220425834801924,-0.0980687164703176,-0.5863281477232062,0.3806378895293302
0.987379951660106,-0.0390092854534567,-0.0217402520084338,-0.0989455317563789,-0.5819485147563795,0.3830396882505857
0.9873006810302836,-0.0394717197978661,-0.0214337829172829,-0.0998143449427715,-0.5775578120603994,0.3853851939398083
0.987220123543397,-0.0399340745189912,-0.0211231632152958,-0.1006751611527047,-0.5731569771306811,0.3876746259997747
0.9871382672757278,-0.0403963351284413,-0.0208083794742508,-0.1015279890871816,-0.5687469267027843,0.3899082254525538
0.9870551001387704,-0.0408584871774926,-0.0204894181651695,-0.1023728399200965,-0.5643285614247276,0.3920862514650016
0.9869706097560308,-0.0413205169050023,-0.0201662651916585,-0.1032097283767354,-0.5599027593011074,0.3942089836124823
0.9868847835677012,-0.0417824106064428,-0.0198389062989695,-0.1040386714629514,-0.5554703813825045,0.3962767180353452
0.9867976088318998,-0.0422441546035764,-0.0195073270835822,-0.1048596883207884,-0.5510322717736447,0.3982897666277953
0.9867090725084008,-0.0427057358239395,-0.0191715125575727,-0.1056728011564761,-0.5465892517951411,0.4002484588017662
0.9866191613753592,-0.0431671411388113,-0.018831447600439,-0.106478033955258,-0.5421421261009552,0.4021531377991966
0.9865278620171898,-0.0436283574064129,-0.0184871169181614,-0.1072754124755098,-0.5376916820640557,0.404004160258094
0.9864351607444418,-0.0440893718459491,-0.018138504747634,-0.1080649648029594,-0.5332386859829975,0.4058018970234358
0.986341043648418,-0.044550171721486,-0.0177855950708169,-0.1088467207040095,-0.528783885966601,0.4075467311349771
0.9862454966123128,-0.0450107442611294,-0.0174283716629801,-0.1096207114040485,-0.5243280125810663,0.409239056887936
0.9861485053018848,-0.0454710766789532,-0.0170668180639919,-0.1103869695444563,-0.519871778524957,0.4108792793140597
0.9860500551614368,-0.0459311561693957,-0.0167009175698783,-0.1111455290930791,-0.5154158785884689,0.4124678135603861
0.9859501313835431,-0.0463909700210515,-0.0163306531274719,-0.1118964254501028,-0.5109609884737144,0.4140050846708694
0.9858487189679312,-0.0468505053181331,-0.0159560075599094,-0.1126396948804691,-0.5065077676270311,0.4154915259896257
0.9857458026980528,-0.0473097490322957,-0.0155769634854329,-0.1133753745974037,-0.5020568583072014,0.4169275789649228
0.9856413670791456,-0.0477686882734735,-0.015193503096526,-0.1141035030892436,-0.4976088831255676,0.4183136933716594
0.9855353964661948,-0.0482273097014601,-0.0148056086372316,-0.1148241191119154,-0.4931644507344935,0.41965032498031
0.9854278749666427,-0.0486855999420374,-0.0144132620510344,-0.1155372622917034,-0.4887241517922131,0.420937936375124
0.985318786462316,-0.0491435454688233,-0.014016445068283,-0.1162429728716051,-0.4842885601178289,0.4221769960986989
0.9852081145910808,-0.0496011326598577,-0.0136151391462486,-0.1169412917347271,-0.4798582321648549,0.4233679783238515
0.9850958428434295,-0.0500583473836807,-0.0132093258251515,-0.1176322597160239,-0.4754337110592639,0.4245113613455721
0.9849819544383877,-0.0505151755001606,-0.0127989862835626,-0.1183159183137758,-0.4710155217893018,0.4256076284802524
0.9848664323581896,-0.0509716026937988,-0.0123841014716299,-0.1189923093733543,-0.4666041728706452,0.4266572671663016
0.9847492593734792,-0.051427614357224,-0.0119646522079414,-0.1196614748599641,-0.4622001575304505,0.4276607682812691
0.9846304181013656,-0.0518831953591797,-0.0115406193915876,-0.1203234564753687,-0.4578039560081657,0.4286186252976048
0.9845098908491944,-0.0523383306358212,-0.0111119834492181,-0.1209782964739099,-0.4534160299168224,0.4295313351902878
0.9843876597560234,-0.0527930046300025,-0.0106787248464961,-0.1216260367958461,-0.4490368277329215,0.4303993968633494
0.9842637067079096,-0.0532472016015861,-0.0102408237917259,-0.1222667194717275,-0.4446667818850814,0.4312233114452825
0.9841380133711,-0.0537009054874946,-0.0097982603598179,-0.122900386375677,-0.440306310191736,0.4320035816599458
0.9840105612094048,-0.0541540998290101,-0.0093510145583898,-0.1235270790837583,-0.435955816650276,0.4327407113894821
0.9838813314166044,-0.0546067680002944,-0.0088990660958681,-0.1241468391494177,-0.431615689339368,0.4334352057314622
0.983750304994702,-0.0550588929164887,-0.008442394661776,-0.1247597076590764,-0.4272863033222719,0.4340875702089589
0.9836174627095132,-0.0555104571804898,-0.0079809797759861,-0.1253657253980456,-0.4229680193404164,0.4346983107197954
0.9834827850655776,-0.0559614431520473,-0.0075148007078018,-0.1259649329025472,-0.4186611832627564,0.4352679333166904
0.9833462523616026,-0.0564118327461344,-0.0070438366740604,-0.1265573701527004,-0.4143661281240705,0.4357969436507969
0.983207844643678,-0.0568616075779421,-0.0065680666823227,-0.1271430767313499,-0.4100831728514061,0.4362858468892249
0.9830675417035656,-0.0573107489511721,-0.0060874695314598,-0.1277220917711228,-0.4058126224938479,0.4367351474116193
0.9829253230898792,-0.0577592378059952,-0.0056020238561739,-0.1282944538519319,-0.4015547688362965,0.4371453484835604
0.982781168133674,-0.0582070546261943,-0.005111708219512,-0.1288602008519009,-0.3973098913971835,0.4375169519299228
0.9826350558702932,-0.05865417966879,-0.0046165008524282,-0.1294193702072441,-0.3930782553696806,0.4378504580868212
0.9824869651124558,-0.0591005927199431,-0.0041163799087474,-0.1299719985717999,-0.3888601140573713,0.4381463653489538
0.9823368743941556,-0.0595462732520074,-0.0036113232807463,-0.1305181219847381,-0.3846557075073672,0.4384051700598252
0.9821847620200752,-0.0599912002594531,-0.0031013087718473,-0.1310577756394845,-0.3804652641803058,0.438627366181667
0.9820306059705672,-0.0604353525212527,-0.0025863137839427,-0.1315909941747638,-0.3762889985987336,0.4388134452109921
0.9818743840087016,-0.0608787082697239,-0.0020663156828866,-0.1321178112451115,-0.3721271145868928,0.4389638957945551
0.9817160736259168,-0.061321245335189,-0.0015412916217827,-0.1326382596729352,-0.3679798040237184,0.4390792036125603
0.9815556520218648,-0.0617629411834942,-0.001011218480873,-0.1331523714662943,-0.3638472466101445,0.4391598511810731
0.9813930960900512,-0.062203772933296,-0.0004760728278169,-0.1336601778112113,-0.3597296098277079,0.4392063176393707
0.981228382475705,-0.062643717178871,6.41688846504e-05,-0.134161708842638,-0.3556270507093885,0.4392190785350126
0.9810614875108224,-0.0630827501480589,0.0006095305260319,-0.1346569938045037,-0.3515397144749563,0.4391986056645691
0.9808923870585592,-0.0635208480779185,0.0011600367853431,-0.1351460614405806,-0.3474677311569221,0.4391453668108601
0.9807210566812156,-0.0639579867351139,0.0017157126095855,-0.1356289394195999,-0.3434112201879305,0.4390598255160068
0.9805474719600872,-0.0643941405981853,0.0022765821649031,-0.1361056534268494,-0.3393702980719602,0.4389424411751887
0.980371607941192,-0.0648292842594865,0.00284267062968,-0.1365762287001068,-0.3353450654649757,0.4387936686481337
0.980193439524329,-0.0652633914193587,0.0034140029279907,-0.1370406889060595,-0.3313356165959166,0.4386139583433259
0.9800129412924152,-0.0656964353014332,0.003990604276295,-0.1374990565823609,-0.3273420355023402,0.4384037559981978
0.9798300874654808,-0.0661283887373844,0.0045725003218518,-0.1379513532068106,-0.3233643953395681,0.4381635024762654
0.9796448519618566,-0.0665592239946681,0.0051597169387667,-0.1383975989960389,-0.3194027600541527,0.437893633699601
0.97945720839532,-0.0669889127635155,0.005752280230518,-0.1388378128781026,-0.3154571845780788,0.4375945805379834
0.9792671301281493,-0.0674174260184448,0.0063502163569066,-0.1392720123393539,-0.3115277161677402,0.4372667688033363
0.979074590022917,-0.0678447345543914,0.0069535523072205,-0.1397002139526431,-0.307614389554498,0.4369106187148738
0.9788795608067148,-0.0682708081438913,0.0075623147475313,-0.140122432510618,-0.3037172347325926,0.4365265454341356
0.9786820147966504,-0.068695616132666,0.0081765308768141,-0.1405386816164499,-0.2998362715517635,0.4361149584997521
0.9784819239386476,-0.0691191273209559,0.0087962282947859,-0.1409489735464832,-0.2959715108582369,0.4356762617826938
0.9782792598705912,-0.0695413098029513,0.0094214347977942,-0.1413533190805115,-0.2921229560036208,0.4352108535356461
0.9780739940027282,-0.0699621307839623,0.0100521781265577,-0.1417517273212569,-0.2882906045413939,0.434719126530765
0.977866097326626,-0.0703815569564789,0.010688486549094,-0.1421442060452488,-0.2844744448262553,0.4342014675580656
0.9776555404663784,-0.0707995543619101,0.011330388692878,-0.1425307615555044,-0.280674457299749,0.4336582574575224
0.9774422937603108,-0.0712160882035245,0.0119779132884825,-0.1429113984983572,-0.2768906162052357,0.4330898712704868
0.977226327205817,-0.0716311229358768,0.0126310893324557,-0.1432861199399752,-0.2731228887799185,0.4324966780557001
0.9770076104371604,-0.0720446222818948,0.0132899461472735,-0.1436549273720891,-0.2693712350999384,0.4318790407762752
0.976786112823304,-0.0724565490245003,0.0139545130804687,-0.1440178205183588,-0.26563560996292,0.4312373165337455
0.9765618032552446,-0.0728668653793972,0.0146248201370069,-0.1443747976559602,-0.2619159594912229,0.4305718559156908
0.9763346503979824,-0.0732755325001651,0.0153008972164017,-0.1447258551710489,-0.2582122255969519,0.4298830036850123
0.9761046226138052,-0.0736825106054547,0.0159827743405332,-0.1450709876699185,-0.2545243447957098,0.4291710985443904
0.9758716878233262,-0.0740877591993628,0.0166704820595242,-0.1454101881581702,-0.2508522461710449,0.4284364726733918
0.9756358136615344,-0.0744912367668804,0.0173640509821338,-0.1457434477734337,-0.2471958540871978,0.4276794521761649
0.9753969674553792,-0.0748929007940812,0.0180635118391132,-0.1460707557998457,-0.2435550879508799,0.4269003569974356
0.9751551162213284,-0.0752927077512534,0.018768895486992,-0.1463920996503252,-0.239929862301486,0.4260995008982156
0.9749102265999076,-0.0756906131767183,0.0194802330945555,-0.1467074649278527,-0.2363200859799564,0.4252771912182709
0.974662264843286,-0.0760865716653062,0.0201975561717092,-0.1470168354056844,-0.2327256621515872,0.4244337288039091
0.9744111969689956,-0.0764805365961839,0.0209208961200064,-0.1473201928075061,-0.229146490687274,0.4235694085108401
0.9741569886644198,-0.0768724602665251,0.0216502845079015,-0.1476175169100601,-0.2255824668555424,0.4226845188720904
0.9738996053232648,-0.0772622938107251,0.0223857529630466,-0.147908785476008,-0.2220334819524549,0.4217793422093535
0.9736390119655158,-0.0776499872967736,0.0231273333982387,-0.1481939743199015,-0.2184994223107149,0.4208541543362726
0.9733751733171584,-0.0780354895779101,0.023875057780064,-0.1484730571898393,-0.2149801705263744,0.4199092248208325
0.973108053821882,-0.0784187482531387,0.0246289580949139,-0.1487460057344251,-0.2114756056899044,0.4189448170160689
0.9728376176353892,-0.0787997096531042,0.0253890663647683,-0.1490127894881562,-0.2079856033779403,0.4179611880278105
0.9725638286020488,-0.079178318848469,0.0261554147120671,-0.1492733758711116,-0.20451003542881,0.4169585886150298
0.9722866502885936,-0.0795545195771985,0.0269280352644436,-0.1495277301315001,-0.2010487704519602,0.4159372632963637
0.9720060459462052,-0.0799282542706579,0.027706960260344,-0.1497758153562047,-0.1976016734215244,0.4148974501936216
0.9717219785649104,-0.080299463953606,0.0284922218975268,-0.1500175923956272,-0.1941686064207212,0.413839381213828
0.9714344108485984,-0.0806680882522169,0.0292838524035479,-0.1502530198618235,-0.1907494283841604,0.4127632819379223
0.9711433053698256,-0.081034065173535,0.0300818836128398,-0.1504820539818641,-0.1873439969551539,0.4116693721816358
0.970848624268196,-0.0813973314636386,0.030886347797951,-0.1507046488165621,-0.1839521649577722,0.4105578648423125
0.9705503295769212,-0.0817578221689832,0.0316972767760993,-0.1509207559757616,-0.1805737842642536,0.4094289670998201
0.9702483829327136,-0.0821154709670675,0.0325147027041173,-0.1511303248112344,-0.1772087024847896,0.4082828792954454
0.9699427459704216,-0.0824702096674637,0.03333865701166,-0.1513333021105727,-0.1738567674213782,0.4071197963979822
0.9696333799055556,-0.0828219686815745,0.0341691715369011,-0.151529632363258,-0.1705178224111891,0.405939906388147
0.9693202458570942,-0.0831706766161163,0.0350062776592163,-0.1517192575134696,-0.1671917099078123,0.4047433914501276
0.9690033048036144,-0.0835162603061252,0.0358500064278511,-0.1519021169736327,-0.1638782709301235,0.4035304277697811
0.9686825174474092,-0.083858644937219,0.0367003889310814,-0.1520781476770328,-0.1605773436225797,0.4023011849735785
0.9683578443488609,-0.0841977538683219,0.0375574559444336,-0.152247283968351,-0.1572887646671317,0.4010558265975505
0.9680292458768834,-0.0845335086570335,0.0384212380704493,-0.1524094576027005,-0.1540123687482653,0.399794509849626
0.9676966823972396,-0.0848658288414325,0.0392917652538422,-0.1525645976263313,-0.1507479903855797,0.3985173862809789
0.9673601139768608,-0.0851946322127202,0.0401690675680883,-0.15271263049144,-0.1474954609579046,0.3972246005952147
0.9670195006604184,-0.0855198345063176,0.0410531745002916,-0.1528534798920585,-0.1442546114028624,0.3959162916503668
0.9666748024467404,-0.0858413494044326,0.0419441150284652,-0.1529870667533834,-0.1410252718833672,0.3945925923043382
0.966325979147557,-0.0861590886391114,0.0428419179994403,-0.153113309255283,-0.1378072704062747,0.3932536288036973
0.965972990689526,-0.0864729616852544,0.0437466113638445,-0.1532321226876238,-0.1346004355632544,0.3918995218697202
0.9656157967730078,-0.0867828760417053,0.0446582230688718,-0.1533434195405169,-0.1314045933146937,0.390530385310423
0.9652543571372167,-0.0870887369591831,0.0455767803911158,-0.1534471093737331,-0.1282195693641635,0.3891463269553155
0.9648886315310454,-0.0873904474395162,0.0465023100297507,-0.1535430987958915,-0.1250451887885428,0.3877474484547172
0.9645185798828289,-0.0876879080706177,0.0474348376974545,-0.1536312913906665,-0.1218812773887267,0.3863338458340588
0.9641441619754112,-0.0879810172621389,0.0483743889607857,-0.1537115877637532,-0.1187276587846376,0.3849056081517613
0.9637653375978584,-0.0882696710791742,0.049320988871213,-0.1537838854542945,-0.1155841556910974,0.3834628179769262
0.9633820669015256,-0.088553762942835,0.0502746610982932,-0.1538480788324246,-0.1124505927436426,0.3820055526335729
0.9629943099091174,-0.0888331839734599,0.0512354291793303,-0.1539040591546895,-0.109326792304398,0.3805338822133438
0.9626020269720476,-0.0891078226156892,0.052203315403146,-0.1539517144428049,-0.1062125781028752,0.3790478711919113
0.962205178577597,-0.0893775647518039,0.0531783413163957,-0.1539909294777394,-0.103107773515349,0.3775475775645541
0.9618037252039648,-0.0896422937568052,0.0541605281006348,-0.1540215857597114,-0.1000122003567286,0.3760330521652004
0.9613976278379532,-0.0899018901155324,0.055149895329247,-0.1540435614158292,-0.0969256827772162,0.3745043404790332
0.960986847619437,-0.0901562316305331,0.0561464618699768,-0.1540567311901468,-0.0938480443345229,0.3729614811476237
0.9605713459946,-0.0904051932833476,0.0571502455387159,-0.154060966381798,-0.0907791090419337,0.3714045063903315
0.96015108476024,-0.0906486471722079,0.0581612630238238,-0.154056134795676,-0.0877187015424535,0.3698334420052524
0.9597260259977164,-0.0908864625114659,0.0591795300765469,-0.1540421006885794,-0.0846666464819388,0.3682483069507193
0.9592961321805658,-0.0911185055268333,0.0602050612836007,-0.1540187247125847,-0.0816227691558707,0.3666491135696433
0.9588613663798248,-0.091344639309022,0.0612378696141758,-0.153985863874889,-0.0785868967818809,0.3650358681638446
0.9584216918931184,-0.0915647239696156,0.0622779673389681,-0.153943371455822,-0.0755588557274225,0.363408569420395
0.9579770728904192,-0.0917786162694106,0.0633253645366151,-0.1538910970040213,-0.0725384758220921,0.3617672106009508
0.9575274739014564,-0.0919861698406773,0.0643800703494629,-0.1538288862337652,-0.0695255866145274,0.3601117774280071
0.9570728600678036,-0.0921872350135927,0.0654420924257916,-0.1537565809810842,-0.0665200189495605,0.3584422487984377
0.9566131973408136,-0.0923816586890042,0.0665114365019491,-0.1536740191740927,-0.063521606071842,0.3567585972776346
0.9561484522401064,-0.0925692844016159,0.0675881070111936,-0.1535810347280267,-0.0605301818336422,0.3550607879719874
0.9556785920849258,-0.0927499521721568,0.0686721065890935,-0.1534774575122586,-0.057545582027967,0.3533487791288314
0.9552035851588266,-0.0929234984039006,0.0697634357443475,-0.1533631133212149,-0.0545676452053161,0.351622522473873
0.9547234003234016,-0.0930897559772845,0.0708620937960887,-0.1532378237079268,-0.0515962100415661,0.3498819615373644
0.9542380076458334,-0.0932485539717359,0.0719680774830511,-0.1531014060577211,-0.0486311190625761,0.3481270336550283
0.9537473780548544,-0.0933997177427015,0.0730813818074575,-0.1529536734268307,-0.045672216267029,0.3463576684268002
0.9532514834312994,-0.093543068830813,0.074201999878367,-0.1527944344745589,-0.0427193475013867,0.3445737877478992
0.952750296990962,-0.0936784247979932,0.0753299221026192,-0.1526234934998125,-0.0397723625182799,0.3427753068741069
0.9522437930065332,-0.0938055992593408,0.0764651368741441,-0.1524406502687399,-0.036831113071431,0.3409621330953097
0.9517319469770577,-0.0939244017758736,0.0776076302497752,-0.1522456999741284,-0.0338954537041388,0.3391341660111076
0.9512147357013676,-0.0940346377780255,0.0787573858461854,-0.1520384331653738,-0.0309652419436466,0.3372912974468107
0.9506921375366884,-0.0941361084548834,0.0799143843303768,-0.1518186357562892,-0.0280403395155605,0.3354334120139418
0.9501641320824044,-0.0942286107593881,0.0810786041876354,-0.1515860887938025,-0.0251206103157932,0.3335603856119942
0.9496307008260936,-0.094311937227266,0.0822500203621164,-0.1513405686299925,-0.0222059237572091,0.3316720873373705
0.9490918265040572,-0.0943858760243553,0.0834286057362874,-0.1510818465292495,-0.0192961509857398,0.3297683768166477
0.948547493676322,-0.0944502107792345,0.0846143299345729,-0.1508096888061788,-0.0163911678080851,0.3278491058341402
0.9479976889126194,-0.0945047205061741,0.0858071589980796,-0.1505238568131177,-0.0134908553834487,0.3259141185563308
0.9474424004145516,-0.0945491795786418,0.087007056283012,-0.1502241066266499,-0.0105950979502236,0.3239632497590385
0.9468816186493076,-0.0945833575965836,0.0882139811648062,-0.1499101892514089,-0.0077037858982599,0.3219963266011205
0.9463153360084862,-0.0946070193464761,0.0894278898587182,-0.149581850310508,-0.0048168137001859,0.3200131669522242
0.9457435469922276,-0.0946199247035304,0.0906487351013887,-0.1492388300004395,-0.001934080620181,0.3180135795541827
0.9451662488737144,-0.0946218285458057,0.0918764648201545,-0.1488808633552352,0.0009445062339351,0.3159973658390129
0.9445834408073908,-0.0946124806926206,0.093111024123714,-0.1485076795628682,0.0038190366828963,0.3139643162899501
0.943994822531681,-0.0945916121571708,0.0943529898494895,-0.1481187996282395,0.0066910598686562,0.3119131604900901
0.9434003386160597,-0.0945589407732912,0.0956024166102618,-0.1477138815190982,0.0095608937044079,0.3098434650387076
0.9427999984660498,-0.0945141794098641,0.096859223055266,-0.1472926164508935,0.0124285445109994,0.3077550025330005
0.9421938144854652,-0.0944570354796841,0.0981233232244724,-0.1468546897303017,0.0152940139233303,0.3056475350747046
0.9415818028798912,-0.0943872109237554,0.0993946249843359,-0.1463997811515451,0.0181572953683995,0.3035208163861453
0.9409639836592412,-0.0943044021591437,0.1006730301531332,-0.1459275648516478,0.0210183744331753,0.3013745911198084
0.9403403809333054,-0.0942083000582626,0.1019584340198315,-0.1454377093777961,0.0238772278587767,0.299208595169563
0.9397110228717752,-0.0940985898843448,0.1032507255607068,-0.1449298774957386,0.026733824093898,0.2970225547989202
0.9390759421024149,-0.0939749512935424,0.1045497867554272,-0.1444037263375577,0.0295881218396553,0.2948161872736657
0.9384351761074016,-0.0938370583664395,0.1058554919212481,-0.1438589075754696,0.0324400686696056,0.2925892014714147
0.9377887665947732,-0.0936845794170172,0.1071677091375846,-0.1432950667179969,0.0352896042068896,0.2903412949118746
0.9371367606689764,-0.0935171771837267,0.1084862980053389,-0.1427118439261966,0.0381366552839502,0.2880721570214721
0.936479210632142,-0.0933345087516137,0.1098111102085804,-0.1421088736886151,0.0409811372488446,0.2857814676238739
0.9358161744359916,-0.0931362256299258,0.1111419887582619,-0.1414857850614998,0.0438229524026032,0.2834688976773752
0.9351477153234288,-0.0929219735972752,0.1124787688682308,-0.1408422011534257,0.0466619919259023,0.2811341071702625
0.9344739028547544,-0.0926913929664271,0.113821276055999,-0.140177739912267,0.0494981318780018,0.2787767478292143
0.9337948129031558,-0.0924441185729501,0.1151693263252998,-0.1394920139731401,0.0523312336655057,0.2763964622237828
0.9331105276876768,-0.0921797797550807,0.1165227262679883,-0.1387846305150994,0.0551611443072431,0.2739928829808135
0.9324211362628628,-0.0918980005052246,0.1178812722625596,-0.1380551915795691,0.0579876947957041,0.2715656335848433
0.9317267350905254,-0.0915983996987275,0.1192447495259941,-0.1373032945177394,0.0608106981828649,0.2691143294676209
0.931027428456086,-0.0912805913036654,0.120612931486151,-0.1365285323167584,0.0636299483575497,0.2666385785556514
0.9303233279427712,-0.0909441841628601,0.1219855809973173,-0.1357304928773496,0.0664452226047656,0.2641379784714668
0.9296145540726036,-0.0905887827881282,0.1233624473241761,-0.1349087607167695,0.0692562754514709,0.2616121214083048
0.9289012358668218,-0.0902139872445679,0.1247432672056057,-0.1340629164004335,0.0720628409283811,0.2590605916486089
0.9281835114347282,-0.0898193935253146,0.1261277639110175,-0.1331925371331332,0.074864630691852,0.2564829667302355
0.927461529360352,-0.0894045944556902,0.1275156447803225,-0.1322971984128259,0.0776613291195179,0.2538788215275186
0.9267354481908472,-0.0889691796203027,0.1289066024394013,-0.1313764734515754,0.0804525958612063,0.2512477255600555
0.9260054369374084,-0.0885127358386313,0.1303003140547585,-0.1304299338110108,0.0832380643861579,0.2485892439406031
0.925271677003926,-0.0880348486449714,0.1316964378850004,-0.1294571520092792,0.0860173351660474,0.2459029436099292
0.9245343618473072,-0.0875351024886884,0.1330946141890021,-0.1284577013387353,0.0887899776082127,0.2431883914337619
0.9237936974519608,-0.0870130814556976,0.1344944645717542,-0.1274311567508043,0.0915555288291029,0.2404451553055031
0.9230499035314486,-0.0864683706008606,0.1358955899673336,-0.1263770968576539,0.0943134897438379,0.2376728080557669
0.9223032157393576,-0.0859005582595864,0.1372975667606303,-0.1252951076352638,0.097063317560811,0.2348709353758024
0.9215538840289677,-0.0853092356525629,0.1386999501702209,-0.1241847807993738,0.0998044325617529,0.2320391295535473
0.9208021757547727,-0.0846940001763934,0.1401022687229918,-0.1230457191474439,0.1025362073771444,0.2291770011597658
0.9200483755466908,-0.0840544564848891,0.1415040248144434,-0.1218775375091302,0.1052579682314099,0.2262841789529776
0.919292787004446,-0.0833902192248692,0.1429046918761236,-0.1206798666527029,0.1079689895612427,0.2233603170014837
0.9185357338026896,-0.0827009156044714,0.1443037126688926,-0.1194523566725109,0.110668490857426,0.2204051000285727
0.9177775608128788,-0.0819861882771357,0.1457004975609263,-0.1181946807665212,0.1133556334846987,0.2174182493166962
0.9170186348783236,-0.0812456982156601,0.1470944234558151,-0.1169065388261842,0.1160295187510168,0.2143995277965882
0.9162593468499284,-0.0804791291799172,0.1484848304159677,-0.1155876636142803,0.1186891815543238,0.2113487507992635
0.9155001124389404,-0.0796861915288887,0.1498710204822652,-0.1142378255484323,0.1213335882633192,0.2082657929617978
0.914741372872703,-0.0788666262260616,0.1512522568497944,-0.1128568376403569,0.1239616352506365,0.2051505951332981
0.9139835960405628,-0.0780202098173784,0.1526277621450704,-0.1114445618934091,0.1265721456881191,0.2020031742006429
0.913227278117014,-0.0771467605517651,0.1539967158440514,-0.1100009173625459,0.1291638647082305,0.1988236360793021
0.9124729423829914,-0.0762461418698522,0.1553582567555451,-0.1085258836442589,0.1317354641330299,0.1956121781722898
0.9117211402924648,-0.0753182688889031,0.1567114813973438,-0.1070195092021943,0.1342855393503089,0.1923691023078703
0.9109724507396656,-0.0743631133359643,0.1580554455937141,-0.105481916965208,0.1368126122319201,0.1890948213740503
0.9102274791233054,-0.073380708625132,0.1593891663776988,-0.1039133100792012,0.1393151345386361,0.18578986621263
0.9094868551516304,-0.0723711536166067,0.160711626075995,-0.1023139755141547,0.1417914953261085,0.1824548880266896
0.9087512315049556,-0.0713346177465094,0.1620217747727626,-0.1006842898675104,0.1442400252060013,0.1790906655713007
0.9080212796931236,-0.0702713424285169,0.1633185376815733,-0.099024719331367,0.1466590096866367,0.1756981004881086
0.9072976858742308,-0.0691816420489689,0.1646008224462684,-0.0973358192523869,0.1490467022284795,0.1722782125399867
0.9065811472667822,-0.0680659055132524,0.1658675252618967,-0.0956182347643913,0.1514013349821625,0.1688321376995069
0.905872365863658,-0.066924593141779,0.1671175416401265,-0.0938726945058475,0.1537211380578528,0.1653611130883758
0.9051720431685496,-0.0657582341374977,0.1683497752115743,-0.0921000056273594,0.156004355018514,0.1618664656497955
0.9044808740754098,-0.0645674216000609,0.1695631479029024,-0.0903010454471258,0.1582492608357422,0.1583495952360085
0.9037995406004706,-0.0633528058813529,0.1707566102361065,-0.0884767510521832,0.1604541799935276,0.1548119548728794
0.903128705995908,-0.0621150870131701,0.1719291508363591,-0.0866281079747431,0.1626175030775733,0.1512550304339362
0.9024690094466156,-0.0608550065333613,0.1730798048214224,-0.0847561384170943,0.1647377012830801,0.1476803205553364
0.9018210615403758,-0.059573339110969,0.1742076607695907,-0.0828618895860064,0.1668133383186114,0.1440893177338933
0.9011854398334044,-0.0582708826698673,0.1753118674733622,-0.0809464201799197,0.1688430819573989,0.1404834867744639
0.9005626862612726,-0.0569484505641848,0.1763916374598035,-0.0790107902355086,0.1708257097060629,0.1368642503118154
0.8999533045391327,-0.0556068623433474,0.1774462505375941,-0.0770560491488428,0.1727601146150699,0.1332329713796851
0.8993577595305189,-0.0542469374547099,0.1784750539595663,-0.0750832281873532,0.1746453049798964,0.1295909447004652
0.8987764769224015,-0.0528694887810114,0.1794774621107302,-0.0730933328540512,0.1764804032938311,0.1259393877628294
0.8982098437659752,-0.0514753174333837,0.1804529547657709,-0.0710873371285977,0.178264642699028,0.1222794353333373
0.8976582094537426,-0.0500652080839263,0.1814010746695712,-0.0690661784928104,0.1799973623159877,0.1186121352524631
0.8971218876771938,-0.0486399264924628,0.1823214235128248,-0.0670307560680036,0.1816779997508765,0.1149384496336178
0.8966011583588106,-0.047200217029094,0.1832136580394098,-0.0649819286580123,0.1833060839496449,0.1112592555186407
0.8960962700129133,-0.0457468014985723,0.1840774855021301,-0.0629205145509851,0.1848812269545123,0.1075753483202335
0.8956074419992722,-0.0442803779841862,0.1849126593834356,-0.0608472912326962,0.18640311622417,0.1038874446930092
0.8951348672899773,-0.042801621650405,0.1857189743149389,-0.058762997748811,0.1878715055611893,0.1001961897086939
0.8946787145937521,-0.041311184208736,0.1864962621656576,-0.0566683350441742,0.1892862082250657,0.0965021600086946
0.8942391309595698,-0.0398096954560545,0.1872443873746368,-0.0545639691015175,0.1906470887119006,0.0928058715340073
0.8938162436878645,-0.0382977632328533,0.1879632435197414,-0.0524505317365193,0.1919540568171559,0.0891077827511277
0.8934101627297799,-0.0367759757071831,0.1886527491041447,-0.0503286245416623,0.1932070602982677,0.0854083030812108
0.8930209820880565,-0.0352449007611139,0.1893128450818165,-0.0481988186770261,0.1944060807140199,0.0817077937645856
0.8926487822520569,-0.033705089954571,0.1899434906627413,-0.0460616609484679,0.1955511261457797,0.0780065794184105
0.8922936310597765,-0.0321570771096717,0.1905446618173711,-0.0439176723091128,0.196642228824884,0.0743049461726321
0.8919555855219522,-0.0306013812591579,0.191116348173219,-0.0417673523594502,0.1976794398362208,0.0706031500321746
0.89163469278366,-0.0290385066178736,0.1916585513930101,-0.0396111796493403,0.1986628265053023,0.0669014177920639
0.8913309914786817,-0.0274689448781212,0.1921712829042519,-0.0374496151387276,0.1995924685986372,0.0631999532501148
0.8910445126163535,-0.0258931759854948,0.1926545624325288,-0.0352831035037875,0.2004684559705744,0.0594989395720772
0.8907752802358836,-0.0243116680138239,0.1931084169361532,-0.033112073168747,0.2012908869234068,0.055798539390115
0.8905233124972626,-0.0227248800030757,0.1935328788119277,-0.0309369403725214,0.2020598652314983,0.0520989016984652
0.8902886221602271,-0.0211332619957562,0.1939279851387142,-0.0287581093485257,0.202775499030771,0.0484001620254649
0.890071217068049,-0.0195372552453661,0.1942937769154635,-0.0265759727224579,0.2034378996810879,0.0447024429361798
0.889871100734686,-0.0179372935146542,0.1946302981273187,-0.0243909133799195,0.2040471803004708,0.0410058569806817
0.8896882727704625,-0.0163338037761347,0.1949375950846405,-0.0222033054937658,0.2046034547768788,0.037310508167263
0.889522729276215,-0.0147272071378762,0.1952157158150127,-0.0200135158417754,0.2051068368590556,0.0336164938900941
0.889374463143879,-0.0131179194495652,0.1954647096116201,-0.0178219046733446,0.2055574395137044,0.0299239060649229
0.889243464251789,-0.0115063510846731,0.1956846267567778,-0.0156288254442699,0.2059553745830092,0.0262328303395196
0.8891297197977018,-0.0098929086531236,0.1958755180120971,-0.0134346271708704,0.2063007520035444,0.0225433496996776
0.8890332143450026,-0.0082779934935183,0.1960374345876813,-0.0112396523941632,0.206593679875975,0.0188555406743572
0.8889539302103184,-0.006662005757179,0.1961704275355518,-0.0090442427410206,0.2068342634773191,0.0151694823021055
0.8888918473341012,-0.0050453407504409,0.1962745480075519,-0.0068487339560571,0.2070226058217918,0.0114852473960128
0.8888469435343418,-0.0034283918579297,0.1963498468671365,-0.004653459875559,0.2071588070376019,0.0078029088307045
0.8888191945542498,-0.0018115516856763,0.196396374643491,-0.0024587539759528,0.2072429643482538,0.0041225417447411
0.8888085740345756,-0.0001952093031707,0.1964141816085099,-0.0002649456266071,0.2072751722614792,0.0004442168660922
0.8888084492733759,-1.1274919257779625e-13,0.1964143907873555,-3.047328557027884e-13,0.2072755506069352,2.012780675637871e-13
