3.00276333645036
0.8552062838125986,3.3271818394017816e-27,0.1805765812809816,3.581592248467443e-15,0.2590286900904053,-3.0174427337087545e-14
0.8552082957766934,0.000974284144701,0.1805733868896054,0.0010698114146071,0.2590219162645746,-0.0016985397698422
0.855224708522028,0.0029481586268639,0.1805473280802028,0.0032372763890798,0.2589666574737591,-0.0051399389984056
0.8552576614200672,0.0049225174268145,0.1804950064178976,0.0054054385288362,0.2588557065870899,-0.0085827919996329
0.8553071783107068,0.0068969743819834,0.1804163805126327,0.0075739848375185,0.2586889745748017,-0.0120268353985336
0.8553732815376317,0.0088711389380769,0.1803114095548721,0.0097425977011574,0.2584663729821542,-0.0154717999155578
0.8554559919735475,0.0108446196637087,0.1801800532587243,0.0119109586855361,0.258187813782574,-0.018917416671262
0.8555553289372939,0.0128170225147539,0.1800222719742798,0.0140787465664541,0.2578532095817635,-0.0223634143332579
0.8556713100000082,0.014787948722602,0.1798380269737942,0.0162456349423942,0.2574624741825178,-0.025809515593311
0.8558039510259311,0.0167569974610847,0.1796272803628174,0.0184112950970476,0.2570155223460737,-0.0292554419879609
0.8559532659597922,0.0187237636547229,0.1793899953915302,0.0205753935194642,0.2565122703939343,-0.032700910224245
0.8561192667618066,0.0206878387200845,0.1791261365293425,0.0227375926457748,0.2559526362992554,-0.0361456336245481
0.8563019630956757,0.0226488083909721,0.1788356699299242,0.0248975483880445,0.2553365405977974,-0.0395893184496164
0.8565013622725418,0.0246062540342395,0.1785185634874794,0.0270549115005175,0.2546639064233026,-0.0430316663255137
0.8567174688886994,0.0265597507277073,0.1781747873780781,0.0292093253757121,0.2539346605629332,-0.0464723709720358
0.8569502848124129,0.0285088690008595,0.1778043140441542,0.031360427872294,0.2531487333226738,-0.0499111213543058
0.8571998087286912,0.0304531725826472,0.1774071188806487,0.0335078487357413,0.252306059872061,-0.0533475977882979
0.857466035622046,0.0323922165963548,0.1769831810193662,0.0356512074978337,0.2514065817884646,-0.0567814687794152
0.8577489569604239,0.0343255510998527,0.1765324829961699,0.0377901172767181,0.2504502462220137,-0.0602123972952588
0.8580485599606406,0.0362527177351009,0.1760550118798723,0.0399241809583062,0.2494370081524697,-0.0636400348262789
0.8583648273763549,0.0381732506035607,0.1755507595692375,0.0420529920380124,0.2483668308720186,-0.0670640228851675
0.8586977368712998,0.0400866746152738,0.1750197237513785,0.044176132656926,0.2472396878625364,-0.0704839899772123
0.8590472608784546,0.0419925069863029,0.1744619080863326,0.0462931751184182,0.2460555630216181,-0.0738995541410858
0.8594133658846835,0.0438902554803948,0.1738773233092842,0.0484036797853662,0.2448144528274231,-0.0773103196360699
0.8597960120978376,0.0457794190654888,0.173265987724876,0.0505071956461846,0.2435163672047161,-0.0807158778935537
0.860195152488738,0.0476594856118937,0.1726279287029928,0.052603257577018,0.2421613325092227,-0.0841158030844576
0.8606107327530658,0.0495299343423857,0.1719631827086769,0.0546913888825235,0.2407493913918805,-0.0875096561883082
0.8610426905219691,0.0513902346146535,0.1712717965362491,0.0567710997451647,0.2392806052126918,-0.090896982402572
0.8614909546298515,0.0532398453468153,0.1705538284582705,0.0588418863730674,0.237755056267876,-0.0942773096202752
0.8619554445656777,0.0550782154209398,0.1698093490873066,0.0609032312277086,0.2361728494015496,-0.0976501486095223
0.8624360697851083,0.0569047836136522,0.1690384424677164,0.062954602711506,0.2345341141015638,-0.1010149922576399
0.8629327292273625,0.0587189794221335,0.1682412068472771,0.0649954558494564,0.232839005911329,-0.104371316385828
0.8634453102923232,0.0605202219989033,0.1674177563243071,0.0670252308333124,0.2310877097008836,-0.1077185769881273
0.8639736882636635,0.0623079209614425,0.1665682217906773,0.0690433536568526,0.2292804414412172,-0.1110562108229237
0.8645177260112126,0.064081478098975,0.1656927514363296,0.0710492377606776,0.2274174490460931,-0.1143836376209083
0.8650772728385946,0.0658402862601028,0.1647915126407786,0.0730422824853182,0.2254990161674203,-0.1177002569409168
0.865652164228343,0.067583731326143,0.1638646924354089,0.0750218750003279,0.2235254629550774,-0.121005450700008
0.8662422211198434,0.0693111926353924,0.1629124987317198,0.0769873904787401,0.221497148453226,-0.1242985827259181
0.8668472493039515,0.071022043841633,0.1619351613781965,0.0789381927560037,0.2194144726417122,-0.1275789990297743
0.8674670391992133,0.0727156548313066,0.1609329326172856,0.0808736361948637,0.2172778772106587,-0.1308460300330503
0.8681013653196936,0.0743913926710938,0.1599060880567124,0.0827930664500373,0.2150878474441647,-0.1340989908847001
0.8687499858758106,0.0760486229106739,0.1588549274443483,0.0846958216387554,0.2128449137022695,-0.1373371823833138
0.8694126427677402,0.0776867117991384,0.1577797748248828,0.0865812345679786,0.2105496516024799,-0.1405598936351928
0.8700890615645449,0.0793050282552304,0.1566809787354442,0.0884486346980126,0.208202682303255,-0.1437664042322259
0.8707789514410791,0.080902945570782,0.1555589124866256,0.0902973498160546,0.2058046729918152,-0.1469559858939753
0.8714820049165142,0.0824798425523842,0.1544139747848062,0.0921267070733312,0.203356338127353,-0.1501279029583611
0.8721978990450866,0.084035107747871,0.1532465880062753,0.0939360376229478,0.2008584356894928,-0.1532814190869592
0.8729262951833332,0.0855681401304907,0.1520571988004166,0.0957246771895017,0.1983117684301952,-0.1564157969496621
0.8736668396400274,0.0870783515888547,0.1508462772703691,0.0974919687586581,0.1957171821130723,-0.1595303015690003
0.8744191646416982,0.0885651697356801,0.1496143156468028,0.0992372656846049,0.1930755626921555,-0.1626242044502846
0.8751828888494088,0.0900280395001976,0.1483618277035047,0.1009599334176536,0.1903878351063621,-0.1656967853306012
0.8759576186428102,0.0914664259542312,0.1470893469231342,0.1026593527236298,0.1876549594204899,-0.1687473366292738
0.8767429489068151,0.0928798158513754,0.1457974254810113,0.1043349214397564,0.1848779287449638,-0.1717751653800456
0.8775384638189979,0.0942677189698428,0.1444866332334866,0.1059860560353557,0.1820577671941962,-0.1747795948600135
0.8783437388211036,0.0956296712512743,0.1431575547553887,0.1076121953578569,0.1791955236711047,-0.1777599702917082
0.8791583413636513,0.0969652354398257,0.1418107883916596,0.1092128014664005,0.1762922700002663,-0.1807156593998355
0.8799818321610073,0.0982740024181385,0.1404469444656264,0.1107873613336177,0.1733490972686608,-0.1836460546330914
0.8808137668436676,0.0995555929057862,0.1390666428203835,0.1123353890365356,0.170367110741353,-0.1865505764422045
0.8816536967137943,0.1008096575104056,0.1376705118357387,0.1138564260114996,0.167347427974879,-0.1894286730872554
0.8825011706252035,0.1020358783255468,0.1362591855689477,0.115350043218317,0.1642911728892695,-0.1922798241534343
0.883355735679264,0.1032339685435401,0.1348333028482265,0.1168158409433552,0.1611994740689203,-0.1951035397586428
0.8842169388183848,0.1044036732532865,0.1333935048599218,0.1182534500757317,0.1580734598113368,-0.1978993626799897
0.8850843272676201,0.1055447685033975,0.1319404346436038,0.1196625312919199,0.154914257318806,-0.2006668665713072
0.8859574504890771,0.1066570623200498,0.1304747340427752,0.1210427766697963,0.151722986369259,-0.2034056590227782
0.8868358614613646,0.1077403945916539,0.1289970417567262,0.1223939099569981,0.1485007553618147,-0.2061153822160702
0.8877191158322998,0.1087946343231336,0.1275079949576122,0.1237156835674476,0.1452486651417359,-0.2087957070824524
0.8886067742952264,0.1098196809138643,0.1260082254764513,0.1250078805930578,0.1419678009938184,-0.2114463375392245
0.8894984030715755,0.1108154629608414,0.1244983591482729,0.126270313761807,0.1386592315056276,-0.2140670087833247
0.8903935741868978,0.1117819368907636,0.1229790154971463,0.1275028241703965,0.1353240081817986,-0.2166574851305358
0.8912918663617344,0.1127190863075646,0.1214508063669057,0.1287052809212376,0.1319631627481491,-0.2192175597744209
0.892192865251212,0.1136269206398977,0.1199143356409807,0.1298775798687039,0.1285777068404113,-0.2217470527406283
0.8930961648869419,0.1145054750170268,0.1183701968961752,0.1310196439494036,0.1251686271337686,-0.2242458123139379
0.8940013660798876,0.1153548071699318,0.116818976231163,0.1321314196512065,0.1217368918806875,-0.2267137081119156
0.8949080792523335,0.1161749987063701,0.1152612475131492,0.1332128791520342,0.1182834407098487,-0.2291506365626461
0.8958159223516171,0.116966151718173,0.1136975760281762,0.1342640163619198,0.1148091929899874,-0.2315565129826909
0.8967245227503401,0.11772838918278,0.1121285152881363,0.1352848479170076,0.1113150410499896,-0.2339312746555648
0.8976335170649705,0.1184618534390645,0.1105546073898689,0.136275411644291,0.1078018512450554,-0.2362748783343287
0.8985425509707962,0.1191667047838894,0.1089763833787695,0.1372357651507332,0.1042704650452765,-0.2385872979396447
0.8994512790465006,0.1198431202040817,0.1073943635591588,0.1381659845600041,0.1007217000176844,-0.2408685225191368
0.9003593651857621,0.1204912926036692,0.1058090568110396,0.1390661639043176,0.0971563485825416,-0.2431185557682215
0.9012664836596398,0.1211114304554912,0.1042209587466911,0.1399364151158136,0.0935751741257757,-0.2453374171778259
0.9021723175363966,0.1217037556351303,0.1026305544736424,0.1407768654674283,0.089978917470274,-0.2475251367630609
0.9030765588693048,0.1222685026697084,0.1010383182795878,0.1415876569248172,0.0863682964566917,-0.2496817543845088
0.903978910174698,0.1228059187496126,0.099444711021977,0.1423689466059685,0.0827440002825684,-0.2518073221503893
0.9048790832350329,0.1233162620513179,0.09785018220796,0.1431209048187887,0.079106694445339,-0.2539019004682238
0.9057767990241564,0.1237998008960823,0.096255170106431,0.1438437142442421,0.0754570212525199,-0.2559655569551412
0.9066717877177286,0.1242568129983653,0.0946601017019848,0.1445375692306316,0.0717955999667875,-0.2579983656289644
0.907563788879772,0.1246875848261669,0.0930653923245032,0.145202675243624,0.0681230261934659,-0.2600004065603494
0.9084525514886715,0.125092410887638,0.0914714455519177,0.14583924819621,0.064439871874472,-0.2619717652061055
0.9093378337084648,0.1254715929332371,0.0898786535618169,0.1464475136254806,0.0607466863093724,-0.2639125312440967
0.9102194024184692,0.125825439123513,0.0882873979185714,0.1470277057729949,0.0570439981970607,-0.265822796977969
0.9110970343000696,0.1261542638537748,0.0866980475433855,0.1475800677197268,0.0533323111149135,-0.2677026591776097
0.9119705140758742,0.1264583864679258,0.0851109618186823,0.1481048496770042,0.0496121109381592,-0.2695522148087175
0.912839635493782,0.1267381311129692,0.0835264887343664,0.1486023091214914,0.0458838617203198,-0.2713715627739171
0.9137042009107732,0.1269938260530036,0.0819449655548604,0.1490727100274956,0.0421480074279458,-0.2731608026650268
0.9145640208658818,0.1272258030550453,0.0803667195121304,0.1495163221701763,0.0384049737590346,-0.2749200335855877
0.915418914872872,0.1274343971298571,0.0787920662553396,0.1499334210819148,0.0346551646340303,-0.2766493555145868
0.9162687107395308,0.1276199458529147,0.0772213109889058,0.1503242872199449,0.0308989650219514,-0.2783488676561946
0.9171132435169804,0.1277827887275464,0.0756547503149945,0.150689205093375,0.0271367455121871,-0.2800186661789504
0.9179523573167953,0.1279232671536461,0.0740926687606434,0.1510284636828303,0.0233688541372017,-0.2816588476891137
0.918785903321708,0.1280417236273312,0.0725353423475906,0.1513423551731112,0.0195956250591129,-0.2832695051626352
0.9196137405553404,0.1281385015294356,0.0709830370505122,0.151631174936277,0.0158173749999866,-0.2848507293971245
0.9204357360349262,0.1282139447460677,0.0694360083786085,0.1518952211906616,0.0120344023068342,-0.2864026092136421
0.9212517635122388,0.1282683971865311,0.0678945036136156,0.1521347942321558,0.0082469925095099,-0.2879252290286505
0.9220617042946344,0.12830220254657,0.0663587601407376,0.1523501963900307,0.0044554143480201,-0.2894186704114165
0.9228654464390896,0.1283157039357731,0.0648290068388352,0.1525417314716467,0.000659923271089,-0.29088301059077
0.923662885623323,0.1283092435845873,0.0633054622867083,0.1527097046602603,-0.0031392429419621,-0.2923183240706261
0.9244541348188436,0.1282831529305152,0.0617879316893557,0.1528544575570781,-0.0069428771257477,-0.293725053041888
0.9252395368603364,0.128237725277565,0.0602757746144499,0.1529763404156607,-0.0107529110768787,-0.2951040060247138
0.9260190009916864,0.1281732508701466,0.058769181085218,0.1530756053515808,-0.0145692054102086,-0.2964551900908416
0.926792439822196,0.1280900188291407,0.057268338318985,0.1531525044920323,-0.0183916218149395,-0.2977786023747975
0.9275597712882792,0.1279883169089407,0.0557734268689135,0.1532072901543701,-0.0222200326151537,-0.299074233596809
0.9283209183905554,0.1278684313316303,0.0542846210298445,0.153240214619826,-0.026054319650021,-0.3003420676369942
0.9290758087207658,0.1277306466932474,0.0528020896639159,0.1532515299399394,-0.0298943720414441,-0.3015820807972077
0.929824375187905,0.127575245668563,0.0513259946733762,0.1532414877786627,-0.0337400900468553,-0.3027942430506797
0.9305665548913338,0.1274025090521107,0.0498564931089867,0.1532103392225858,-0.0375913795081641,-0.3039785162474416
0.9313022907038616,0.1272127152267103,0.0483937339284421,0.1531583345414174,-0.0414481602654564,-0.3051348566985952
0.9320315284646524,0.127006140681518,0.046937863453726,0.1530857231625216,-0.0453103517485209,-0.3062632107820285
0.9327542184290482,0.1267830595788044,0.0454890224105794,0.1529927535103309,-0.0491778805878696,-0.3073635173794779
0.9334703150843248,0.1265437436574502,0.0440473461872801,0.1528796728632502,-0.0530506798509049,-0.3084357076652429
0.934179776816911,0.1262884622097433,0.0426129653983052,0.152746727259549,-0.0569286874378719,-0.3094797046952505
0.9348825658502936,0.1260174819913004,0.0411860059091842,0.15259416138621,-0.0608118459016622,-0.310495423424701
0.9355786486791298,0.1257310669197398,0.0397665878456396,0.152422218335754,-0.0647001050672379,-0.3114827714220813
0.9362679946831584,0.1254294785150042,0.0383548283105232,0.1522311398028995,-0.0685934145130364,-0.3124416469927086
0.9369505773312314,0.1251129753111163,0.0369508388304719,0.1520211656832477,-0.072491730443701,-0.3133719410141623
0.9376263734607776,0.1247818130366203,0.0355547267181477,0.1517925341193514,-0.0763950118771806,-0.3142735360166084
0.938295363159714,0.1244362445785533,0.0341665952157579,0.1515454814333368,-0.0803032201312542,-0.3151463061499161
0.9389575296977294,0.1240765199271041,0.0327865435375165,0.1512802420475766,-0.0842163185908109,-0.3159901172214293
0.9396128596062538,0.1237028860338041,0.0314146665996537,0.1509970483382161,-0.0881342733757822,-0.3168048269158356
0.9402613420902723,0.1233155870538924,0.0300510561497564,0.1506961307803261,-0.0920570500135354,-0.3175902841869789
0.9409029692871672,0.1229148641332238,0.0286958001320384,0.150377717758564,-0.0959846151100666,-0.3183463297343204
0.9415377364236994,0.1225009552101128,0.0273489822506693,0.1500420353702988,-0.0999169375306218,-0.3190727963009006
0.9421656410488708,0.1220740954209547,0.0260106834940844,0.1496893077180228,-0.1038539838590147,-0.3197695079134163
0.9427866831472536,0.1216345169875664,0.0246809818104386,0.1493197568017314,-0.1077957191650798,-0.3204362801993189
0.9434008655528412,0.1211824488501718,0.0233599511252062,0.1489336021825932,-0.111742109795393,-0.3210729209748025
0.9440081932750196,0.120718117066395,0.0220476626867237,0.1485310612886158,-0.1156931192745874,-0.3216792296589977
0.944608673495448,0.1202417447729396,0.0207441849884623,0.1481123493654419,-0.1196487083634152,-0.3222549974581694
0.9452023156797944,0.1197535520418427,0.0194495834372501,0.1476776793296605,-0.1236088359149936,-0.3228000076424865
0.9457891311067006,0.119253756211856,0.0181639212912559,0.1472272620435878,-0.127573455856787,-0.3233140352835118
0.9463691332760794,0.1187425715050097,0.016887258683566,0.1467613059559456,-0.1315425200158918,-0.3237968478124284
0.9469423375745712,0.1182202092485892,0.0156196532642414,0.1462800172796235,-0.1355159760061232,-0.3242482048901675
0.9475087612288404,0.1176868778715761,0.0143611602189707,0.1457835999719586,-0.1394937670038185,-0.3246678585598944
0.9480684229354964,0.117142783219181,0.0131118330113482,0.145272256014868,-0.1434758292121409,-0.325055553183988
0.9486213433403956,0.116588128061211,0.0118717222362754,0.1447461849427714,-0.1474620953094273,-0.3254110260041459
0.9491675443344392,0.116023112744591,0.0106408771135951,0.1442055844440745,-0.1514524894955928,-0.325734006876234
0.9497070496404932,0.1154479345722294,0.0094193440938562,0.1436506497604716,-0.155446931781601,-0.3260242188735812
0.9502398842493182,0.1148627883434574,0.0082071680484961,0.143081574189969,-0.1594453339591668,-0.3262813781667867
0.9507660744089552,0.1142678663590048,0.007004392225935,0.1424985490877166,-0.1634475994986475,-0.3265051942988503
0.9512856477013736,0.1136633583170156,0.0058110580052653,0.1419017637577856,-0.1674536241415356,-0.3266953704873342
0.9517986329245408,0.1130494514215584,0.0046272050927734,0.1412914055515377,-0.1714632950361178,-0.3268516038375464
0.9523050602326024,0.1124263301841892,0.0034528711240899,0.1406676596614788,-0.1754764918847182,-0.3269735856441685
0.9528049605256348,0.1117941771500548,0.0022880930074827,0.140030709841121,-0.1794930821405333,-0.3270610015216699
0.9532983660553316,0.1111531721408546,0.0011329054524266,0.1393807376436854,-0.1835129257985154,-0.3271135318606976
0.953785309718598,0.1105034931376785,-1.26574504536e-05,0.1387179233090161,-0.1875358697059938,-0.3271308520283436
0.9542658256530216,0.1098453154986463,-0.0011485636883749,0.1380424449684704,-0.1915617523959115,-0.3271126327676413
0.9547399497719882,0.1091788111275387,-0.0022747846842301,0.1373544777698693,-0.1955904088478842,-0.327058540336031
0.9552077185117456,0.1085041501262246,-0.0033912924154155,0.1366541955592617,-0.1996216601590741,-0.3269682367842805
0.9556691685402496,0.1078215012721698,-0.0044980587604553,0.1359417713902926,-0.2036553108045732,-0.3268413805115669
0.9561243370382634,0.1071310316780013,-0.0055950562091798,0.135217377187347,-0.2076911508040257,-0.3266776267474183
0.9565732618713704,0.1064329065552157,-0.0066822583290174,0.1344811835057852,-0.211728957125862,-0.3264766279563164
0.9570159816921228,0.1057272890451977,-0.0077596400744396,0.1337333593550234,-0.2157684946042082,-0.326238034193942
0.957452535588168,0.1050143407696873,-0.0088271769922918,0.1329740727837576,-0.2198095127313137,-0.3259614937110447
0.957882963620734,0.1042942209506057,-0.0098848465967895,0.1322034899469906,-0.223851750617803,-0.3256466530618211
0.9583073059437314,0.1035670878543036,-0.010932626271267,0.1314217766505459,-0.2278949287980343,-0.325293158141431
0.9587256033697844,0.1028330978756875,-0.0119704947069867,0.130629097383369,-0.2319387544254101,-0.3249006543296185
0.9591378975021146,0.1020924052663779,-0.0129984322989259,0.1298256150222328,-0.2359829226756175,-0.3244687867595747
0.9595442301604996,0.1013451631346628,-0.014016419779788,0.1290114919171302,-0.2400271112215358,-0.3239972013454438
0.959944643453176,0.1005915233560435,-0.0150244384437334,0.128186889809988,-0.2440709808121398,-0.3234855453353041
0.960339180253518,0.0998316356724422,-0.0160224714029043,0.127351968856693,-0.2481141801165616,-0.3229334672317305
0.9607278835345496,0.0990656489348814,-0.0170105019699073,0.126506888993745,-0.2521563390649216,-0.3223406181687102
0.9611107968751464,0.0982937101296875,-0.0179885149925264,0.1256518088779884,-0.2561970740716077,-0.3217066517731164
0.9614879640645884,0.0975159651410435,-0.0189564959072789,0.1247868867347126,-0.260235984031698,-0.3210312253020999
0.961859429326954,0.0967325582949543,-0.0199144313671977,0.1239122798623925,-0.2642726527665883,-0.320313999855701
0.9622252369935366,0.095943633037827,-0.0208623084536212,0.1230281453991695,-0.2683066455853232,-0.3195546415827924
0.96258543184907,0.0951493312014407,-0.0218001156232018,0.1221346395131052,-0.2723375131582934,-0.3187528216215333
0.9629400589159572,0.0943497934421395,-0.0227278422079977,0.1212319179017176,-0.2763647893369979,-0.3179082171039127
0.963289163469324,0.0935451591996365,-0.0236454785086335,0.120320135756894,-0.2803879914775729,-0.317020511745741
0.9636327910122962,0.0927355667403535,-0.0245530157842029,0.1193994478247515,-0.2844066203478947,-0.3160893965269304
0.963970987247382,0.0919211532120404,-0.025450446230856,0.118470008479128,-0.2884201600010903,-0.3151145704000622
0.9643037979925636,0.091102054839278,-0.0263377628113064,0.1175319719576758,-0.292428076987243,-0.3140957411947627
0.964631269467516,0.0902784061996306,-0.0272149600726081,0.1165854915439633,-0.2964298240710422,-0.3130326253703542
0.9649534477851506,0.0894503414644376,-0.0280820328425705,0.1156307210014077,-0.3004248343720352,-0.3119249502397011
0.9652703794441146,0.088617993145633,-0.0289389776012797,0.1146678131457626,-0.3044125276813011,-0.3107724530310162
0.9655821109372418,0.0877814930684545,-0.0297857914833944,0.1136969209761338,-0.3083923059906718,-0.3095748828349923
0.965888688982401,0.0869409717476916,-0.0306224729539699,0.1127181969659316,-0.3123635567524676,-0.308332000426858
0.9661901602793824,0.0860965590191899,-0.0314490211998353,0.1117317938080487,-0.3163256501669568,-0.3070435798551202
0.966486571624944,0.0852483837168413,-0.0322654364918294,0.1107378640534631,-0.3202779410469182,-0.3057094086820555
0.9667779699055644,0.0843965736641281,-0.0330717202170516,0.1097365601125657,-0.3242197691906293,-0.3043292886461251
0.9670644020446202,0.0835412557999688,-0.0338678747839891,0.1087280344145136,-0.3281504591613654,-0.3029030365442643
0.9673459150830644,0.0826825559073705,-0.0346539038976013,0.1077124390984049,-0.3320693219212371,-0.3014304844534742
0.9676225559927196,0.0818205991466717,-0.0354298120891474,0.1066899266540889,-0.3359756528041878,-0.2999114813052038
0.9678943717939008,0.0809555096782087,-0.0361956050914715,0.1056606494888342,-0.3398687336990956,-0.2983458929338008
0.96816140954332,0.0800874106587957,-0.0369512898554287,0.1046247599321893,-0.3437478335221452,-0.296733602711308
0.9684237162454076,0.0792164244938718,-0.0376968743473627,0.1035824105466786,-0.3476122075844023,-0.2950745126635928
0.9686813388776292,0.0783426727306653,-0.0384323676661314,0.1025337540116848,-0.3514610986095108,-0.2933685439370528
0.9689343243047628,0.0774662763242049,-0.0391577798429564,0.1014789434538676,-0.3552937361332637,-0.2916156379761344
0.9691827195273922,0.0765873547411183,-0.0398731225993993,0.1004181313776063,-0.3591093410081128,-0.2898157553545608
0.969426571315981,0.0757060271897796,-0.0405784083428593,0.0993514711537737,-0.3629071206339103,-0.2879688788404237
0.96966592649276,0.0748224115951892,-0.0412736510203384,0.0982791157916929,-0.3666862740619857,-0.2860750119084033
0.9699008317852504,0.073936625069788,-0.0419588657407207,0.0972012185127843,-0.3704459906026089,-0.2841341802526705
0.9701313338194102,0.0730487839038849,-0.0426340687957471,0.0961179327458299,-0.3741854505658811,-0.2821464323271567
0.9703574791506075,0.0721590034038881,-0.0432992777916307,0.095029411934761,-0.3779038266607523,-0.2801118395094251
0.9705793142485256,0.0712673978965023,-0.0439545116461622,0.0939358095462889,-0.3816002847025321,-0.2780304965860774
0.9707968854434732,0.0703740808945686,-0.0445997904695122,0.0928372792757804,-0.3852739836840841,-0.2759025226033371
0.9710102390211992,0.0694791646558414,-0.0452351358837121,0.0917339745059624,-0.3889240783706222,-0.2737280602492094
0.9712194211309388,0.0685827604935356,-0.0458605707888082,0.0906260486867397,-0.3925497188003135,-0.2715072769620507
0.9714244778547704,0.0676849784164707,-0.0464761196068978,0.0895136548881715,-0.3961500525471847,-0.269240364390133
0.9716254551026596,0.0667859275116083,-0.0470818080039827,0.0883969462690995,-0.3997242239917395,-0.2669275396456728
0.9718223987576388,0.0658857152244025,-0.0476776633618057,0.0872760751777534,-0.4032713780145322,-0.2645690437225521
0.972015354515788,0.0649844479868585,-0.0482637143302834,0.0861511939224676,-0.4067906583162966,-0.2621651433034774
0.9722043679875776,0.0640822306728679,-0.0488399911661024,0.0850224540837834,-0.4102812104037258,-0.25971612950096
0.9723894846746428,0.0631791665976469,-0.0494065256954202,0.0838900064989711,-0.4137421823962817,-0.2572223179250523
0.972570749949556,0.0622753575071847,-0.0499633512830512,0.0827540012330444,-0.4171727258814184,-0.2546840486878704
0.9727482089817324,0.0613709038490285,-0.0505105026326967,0.0816145879034673,-0.4205719957244105,-0.2521016871795324
0.9729219068710744,0.0604659039900863,-0.0510480162249854,0.0804719146774859,-0.4239391538447808,-0.2494756218036785
0.97309188857484,0.0595604544464677,-0.0515759301199142,0.0793261285373129,-0.4272733691122768,-0.2468062644654883
0.9732581989591006,0.058654649466381,-0.052094284142013,0.0781773747270153,-0.4305738196409426,-0.2440940491359015
0.9734208826121924,0.0577485819035291,-0.0526031193217623,0.0770257978336326,-0.4338396903578146,-0.2413394342179614
0.9735799840263628,0.0568423420977996,-0.0531024784809874,0.075871540341027,-0.437070177838899,-0.2385428989227324
0.9737355474995292,0.0559360182550611,-0.0535924059456602,0.0747147430801278,-0.4402644896189436,-0.2357049440313417
0.973887617160424,0.0550296961458569,-0.0540729476413777,0.0735555448126103,-0.4434218459417365,-0.2328260905477145
0.9740362369518184,0.0541234590284795,-0.0545441510557714,0.0723940820970273,-0.4465414806567317,-0.2299068789642085
0.9741814505694508,0.0532173878501954,-0.0550060650571308,0.0712304895107768,-0.4496226411410568,-0.2269478693892091
0.9743233014559484,0.0523115611310681,-0.0554587398834515,0.0700648994658303,-0.4526645893143375,-0.2239496406394472
0.974461832887306,0.0514060542272735,-0.0559022274263374,0.0688974412213789,-0.4556666046491031,-0.2209127871763781
0.9745970878084734,0.0505009401963804,-0.0563365807115692,0.0677282419564611,-0.4586279817608037,-0.2178379212988362
0.974729108924324,0.0495962890292109,-0.0567618541921237,0.0665574257391891,-0.4615480334352105,-0.2147256698800553
0.9748579385785378,0.0486921682834809,-0.0571781033587626,0.0653851143037494,-0.4644260889952104,-0.2115766757935545
0.9749836188641516,0.0477886421361738,-0.0575853850938807,0.0642114257804365,-0.467261497735277,-0.2083915938700804
0.9751061915303864,0.0468857718219243,-0.0579837573671123,0.0630364752174758,-0.4700536278130168,-0.2051710915670266
0.975225697929116,0.0459836158466907,-0.0583732790535004,0.0618603748159362,-0.4728018659056433,-0.2019158489148474
0.9753421789902844,0.0450822300166077,-0.0587540098420475,0.0606832339260531,-0.4755056174424756,-0.1986265578206016
0.9754556753187964,0.0441816665033198,-0.0591260105403,0.0595051577824745,-0.4781643096335756,-0.1953039177877727
0.9755662270449768,0.0432819748037178,-0.0594893425718058,0.0583262487117664,-0.4807773887376234,-0.1919486385015285
0.9756738738456374,0.0423832014195647,-0.0598440680272602,0.0571466056713747,-0.4833443211917931,-0.1885614377840873
0.9757786549622252,0.0414853895184958,-0.0601902497059652,0.0559663237602345,-0.4858645946629426,-0.1851430393937586
0.9758806090599068,0.0405885799667487,-0.0605279506295282,0.0547854955331853,-0.4883377152098466,-0.1816941760416324
0.9759797743677544,0.0396928099661552,-0.0608572344820383,0.0536042091668352,-0.4907632111409711,-0.178215583290283
0.9760761885386836,0.0387981141062965,-0.061178165122229,0.0524225498015672,-0.4931406300662812,-0.1747080026562577
0.9761698886452842,0.0379045242897129,-0.0614908065418914,0.051240599405122,-0.4954695391351883,-0.1711721804672598
0.9762609112098688,0.0370120693088862,-0.0617952229379331,0.0500584361741974,-0.4977495260942453,-0.1676088653053985
0.9763492921503506,0.0361207752159937,-0.0620914785026716,0.0488761349842451,-0.499980198210565,-0.1640188085700945
0.9764350667756572,0.0352306652428328,-0.0623796373776155,0.0476937672462665,-0.5021611823611399,-0.1604027632891099
0.9765182697734917,0.0343417597937574,-0.0626597635807321,0.046511400860665,-0.5042921248849912,-0.1567614832194699
0.9765989351352412,0.0334540771439054,-0.0629319207204422,0.0453291011118546,-0.5063726897600784,-0.1530957248795626
0.9766770961970124,0.032567632933642,-0.063196172099123,0.0441469299644823,-0.5084025596923961,-0.1494062446969443
0.976752785654747,0.0316824398752232,-0.0634525807302241,0.042964945638718,-0.5103814365374791,-0.1456937969590107
0.9768260354927688,0.0307985084667504,-0.0637012090616273,0.0417832035310841,-0.5123090394197959,-0.1419591359928306
0.9768968769869066,0.0299158469060421,-0.0639421189499359,0.0406017560716106,-0.5141851047303521,-0.1382030150738876
0.97696534067978,0.0290344613508583,-0.0641753715399762,0.0394206530453429,-0.5160093853557772,-0.1344261868197385
0.9770314564302188,0.0281543552284819,-0.0644010273967336,0.0382399406409741,-0.5177816518504158,-0.1306293995269385
0.9770952533556568,0.0272755298971928,-0.0646191462729659,0.0370596623108318,-0.5195016907358522,-0.1268133992935785
0.9771567597806106,0.02639798536404,-0.0648297868958345,0.0358798597133621,-0.5211693028880773,-0.1229789325168802
0.9772160033388134,0.0255217188449051,-0.0650330072796412,0.0347005707569659,-0.5227843060579657,-0.1191267390048727
0.9772730108490134,0.0246467265271631,-0.0652288642640966,0.0335218319493791,-0.5243465312428468,-0.1152575590783892
0.9773278084205828,0.0237730020130163,-0.0654174138403783,0.03234367628387,-0.5258558252792841,-0.1113721261577616
0.9773804213788324,0.0229005374237861,-0.0655987108592452,0.0311661347073495,-0.5273120485049255,-0.1074711710622537
0.9774308742768572,0.0220293232552985,-0.0657728090362272,0.0299892359097802,-0.5287150747564359,-0.1035554208600677
0.9774791909131422,0.0211593480812747,-0.0659397609777151,0.028813005907667,-0.5300647915255958,-0.0996255970242532
0.9775253942970308,0.0202905991709692,-0.0660996180276757,0.027637468863982,-0.5313610986508837,-0.0956824177260773
0.9775695066191232,0.0194230631743122,-0.0662524301312412,0.0264626480044175,-0.5326039071135028,-0.091726600533479
0.9776115493749308,0.0185567237617096,-0.0663982462302251,0.0252885624097283,-0.5337931421503159,-0.0877588512268767
0.9776515432062234,0.0176915647903811,-0.0665371136816245,0.0241152312924717,-0.5349287384108227,-0.0837798778232067
0.977689508028476,0.0168275677951371,-0.0666690786682558,0.0229426705877647,-0.5360106431751279,-0.0797903787198555
0.9777254629407328,0.015964713984538,-0.0667941858556582,0.0217708956510583,-0.5370388134149634,-0.0757910514985355
0.9777594263037744,0.0151029825373725,-0.0669124786344619,0.0205999189382653,-0.5380132176361841,-0.0717825847133488
0.9777914156691426,0.0142423523819344,-0.0670239988450856,0.0194297524148166,-0.5389338334655425,-0.0677656658081892
0.9778214478313508,0.0133828010242236,-0.0671287869320668,0.0182604059580044,-0.5398006487615584,-0.0637409753762188
0.9778495387970546,0.0125243054880337,-0.0672268818102377,0.0170918886298269,-0.5406136603475263,-0.0597091912599417
0.9778757038261338,0.0116668412151276,-0.0673183209828106,0.0159242071757497,-0.5413728748227753,-0.0556709831227407
0.9778999573853692,0.01081038362069,-0.0674031403553591,0.0147573681381289,-0.5420783068510993,-0.0516270195029235
0.9779223131865258,0.0099549070715691,-0.0674813743456563,0.0135913764624059,-0.5427299798991193,-0.0475779627800106
0.9779427841841748,0.0091003850113935,-0.0675530558541037,0.0124262356642301,-0.5433279258192291,-0.0435244695274003
0.9779613825601996,0.0082467907797619,-0.0676182161885402,0.011261948944463,-0.5438721840489327,-0.0394671941898484
0.9779781197499736,0.0073940967247811,-0.0676768851360921,0.0100985179778841,-0.5443628020366325,-0.0354067846820635
0.977993006439106,0.0065422743712395,-0.0677290909331716,0.0089359431409241,-0.5447998348198501,-0.0313438829905064
0.9780060525501016,0.0056912954073458,-0.067774860201159,0.0077742248579903,-0.5451833443156187,-0.0272791297097937
0.9780172672620464,0.0048411309415701,-0.0678142179990399,0.0066133625876702,-0.5455133995915773,-0.0232131603474479
0.978026659009474,0.00399175182451,-0.0678471878042276,0.0054533552624378,-0.5457900765391699,-0.0191466067095646
0.9780342354899266,0.0031431283100812,-0.0678737915250519,0.0042942008266463,-0.5460134578151226,-0.0150800951370674
0.9780400036619036,0.0022952305308122,-0.0678940494806471,0.0031358968866284,-0.5461836325126433,-0.0110142486471776
0.9780439697514032,0.0014480281024001,-0.0679079804121651,0.0019784401718676,-0.546300696099104,-0.0069496849130024
0.9780461392501748,0.00060149148517,-0.0679156014660233,0.0008218283966425,-0.5463647501227882,-0.0028870226774659
0.9780465169282638,-0.0002444105524097,-0.0679169282284981,-0.0003339432036909,-0.5463759023553411,0.0011731305308489
0.9780451068289296,-0.0010897078994558,-0.0679119746995366,-0.0014888777251486,-0.5463342664277744,0.0052301639448881
0.9780419083334274,-0.0019352459919665,-0.0679007394630852,-0.0026440926312597,-0.5462398454790136,0.0092873827073314
0.978036917368294,-0.0027812723960002,-0.0678832099308219,-0.0037998884038077,-0.5460925678648206,0.0133452204779653
0.9780301292833388,-0.0036278159174157,-0.0678593724590614,-0.0049562665129022,-0.5458923722972832,0.0174030589355301
0.9780215387107836,-0.0044749056180653,-0.0678292118617139,-0.0061132286618112,-0.5456392038560166,0.0214602791357301
0.978011139570244,-0.0053225698757645,-0.0677927114366625,-0.0072707755020039,-0.5453330143180527,0.0255162571358981
0.977998925056752,-0.0061708372787176,-0.0677498529336845,-0.008428907854031,-0.5449737620002068,0.0295703684138234
0.9779848876411524,-0.0070197361330818,-0.0677006165669336,-0.0095876260342365,-0.5445614119787479,0.0336219856458922
0.9779690190676272,-0.0078692944045897,-0.0676449810184361,-0.0107469297747187,-0.5440959362362825,0.037670478573892
0.9779513103605638,-0.0087195392405005,-0.067582923475419,-0.0119068175712154,-0.5435773140936007,0.041715211885565
0.9779317518017936,-0.0095704979551382,-0.0675144195648847,-0.0130672880281527,-0.5430055317842568,0.0457555500705922
0.977910332952606,-0.0104221967989386,-0.0674394434461899,-0.0142283381801397,-0.5423805833513625,0.0497908517369078
0.9778870426308732,-0.0112746618496181,-0.0673579677474321,-0.0153899647086728,-0.5417024702403733,0.0538204740289852
0.9778618689208368,-0.0121279184367797,-0.0672699636173154,-0.0165521631591059,-0.5409712018564183,0.0578437700896357
0.9778347991670436,-0.0129819912612895,-0.0671754007225704,-0.0177149281056194,-0.5401867956668465,0.0618600898327787
0.9778058199471474,-0.0138369050570853,-0.0670742471727349,-0.0188782540540415,-0.5393492767031633,0.0658687832562893
0.9777749171326784,-0.014692682636867,-0.0669664697531091,-0.0200421327850417,-0.5384586796142059,0.0698691914948808
0.9777420758356592,-0.0155493464763526,-0.0668520337599992,-0.0212065555149149,-0.5375150474188569,0.0738606545162651
0.9777072804179484,-0.0164069182737945,-0.0667309030561804,-0.0223715122999466,-0.5365184320838495,0.0778425093003367
0.9776705144782432,-0.0172654191384881,-0.0666030400494929,-0.0235369922968458,-0.5354688944635084,0.0818140909727436
0.977631760870625,-0.0181248690287994,-0.0664684057821817,-0.0247029830047074,-0.5343665051453436,0.0857747304755862
0.9775910017168898,-0.0189852864642482,-0.0663269599991985,-0.0258694698819019,-0.5332113451098844,0.0897237535643293
0.9775482183632964,-0.0198466893996482,-0.0661786610245052,-0.0270364375389926,-0.5320035048154841,0.0936604851515427
0.9775033914409488,-0.0207090939118163,-0.0660234659978647,-0.0282038679669231,-0.5307430862185702,0.0975842436286063
0.9774565007683154,-0.021572516052031,-0.0658613305654059,-0.0293717430543355,-0.5294302003385734,0.1014943496645835
0.9774075254575664,-0.0224369697161267,-0.0656922092769378,-0.0305400417133397,-0.5280649705585385,0.1053901168746006
0.9773564438488908,-0.023302467862104,-0.0655160553883174,-0.0317087415384714,-0.5266475310795833,0.1092708577527926
0.9773032335441388,-0.0241690218581423,-0.0653328210081709,-0.0328778179366531,-0.5251780281549547,0.1131358811362579
0.9772478713808992,-0.0250366418832397,-0.0651424570396463,-0.0340472446805765,-0.5236566196567768,0.1169844944293868
0.977190333463384,-0.0259053363933493,-0.064944913318485,-0.0352169932018878,-0.5220834762038977,0.120816001671234
0.977130595174366,-0.0267751119640378,-0.0647401386858139,-0.0363870323954054,-0.5204587817389227,0.1246297033419879
0.9770686311205224,-0.0276459740809391,-0.0645280808333402,-0.0375573296984134,-0.5187827322852863,0.1284249003267107
0.9770044151600084,-0.028517926670375,-0.0643086864315982,-0.0387278504736041,-0.5170555369452334,0.1322008923238397
0.9769379204907628,-0.0293909709308102,-0.0640819014646942,-0.0398985564594548,-0.5152774204780063,0.1359569733413211
0.9768691195052006,-0.0302651073044814,-0.0638476707675947,-0.0410694084355174,-0.5134486195858254,0.1396924407805145
0.9767979839705504,-0.0311403331364857,-0.0636059386746837,-0.0422403631040529,-0.5115693878980009,0.1434065859499001
0.9767244848696174,-0.0320166447430078,-0.0633566485111008,-0.043411375882613,-0.5096399918721226,0.1470987035180207
0.9766485925040546,-0.032894036121073,-0.0630997429781982,-0.0445823991978253,-0.5076607136578777,0.1507680866058803
0.9765702765107158,-0.0337724988410566,-0.0628351642417495,-0.0457533823679348,-0.5056318515898809,0.154414027017223
0.9764895057907024,-0.0346520228950674,-0.0625628537254555,-0.046924272758961,-0.503553718400082,0.158035819421905
0.9764062486438844,-0.0355325952592725,-0.0622827525980047,-0.0480950138953044,-0.5014266447128087,0.1616327560803609
0.9763204726457552,-0.0364142013060835,-0.0619948013902199,-0.0492655473675026,-0.499250975855375,0.1652041333595647
0.9762321447834852,-0.0372968234329127,-0.0616989404847053,-0.0504358110374003,-0.4970270752797091,0.1687492468370716
0.97614123139067,-0.0381804418419385,-0.0613951099271918,-0.051605740105008,-0.4947553227921689,0.1722673952208789
0.9760476981944476,-0.0390650341509054,-0.061083249614765,-0.0527752666228869,-0.4924361156037699,0.1757578795195338
0.9759515103252376,-0.0399505754062295,-0.060763299357346,-0.0539443195462682,-0.4900698683806532,0.1792200038642644
0.9758526323348794,-0.0408370380229939,-0.0604351989660851,-0.0551128246873091,-0.4876570134568734,0.1826530760494249
0.975751028225556,-0.0417243916446662,-0.0600988883759966,-0.056280704565044,-0.4851980012547862,0.1860564077812981
0.9756466614293277,-0.0426126034431965,-0.0597543076036698,-0.0574478788358302,-0.4826932994589224,0.1894293166228651
0.975539494857255,-0.0435016378088803,-0.0594013969342163,-0.0586142639205446,-0.4801433938325986,0.1927711255860875
0.9754294909313674,-0.0443914562271617,-0.0590400970486814,-0.0597797728807622,-0.4775487885402117,0.1960811634840976
0.975316611625688,-0.0452820171085057,-0.058670349178565,-0.0609443152356642,-0.4749100066092042,0.1993587651367731
0.9752008184024544,-0.0461732764463745,-0.0582920949153104,-0.0621077978617677,-0.4722275878922022,0.2026032746101314
0.975082072354466,-0.0470651868583403,-0.0579052766928018,-0.0632701237789338,-0.4695020917895248,0.205814042501592
0.9749603340731048,-0.0479576987559279,-0.057509837371175,-0.0644311937164935,-0.4667340935517615,0.2089904309819706
0.974835563834362,-0.048850759109303,-0.0571057208553776,-0.0655909045430073,-0.4639241878520426,0.2121318101277994
0.9747077215306632,-0.0497443121452374,-0.0566928718823682,-0.0667491502171183,-0.4610729864475022,0.2152375612270504
0.974576766659097,-0.0506382995779929,-0.0562712359922605,-0.0679058221249974,-0.4581811171429116,0.2183070783025826
0.9744426584647844,-0.0515326597929529,-0.0558407599961854,-0.0690608080632798,-0.4552492261209376,0.2213397660307708
0.97430535588938,-0.0524273284037773,-0.0554013918117561,-0.0702139930026833,-0.4522779758641126,0.2243350424206795
0.9741648175842414,-0.053322238337556,-0.0549530805061581,-0.071365259236852,-0.4492680445021939,0.2272923397815753
0.9740210019060136,-0.0542173200250138,-0.0544957762812482,-0.0725144866645453,-0.4462201247528845,0.2302111059870437
0.9738738670327586,-0.0551125008481354,-0.0540294308390193,-0.0736615521181437,-0.4431349253668747,0.233090803293327
0.9737233708882608,-0.0560077057972207,-0.0535539971334361,-0.0748063302455084,-0.4400131684448398,0.2359309110900307
0.9735694712876196,-0.0569028567785112,-0.0530694298211434,-0.0759486926610548,-0.4368555913608776,0.2387309242599037
0.973412125777574,-0.0577978737377914,-0.052575684745196,-0.0770885094177377,-0.4336629423202133,0.2414903572558664
0.9732512917268596,-0.0586926742721139,-0.0520727192081173,-0.078225648541424,-0.4304359811164722,0.2442087432882905
0.9730869264478018,-0.0595871731295802,-0.051560492334978,-0.0793599754291584,-0.4271754803795403,0.2468856332549094
0.9729189870354936,-0.0604812832691681,-0.0510389645516028,-0.0804913542270967,-0.4238822211514656,0.2495205993397234
0.9727474305551176,-0.0613749150003627,-0.0505080981473499,-0.081619646768667,-0.4205569953929234,0.2521132327642652
0.9725722138818232,-0.0622679769906047,-0.0499678567547866,-0.0827447138769361,-0.4172006016240927,0.2546631470341949
0.9723932938574598,-0.063160375590147,-0.0494182058103783,-0.0838664145368271,-0.4138138467541473,0.2571699761884003
0.9722106271902796,-0.0640520154891304,-0.0488591122181059,-0.0849846067469667,-0.410397542931001,0.2596333768527208
0.9720241705353456,-0.0649427994454435,-0.0482905445686717,-0.086099147198264,-0.4069525078600516,0.2620530275764947
0.9718338804489164,-0.0658326286352632,-0.0477124729699266,-0.087209891732837,-0.4034795627450291,0.2644286298606194
0.9716397134449042,-0.0667214025036472,-0.0471248691876506,-0.0883166951741805,-0.3999795321387104,0.2667599077559776
0.9714416259219504,-0.0676090192124795,-0.0465277063920616,-0.0894194119004302,-0.3964532414507601,0.2690466089970639
0.9712395743472036,-0.0684953749235339,-0.0459209596778175,-0.0905178949668821,-0.3929015190618251,0.2712885030595742
0.9710335150046384,-0.0693803650254569,-0.0453046052701576,-0.091611997641028,-0.3893251907091098,0.2734853841693209
0.9708234041640312,-0.0702638834641093,-0.0446786209987775,-0.0927015725783158,-0.3857250813976928,0.2756370693612665
0.9706091980013268,-0.0711458231699699,-0.0440429860226905,-0.0937864723571785,-0.382102012939861,0.277743399292774
0.9703908527563276,-0.0720260754896702,-0.0433976812600377,-0.0948665487849294,-0.3784568055681504,0.2798042366002956
0.9701683244731866,-0.0729045313199472,-0.0427426885803989,-0.0959416542944,-0.3747902725469958,0.2818194682553627
0.9699415693113907,-0.0737810799231639,-0.0420779916841435,-0.0970116404919189,-0.3711032243732704,0.2837890024196851
0.9697105432720212,-0.0746556100789139,-0.0414035752553051,-0.0980763595674984,-0.3673964632907141,0.2857127706946817
0.9694752023478066,-0.0755280095432056,-0.0407194253633383,-0.0991356636298378,-0.3636707848597511,0.2875907264189816
0.9692355025294634,-0.0763981650894582,-0.0400255294384072,-0.100189404754627,-0.3599269771435683,0.2894228443084679
0.9689913996930428,-0.0772659629645691,-0.0393218759035802,-0.1012374355319577,-0.3561658181054671,0.291209120908968
0.9687428497670332,-0.0781312883257031,-0.0386084546163481,-0.1022796083780788,-0.3523880774111395,0.2929495728750367
0.968489808637125,-0.0789940256303472,-0.0378852565494668,-0.103315776000995,-0.3485945141567018,0.2946442372402866
0.9682322321320656,-0.0798540587116056,-0.037152273708957,-0.1043457914811667,-0.3447858759478385,0.296293170965333
0.9679700760576077,-0.0807112706875463,-0.0364094991890505,-0.1053695081521058,-0.340962898733655,0.2978964501432946
0.9677032962690584,-0.0815655437578245,-0.0356569273332645,-0.1063867793481512,-0.3371263071915787,0.2994541690145456
0.9674318485413836,-0.082416759652543,-0.0348945533227937,-0.1073974589291908,-0.3332768122163368,0.3009664401700049
0.9671556886932052,-0.0832647992536082,-0.0341223734830103,-0.1084014008172814,-0.3294151121312403,0.3024333932054601
0.9668747726946256,-0.084109542308087,-0.0333403855359605,-0.1093984586491,-0.3255418935724523,0.3038551736253501
0.9665890562487264,-0.0849508687099774,-0.0325485873896766,-0.1103884872769194,-0.3216578251867394,0.3052319443483185
0.9662984952346012,-0.0857886571645196,-0.0317469783304622,-0.1113713411755915,-0.3177635633182998,0.3065638827467247
0.966003045670406,-0.0866227853523008,-0.0309355588671676,-0.112346874629148,-0.3138597509293757,0.3078511803333634
0.9657026635150544,-0.0874531305147721,-0.0301143301384318,-0.1133149424040998,-0.3099470145204028,0.3090940430180144
0.9653973048213028,-0.0882795690245321,-0.0292832942892525,-0.1142753992314296,-0.306025965792231,0.3102926897478479
0.9650869257255472,-0.0891019764327558,-0.0284424543952291,-0.1152280998495262,-0.3020972011251201,0.3114473519233757
0.9647714825044768,-0.0899202273367406,-0.0275918145679125,-0.1161728988383396,-0.2981613019368467,0.3125582725589068
0.9644509313580458,-0.0907341959488669,-0.0267313793235488,-0.1171096512620911,-0.2942188316774017,0.3136257063819653
0.9641252289010008,-0.091543754848622,-0.0258611548572935,-0.1180382112179974,-0.2902703416190652,0.3146499175175232
0.9637943316210807,-0.092348776373912,-0.0249811475397889,-0.1189584334254573,-0.2863163639096836,0.3156311806745372
0.9634581963369004,-0.0931491314819696,-0.0240913650947336,-0.1198701719048146,-0.2823574169156926,0.3165697790383239
0.9631167798754852,-0.0939446905466166,-0.0231918156919523,-0.1207732808769464,-0.278394001136857,0.3174660046165792
0.9627700392740866,-0.0947353228700465,-0.022282508436742,-0.1216676141919801,-0.2744266014385398,0.3183201570070829
0.9624179317470212,-0.0955208967695201,-0.0213634532331738,-0.1225530254162119,-0.2704556864843574,0.319132542884111
0.9620604149319418,-0.0963012790461624,-0.0204346613748715,-0.1234293672239948,-0.2664817113192083,0.3199034748671944
0.9616974464119176,-0.0970763360482366,-0.0194961442504604,-0.124296492583172,-0.2625051118732768,0.3206332720046518
0.9613289841883398,-0.0978459326304109,-0.0185479145260705,-0.1251542535728309,-0.2585263101470009,0.3213222581299649
0.960954986455378,-0.098609932651681,-0.0175899855094205,-0.1260025019321118,-0.254545711600377,0.3219707617811447
0.960575411661516,-0.099368198838863,-0.0166223712614012,-0.1268410888956556,-0.2505637057738868,0.322579115490619
0.960190218591852,-0.1001205926222077,-0.0156450867566957,-0.127669865001509,-0.2465806670947456,0.3231476550961615
0.9597993663347524,-0.1008669742061941,-0.0146581477481175,-0.1284886801604759,-0.2425969544683066,0.3236767192625582
0.9594028143855776,-0.1016072023735539,-0.0136615709780606,-0.12929738343233,-0.2386129122950712,0.3241666488165876
0.9590005225437054,-0.10234113468344,-0.012655373867809,-0.1300958232348633,-0.2346288693935539,0.3246177863737428
0.9585924509176588,-0.1030686274479476,-0.0116395744837813,-0.1308838473074034,-0.2306451390863604,0.3250304757915816
0.9581785600283874,-0.1037895355364597,-0.01061419174708,-0.1316613024890936,-0.2266620202438438,0.325405061547023
0.9577588109888208,-0.1045037120721755,-0.0095792458244507,-0.1324280343867096,-0.2226797989850703,0.3257418881239849
0.9573331652842464,-0.1052110088213969,-0.0085347575306003,-0.1331838877895639,-0.2186987465531941,0.3260412997681626
0.9569015847628448,-0.1059112761880639,-0.0074807482592455,-0.1339287066534557,-0.214719119316822,0.3263036399930729
0.9564640319501336,-0.1066043626947055,-0.0064172407013994,-0.1346623335416284,-0.2107411617232866,0.3265292509340835
0.9560204697924598,-0.1072901154022081,-0.0053442581651971,-0.1353846100675049,-0.206765103950317,0.3267184730931046
0.9555708618913504,-0.107968379534161,-0.0042618250937703,-0.1360953764921504,-0.2027911640848997,0.3268716447998278
0.9551151723287654,-0.1086389987427922,-0.003169966590395,-0.1367944720001136,-0.1988195466078769,0.3269891018826174
0.9546533661113972,-0.1093018144534033,-0.0020687094297059,-0.1374817340128034,-0.1948504463120569,0.3270711771679125
0.9541854084730604,-0.1099566668767621,-0.0009580803363731,-0.138156999238468,-0.1908840423118406,0.3271182002590453
0.9537112656200044,-0.1106033939235814,0.000161892287292,-0.1388201025413806,-0.1869205045454776,0.327130497011836
0.9532309045681676,-0.1112418314625959,0.001291178812292,-0.1394708772136671,-0.1829599923408376,0.3271083892696628
0.952744291941472,-0.1118718148647257,0.0024297512465243,-0.1401091565363367,-0.1790026447267847,0.3270521943658069
0.95225139581464,-0.1124931765103581,0.003577578944129,-0.1407347712285832,-0.1750485958127761,0.3269622248026544
0.9517521855248724,-0.1131057461254024,0.0047346291321485,-0.1413475498108015,-0.1710979730003428,0.3268387881066745
0.951246631457835,-0.1137093510998586,0.0059008674817472,-0.1419473189378239,-0.1671508951533578,0.3266821865809657
0.9507347050623656,-0.1143038164937823,0.0070762581395724,-0.1425339034117534,-0.1632074726825945,0.3264927170575142
0.9502163785575212,-0.114888965381109,0.0082607644596423,-0.1431071265235763,-0.1592678053219529,0.3262706705070249
0.94969162573627,-0.1154646179447478,0.0094543472260747,-0.14366680916909,-0.1553319882729432,0.3260163321070486
0.94916042113103,-0.1160305924372449,0.0106569666253461,-0.144212770796819,-0.1514001058455547,0.3257299806446805
0.94862274042232,-0.1165867047099624,0.0118685813688062,-0.1447448289468494,-0.1474722346343396,0.3254118884098447
0.948078560946237,-0.1171327677147115,0.0130891476181196,-0.1452627987839665,-0.143548447181547,0.325062321282651
0.9475278612320042,-0.1176685920196409,0.0143186201007093,-0.1457664936042096,-0.1396288085202327,0.3246815382693267
0.9469706210941312,-0.1181939857178317,0.0155569519645309,-0.1462557247515505,-0.1357133768713658,0.324269791315576
0.946406821902679,-0.1187087541853434,0.0168040942434504,-0.1467303013996338,-0.131802205537247,0.3238273252854
0.94583644650936,-0.1192127001786108,0.0180599960930201,-0.1471900306538575,-0.1278953423304575,0.3233543777132795
0.9452594797117826,-0.1197056234586218,0.0193246038426125,-0.1476347172223837,-0.1239928326819039,0.3228511790086948
0.9446759075013988,-0.1201873214738886,0.0205978627207095,-0.1480641640483221,-0.1200947144636365,0.3223179516316888
0.9440857180534364,-0.1206575885419371,0.021879714757957,-0.1484781715832441,-0.116201024632573,0.3217549107707907
0.9434889010826248,-0.1211162164248886,0.0231701002717916,-0.148876538317713,-0.1123117948256739,0.3211622635957257
0.9428854483827775,-0.1215629939267868,0.0244689567681102,-0.1492590604391477,-0.1084270548664517,0.3205402095916792
0.9422753539600196,-0.1219977068571058,0.0257762187405524,-0.14962553182534,-0.104546833470574,0.3198889405652925
0.9416586136111932,-0.1224201383793133,0.027091818655348,-0.1499757443586133,-0.1006711554533825,0.3192086400447202
0.9410352254453004,-0.1228300686736366,0.0284156859109479,-0.1503094876567431,-0.0968000449742308,0.3184994836693146
0.940405189549484,-0.1232272752042502,0.0297477476290978,-0.1506265493114481,-0.0929335233538913,0.3177616386613042
0.9397685091538028,-0.1236115320386873,0.031087926276207,-0.1509267143687862,-0.0890716161001625,0.3169952650488775
0.9391251893355128,-0.1239826107315862,0.0324361424914564,-0.151209766062784,-0.0852143448014791,0.3162005140232062
0.9384752378182226,-0.1243402798662653,0.0337923134783624,-0.1514754854690039,-0.0813617319362509,0.3153775287226292
0.9378186652355904,-0.1246843049881158,0.0351563525471069,-0.1517236514909511,-0.0775138022572591,0.314526444453912
0.9371554848455108,-0.1250144488359957,0.0365281698017479,-0.151954041065249,-0.073670580935398,0.3136473882110455
0.9364857128723192,-0.1253304712309053,0.0379076715177349,-0.1521664291127117,-0.069832095423878,0.312740478991333
0.9358093681459552,-0.1256321293129096,0.0392947609727878,-0.1523605887310049,-0.0659983732562387,0.3118058271774911
0.9351264729971652,-0.1259191772009473,0.0406893366955995,-0.1525362910063239,-0.0621694470102524,0.3108435356364979
0.9344370526572026,-0.1261913663520636,0.0420912937920879,-0.1526933052912349,-0.0583453507224593,0.3098536987856436
0.9337411358461536,-0.1264484453948877,0.0435005228346896,-0.1528313991453951,-0.0545261230377339,0.30883640330423
0.9330387549121816,-0.1266901601919967,0.0449169096814352,-0.1529503384371826,-0.0507118077552636,0.3077917282527342
0.9323299448812536,-0.1269162542472546,0.046340337481076,-0.1530498875942074,-0.0469024485354685,0.3067197435397524
0.9316147453657226,-0.1271264681561434,0.047770682921057,-0.1531298093994971,-0.0430980990801137,0.3056205126671633
0.9308931989881571,-0.1273205402271089,0.0492078194921027,-0.1531898653442533,-0.0392988144606101,0.3044940902635245
0.9301653526401245,-0.1274982062005625,0.0506516150588398,-0.1532298155833309,-0.0355046576899814,0.3033405239056109
0.9294312572695032,-0.1276591994509877,0.0521019323882892,-0.153249419111674,-0.0317156983698113,0.3021598537268327
0.9286909673134122,-0.1278032512125174,0.0535586303591311,-0.1532484338869925,-0.0279320096351581,0.3009521114033233
0.9279445421345748,-0.1279300903958165,0.0550215612208971,-0.1532266169323851,-0.0241536753890155,0.299717322391113
0.9271920434168864,-0.1280394441460601,0.056490575788342,-0.1531837243812582,-0.0203807769829198,0.2984555015302292
0.9264335389509294,-0.1281310373148341,0.0579655161099124,-0.1531195117072997,-0.016613412255567,0.2971666592199275
0.9256691011837536,-0.1282045929210833,0.0594462184264411,-0.1530337339117051,-0.0128516878921758,0.295850799023784
0.9248988071913806,-0.1282598323052115,0.0609325133180552,-0.1529261456765538,-0.0090957191323997,0.2945079175689912
0.924122738267046,-0.1282964752845793,0.0624242265817822,-0.1527965014334533,-0.0053456276684367,0.2931380037538477
0.9233409808772104,-0.1283142402264521,0.0639211774719312,-0.1526445556389207,-0.0016015461989144,0.2917410403558189
0.9225536267123672,-0.1283128442413554,0.065423178700533,-0.1524700629833964,0.0021363815119132,0.2903170041132529
0.9217607256214696,-0.128292001561129,0.0669301258152849,-0.1522727662348815,0.0058682213626193,0.2888657790653351
0.920961774922596,-0.1282513857173879,0.0684429608747964,-0.1520522421424029,0.0095966129105339,0.2873862001883036
0.9201568792631756,-0.1281906627885896,0.0699614691521753,-0.1518081932288323,0.0133213172215929,0.285878178548968
0.9193461477943168,-0.1281094977352155,0.0714854313345487,-0.1515403223968978,0.0170420911248047,0.2843416172689749
0.9185296960329784,-0.1280075546623305,0.0730146200907576,-0.1512483335998329,0.0207586785965101,0.2827764148371473
0.9177076464012848,-0.1278844971364569,0.0745487991729958,-0.1509319322783719,0.0244708084816541,0.2811824660856005
0.9168801288716768,-0.1277399885965389,0.0760877223361816,-0.1505908259212779,0.028178191819171,0.2795596634476013
0.9160472798820268,-0.1275736924897433,0.0776311354752455,-0.1502247239388696,0.0318805269194792,0.2779078948552775
0.915209243848892,-0.1273852728566614,0.0791787739226698,-0.1498333385993302,0.0355774927580591,0.2762270467384483
0.9143661722531778,-0.1271743945041906,0.0807303642564683,-0.1494163849735556,0.0392687532234462,0.2745170022840871
0.9135182242869,-0.1269407234877989,0.0822856232069,-0.148973581560042,0.0429539543823856,0.272777642802094
0.9126655668520186,-0.1266839274881368,0.0838442577619264,-0.1485046506471111,0.0466327246165952,0.271008847840717
0.9118083753611622,-0.1264036764606155,0.0854059638058975,-0.1480093191464286,0.0503046712963009,0.2692104970089218
0.9109468327636852,-0.1260996427624041,0.0869704279961069,-0.1474873184594637,0.0539693850811001,0.26738246814461
0.9100811299549588,-0.1257715016736926,0.0885373270964646,-0.1469383850766373,0.0576264381839233,0.265524638349418
0.9092114673778876,-0.1254189324866486,0.0901063251702398,-0.1463622620534674,0.0612753776871364,0.2636368877079081
0.9083380524687464,-0.1250416180063225,0.0916770782813103,-0.1457586978336402,0.0649157363527719,0.2617190940976076
0.9074611022625896,-0.1246392460888595,0.0932492298640422,-0.1451274484273419,0.0685470216773753,0.2597711391706374
0.9065808426371456,-0.1242115099316892,0.0948224121713825,-0.1444682774817544,0.072168719122097,0.2577929071714077
0.9056975074833992,-0.1237581082179616,0.096396247818919,-0.1437809561741486,0.0757802954815397,0.2557842835113761
0.9048113403558574,-0.1232787465154022,0.0979703468955885,-0.1430652650106189,0.0793811920490769,0.253745158991857
0.9039225935027336,-0.1227731374414908,0.0995443087523723,-0.1423209937007092,0.0829708285477063,0.251675428207006
0.9030315286933888,-0.1222410017875889,0.1011177205825229,-0.1415479424649529,0.0865485996902302,0.2495749921023795
0.9021384169999545,-0.1216820691402486,0.1026901578577207,-0.1407459225604888,0.0901138759887284,0.2474437582242815
0.9012435383667756,-0.1210960783534484,0.1042611851207267,-0.1399147565945047,0.0936660053416387,0.2452816404832776
0.9003471821983231,-0.1204827786899573,0.1058303549764048,-0.139054279781891,0.0972043105264074,0.2430885614186734
0.8994496478619736,-0.1198419310412355,0.1073972072404838,-0.1381643412622535,0.1007280870764403,0.2408644544371228
0.8985512442477975,-0.119173308565496,0.1089612697337935,-0.1372448045747294,0.1042366048660663,0.2386092638554631
0.897652289334394,-0.1184766972996196,0.1105220590449039,-0.1362955481026267,0.1077291095900952,0.2363229449735246
0.8967531105897039,-0.117751897428555,0.1120790798288573,-0.1353164664072452,0.1112048209497109,0.2340054663298138
0.895854045214639,-0.1169987245527849,0.1136318243805376,-0.1343074715190002,0.114662931468291,0.231656811738568
0.8949554401087769,-0.1162170108216495,0.1151797726850369,-0.1332684940175734,0.1181026063750956,0.2292769817647497
0.8940576508713058,-0.1154066052467947,0.1167223941150017,-0.1321994830141498,0.1215229871317228,0.2268659927236565
0.8931610432760234,-0.114567376252865,0.1182591448598666,-0.1311004090812771,0.1249231854754736,0.224423882389019
0.8922659916879269,-0.1136992115931288,0.1197894706086692,-0.1299712636713078,0.1283022891222038,0.2219507076941134
0.8913728795403575,-0.1128020201433314,0.1213128056760841,-0.1288120610059126,0.1316593595669626,0.2194465480543225
0.8904820990225398,-0.111875733061243,0.122828573476418,-0.1276228391068584,0.1349934328726878,0.2169115067292865
0.8895940504498729,-0.1109203046457091,0.1243361875223472,-0.1264036604336678,0.1383035216017838,0.2143457113884159
0.8887091431089726,-0.1099357148474742,0.1258350499087641,-0.1251546146145389,0.141588611222625,0.2117493190893136
0.8878277929372524,-0.1089219684009913,0.12732455515505,-0.123875816860354,0.1448476682714449,0.209122512218624
0.8869504236887514,-0.107879097782322,0.1288040881186245,-0.1225674112456649,0.1480796354979617,0.2064655046753865
0.8860774656167513,-0.1068071634873453,0.1302730261054382,-0.121229570574584,0.1512834362133681,0.2037785409498849
0.8852093547445162,-0.1057062549195761,0.1317307399628749,-0.1198624970332297,0.1544579763928686,0.2010618969524645
0.8843465328901877,-0.1045764922723274,0.1331765938935748,-0.1184664240739995,0.1576021439928438,0.1983158833303594
0.8834894457794303,-0.103418025973546,0.1346099484638848,-0.1170416152809426,0.1607148152207287,0.1955408428645186
0.882638543161209,-0.1022310386757014,0.1360301602348195,-0.1155883664009255,0.1637948534502519,0.192737154220217
0.8817942770555666,-0.1010157447402047,0.137436584505884,-0.1141070042971347,0.1668411149027501,0.1899052297509549
0.8809571013559715,-0.0997723914978476,0.1388285757779309,-0.112597888105132,0.169852449375475,0.187045517690392
0.8801274702936801,-0.0985012588366497,0.1402054900996462,-0.1110614083652427,0.1728277050563769,0.1841585005515011
0.8793058372367859,-0.0972026591046813,0.1415666868373253,-0.1094979865771821,0.1757657320873529,0.1812446944894543
0.8784926535596297,-0.095876936989782,0.1429115303138832,-0.107908074758443,0.1786653858507094,0.1783046487906473
0.8776883671725251,-0.0945244686906109,0.1442393919967454,-0.1062921541874724,0.181525531446962,0.17533894397385
0.8768934215415121,-0.0931456617024518,0.1455496518634439,-0.1046507349236663,0.1843450464093333,0.1723481914536572
0.8761082539768037,-0.0917409531642666,0.1468417009642999,-0.1029843536510035,0.1871228260087653,0.1693330302524172
0.875333294348305,-0.0903108086350372,0.1481149432687229,-0.1012935720887588,0.1898577870268335,0.1662941249070443
0.8745689640619124,-0.0888557211135476,0.1493687970775343,-0.0995789757339438,0.1925488706143711,0.1632321640781639
0.8738156743620319,-0.0873762085193406,0.1506026975370643,-0.0978411708355943,0.1951950475345015,0.1601478561013807
0.8730738252432277,-0.0858728119530483,0.1518160981482869,-0.0960807823473807,0.197795321265403,0.1570419264253359
0.8723438045990175,-0.0843460941667682,0.1530084718899256,-0.0942984521699438,0.2003487303002056,0.1539151156350515
0.8716259866822293,-0.0827966362895538,0.1541793134690084,-0.0924948354020927,0.2028543528855819,0.1507681740553033
0.8709207317689462,-0.0812250367167337,0.1553281396093153,-0.0906705991682497,0.205311307582311,0.1476018609527477
0.8702283848453896,-0.0796319076080268,0.156454490942053,-0.088826418702592,0.2077187572818067,0.144416938990872
0.8695492754637283,-0.0780178736334875,0.1575579320002309,-0.0869629760879357,0.2100759091915941,0.1412141733453602
0.8688837165593525,-0.0763835680275969,0.158638052913973,-0.0850809559160187,0.2123820184825486,0.137994325524646
0.8682320047974004,-0.074729631947631,0.1596944686327631,-0.0831810448003217,0.2146363866775606,0.1347581538326744
0.8675944199777347,-0.0730567113793216,0.1607268196931274,-0.0812639280825986,0.2168383633673353,0.1315064089898615
0.8669712247857885,-0.0713654545420182,0.1617347724379631,-0.0793302871497005,0.2189873467765375,0.1282398308092867
0.8663626653564295,-0.0696565112799537,0.1627180179372087,-0.0773807990413548,0.2210827815831655,0.1249591487105263
0.865768970800516,-0.0679305294781656,0.1636762726036181,-0.0754161326702598,0.2231241603725582,0.1216650764622733
0.8651903540982296,-0.0661881551079094,0.1646092766162588,-0.0734369491984459,0.225111020436611,0.1183583138799115
0.8646270119450832,-0.0644300291946659,0.1655167940530729,-0.0714438989121724,0.2270429442311908,0.1150395425751361
0.8640791254032273,-0.0626567869865723,0.1663986117397347,-0.0694376206093582,0.2289195571121598,0.1117094258635611
0.8635468606053788,-0.0608690573566016,0.1672545380319376,-0.0674187412447156,0.2307405249427818,0.1083686090095741
0.8630303691552869,-0.0590674612241366,0.1680844021020803,-0.0653878744616538,0.2325055527841696,0.1050177175470813
0.8625297887804848,-0.0572526107626992,0.168888052834384,-0.0633456200109165,0.2342143827593723,0.1016573570039231
0.8620452440592942,-0.0554251089329373,0.1696653576150684,-0.0612925635271153,0.2358667916997347,0.0982881131378781
0.8615768469631095,-0.0535855483861038,0.170416201431938,-0.0592292755890017,0.2374625894523272,0.0949105509230008
0.8611246978724729,-0.0517345122863649,0.1711404852262006,-0.0571563129230214,0.2390016155994107,0.0915252169760041
0.860688886020044,-0.0498725730682435,0.1718381251743347,-0.0550742172762184,0.2404837381546567,0.0881326380896294
0.8602694900974814,-0.0480002918021747,0.1725090517158399,-0.0529835149657634,0.2419088517168401,0.0847333208240526
0.8598665791546459,-0.0461182189798161,0.1731532081219555,-0.0508847180023127,0.2432768746454183,0.0813277535965562
0.8594802133950764,-0.0442268952065769,0.1737705492389538,-0.0487783250896172,0.2445877466032647,0.0779164084929844
0.8591104445066332,-0.0423268498357622,0.1743610409807341,-0.0466648203179718,0.2458414276851726,0.0744997392874242
0.8587573163700797,-0.0404186014316814,0.1749246592222741,-0.044544673887938,0.2470378962674906,0.0710781827135231
0.8584208658502981,-0.0385026590389043,0.1754613885664871,-0.0424183437130558,0.2481771465824609,0.0676521610972849
0.8581011232612041,-0.0365795220280951,0.1759712216360022,-0.0402862754257464,0.2492591873995202,0.0642220823625386
0.8577981126176799,-0.0346496786270427,0.1764541587068703,-0.0381489009194829,0.2502840414239351,0.0607883376555025
0.8575118527543062,-0.0327136100734552,0.1769102059628415,-0.0360066431084918,0.2512517417596351,0.0573513089279667
0.8572423571501149,-0.0307717869484818,0.1773393758139893,-0.0338599120130981,0.2521623327443667,0.0539113625448109
0.8569896347741548,-0.0288246721802312,0.1777416855892357,-0.0317091082234161,0.2530158673251066,0.0504688547190492
0.8567536903187736,-0.0268727202907859,0.17811715720508,-0.0295546221943921,0.2538124064960368,0.0470241302272468
0.8565345247477483,-0.0249163792915051,0.1784658163330071,-0.0273968364581432,0.2545520176637827,0.0435775257735603
0.8563321352641066,-0.0229560878124009,0.1787876924898099,-0.0252361225701185,0.2552347749613937,0.0401293649194066
0.8561465160426888,-0.0209922791251721,0.1790828179104306,-0.0230728456531276,0.2558607569705535,0.036679965135964
0.8559776583921693,-0.0190253808271535,0.1793512273276177,-0.0209073641441256,0.2564300463585077,0.0332296371694365
0.8558255508643482,-0.017055813633129,0.1795929578336801,-0.0187400285568457,0.2569427296800378,0.0297786828349083
0.8556901795465351,-0.0150839921036056,0.1798080484494733,-0.0165711823733978,0.2573988965495957,0.0263273961972327
0.8555715284731835,-0.0131103282398008,0.1799965395023127,-0.0144011660805118,0.2577986383995739,0.0228760697396102
0.8554695794773894,-0.0111352271718344,0.1801584728918533,-0.0122303125049103,0.2581420491131713,0.0194249866801789
0.8553843126036798,-0.0091590916557035,0.1802938914620246,-0.0100589518327831,0.2584292237529056,0.0159744286912268
0.8553157060681817,-0.0071823192459982,0.1804028390897775,-0.0078874085729667,0.2586602588009774,0.0125246708008833
0.8552637364842375,-0.0052053050147255,0.180485360349862,-0.005716004612995,0.258835251492319,0.0090759859777897
0.8552283789044437,-0.0032284408848254,0.1805415004687784,-0.0035450585521849,0.2589542997528107,0.0056286437959433
0.8552096069087691,-0.0012521172012925,0.1805713052031036,-0.0013748874907257,0.259017501969175,0.0021829130001807
0.8552062838125706,-3.99333344169861e-14,0.1805765812810041,-8.567452303154256e-14,0.2590286900904385,-3.242284912774451e-14
