3.11573491364577
0.8266985598450559,-3.3284132035649954e-30,0.0892817681008286,-4.1904715772206094e-16,0.204017871004814,-4.922423403573457e-15
0.82669978643272,0.0007806666219045,0.0892794224073131,0.0006410972620101,0.2040115513005636,-0.0012260203374371
0.8267108153298248,0.0024674805950738,0.0892583305158521,0.0020262934817351,0.2039547264155146,-0.0038752121361347
0.8267333073797086,0.0041542607747771,0.0892153133353335,0.0034113206798951,0.2038388331270965,-0.0065246200132961
0.8267672715480575,0.0058406528288053,0.0891503477233481,0.0047957910296354,0.2036638127478447,-0.009173872070399
0.8268127138775763,0.0075262199347426,0.089063413051583,0.0061792487251677,0.2034296152192897,-0.0118224674102216
0.8268696376538273,0.0092105220874835,0.0889544908724001,0.0075612351111492,0.203136198195719,-0.0144699007268131
0.8269380433420913,0.0108931165719712,0.0888235650221218,0.008941289073338,0.2027835272956736,-0.0171156630834114
0.8270179284023815,0.0125735556791415,0.0886706219565413,0.0103189451707289,0.2023715769699681,-0.0197592383501058
0.8271092871521407,0.0142513868995714,0.0884956509946099,0.011693733805474,0.2019003311130517,-0.0224001035262377
0.8272121106634233,0.0159261535587268,0.088298644495657,0.0130651817577032,0.2013697834859164,-0.0250377297512294
0.8273263864020429,0.0175973915283267,0.0880795985310076,0.0144328095122588,0.2007799394607191,-0.0276715771248073
0.8274520982188344,0.0192646321950021,0.0878385128815498,0.0157961337165098,0.2001308159401,-0.0303010993673356
0.8275892260115715,0.0209274001959094,0.0875753916672259,0.0171546653587946,0.1994224429680767,-0.032925740225847
0.8277377454062403,0.0225852124487327,0.087290243941508,0.0185079090180354,0.1986548652358082,-0.0355449318956145
0.8278976276635848,0.0242375799097643,0.0869830838556318,0.0198553643488391,0.1978281424183653,-0.0381580977335825
0.8280688392057607,0.02588400516925,0.0866539315549314,0.0211965241764647,0.1969423514712451,-0.0407646483780392
0.8282513415141992,0.0275239842642998,0.0863028133658132,0.0225308760427024,0.1959975870062684,-0.0433639845137443
0.8284450906640303,0.029157004957021,0.0859297626854132,0.0238579008800549,0.1949939635472684,-0.0459554940237248
0.8286500370181424,0.0307825469204115,0.0855348205700464,0.0251770732537717,0.1939316169633611,-0.0485385521321418
0.828866125255999,0.0324000844029883,0.0851180356836244,0.0264878636214187,0.1928107041694884,-0.0511125254715799
0.8290932935843224,0.0340090825176163,0.0846794658292704,0.0277897354297194,0.1916314070740922,-0.0536767659938224
0.8293314737671217,0.0356090001120137,0.0842191779094672,0.0290821475640587,0.1903939322883542,-0.0562306153137893
0.82958059080807,0.0371992897638894,0.0837372485635165,0.0303645544722054,0.1890985126465934,-0.0587734044660503
0.8298405627385926,0.0387793985160253,0.0832337646092689,0.0316364068964296,0.1877454081898161,-0.0613044548181345
0.8301113001767617,0.0403487672301702,0.0827088239381113,0.0328971515045664,0.1863349083571497,-0.0638230767468386
0.8303927061628305,0.0419068317280499,0.0821625358852475,0.0341462319736726,0.1848673327570258,-0.0663285711457354
0.8306846763737563,0.043453025734066,0.0815950208726468,0.0353830915180795,0.1833430299764197,-0.0688202338257216
0.8309870984413367,0.044986778758914,0.0810064118023704,0.0366071713682708,0.1817623810845544,-0.0712973517629804
0.8312998524372792,0.0465075201670014,0.0803968531930916,0.0378179142063348,0.1801257970676952,-0.0737592092883932
0.8316228104030033,0.0480146780406458,0.0797665021836474,0.0390147634428131,0.1784337212729588,-0.0762050858805484
0.8319558364169101,0.0495076807763144,0.0791155285026587,0.0401971646834651,0.1766866290703214,-0.0786342583483017
0.8322987868833809,0.050985959376067,0.0784441140128101,0.0413645677397191,0.174885026370542,-0.0810460041535392
0.8326515102587896,0.0524489470480751,0.0777524533651383,0.0425164265070644,0.1730294511202217,-0.0834396003532948
0.8330138476564581,0.0538960824387402,0.0770407529416083,0.0436522017094344,0.1711204702032182,-0.0858143284662584
0.833385632660435,0.0553268092831884,0.0763092313549149,0.0447713608115047,0.1691586805213581,-0.0881694734992345
0.8337666916916011,0.0567405782237026,0.0755581188737141,0.0458733796357808,0.1671447071941725,-0.0905043265209426
0.8341568448210483,0.0581368499073001,0.0747876559676156,0.0469577449532473,0.1650791994033285,-0.0928181893910644
0.834555904679024,0.0595150910510012,0.0739980956169725,0.048023951599304,0.1629628363351024,-0.0951103678585456
0.8349636787100966,0.0608747823266611,0.0731896990191338,0.0490715087593711,0.1607963154255735,-0.0973801842629193
0.8353799678647142,0.0622154134517892,0.0723627383391227,0.0500999363176455,0.158580359497243,-0.0996269690327829
0.8358045680354151,0.0635364876709862,0.0715174940337155,0.0511087684637594,0.1563157093576528,-0.1018500678129584
0.8362372696216458,0.0648375198707911,0.0706542558881304,0.052097552383966,0.1540031263567662,-0.104048837982153
0.8366778585986021,0.0661180393795546,0.0697733210643616,0.053065850530727,0.1516433869465395,-0.1062226530516398
0.8371261169466897,0.0673775904809623,0.0688749934143759,0.0540132411145351,0.1492372806408254,-0.108370903278353
0.8375818224568465,0.0686157311572601,0.0679595840463947,0.0549393172607008,0.1467856113418452,-0.1104929932647607
0.8380447493350714,0.069832034135516,0.0670274102954637,0.0558436879040352,0.1442891944032488,-0.1125883434750684
0.8385146685468099,0.0710260870843003,0.0660787952120922,0.0567259780284149,0.1417488550927694,-0.1146563903342233
0.8389913483398541,0.0721974931927763,0.0651140666882355,0.0575858291768718,0.1391654260957155,-0.1166965870133968
0.8394745540739856,0.0733458699993831,0.0641335579846247,0.0584228986675958,0.1365397487833413,-0.1187084011857347
0.8399640489306031,0.0744708504122666,0.063137606479832,0.0592368604207088,0.1338726697317102,-0.1206913165962755
0.8404595937400038,0.0755720815865037,0.0621265542076281,0.0600274042133647,0.1311650420423519,-0.1226448308971278
0.8409609468772923,0.0766492241363844,0.0611007482684695,0.0607942352042817,0.1284177263396436,-0.1245684540205224
0.841467865883048,0.0777019550097603,0.0600605377098248,0.0615370760555771,0.1256315823247609,-0.1264617131127839
0.841980105342075,0.078729962394494,0.0590062780695541,0.0622556633930306,0.1228074808675112,-0.1283241432186911
0.8424974188940599,0.0797329494711522,0.0579383274638492,0.0629497505565616,0.1199462934674034,-0.1301552937809093
0.8430195583346393,0.0807106320748905,0.0568570486437886,0.0636191060421671,0.1170488977166167,-0.1319547242089082
0.8435462735020345,0.081662738193978,0.0557628094613223,0.064263513277885,0.1141161785215313,-0.133722002676877
0.8440773128588778,0.0825890087695894,0.0546559818992598,0.0648827712894677,0.1111490254940039,-0.1354567073212663
0.8446124231950785,0.0834891968901554,0.0535369429293456,0.0654766942744338,0.1081483352602546,-0.1371584244708273
0.8451513496363398,0.0843630676470007,0.0524060747512141,0.066045111647114,0.1051150121320221,-0.1388267480596518
0.8456938351436661,0.0852103972648137,0.05126376611644,0.0665878676365672,0.1020499717118983,-0.1404612776090563
0.8462396215624586,0.0860309747463206,0.05011041040718,0.0671048225188754,0.0989541358159068,-0.142061621014138
0.8467884481262106,0.0868245995954044,0.0489464090884741,0.0675958513505932,0.09582844184068,-0.1436273897419739
0.8473400528565682,0.0875910840465311,0.0477721690666871,0.0680608455818538,0.0926738358044603,-0.1451582027393398
0.8478941713757256,0.0883302514878075,0.0465881055360129,0.0684997122930349,0.089491280150439,-0.1466536828766715
0.8484505371855373,0.0890419371638626,0.0453946417453496,0.0689123748861012,0.0862817533172524,-0.1481134578042918
0.8490088829975649,0.0897259900898106,0.0441922065003088,0.0692987744293964,0.083046243242999,-0.1495371633940287
0.8495689383663961,0.0903822703540133,0.0429812396217657,0.0696588683636195,0.0797857623057055,-0.1509244376554707
0.85013043227693,0.0910106526388225,0.0417621867675054,0.0699926327669049,0.0765013336851445,-0.1522749275027229
0.8506930913902256,0.0916110244552201,0.0405355036178769,0.0703000616386562,0.073194002959938,-0.153588284513147
0.8512566412854929,0.0921832879454055,0.0393016536001861,0.0705811681538854,0.0698648323487059,-0.1548641682057478
0.8518208064996803,0.0927273602267497,0.0380611082113555,0.0708359850889198,0.0665149019808675,-0.1561022462965691
0.8523853108590481,0.093243174043033,0.0368143467085031,0.0710645653914161,0.0631453095005664,-0.1573021956559291
0.8529498775146436,0.0937306781287676,0.0355618564548561,0.0712669826026393,0.0597571714787302,-0.1584637026429966
0.8535142298526572,0.0941898383167768,0.0343041313254199,0.071443331567901,0.0563516196138956,-0.1595864652556988
0.8540780919879565,0.0946206381324073,0.0330416710074573,0.0715937288401827,0.0529297993738428,-0.160670194249281
0.8546411889469596,0.095023079097134,0.0317749809836052,0.0717183129346663,0.0494928705163234,-0.1617146136228277
0.8552032475071406,0.0953971814706342,0.0305045710275735,0.0718172446817472,0.0460420036040055,-0.1627194623216815
0.8557639969979703,0.0957429847956987,0.0292309537434813,0.0718907073957403,0.0425783766463063,-0.1636844956791154
0.8563231691156633,0.0960605477463431,0.0279546453163461,0.0719389068124283,0.0391031777700465,-0.1646094850833618
0.8568805003390635,0.096349949391085,0.0266761602997371,0.0719620711727302,0.0356175916695877,-0.1654942219072656
0.8574357308926444,0.0966112882832044,0.0253960142208099,0.0719604507926965,0.0321228073288929,-0.1663385154804956
0.8579886070253215,0.0968446832443346,0.024114718553997,0.0719343177242994,0.0286200049464912,-0.1671421963302518
0.8585388806510337,0.0970502726316065,0.0228327816912329,0.0718839651516725,0.02511035919288,-0.1679051150755091
0.8590863101711661,0.097228214130454,0.0215507071572121,0.0718097067358824,0.0215950349450489,-0.1686271431175538
0.859630660937227,0.0973786842782512,0.0202689926055307,0.0717118758501921,0.0180751851339664,-0.1693081726853456
0.8601717066213025,0.0975018780938566,0.0189881266148673,0.0715908245021767,0.0145519425164964,-0.1699481178519866
0.8607092287959947,0.0975980080801259,0.0177085896397588,0.0714469224413369,0.0110264228182136,-0.1705469131601297
0.8612430184269356,0.0976673035950284,0.0164308503875812,0.0712805557638029,0.0074997152638904,-0.1711045144447967
0.8617728756643431,0.0977100097251664,0.0151553661640756,0.071092125785649,0.0039728839777561,-0.1716208975137801
0.8622986099802776,0.0977263862521553,0.0138825823754173,0.0708820478408352,0.0004469670414776,-0.172096057277491
0.8628200410994974,0.0977167065663833,0.0126129300593599,0.0706507496841797,-0.0030770299546293,-0.1725300075023854
0.8633371077256657,0.097681246213023,0.0113465585321865,0.0703986147116938,-0.006598877861029,-0.1729228581496847
0.8638498348797665,0.097620258870912,0.010083407864681,0.0701259746872799,-0.0101189291835985,-0.173274752692686
0.8643580714197483,0.0975340065263634,0.0088238551044475,0.0698332484346278,-0.0136363175150754,-0.1735856863899166
0.8648616735076109,0.0974227600088766,0.0075682686837852,0.0695208637198758,-0.0171501927173636,-0.1738556651258093
0.865360505320563,0.097286798160817,0.0063170064650997,0.069189255993076,-0.020659726033998,-0.1740847052983631
0.8658544385765385,0.0971264071971678,0.0050704167037115,0.0688388677982886,-0.0241641070811954,-0.1742728329724241
0.866343352497068,0.0969418800269809,0.0038288379204471,0.0684701479590586,-0.0276625438958708,-0.1744200833594353
0.866827133571117,0.0967335156645377,0.0025925992681279,0.0680835509232471,-0.031154261610407,-0.1745265002636563
0.867305675506662,0.0965016186037103,0.0013620204165109,0.0676795359925447,-0.0346385024967268,-0.1745921356397657
0.8677788790826302,0.0962464982449065,0.0001374116807101,0.0672585666376985,-0.0381145253428783,-0.1746170491453815
0.8682466515200421,0.0959684686467819,-0.0010809245995489,0.0668211102944134,-0.0415816012805619,-0.1746013077708677
0.8687089224932983,0.0956678371712928,-0.0022927363999741,0.0663676216029696,-0.0450391344767737,-0.174544982988439
0.8691656368412148,0.095344904759036,-0.0034978043465668,0.0658985456585896,-0.0484866129067522,-0.1744481451124972
0.8696167192522194,0.0949999907571537,-0.0046958486822427,0.0654143539403351,-0.0519233419206172,-0.1743108710281834
0.8700621005020814,0.0946334175777024,-0.0058865976381242,0.0649155196965825,-0.0553486383427806,-0.1741332442914826
0.8705017165548009,0.0942455110143527,-0.007069785277027,0.0644025183149418,-0.0587618240454097,-0.1739153554149179
0.8709355084688348,0.0938366000684267,-0.0082451514472929,0.0638758269236088,-0.062162225549175,-0.1736573021166032
0.8713634224030398,0.0934070166811585,-0.0094124420156043,0.0633359238668951,-0.0655491744493809,-0.1733591895183393
0.8717854090521001,0.0929570960630513,-0.0105714075448028,0.0627832889146998,-0.0689220033399551,-0.1730211307893933
0.8722014238839011,0.0924871762779438,-0.0117218041498415,0.0622184025011057,-0.0722800480538417,-0.1726432473400707
0.8726114264616325,0.0919975988333327,-0.0128633918393572,0.0616417461785907,-0.075622642593255,-0.1722256698105568
0.8730153803244879,0.0914887087871374,-0.0139959343666652,0.0610538024185759,-0.078949118428381,-0.1717685388149085
0.8734132532150869,0.090960854409567,-0.0151192000639053,0.060455053893115,-0.0822588067059551,-0.1712720052934219
0.8738050165500234,0.0904143878114652,-0.0162329605590154,0.0598459838600338,-0.0855510342546531,-0.1707362317579938
0.8741906452704511,0.0898496651972265,-0.017336990536948,0.0592270760625966,-0.0888251226380463,-0.1701613933027423
0.8745701179933228,0.0892670466891489,-0.0184310683674818,0.0585988141458537,-0.092080389794577,-0.1695476782042294
0.8749434167356716,0.0886668967682779,-0.0195149755224608,0.0579616817430348,-0.0953161481141696,-0.1688952891589018
0.8753105269142735,0.0880495843403667,-0.020588496782708,0.0573161621316639,-0.0985317048701493,-0.1682044441765224
0.8756714372597532,0.0874154829345238,-0.0216514202074416,0.0566627380237076,-0.1017263619700683,-0.1674753776301074
0.8760261399157059,0.0867649705720028,-0.0227035376594115,0.0560018910096784,-0.1048994174061939,-0.1667083409375304
0.8763746301704907,0.0860984302811591,-0.0237446442574548,0.0553341016612782,-0.1080501635111789,-0.1659036039994414
0.8767169068395362,0.0854162493910647,-0.0247745397754689,0.0546598483971282,-0.11117789112596,-0.1650614551880648
0.8770529719983466,0.0847188199842897,-0.0257930281327409,0.0539796075326777,-0.1142818880565054,-0.1641822026883246
0.8773828311509081,0.0840065384887071,-0.0267999182006849,0.0532938524747056,-0.1173614415596478,-0.1632661747839187
0.8777064931582647,0.0832798056960112,-0.0277950239091453,0.0526030533535725,-0.1204158387571824,-0.162313720636969
0.8780239706997935,0.0825390255084925,-0.0287781660166259,0.0519076754712771,-0.1234443722227723,-0.1613252093504106
0.8783352797584317,0.0817846057987407,-0.0297491709050988,0.0512081797867064,-0.1264463365036389,-0.1603010317410036
0.8786404401099159,0.0810169569202135,-0.0307078724895908,0.0505050212050269,-0.1294210342772251,-0.1592415989582823
0.8789394751034735,0.0802364917677858,-0.0316541119620881,0.049798648363641,-0.1323677759140984,-0.1581473430877133
0.8792324119932701,0.079443624374267,-0.0325877392855897,0.0490895021137301,-0.1352858845384959,-0.1570187156593751
0.8795192817383547,0.0786387697519208,-0.0335086130394685,0.0483780151862412,-0.1381746960447716,-0.155856187786166
0.8798001191967517,0.0778223425985446,-0.0344166015340381,0.047664610881703,-0.141033563141827,-0.1546602486065882
0.8800749630297625,0.0769947566761694,-0.0353115830222783,0.0469497024169555,-0.1438618566509305,-0.153431404573978
0.8803438556696583,0.0761564239423428,-0.0361934461235726,0.0462336920986942,-0.146658967525824,-0.1521701782971938
0.8806068431730947,0.0753077539646226,-0.0370620898798986,0.0455169707857992,-0.1494243077627356,-0.1508771077136126
0.8808639755260114,0.0744491517801155,-0.0379174253133533,0.0447999160944116,-0.152157316151209,-0.1495527427811769
0.8811153060315715,0.0735810186381763,-0.0387593739577786,0.0440828930906219,-0.1548574544419586,-0.1481976464582271
0.8813608916232968,0.0727037496723922,-0.0395878694486119,0.0433662524475197,-0.1575242132999776,-0.1468123908897917
0.8816007925834357,0.0718177334432681,-0.0404028571406071,0.042650330231582,-0.1601571120118192,-0.1453975563458018
0.8818350721040663,0.0709233521458726,-0.041204293155619,0.0419354482409207,-0.1627556963365535,-0.1439537311929567
0.8820637965242156,0.0700209792901527,-0.0419921457129722,0.0412219123455567,-0.1653195437500225,-0.1424815077433289
0.8822870348466799,0.0691109800300916,-0.0427663939936886,0.0405100130075964,-0.1678482607306951,-0.1409814822545797
0.8825048586765558,0.068193709912309,-0.0435270284190918,0.0398000245671422,-0.1703414846230503,-0.1394542523215545
0.8827173418546869,0.0672695148666406,-0.0442740498485118,0.0390922055359465,-0.1727988819692155,-0.1379004162439525
0.8829245600529257,0.0663387315204286,-0.0450074685919699,0.0383867991349438,-0.1752201461798952,-0.136320572947553
0.8831265911089367,0.0654016842280819,-0.0457273060106071,0.0376840313665908,-0.1776050037296455,-0.1347153162829775
0.8833235139626655,0.0644586884503406,-0.0464335911329446,0.0369841139143603,-0.1799532038668771,-0.1330852400732562
0.8835154091679234,0.0635100470422087,-0.0471263628247879,0.0362872417026119,-0.1822645266486782,-0.1314309310569773
0.8837023581710497,0.0625560523115985,-0.0478056675350367,0.0355935947997176,-0.1845387762878806,-0.1297529716877354
0.8838844430762532,0.0615969860217634,-0.0484715587226531,0.0349033387546989,-0.186775779997121,-0.1280519394609484
0.8840617467302218,0.0606331177377016,-0.049124097426146,0.0342166237600146,-0.1889753906460136,-0.1263284032685142
0.8842343521094942,0.0596647069285642,-0.0497633502503611,0.0335335865205902,-0.1911374807002027,-0.1245829264103142
0.8844023424390685,0.0586920012920132,-0.0503893899969597,0.0328543494068616,-0.1932619450012591,-0.1228160628995509
0.8845658007856714,0.05771523802492,-0.0510022943304452,0.0321790217040615,-0.1953486968804488,-0.1210283590432896
0.88472480986165,0.0567346441185825,-0.0516021451797594,0.0315077001427418,-0.1973976666891632,-0.1192203533270712
0.8848794519763081,0.0557504358319846,-0.0521890286688581,0.0308404688619538,-0.1994088020944831,-0.1173925747940534
0.8850298087311476,0.0547628198386277,-0.0527630340544161,0.0301774005100832,-0.2013820649400612,-0.1155455445267634
0.8851759610521833,0.0537719923428814,-0.0533242539148249,0.0295185559555765,-0.2033174323477098,-0.1136797733858329
0.8853179888160154,0.0527781409633166,-0.0538727827642749,0.0288639858435787,-0.2052148923627662,-0.1117957649477056
0.8854559709183871,0.0517814437931655,-0.0544087173351348,0.0282137302468733,-0.2070744452962418,-0.1098940131845203
0.8855899850379706,0.050782070617258,-0.0549321556702235,0.0275678197376252,-0.2088961009250525,-0.1079750042314729
0.8857201077289492,0.0497801818357832,-0.0554431974738519,0.0269262749515164,-0.210679880023916,-0.106039213802154
0.8858464140966921,0.0487759305683594,-0.0559419428189087,0.0262891081967596,-0.2124258101437689,-0.1040871107323567
0.8859689778712465,0.0477694618896635,-0.0564284923911301,0.0256563231922331,-0.2141339267043901,-0.1021191550500983
0.8860878712307867,0.0467609140756668,-0.0569029467377652,0.02502791607772,-0.2158042705810068,-0.1001357999614008
0.8862031649475538,0.0457504172422392,-0.0573654067869025,0.0244038747774449,-0.2174368901280487,-0.0981374887521033
0.8863149281108672,0.0447380956037302,-0.0578159726713693,0.023784180612641,-0.2190318372130506,-0.0961246588217878
0.8864232282279861,0.0437240666101801,-0.0582547440499234,0.023168807953176,-0.2205891684947651,-0.0940977396116875
0.8865281311472022,0.0427084416453963,-0.0586818197118392,0.0225577248302912,-0.2221089441570655,-0.092057153625114
0.8866297010540226,0.0416913261241432,-0.0590972974690514,0.0219508931688075,-0.2235912276393166,-0.0900033162786292
0.8867280004253875,0.0406728200423085,-0.0595012738722999,0.0213482692815233,-0.2250360847223713,-0.0879366366841406
0.8868230900791848,0.039653017592948,-0.0598938443140229,0.0207498037997028,-0.2264435839800101,-0.0858575165580289
0.8869150290060352,0.038632009143977,-0.0602751022297857,0.020155442981902,-0.2278137939846925,-0.0837663539603116
0.8870038745166072,0.037609879938114,-0.0606451395966397,0.0195651280805067,-0.2291467851433535,-0.0816635403887678
0.8870896823072536,0.0365867094625294,-0.0610040471038076,0.0189787951252716,-0.2304426303678691,-0.0795494591907473
0.8871725062456574,0.0355625741854245,-0.0613519131504254,0.0183963766281917,-0.2317014014981875,-0.0774244909479676
0.8872523985088504,0.0345375462980575,-0.061688824309193,0.0178178009692573,-0.2329231709937541,-0.0752890106675689
0.8873294096221355,0.0335116934674354,-0.0620148653833687,0.0172429923776276,-0.2341080121628253,-0.0731433870291041
0.8874035883454909,0.0324850806557005,-0.0623301188177192,0.0166718720622266,-0.2352559970344514,-0.070987985971275
0.8874749817898939,0.0314577689791372,-0.0626346650810913,0.0161043576678855,-0.2363671977489499,-0.0688231681181252
0.8875436353730112,0.0304298166958045,-0.0629285823713826,0.0155403639208721,-0.2374416854818665,-0.0666492906640111
0.8876095929139874,0.0294012781967032,-0.0632119469155046,0.0149798021663041,-0.2384795315333431,-0.0644667050618793
0.8876728965864848,0.0283722050485093,-0.0634848326663458,0.0144225810330707,-0.2394808062119402,-0.0622757590463487
0.887733586865684,0.0273426473873765,-0.0637473109702582,0.0138686072631884,-0.2404455775950287,-0.0600767994552898
0.8877917027238298,0.0263126511456404,-0.0639994513114728,0.0133177842910483,-0.2413739142430184,-0.0578701661669385
0.8878472815288342,0.0252822600765551,-0.0642413207794991,0.0127700134186284,-0.2422658832256217,-0.0556561962563511
0.8879003590359242,0.0242515164897229,-0.064472983936423,0.0122251942705653,-0.2431215496049445,-0.0534352254506293
0.8879509694857936,0.0232204599336643,-0.0646945031522467,0.0116832241595892,-0.2439409776455252,-0.0512075851698362
0.8879991455706665,0.0221891283123686,-0.0649059383687861,0.0111439987431981,-0.2447242299158042,-0.0489736048030836
0.8880449184910564,0.0211575572208237,-0.0651073472626546,0.0106074117363606,-0.245471367862339,-0.0467336101521099
0.8880883179621408,0.0201257802321181,-0.0652987851916558,0.0100733551250698,-0.2461824515830223,-0.0444879239294321
0.8881293721917006,0.0190938299718775,-0.0654803050178317,0.0095417197786328,-0.2468575391388359,-0.0422368679876107
0.8881681079333386,0.0180617374676679,-0.0656519572655363,0.0090123951631646,-0.2474966871085946,-0.0399807618056504
0.8882045505278202,0.0170295315254641,-0.0658137902323885,0.0084852690774834,-0.2480999509719536,-0.0377199210175994
0.8882387238635876,0.0159972403136451,-0.0659658497449626,0.00796022851604,-0.2486673841683584,-0.0354546607768637
0.8882706504613891,0.0149648894215396,-0.0661081794688741,0.0074371587286613,-0.2491990392221241,-0.0331852914043014
0.8883003513755017,0.013932505558784,-0.0662408204059685,0.0069159451441094,-0.249694965833666,-0.0309121264248111
0.8883278463384043,0.0129001125214382,-0.0663638114797603,0.0063964713692516,-0.2501552130349525,-0.0286354736164391
0.8883531536958226,0.0118677338102531,-0.0664771891902552,0.0058786205599259,-0.2505798278700334,-0.0263556406802033
0.8883762904343561,0.0108353923918056,-0.06658098768464,0.0053622753388546,-0.2509688556288395,-0.0240729346397313
0.888397272215579,0.0098031098669577,-0.0666752388612319,0.0048473174206455,-0.2513223402077217,-0.0217876599233454
0.8884161133848769,0.0087709064001846,-0.0667599723639607,0.00433362762068,-0.2516403240612379,-0.0195001181219454
0.8884328269464336,0.0077388027147891,-0.0668352154276847,0.0038210868876813,-0.2519228475941746,-0.0172106123340472
0.8884474246054841,0.006706818702707,-0.0669009930293036,0.0033095756473361,-0.2521699497016786,-0.0149194440163999
0.8884599167786756,0.0056749732091235,-0.0669573278992862,0.0027989737348652,-0.2523816677873309,-0.0126269124296429
0.888470312594453,0.0046432844468057,-0.0670042404915785,0.0022891606384361,-0.2525580376256555,-0.0103333154845627
0.8884786198821881,0.0036117724927109,-0.0670417489059195,0.0017800167671628,-0.2526990930463393,-0.008038955226241
0.8884848452250291,0.0025804547887164,-0.0670698691012581,0.0012714212639155,-0.2528048667142527,-0.0057441277616316
0.8884889939329599,0.0015493495035554,-0.067088614752448,0.0007632537021229,-0.2528753895693906,-0.0034491306650487
0.8884910700595525,0.0005184742744164,-0.0670979973074483,0.0002553934993574,-0.252910691021709,-0.0011542601120699
0.8884910764034306,-0.0005121535411817,-0.067098025978825,-0.0002522799236137,-0.2529107989000132,0.0011401886273334
0.888489014514084,-0.001542515646782,-0.0670887077582172,-0.000759886508203,-0.2528757394883369,0.0034339185422294
0.8884848834214396,-0.0025728487284892,-0.0670700416681539,-0.0012676716847759,-0.2528055158851852,0.0057272005016793
0.888478680653727,-0.0036031347408171,-0.0670420233642228,-0.0017757553498726,-0.2527001253179083,0.0080197383845709
0.8884704024903287,-0.0046333557731302,-0.0670046462842511,-0.0022842573781088,-0.2525595634685354,0.0103112365408606
0.8884600439548482,-0.0056634941298545,-0.0669579016266994,-0.002793297627721,-0.2523838243955647,0.012601400035748
0.8884475988256898,-0.0066935308760404,-0.0669017784113434,-0.0033029951870448,-0.252172900766182,0.014889931483515
0.8884330596218054,-0.0077234470896909,-0.0668362634310883,-0.0038134689569746,-0.2519267836800604,0.0171765339020325
0.8884164175991252,-0.0087532235106132,-0.0667613412553137,-0.0043248374420209,-0.2516454626879896,0.0194609100005821
0.888397662761474,-0.0097828395754812,-0.0666769943015672,-0.0048372182338079,-0.2513289260678453,0.0217427601115747
0.8883767838131414,-0.0108122756754067,-0.0665832026480408,-0.0053507290969126,-0.2509771601285341,0.0240217872666488
0.8883537681935673,-0.011841510634408,-0.0664799442188189,-0.0058654866780877,-0.2505901499141429,0.0262976916779187
0.8883286020366927,-0.012870523309932,-0.0663671946336885,-0.0063816072661286,-0.2501678786502628,0.0285701743558887
0.8883012702015093,-0.0138992908266502,-0.0662449273807118,-0.0068992058686918,-0.2497103284009159,0.0308389332811132
0.8882717562329494,-0.0149277898476048,-0.0661131136795748,-0.0074183968077337,-0.2492174795672455,0.033103666293139
0.8882400423557836,-0.0159559962502876,-0.0659717224964788,-0.0079392935175617,-0.2486893109551701,0.0353640704516035
0.8882061094493715,-0.0169838854336296,-0.0658207204770235,-0.0084620086609268,-0.2481257995374013,0.0376198427874505
0.8881699370973114,-0.0180114304000069,-0.0656600722154478,-0.0089866531105468,-0.24752692147075,0.0398706761773978
0.8881315035095464,-0.0190386037602243,-0.0654897399590973,-0.0095133369215083,-0.2468926510052252,0.0421162638357467
0.8880907855272328,-0.0200653770118978,-0.0653096836853318,-0.0100421689216684,-0.2462229607850325,0.0443562978133822
0.88804775860114,-0.0210917206113349,-0.0651198610640737,-0.0105732567039753,-0.2455178217232477,0.0465904692413218
0.8880023968503352,-0.0221176022107752,-0.0649202277770171,-0.0111067056633729,-0.2447772041999162,0.0488184645926253
0.8879546729522586,-0.0231429889044218,-0.0647107370959329,-0.0116426201057736,-0.2440010765072379,0.0510399706753058
0.8879045581450952,-0.0241678465677398,-0.0644913399615051,-0.0121811028609314,-0.2431894051575961,0.0532546732818529
0.8878520223252573,-0.025192137519575,-0.0642619854788816,-0.0127222539963239,-0.2423421567271854,0.0554622522496995
0.8877970338331824,-0.0262158244400864,-0.0640226200529219,-0.0132661728217728,-0.2414592946686705,0.0576623900328472
0.8877395596559506,-0.0272388659954011,-0.0637731883478916,-0.013812955519596,-0.2405407828659119,0.0598547623856303
0.8876795652163609,-0.0282612204089055,-0.0635136324464548,-0.0143626969775488,-0.239586582538978,0.0620390461644361
0.8876170144853542,-0.0292828429666328,-0.0632438924194788,-0.0149154893984348,-0.238596654352043,0.064214914093025
0.887551869925103,-0.0303036866731946,-0.0629639061612919,-0.0154714225803299,-0.2375709578098195,0.0663820363057998
0.8874840924573745,-0.0313237023551986,-0.0626736093390313,-0.0160305839054994,-0.2365094510753873,0.0685400806990916
0.8874136415271874,-0.0323428373566786,-0.062372935751884,-0.0165930575514445,-0.2354120922828685,0.0706887103155606
0.887340474944958,-0.0333610375195896,-0.0620618167450487,-0.0171589255035096,-0.2342788373928414,0.0728275876773649
0.8872645490647408,-0.0343782442849587,-0.0617401820603903,-0.0177282658722572,-0.2331096432881265,0.0749563688367772
0.8871858185521548,-0.0353943975828072,-0.0614079589422574,-0.0183011544162441,-0.231904464506086,0.0770747096103024
0.8871042366050211,-0.0364094325582321,-0.0610650731654939,-0.0188776626212523,-0.2306632569593645,0.0791822589005492
0.8870197547446995,-0.0374232820060389,-0.0607114482479367,-0.0194578589753564,-0.2293859750550985,0.081278663963414
0.8869323229301063,-0.03843587461651,-0.0603470060264659,-0.0200418078810592,-0.2280725737565004,0.0833635669455649
0.8868418894696039,-0.0394471357664774,-0.0599716663836962,-0.0206295700056634,-0.2267230075622991,0.0854366067216306
0.8867484010900522,-0.0404569864623109,-0.0595853476315876,-0.0212212015654763,-0.2253372318493237,0.0874974169270889
0.8866518028914784,-0.041465343640754,-0.059187966417254,-0.0218167543850275,-0.2239152024833501,0.0895456268030059
0.8865520384118689,-0.0424721192996836,-0.0587794380826562,-0.022416275264373,-0.2224568770481259,0.0915808596658523
0.8864490494552165,-0.0434772220505539,-0.0583596760529508,-0.0230198067801253,-0.220962212595623,0.0936027362895721
0.8863427762826561,-0.044480554983702,-0.0579285927125867,-0.0236273858907906,-0.2194311687012341,0.095610870834185
0.8862331575647779,-0.0454820160613052,-0.0574860992957492,-0.0242390440268679,-0.2178637069783323,0.0976048719249367
0.886120130472367,-0.0464814972224843,-0.0570321063349549,-0.0248548063952294,-0.2162597925616575,0.0995843411656594
0.8860036304686641,-0.0474788861602629,-0.0565665229065163,-0.0254746929216038,-0.2146193913250628,0.1015488769598021
0.88588359155736,-0.0484740640406725,-0.0560892577062495,-0.0260987166954154,-0.2129424735579958,0.1034980702904498
0.8857599462884893,-0.0494669055392684,-0.0556002191369685,-0.026726883811405,-0.2112290141145322,0.1054315051518397
0.8856326256526375,-0.0504572797270642,-0.0550993149538298,-0.027359193756013,-0.2094789910066039,0.1073487606206282
0.8855015593347402,-0.0514450481241343,-0.054586453323174,-0.0279956379911507,-0.2076923889277555,0.1092494074329692
0.8853666755802089,-0.0524300658908019,-0.0540615423410478,-0.028636200518613,-0.2058691973620016,0.1111330106809109
0.8852279013793622,-0.0534121805934847,-0.0535244907936586,-0.0292808568874875,-0.2040094130081315,0.1129991278309489
0.8850851625129699,-0.0543912321342002,-0.0529752083571252,-0.0299295739309668,-0.2021130402151365,0.1148473090226822
0.884938383584772,-0.0553670527918137,-0.052413605737467,-0.030582309575102,-0.2001800911905969,0.1166770975830032
0.884787488182292,-0.0563394664565346,-0.0518395952887566,-0.0312390121016678,-0.1982105878292873,0.1184880290404305
0.8846323989164744,-0.0573082887650946,-0.0512530911486663,-0.031899619998446,-0.1962045618448454,0.1202796318588718
0.8844730375282236,-0.0582733268378492,-0.0506540096150576,-0.032564061539346,-0.1941620557040498,0.1220514274332289
0.8843093251873793,-0.0592343779767697,-0.0500422702207255,-0.033232253628325,-0.1920831258963479,0.1238029282192342
0.8841411824927407,-0.0601912303073015,-0.0494177956561311,-0.0339041019614485,-0.1899678422274491,0.1255336394732513
0.8839685295711878,-0.0611436628139062,-0.0487805120522745,-0.0345795007828661,-0.1878162883231449,0.1272430598568434
0.8837912862054697,-0.062091445261592,-0.0481303493505819,-0.0352583325606722,-0.1856285623985189,0.1289306818359529
0.8836093724188075,-0.0630343358461579,-0.047467243311109,-0.0359404660087865,-0.1834047834798735,0.1305959880909812
0.8834227079310221,-0.0639720849091384,-0.0467911333615072,-0.0366257584601998,-0.1811450836055677,0.1322384587112249
0.8832312132163527,-0.0649044303758944,-0.0461019662637302,-0.0373140522634285,-0.1788496195122872,0.1338575637496756
0.8830348091446893,-0.0658311006574092,-0.0453996945816098,-0.0380051765691926,-0.1765185668369638,0.1354527689796877
0.8828334172257849,-0.0667518144088528,-0.0446842773306902,-0.0386989468673983,-0.1741521216259279,0.1370235360525665
0.8826269601534802,-0.0676662790979389,-0.04395568164722,-0.0393951636030544,-0.1717505051504109,0.1385693206740807
0.88241536164351,-0.0685741929076468,-0.0432138819112863,-0.0400936133025226,-0.16931396025771,0.1400895764748471
0.8821985471301931,-0.0694752428789863,-0.0424588618729551,-0.0407940668521673,-0.1668427575955849,0.1415837524960506
0.8819764436200163,-0.0703691068342305,-0.0416906137745258,-0.0414962806712697,-0.1643371919116726,0.1430512970345062
0.8817489801259599,-0.0712554528346566,-0.0409091394829423,-0.0421999960108484,-0.1617975849396382,0.1444916573152576
0.8815160878082482,-0.0721339399370172,-0.04011445056523,-0.0429049392721074,-0.1592242847967108,0.1459042812988164
0.8812777003249059,-0.0730042181742673,-0.039306569056164,-0.0436108217294755,-0.1566176676146182,0.1472886181878182
0.8810337538443642,-0.073865929835428,-0.03848552704794,-0.0443173403216282,-0.1539781353483212,0.1486441209727044
0.880784187643754,-0.0747187086585475,-0.0376513682346824,-0.0450241767692338,-0.1513061198779879,0.1499702456199531
0.8805289439674879,-0.0755621817075714,-0.0368041469339265,-0.0457309989075212,-0.1486020789820807,0.1512664544545718
0.8802679681497664,-0.0763959701939212,-0.035943928003047,-0.0464374612193342,-0.1458664952385739,0.1525322177517143
0.8800012091546776,-0.0772196889893066,-0.0350707881102682,-0.0471432042843009,-0.1430998792377451,0.1537670132921452
0.8797286193009056,-0.078032948748901,-0.0341848143011534,-0.0478478564704673,-0.1403027642082482,0.1549703298196017
0.8794501546963421,-0.0788353557316042,-0.0332861048981016,-0.048551033715708,-0.1374757080936272,0.156141666920513
0.8791657749921015,-0.0796265136296642,-0.0323747681801637,-0.0492523410854751,-0.1346192886507376,0.1572805378064727
0.8788754437296581,-0.0804060235780462,-0.0314509229912324,-0.0499513727954853,-0.1317341046793974,0.1583864693193431
0.8785791283545064,-0.0811734851097579,-0.0305146982663776,-0.0506477130937114,-0.1288207738816009,0.1594590032566596
0.8782768002098578,-0.0819284970661961,-0.0295662325100678,-0.0513409371557038,-0.1258799306364769,0.16049769752562
0.877968434244907,-0.0826706590842659,-0.0286056724060332,-0.0520306125728626,-0.1229122211655924,0.1615021279632439
0.8776540093868964,-0.0833995713336451,-0.0276331735287233,-0.0527162992802063,-0.1199183052823285,0.1624718876563519
0.877333508300269,-0.0841148357155501,-0.0266488991474356,-0.0533975508622486,-0.1168988522874912,0.1634065881991372
0.8770069174654042,-0.0848160561915366,-0.0256530200509821,-0.0540739150942428,-0.1138545400911143,0.1643058596848836
0.8766742268897648,-0.0855028398314549,-0.0246457132709688,-0.0547449352104054,-0.110786051029741,0.1651693515524286
0.8763354303444589,-0.0861747966411773,-0.0236271624341055,-0.0554101500322819,-0.1076940727343338,0.1659967317924456
0.8759905250981228,-0.0868315403914068,-0.0225975566065851,-0.0560690950921836,-0.1045792944534665,0.1667876873774698
0.8756395117740774,-0.0874726890540169,-0.0215570895538768,-0.0567213034192749,-0.1014424047296615,0.1675419241047818
0.875282394618975,-0.0880978644301927,-0.0205059602421925,-0.0573663055231839,-0.098284092874483,0.1682591654479582
0.8749191811872846,-0.0887066928230958,-0.0194443716218296,-0.0580036304462615,-0.0951050453041432,0.168939152623783
0.8745498823096601,-0.0892988050940194,-0.0183725302868693,-0.0586328062178157,-0.0919059445859741,0.169581643874097
0.8741745122539203,-0.0898738363918985,-0.0172906467074699,-0.0592533599624214,-0.0886874702296597,0.1701864133895802
0.8737930885662173,-0.0904314263844799,-0.0161989345458423,-0.0598648185389812,-0.0854502967750621,0.1707532507811918
0.8734056320935367,-0.090971219155324,-0.0150976105197937,-0.0604667088326616,-0.0821950935569009,0.1712819601715754
0.8730121670785923,-0.0914928629987086,-0.0139868944815542,-0.0610585579249915,-0.0789225251301202,0.1717723592011087
0.8726127213198599,-0.0919960101557859,-0.0128670096815322,-0.0616398931773827,-0.075633252251726,0.1722242780173501
0.872207325885463,-0.0924803171151179,-0.0117381817894756,-0.0622102429567817,-0.0723279292331655,0.1726375587899063
0.8717960157613928,-0.0929454437602354,-0.0106006405369337,-0.0627691360102066,-0.0690072090023462,0.1730120542263409
0.8713788295250042,-0.0933910537591892,-0.0094546186314458,-0.0633161022595432,-0.065671740165484,0.1733476272316918
0.870955809604676,-0.0938168142424388,-0.0083003523147362,-0.0638506727544607,-0.0623221689049531,0.1736441499666797
0.8705270023485664,-0.0942223957363913,-0.0071380813895733,-0.0643723799060301,-0.0589591393273381,0.1739015031634296
0.8700924585935791,-0.0946074716775515,-0.005968050594624,-0.0648807571451342,-0.0555832977077282,0.1741195752453626
0.8696522332577533,-0.0949717188907482,-0.004790508328368,-0.065375339793022,-0.0521952890642691,0.1742982621134205
0.8692063860875847,-0.0953148170506264,-0.0036057084888257,-0.0658556645793328,-0.0487957627360518,0.1744374663753757
0.8687549814329707,-0.0956364490491542,-0.0024139096899893,-0.0663212703263102,-0.0453853703912018,0.1745370971467253
0.868298088996563,-0.0959363006547179,-0.0012153770634733,-0.0667716976112349,-0.0419647714538763,0.1745970696228215
0.8678357834488699,-0.0962140610535583,-1.03810517012e-05,-0.0672064896534782,-0.0385346299116872,0.1746173050285651
0.8673681450621104,-0.0964694227150891,0.001200801115335,-0.0676251921867418,-0.0350956188011051,0.1745977304293663
0.8668952394350351,-0.0967020911738951,0.002417937637499,-0.0680273707973269,-0.0316482727490163,0.1745382753532375
0.8664171366706116,-0.0969117720715877,0.0036407918151192,-0.0684125919044984,-0.0281931320515753,0.1744388682882906
0.8659339341883786,-0.0970981630984152,0.0048690643683323,-0.068780406204124,-0.0247309053331316,0.1742994440114605
0.8654457357003811,-0.0972609665145222,0.0061024482685813,-0.0691303686079029,-0.021262313934101,0.1741199437989522
0.8649526518697622,-0.0973998894314041,0.0073406272796127,-0.069462038438232,-0.0177880962877283,0.1739003159198346
0.8644548001639251,-0.0975146444468536,0.0085832765458894,-0.0697749802699563,-0.0143090065322177,0.1736405159652679
0.8639523050804997,-0.0976049501632743,0.0098300622278855,-0.0700687645087385,-0.0108258158213037,0.1733405073299465
0.8634452985892855,-0.09767053174171,0.0110806406089965,-0.0703429679041856,-0.0073393151090235,0.1730002619379777
0.8629339202986338,-0.0977111215954875,0.0123346578968623,-0.0705971742991604,-0.0038503159897602,0.1726197609416035
0.8624183170297105,-0.0977264601303294,0.0135917514600154,-0.0708309756694905,-0.000359647566715,0.172198994983884
0.861898643387924,-0.097716296400439,0.0148515486005997,-0.0710439726591797,0.0031318398024417,0.1717379652037587
0.8613749457905675,-0.0976803780994536,0.0161139455052925,-0.0712358154217514,0.006624045146549,0.1712365688575841
0.860847221361646,-0.0976184324563443,0.017378958893921,-0.0714061615323229,0.0101172004326248,0.1706946224311554
0.8603156519692504,-0.0975301979059908,0.0186461662906169,-0.0715546041619785,0.0136103259826813,0.170112107996535
0.8597804284627565,-0.0974154259732464,0.0199151335186754,-0.0716807490470293,0.0171024160170617,0.1694890244643781
0.8592417514801546,-0.0972738825167072,0.0211854129752604,-0.0717842154583095,0.0205924335346771,0.1688253896002652
0.858699830800749,-0.0971053487436794,0.0224565453494453,-0.071864637579911,0.024079314660759,0.168121240480224
0.858154885216351,-0.0969096222676497,0.023728060064197,-0.0719216656941471,0.0275619694427254,0.1673766344720122
0.8576071417262456,-0.0966865178751615,0.0249994772554267,-0.0719549673824441,0.0310392868246753,0.1665916492487288
0.8570568354551338,-0.0964358684518989,0.026270308010559,-0.0719642285459139,0.0345101348175702,0.1657663836774233
0.8565042088051754,-0.0961575255323781,0.0275400563416676,-0.071949154398764,0.0379733653887289,0.1649009575513021
0.8559495104945462,-0.0958513595963352,0.0288082213454513,-0.0719094702629583,0.041427819817585,0.1639955109072289
0.8553929960456783,-0.0955172610541085,0.0300742959980126,-0.0718449223471492,0.0448723248630366,0.1630502055931407
0.8548349259521181,-0.0951551398786266,0.0313377712170502,-0.0717552782749922,0.0483057032690588,0.1620652229855857
0.8542755661018482,-0.0947649264033812,0.032598134725568,-0.0716403276829956,0.05172677010304,0.1610407653213295
0.8537151864099736,-0.0943465709380363,0.033854873946137,-0.0714998824925688,0.0551343400545609,0.1599770538814621
0.8531540596910503,-0.0939000432559619,0.0351074782737835,-0.0713337769399438,0.0585272330214217,0.1588743272528849
0.8525924619571903,-0.093425333065698,0.0363554381208179,-0.0711418678699099,0.0619042709527425,0.1577328422279137
0.8520306710146563,-0.0929224490839514,0.0375982477397606,-0.070924034466066,0.06526428494386,0.1565528713401065
0.8514689657120114,-0.0923914183991187,0.0388354065371831,-0.070680177945492,0.0686061182442263,0.1553347014096934
0.8509076262619478,-0.0918322867798077,0.0400664180037734,-0.0704102216377335,0.071928622849089,0.1540786343598634
0.850346932765236,-0.0912451172285337,0.0412907925903668,-0.0701141102163411,0.0752306667764276,0.1527849840945225
0.8497871647121071,-0.0906299892545429,0.0425080483923911,-0.0697918091508321,0.0785111354388752,0.1514540752501209
0.8492286012560415,-0.08998699896859,0.0437177101521335,-0.0694433045652551,0.0817689285162361,0.150086243777729
0.8486715209598449,-0.0893162586816419,0.0449193094258568,-0.0690686028580903,0.0850029600092176,0.1486818364124313
0.8481162001554852,-0.0886178947102139,0.0461123877240934,-0.0686677292644629,0.088212166321319,0.1472412065035958
0.847562913818662,-0.0878920480799246,0.047296494213392,-0.0682407279813317,0.0913954997309621,0.1457647160297798
0.8470119346099907,-0.0871388730128853,0.0484711873798448,-0.0677876610438195,0.0945519325627204,0.1442527329985297
0.8464635340659198,-0.0863585382704931,0.049636032104869,-0.0673086088861795,0.0976804490609342,0.1427056346480931
0.8459179812063543,-0.0855512250563344,0.0507906022702587,-0.0668036688567548,0.1007800521583724,0.1411238037001429
0.84537554246971,-0.0847171265762017,0.0519344805199902,-0.0662729546758325,0.1038497626297853,0.1395076280507687
0.8448364823088435,-0.0838564486942153,0.053067256649589,-0.0657165966099322,0.106888614597499,0.1378575025501265
0.8443010628467558,-0.0829694092622331,0.054188528002921,-0.0651347408321587,0.1098956564578023,0.1361738281536239
0.8437695439754366,-0.0820562381499021,0.0552978989454154,-0.064527549231467,0.1128699493567156,0.1344570124273129
0.8432421833375936,-0.0811171771482381,0.0563949805990108,-0.0638951991545101,0.115810566395494,0.1327074697847555
0.8427192364948437,-0.08015248026775,0.0574793902039739,-0.0632378834265307,0.1187165908617216,0.1309256224347619
0.8422009560438517,-0.0791624121119636,0.0585507526716986,-0.0625558090637656,0.1215871203551958,0.1291118977710142
0.841687592890753,-0.0781472502921318,0.0596086976754036,-0.0618491987521993,0.1244212589789649,0.1272667332026422
0.8411793961141198,-0.0771072854783997,0.0606528596969349,-0.0611182907678432,0.1272181174755872,0.1253905765172485
0.8406766122911242,-0.0760428203144455,0.0616828791769335,-0.0603633380895964,0.129976816336363,0.1234838842130821
0.840179485217641,-0.0749541689929358,0.0626984028480456,-0.0595846079480628,0.1326964867388917,0.1215471210823353
0.8396882567262617,-0.0738416593000269,0.0636990818363126,-0.0587823831520913,0.1353762655254362,0.1195807641655452
0.839203167056209,-0.0727056340420339,0.0646845707096837,-0.0579569630363539,0.1380152927351133,0.1175853054825242
0.8387244531253414,-0.0715464475880424,0.0656545307923169,-0.0571086608631506,0.1406127205737979,0.1155612461800258
0.838252349182643,-0.0703644677361018,0.0666086286282566,-0.0562378050510225,0.1431677094086753,0.1135091001139886
0.8377870873525515,-0.0691600777056541,0.0675465346934598,-0.0553447405543892,0.1456794244417839,0.1114293975361508
0.837328896238865,-0.0679336732523659,0.0684679260300723,-0.0544298266450837,0.1481470428999121,0.1093226803218078
0.8368780021306282,-0.0666856664824889,0.0693724836347557,-0.0534934396546659,0.150569747188153,0.1071895087806062
0.8364346270118159,-0.0654164811627715,0.0702598962799593,-0.0525359693778144,0.1529467352837167,0.1050304538476919
0.835998989672123,-0.0641265563576361,0.0711298581031163,-0.0515578216901218,0.1552772144506873,0.102846103575146
0.835571304561781,-0.0628163438257028,0.0719820707255895,-0.0505594164832896,0.1575604070979812,0.100637058956545
0.8351517825570648,-0.0614863110107322,0.0728162415556328,-0.0495411898338351,0.1597955464254528,0.0984039392418399
0.8347406291241363,-0.0601369359965001,0.0736320872768004,-0.0485035900405897,0.1619818859726222,0.0961473737173414
0.8343380452832618,-0.0587687110438789,0.074429331760912,-0.0474470802020441,0.1641186942390018,0.0938680079541046
0.8339442266070516,-0.0573821398965756,0.0752077078957228,-0.0463721360237911,0.1662052598020222,0.0915664995911016
0.8335593631361774,-0.0559777379027035,0.075966957590867,-0.0452792457732223,0.1682408915616877,0.0892435188609341
0.8331836388024393,-0.05455603029993,0.0767068327612154,-0.0441689088033543,0.1702249216125136,0.0868997460792086
0.832817231575927,-0.0531175530401198,0.077427094885926,-0.0430416360463736,0.1721567043029022,0.0845358733446338
0.8324603123991494,-0.0516628488180822,0.078127516959042,-0.0418979467489423,0.1740356217134016,0.0821525983548585
0.832113045561012,-0.0501924684213133,0.0788078826106738,-0.0407383693574238,0.1758610815517344,0.0797506270023238
0.8317755885433125,-0.0487069701209503,0.079467986276847,-0.03956344087993,0.1776325178617528,0.0773306727245166
0.8314480911748733,-0.0472069157426225,0.0801076347276298,-0.0383737036105273,0.1793493953800233,0.0748934504652217
0.831130696149006,-0.0456928724573488,0.0807266459335696,-0.0371697063668323,0.1810112067508687,0.0724396799712477
0.8308235380740485,-0.0441654076938396,0.0813248508058906,-0.0359520002703147,0.1826174774540058,0.0699700779122816
0.8305267443464991,-0.0426250924533056,0.0819020913887196,-0.0347211412008222,0.1841677612059054,0.0674853636291609
0.8302404344897778,-0.0410724971570599,0.082458222052981,-0.0334776863136039,0.1856616434161585,0.0649862527748406
0.829964720475223,-0.0395081921211555,0.0829931087849901,-0.0322221942412276,0.1870987395239313,0.0624734584394692
0.8296997065747103,-0.0379327454521125,0.0835066293955109,-0.0309552232373174,0.1884786958008593,0.059947688105934
0.8294454894573065,-0.0363467219910278,0.0839986732630396,-0.0296773301585361,0.1898011888966255,0.0574096422912968
0.8292021582862236,-0.0347506820683967,0.0844691410857402,-0.028389069297804,0.1910659254002394,0.0548600128737676
0.8289697953298572,-0.0331451836452902,0.0849179436496217,-0.0270909939609269,0.1922726387477499,0.0522994868055949
0.8287484755618215,-0.0315307777541071,0.085345002560399,-0.0257836526424985,0.1934210913995182,0.0497287391034964
0.8285382671850516,-0.0299080097762365,0.0857502491964528,-0.0244675899169148,0.1945110722258168,0.0471484351521808
0.8283392318232374,-0.028277418556752,0.0861336243136141,-0.0231433455940253,0.1955423956339949,0.0445592295285909
0.8281514248527947,-0.0266395365799634,0.0864950773865297,-0.0218114547441459,0.1965148999762719,0.0419617664920923
0.8279748954857141,-0.0249948879676558,0.0868345664364951,-0.0204724459619538,0.1974284472551944,0.0393566770002572
0.8278096873990205,-0.0233439913878116,0.0871520568139121,-0.0191268436348899,0.1982829200049325,0.0367445834869791
0.8276558386528365,-0.0216873565584523,0.0874475213549528,-0.0177751650090585,0.1990782218587921,0.0341260944692551
0.8275133822377143,-0.0200254867182361,0.0877209393330219,-0.01641792212279,0.1998142748621142,0.0315018085837999
0.8273823461454355,-0.0183588763064882,0.0879722963302378,-0.0150556198437109,0.20049101924987,0.0288723110257906
0.8272627538760944,-0.0166880137456335,0.0882015832749798,-0.0136887580806755,0.2011084109680717,0.0262381780278634
0.8271546245663948,-0.0150133800834478,0.0884087962094934,-0.0123178306240064,0.2016664211493566,0.0235999747809829
0.8270579732828448,-0.0133354497553975,0.0885939357432746,-0.0109433257253433,0.2021650347318005,0.0209582566858673
0.8269728112500212,-0.0116546907763261,0.0887570066327333,-0.0095657262188834,0.2026042494070562,0.0183135696875385
0.8268991460452312,-0.0099715644213989,0.0888980174263328,-0.0081855092303308,0.2029840747344691,0.015666449792816
0.8268369818947255,-0.0082865276753037,0.0890169799160473,-0.0068031481623892,0.2033045307233344,0.013017426928065
0.8267863197389891,-0.006600030918647,0.0891139090310873,-0.005419110780511,0.2035656475965698,0.0103670212941053
0.8267471574924597,-0.0049125207613656,0.0891888223592719,-0.0040338615248688,0.2037674645418085,0.0077157478048112
0.8267194901514304,-0.0032244402756754,0.0892417399584389,-0.0026478616946133,0.2039100292344051,0.0050641164262574
0.8267033098835825,-0.0015362279794797,0.0892726842020886,-0.0012615686087366,0.2039933974435874,0.0024126305478777
0.8266985598522788,-2.047269038324418e-12,0.0892817681001382,1.603052347982914e-11,0.2040178709970936,-4.483522060561018e-12
