3.18554888945333
0.8304353842555607,-1.451189479690945e-28,7.038235088358439e-15,0.0570552993847783
0.8304358286926121,0.0002580048245491,0.0001965599970645,0.0570522132885564
0.8304396729148603,0.0008013814631209,0.0006104921642378,0.0570255187404662
0.8304474594478494,0.0013444232633678,0.0010240545956632,0.0569714434849265
0.8304591798045039,0.001886696256017,0.0014368392869321,0.0568900362459224
0.830474815811089,0.0024277052044351,0.0018483923789317,0.0567814079072857
0.8304943400954814,0.0029669631969426,0.0022582676500437,0.0566457282326651
0.8305177165587515,0.0035039968123521,0.0026660308939263,0.0564832227478443
0.8305449009987595,0.0040383502658153,0.003071263477423,0.0562941686077667
0.8305758418849694,0.0045695893225747,0.0034735656675581,0.0560788894457794
0.8306104811908208,0.0050973037543673,0.0038725587921412,0.0558377498474555
0.8306487552422184,0.0056211087359864,0.0042678865370975,0.0555711497290056
0.8306905956982416,0.0061406471741823,0.0046592168844398,0.0552795178027866
0.8307359303317996,0.0066555887772192,0.0050462415294665,0.0549633064361914
0.8307846838769194,0.0071656302382531,0.0054286760881069,0.0546229860409251
0.8308367787500138,0.0076704941567409,0.0058062593078647,0.0542590403297951
0.8308921357245134,0.0081699279517921,0.0061787522350656,0.0538719618843143
0.8309506744816033,0.0086637021230455,0.0065459368637257,0.0534622485705231
0.8310123140829819,0.0091516084702615,0.0069076147329409,0.0530304004821299
0.8310769733879588,0.0096334584433233,0.0072636056055225,0.0525769172543266
0.8311445713807295,0.0101090813357967,0.0076137460200027,0.052102295987938
0.8312150274165151,0.0105783224335694,0.0079578878056293,0.0516070297251176
0.8312882614591885,0.011041041583988,0.0082958969058308,0.0510916059679408
0.8313641942139587,0.0114971114833389,0.0086276519966217,0.0505565059189044
0.8314427472549444,0.011946416335583,0.0089530433822124,0.0500022037439537
0.8315238430803565,0.0123888504145168,0.0092719718273688,0.0494291663335407
0.8316074052118547,0.0128243171595167,0.00958434778359,0.0488378527408787
0.8316933582057944,0.0132527280090795,0.009890090432788,0.0482287142322227
0.8317816277000009,0.0136740016306335,0.0101891270241611,0.0476021940773669
0.8318721403610182,0.0140880628372138,0.0104813919970271,0.0469587280386354
0.8319648239359988,0.0144948421617671,0.0107668265800684,0.0462987441115418
0.832059607191077,0.0148942750178125,0.0110453781052466,0.0456226630662783
0.8321564199743904,0.0152863015058603,0.0113169997822168,0.0449308980966569
0.8322551931487612,0.0156708657289677,0.0115816501347858,0.0442238553927932
0.832355858474871,0.0160479150428982,0.0118392924063227,0.0435019350692502
0.8324583487793291,0.0164174004496496,0.0120898947553729,0.0427655300491763
0.8325625977834324,0.016779275724034,0.0123334295855977,0.0420150273753665
0.832668540104226,0.017133497265676,0.0125698733816436,0.0412508082874857
0.8327761113053813,0.017480024119901,0.0127992066582191,0.0404732479351725
0.832885247780882,0.017818817464252,0.0130214135564104,0.0396827162953995
0.8329958867990617,0.0181498406548248,0.0132364818176323,0.0388795779319709
0.8331079664304359,0.0184730589182762,0.0134444025267635,0.0380641925943102
0.8332214255438358,0.0187884392793982,0.013645170014235,0.0372369153218986
0.8333362038101138,0.0190959505112542,0.0138387817733894,0.0363980964912793
0.8334522416772552,0.0193955630109235,0.0140252383320582,0.0355480820700759
0.8335694803472407,0.0196872486937628,0.0142045431391042,0.0346872138585414
0.8336878617674374,0.0199709809336908,0.0143767024819479,0.0338158296245083
0.8338073285810846,0.0202467344139724,0.0145417253522564,0.0329342635397013
0.8339278241599383,0.0205144851809242,0.0146996234366487,0.0320428460113731
0.8340492926287764,0.0207742106615543,0.0148504110824795,0.0311419035692209
0.8341716787243594,0.0210258893342109,0.0149941050643908,0.0302317599806236
0.834294927903397,0.0212695009479953,0.0151307246738865,0.0293127355220558
0.8344189863417052,0.0215050264857254,0.0152602916547013,0.0283851470511252
0.8345438008556898,0.0217324479878715,0.0153828300643965,0.0274493086605603
0.8346693189126143,0.0219517485625542,0.0154983662433908,0.0265055316724269
0.8347954886103255,0.0221629123387941,0.0156069287533752,0.0255541248608217
0.8349222587755037,0.0223659246123261,0.0157085484132181,0.0245953937787103
0.8350495788558974,0.0225607716399855,0.0158032581524361,0.0236296416356841
0.8351773989122259,0.0227474406210714,0.0158910929670304,0.0226571694298692
0.8353056696623918,0.0229259197513748,0.0159720899083262,0.0216782756805158
0.8354343424679054,0.0230961981831963,0.0160462880243968,0.0206932565966954
0.8355633693089476,0.0232582659761011,0.0161137282996601,0.0197024063344789
0.8356927027810929,0.0234121140817188,0.0161744536112817,0.018706017089887
0.8358222961823898,0.0235577344273333,0.0162285087210137,0.0177043784921365
0.8359521033884347,0.0236951197470006,0.016275940167249,0.016697778629551
0.836082078865426,0.0238242635934197,0.016316796234952,0.015686504018447
0.8362121777819111,0.023945160432144,0.0163511269439898,0.0146708387976734
0.8363423558427047,0.0240578054604884,0.0163789839505522,0.0136510660846401
0.8364725693980094,0.0241621947011928,0.016400420535892,0.0126274671902159
0.8366027754102758,0.0242583249529764,0.0164154915487252,0.0116003219392986
0.8367329314233171,0.0243461937543796,0.0164242533566263,0.010569908978064
0.8368629956513217,0.0244257994280418,0.0164267638047782,0.0095365051312932
0.8369929268918371,0.0244971409993435,0.0164230821573688,0.0085003861496332
0.8371226845312331,0.0245602181890737,0.0164132690536819,0.0074618267293837
0.8372522285074275,0.0246150313863101,0.0163973864676378,0.0064211008743911
0.8373815193889638,0.0246615816726198,0.0163754976540713,0.0053784813237339
0.8375105183847347,0.0246998707968612,0.0163476670881403,0.0043342395263298
0.8376391871797118,0.0247299011099697,0.0163139604503982,0.0032886470289392
0.8377674881049292,0.0247516756072581,0.0162744445451934,0.0022419741618617
0.8378953840707006,0.0247651978870368,0.0162291872597328,0.0011944906339967
0.8380228384553708,0.0247704721329782,0.0161782575587205,0.000146466505583
0.8381498153311463,0.0247675031194773,0.0161217253498965,-0.0009018296068316
0.8382762980658738,0.02475629389594,0.0160596518491804,-0.0019502850068972
0.8384022847659609,0.0247368404370392,0.0159920878127996,-0.0029989080586036
0.83852774039719,0.0247091389506747,0.015919099200285,-0.0040474296823065
0.838652630297841,0.0246731861987395,0.0158407529872909,-0.0050955793889929
0.8387769201804638,0.0246289795136532,0.0157571171323506,-0.0061430852083561
0.8389005761429192,0.0245765168094701,0.0156682605340924,-0.0071896736965504
0.8390235647286269,0.0245157965618409,0.0155742529444073,-0.0082350703664097
0.8391458527399345,0.0244468179096792,0.0154751650683203,-0.0092789980200696
0.839267407432431,0.0243695805797609,0.0153710683778512,-0.0103211783147779
0.8393881963537155,0.0242840849919631,0.0152620351986924,-0.0113613303050359
0.839508187397384,0.024190332257817,0.0151481386296821,-0.0123991708156481
0.8396273487458352,0.024088324254434,0.0150294525578392,-0.0134344138606689
0.8397456489228311,0.0239780636175718,0.0149060515696181,-0.014466771010961
0.839863056629181,0.0238595539378917,0.0147780110860756,-0.0154959498708344
0.8399795408998364,0.0237327996722436,0.0146454071685932,-0.0165216553546523
0.8400950709776988,0.0235978063239271,0.0145083166196938,-0.0175435884918733
0.8402096163011542,0.0234545805379161,0.014366816974286,-0.0185614462175611
0.8403231464873251,0.0233031302106164,0.0142209864976663,-0.0195749211245301
0.8404356312837116,0.023143464657367,0.0140709042290666,-0.0205837009306122
0.8405470406222896,0.022975594650164,0.0139166498931567,-0.0215874688628724
0.8406573445558543,0.02279953262464,0.0137583039652259,-0.0225859029912298
0.8407665131432437,0.022615293015067,0.0135959478314268,-0.0235786750848673
0.8408745165374488,0.0224228922901196,0.0134296636662861,-0.0245654513024837
0.8409813249140229,0.0222223492561406,0.0132595345408538,-0.0255458914413037
0.8410869084310392,0.0220136853485228,0.0130856445011156,-0.0265196484656907
0.8411912372168044,0.0217969249016182,0.0129080786128296,-0.0274863682901245
0.8412942813347039,0.0215720954936329,0.0127269230537658,-0.0284456893533145
0.8413960107991072,0.0213392282132394,0.0125422651274093,-0.0293972426704364
0.8414963955163962,0.0210983581216935,0.0123541934186907,-0.0303406511937974
0.8415954052605482,0.0208495246910946,0.0121627979093595,-0.0312755294955425
0.8416930097170559,0.020592772106545,0.0119681699729313,-0.0322014841053505
0.8417891784280778,0.0203281498493262,0.0117704025706995,-0.0331181129292024
0.8418838808316036,0.0200557130828958,0.0115695902794641,-0.0340250055701061
0.8419770862515118,0.019775523204836,0.0113658294295059,-0.0349217432013968
0.8420687639120488,0.0194876483781178,0.0111592182099094,-0.03580789869103
0.8421588830141854,0.019192163900022,0.0109498566450093,-0.0366830373505955
0.8422474127444687,0.0188891528042774,0.0107378467288516,-0.0375467170648684
0.8423343223547632,0.0185787062638308,0.01052329240766,-0.0383984891416228
0.8424195812464189,0.0182609239778775,0.0103062995486841,-0.0392378992495041
0.8425031590455252,0.0179359145922747,0.0100869759304698,-0.0400644883143326
0.8425850257093872,0.0176037959986286,0.0098654311514021,-0.0408777937717184
0.8426651516437161,0.0172646955640969,0.0096417764984695,-0.041677350981377
0.8427435078670065,0.0169187501113191,0.0094161246636176,-0.0424626951732296
0.8428200661214704,0.0165661060530715,0.0091885895803585,-0.0432333629244948
0.8428947990594451,0.0162069191111463,0.0089592860109317,-0.0439888944569821
0.8429676803698833,0.0158413541940726,0.0087283292649175,-0.0447288353988402
0.8430386849606183,0.0154695848854486,0.0084958347002488,-0.0454527391729445
0.8431077891143335,0.015091792894582,0.0082619172399125,-0.0461601691842781
0.843174970613648,0.0147081675100993,0.0080266909291575,-0.0468507007481689
0.8432402089495226,0.0143189043849465,0.007790268125538,-0.047523923927833
0.8433034853207222,0.0139242053250192,0.0075527593478541,-0.0481794442670096
0.8433647828397315,0.0135242766748834,0.0073142723137786,-0.0488168856826481
0.8434240865759943,0.0131193284238352,0.00707491146627,-0.0494358917099986
0.8434813835454528,0.0127095735233467,0.0068347776612445,-0.0500361261941462
0.8435366628844116,0.012295225681648,0.006593967002965,-0.0506172759163644
0.8435899156354136,0.0118764997308839,0.0063525712258779,-0.0511790491498877
0.8436411347838443,0.0114536101287041,0.0061106770068478,-0.0517211768146355
0.8436903152753381,0.0110267692949631,0.0058683652269015,-0.0522434134193937
0.8437374538160186,0.0105961876099104,0.0056257112076057,-0.052745535670113
0.8437825487473768,0.0101620728569243,0.0053827846349676,-0.0532273418139565
0.843825600060862,0.0097246281911303,0.0051396486766815,-0.0536886524338962
0.8438666090565754,0.0092840535089139,0.004896361010764,-0.0541293073890493
0.8439055783635402,0.0088405432856216,0.0046529728857339,-0.0545491665669107
0.8439425116547228,0.0083942875720345,0.0044095299352358,-0.0549481073092119
0.8439774135521688,0.0079454710665306,0.0041660719233709,-0.0553260238232466
0.8440102894744617,0.0074942727989882,0.0039226328271904,-0.0556828259237316
0.8440411453945692,0.0070408672285033,0.0036792416711781,-0.0560184367484438
0.8440699877757346,0.0065854231119777,0.0034359221463067,-0.056332792356328
0.8440968233499104,0.0061281047626532,0.0031926935049555,-0.0566258395714249
0.8441216591003708,0.0056690701997994,0.0029495697852618,-0.0568975360117388
0.8441445019593503,0.0052084743992248,0.0027065617354438,-0.0571478469689274
0.8441653588451835,0.0047464668100945,0.0024636756810204,-0.0573767459647047
0.8441842364863827,0.004283192795334,0.002220914464306,-0.0575842129502012
0.8442011413259198,0.0038187939560594,0.0019782777778051,-0.0577702333559008
0.8442160794374826,0.0033534084285616,0.001735762473025,-0.0579347972515299
0.8442290564574292,0.0028871709437082,0.0014933627367274,-0.0580778986604002
0.8442400775188313,0.0024202129215031,0.00125107027842,-0.0581995348812015
0.8442491471741294,0.0019526634094881,0.0010088749474838,-0.0582997056703854
0.844256269339603,0.001484650174004,0.0007667654191654,-0.0583784126536386
0.8442614472956464,0.0010162975692342,0.0005247282085364,-0.0584356593452813
0.8442646836079493,0.000547729638172,0.00028274938713,-0.0584714502862623
0.8442659801278318,7.9069039245e-05,4.08141350688e-05,-0.0584857910506154
0.8442653379686014,-0.0003895628727005,-0.0002010931114235,-0.0584786879818522
0.8442627573355829,-0.0008580653572821,-0.0004429985307058,-0.0584501463066246
0.8442582370940585,-0.0013263588249395,-0.0006849391310245,-0.0584001653502706
0.844251775328341,-0.0017943217986898,-0.0009269301254464,-0.0583287447175483
0.844243369363134,-0.0022618329840889,-0.001168986546589,-0.0582358845224192
0.8442330158176915,-0.0027287686415061,-0.0014111217828272,-0.0581215859755002
0.844220710601667,-0.0031950042828491,-0.0016533483483524,-0.0579858513217873
0.8442064489602948,-0.0036604135205679,-0.001895677176312,-0.0578286843171437
0.8441902255375021,-0.004124867201364,-0.0021381170507921,-0.0576500908939371
0.8441720343545445,-0.0045882351121449,-0.0023806753762251,-0.0574500788874798
0.8441518689827759,-0.0050503824753954,-0.002623356218846,-0.0572286598876905
0.8441297224563042,-0.0055111734644555,-0.0028661620135944,-0.05698584821722
0.8441055875518537,-0.0059704663263517,-0.0031090908579323,-0.0567216639255968
0.8440794567197589,-0.006428116630575,-0.0033521380649232,-0.0564361319338191
0.84405132220728,-0.0068839761758752,-0.0035952954299044,-0.0561292832701348
0.8440211762551706,-0.0073378913153194,-0.0038385501640878,-0.0558011570744381
0.8439890111545729,-0.0077897038907994,-0.0040818852032407,-0.0554518010459805
0.8439548193341819,-0.0082392515195762,-0.0043252791706072,-0.0550812721938245
0.8439185937040233,-0.0086863647857608,-0.0045687046473653,-0.054689640327787
0.8438803275672327,-0.0091308703587288,-0.0048121296363615,-0.05427698682248
0.843840014942056,-0.0095725888380265,-0.0050555161612522,-0.0538434077806736
0.843797650718814,-0.0100113350514207,-0.0052988201773866,-0.0533890153517589
0.8437532307361243,-0.0104469191691888,-0.0055419919348511,-0.0529139381355086
0.8437067521194591,-0.0108791452445372,-0.005784974904833,-0.0524183243406437
0.8436582133433012,-0.0113078127028469,-0.0060277063370067,-0.0519023419193866
0.8436076144556709,-0.0117327162378002,-0.0062701169308088,-0.0513661803817588
0.8435549573066897,-0.0121536458607216,-0.0065121305834091,-0.0508100525816025
0.8435002455379416,-0.0125703888837731,-0.0067536652548645,-0.0502341939162823
0.8434434848335587,-0.0129827296798139,-0.006994632576806,-0.0496388642464254
0.843384683082044,-0.0133904502655983,-0.0072349379360078,-0.0490243488084754
0.8433238503267511,-0.0137933322670896,-0.0074744813953262,-0.0483909568753953
0.8432609989416777,-0.0141911571420693,-0.0077131576230469,-0.0477390227466641
0.8431961435346627,-0.014583708100475,-0.0079508568615398,-0.0470689038743907
0.8431293010595737,-0.01497077049264,-0.0081874650208576,-0.0463809811524155
0.8430604906166371,-0.015352133906949,-0.0084228648497748,-0.0456756559850745
0.8429897334817987,-0.0157275926626884,-0.0086569361830489,-0.0449533497409949
0.8429170529508551,-0.0160969471795266,-0.0088895567707588,-0.0442145013271876
0.8428424741986001,-0.0164600050053975,-0.0091206029522891,-0.0434595649655884
0.8427660241128477,-0.0168165817493238,-0.009349950322715,-0.0426890077685329
0.8426877310232673,-0.0171665022675626,-0.0095774746181458,-0.041903306323191
0.8426076247175905,-0.0175096003530942,-0.0098030516793727,-0.041102946234544
0.842525736004372,-0.0178457202983304,-0.0100265586728034,-0.0402884171883715
0.8424420966290276,-0.018174716684319,-0.0102478742018753,-0.0394602116477909
0.8423567390960164,-0.0184964545007386,-0.0104668786569509,-0.0386188226772825
0.8422696965254042,-0.0188108090426099,-0.0106834544379058,-0.0377647421796419
0.8421810022957448,-0.0191176664718902,-0.0108974866601864,-0.0368984571178898
0.8420906901729445,-0.0194169225672212,-0.0111088626255471,-0.0360204505757279
0.8419987940124251,-0.0197084829941255,-0.0113174723440536,-0.0351311986907832
0.8419053476633146,-0.0199922628040181,-0.0115232085305954,-0.0342311696357959
0.8418103849061068,-0.0202681858429332,-0.0117259665294173,-0.0333208229703053
0.8417139394068704,-0.0205361841435539,-0.0119256442138977,-0.0324006091894903
0.8416160446548162,-0.0207961973965055,-0.0121221419312738,-0.0314709691487157
0.8415167338982561,-0.0210481724451157,-0.0123153624532021,-0.0305323335089619
0.8414160401488842,-0.0212920626339545,-0.0125052107993938,-0.0295851228580385
0.8413139961770898,-0.021527827235659,-0.0126915940991428,-0.0286297477625457
0.8412106344968936,-0.0217554309456244,-0.0128744214861659,-0.0276666087386815
0.8411059873859696,-0.0219748433387823,-0.0130536039433772,-0.0266960965641784
0.8410000868902898,-0.0221860384074238,-0.0132290541912133,-0.0257185924544237
0.8408929648795984,-0.0223889940418275,-0.0134006865068642,-0.0247344687130248
0.840784653031428,-0.0225836916978539,-0.01356841667761,-0.023744088724707
0.840675182903426,-0.0227701159341031,-0.0137321618247764,-0.022747807761759
0.8405645859347369,-0.0229482541224428,-0.0138918403551189,-0.0217459731374268
0.8404528934719817,-0.0231180961410231,-0.0140473718815998,-0.0207389245860637
0.8403401368454576,-0.0232796340272691,-0.0141986770876684,-0.0197269950914103
0.8402263473658989,-0.0234328617871971,-0.0143456777158053,-0.018710510992291
0.8401115563568312,-0.0235777751700172,-0.0144882965114637,-0.0176897924088291
0.8399957952488797,-0.0237143713974399,-0.0146264571033847,-0.0166651542111775
0.8398790954982046,-0.0238426491323127,-0.0147600841071683,-0.0156369054223022
0.8397614887296333,-0.0239626081933036,-0.0148891029622942,-0.0146053506094117
0.8396430066753265,-0.0240742495267567,-0.0150134400179746,-0.0135707894621696
0.8395236812641685,-0.0241775750285398,-0.0151330224516231,-0.0125335176947234
0.8394035446415216,-0.0242725874619417,-0.0152477782750603,-0.011493827327287
0.8392826291480274,-0.0243592904138066,-0.0153576363798182,-0.0104520066127714
0.8391609673935108,-0.0244376881848576,-0.0154625264940641,-0.0094083407836339
0.8390385922401657,-0.0245077857617569,-0.0155623792293218,-0.0083631120101034
0.8389155368583117,-0.0245695887484203,-0.0156571260656154,-0.007316599979074
0.8387918347062642,-0.0246231033511627,-0.0157466994025418,-0.0062690818204602
0.8386675195208474,-0.0246683363518018,-0.0158310325952304,-0.0052208321282949
0.838542625462234,-0.0247052950364583,-0.0159100598910884,-0.0041721242775275
0.8384171869581539,-0.0247339872412856,-0.0159837165734188,-0.0031232292022946
0.8382912388646258,-0.0247544212940635,-0.0160519388958591,-0.0020744168376926
0.8381648163210588,-0.024766606038743,-0.0161146642032053,-0.001025954999262
0.8380379550085425,-0.0247705508028475,-0.0161718308380293,2.1888384211e-05
0.8379106908118181,-0.0247662654256865,-0.0162233783438635,0.0010688479851178
0.8377830325788737,-0.0247537566579466,-0.0162692566275617,0.0021148837288737
0.8376549915199655,-0.0247330251169046,-0.016309411163295,0.0031599368453257
0.8375266045620503,-0.0247040720026373,-0.0163437777224449,0.0042037407103863
0.8373979091985042,-0.024666899091021,-0.0163722931915988,0.0052460281057917
0.8372689434225684,-0.0246215087341006,-0.0163948956386087,0.0062865316963696
0.8371397458279793,-0.0245679039088295,-0.0164115243410379,0.0073249831528517
0.8370103555384778,-0.0245060882157051,-0.0164221198514396,0.0083611136597808
0.8368808122492184,-0.0244360659139223,-0.0164266240403965,0.0093946535186961
0.8367511561489782,-0.0243578418957029,-0.0164249801458185,0.0104253327036821
0.8366214281003189,-0.0242714218105447,-0.0164171328207064,0.0114528793632847
0.8364916694554173,-0.0241768119797443,-0.0164030281835041,0.0124770212227854
0.8363619221446625,-0.0240740194655117,-0.0163826138639328,0.0134974848131587
0.8362322286784498,-0.023963052096128,-0.0163558390537551,0.0145139953934263
0.8361026321994616,-0.0238439185394556,-0.0163226545716912,0.0155262764789323
0.8359731762649908,-0.0237166281221967,-0.0162830128541865,0.016534051475197
0.8358439052030242,-0.0235811911845616,-0.0162368680990623,0.0175370408329458
0.835714863787218,-0.0234376187927884,-0.016184176221951,0.0185349645162478
0.8355860974203676,-0.0232859229406469,-0.0161248949596199,0.0195275405071533
0.8354576520764113,-0.0231261165143419,-0.0160589838998118,0.0205144851899445
0.8353295742812372,-0.0229582132866726,-0.0159864045157218,0.0214955134295041
0.8352019112142036,-0.0227822280737846,-0.0159071202722123,0.0224703377262069
0.8350747105239794,-0.0225981765102874,-0.0158210965642966,0.0234386695560773
0.8349480205306219,-0.0224060753474211,-0.0157283008878647,0.0244002177579041
0.834821890112829,-0.0222059423248199,-0.0156287028209603,0.0253546893264543
0.8346963686946797,-0.021997796163558,-0.0155222740539708,0.0263017894403166
0.8345715063126632,-0.0217816566949247,-0.0154089884899554,0.027241220884501
0.8344473535705365,-0.0215575448118292,-0.0152888222569231,0.028172684321623
0.8343239616843207,-0.0213254825730768,-0.015161753799389,0.0290958778833509
0.8342013824362102,-0.0210854931463147,-0.0150277638843874,0.0300104974456023
0.8340796681851236,-0.0208376008471272,-0.0148868356574221,0.030916236476607
0.8339588718999801,-0.0205818312316387,-0.0147389547307938,0.0318127857172767
0.8338390470773378,-0.0203182109459649,-0.0145841091319246,0.0326998337197511
0.8337202479362026,-0.0200467681787978,-0.0144222896045914,0.0335770653318729
0.8336025292028383,-0.0197675322238615,-0.0142534893903515,0.0344441632187635
0.8334859462321792,-0.0194805337732538,-0.0140777044372607,0.0353008068896075
0.8333705549287941,-0.0191858047536577,-0.0138949333365541,0.0361466732043584
0.8332564119173815,-0.0188833787905349,-0.0137051776471711,0.0369814350485178
0.833143574368448,-0.018573290806541,-0.0135084416867571,0.0378047625372564
0.833032100120456,-0.0182555773769025,-0.0133047327923741,0.038616322044889
0.8329220475949801,-0.0179302765364061,-0.0130940612375195,0.0394157767470916
0.8328134759059399,-0.0175974281377879,-0.0128764405027455,0.0402027857483415
0.8327064448076952,-0.017257073761552,-0.0126518872609688,0.040977004382357
0.8326010147342606,-0.0169092568983835,-0.0124204215402231,0.0417380838489357
0.8324972467710413,-0.0165540229268052,-0.0121820667532373,0.0424856713380565
0.8323952026887106,-0.0161914192973328,-0.0119368498649797,0.0432194097031532
0.83229494497635,-0.0158214957441403,-0.0116848015832953,0.0439389371403741
0.8321965368228902,-0.0154443043295835,-0.0114259564389758,0.0446438872380817
0.832100042145729,-0.0150598996736561,-0.0111603529933318,0.0453338886851993
0.8320055256144299,-0.0146683392009524,-0.0108880340622751,0.0460085650140253
0.8319130526433982,-0.0142696832922178,-0.0106090468775651,0.0466675345625586
0.8318226894151902,-0.0138639955920849,-0.0103234433594919,0.047310410215192
0.8317345028588888,-0.0134513431577577,-0.0100312802812246,0.0479367994603599
0.8316485607319121,-0.0130317971364412,-0.0097326198107526,0.0485463037099364
0.8315649315866275,-0.0126054329980883,-0.0094275297452983,0.0491385184349255
0.8314836847264694,-0.012172330741521,-0.0091160837268407,0.049713033368656
0.8314048902770004,-0.0117325757813349,-0.0087983619499579,0.0502694318915906
0.8313286191334401,-0.0112862593210757,-0.0084744515079589,0.0508072912858905
0.8312549429643676,-0.0108334791513988,-0.0081444470495622,0.0513261825863308
0.8311839341566047,-0.0103743402675653,-0.0078084513097911,0.0518256708393898
0.8311156657659535,-0.0099089556830799,-0.0074665757868306,0.0523053153126606
0.8310502114985583,-0.0094374477006544,-0.0071189417597636,0.0527646694812165
0.8309876455481564,-0.0089599484579794,-0.006765680776655,0.0532032820168232
0.8309280425504612,-0.0084766016006663,-0.0064069359746677,0.0536206969440463
0.8308714773840402,-0.0079875632042602,-0.0060428628478774,0.054016454862116
0.8308180250024387,-0.007493003327406,-0.0056736304805568,0.0543900939349555
0.83076776019387,-0.0069931074722961,-0.0052994227092671,0.0547411513755634
0.830720757290984,-0.006488078150345,-0.0049204393568644,0.055069165265863
0.8306770898308846,-0.0059781366276577,-0.0045368975914976,0.0553736767105638
0.8306368301118642,-0.0054635242665284,-0.0041490329674009,0.0556542326982715
0.8306000487297437,-0.0049445044010472,-0.0037571008473017,0.0559103890921206
0.8305668139952248,-0.0044213635829059,-0.0033613773256372,0.0561417144387467
0.8305371912781674,-0.0038944124869283,-0.0029621598613021,0.0563477942770332
0.8305112423377268,-0.0033639874404746,-0.0025597683452607,0.0565282355400842
0.8304890245171521,-0.0028304502856085,-0.0021545448621721,0.0566826718978958
0.8304705899392965,-0.0022941883173584,-0.001746853458792,0.0568107690992037
0.83045598467933,-0.0017556135789835,-0.0013370793716609,0.0569122304828212
0.8304452479411168,-0.0012151612955771,-0.0009256275451164,0.0569868024816537
0.8304384112726404,-0.0006732868011237,-0.000512919948148,0.0570342798811786
0.8304354978983427,-0.0001304630972819,-9.93933219243e-05,0.0570545102993621
0.8304353842606961,-1.9894121614828786e-12,1.451556118413442e-11,0.0570552993781857
