2.94045169363606
0.698819448673001,4.2457518055305794e-23,3.720836048986732e-13,0.6409782254716049
0.698820573444818,0.0023184631174342,0.0006219218108355,0.6409665333966924
0.6988269101025543,0.0059711987249678,0.001601852039703,0.6409006730577438
0.6988388376147531,0.0096248652939129,0.0025822789555476,0.6407767482376242
0.6988563669130028,0.0132797453785959,0.0035634308319073,0.6405947267666988
0.6988795127712241,0.0169360791875302,0.0045455264623879,0.6403545749285002
0.6989082938836871,0.02059410773077,0.0055287873901564,0.6400562568735354
0.6989427329668629,0.0242540784540871,0.0065134400750956,0.6396997338424169
0.698982856751101,0.0279162362985653,0.0074997141376808,0.6392849645875968
0.6990286962316296,0.0315808398754354,0.0084878473568093,0.6388119031729206
0.6990802865854502,0.0352481443627107,0.0094780817022996,0.6382805002926382
0.6991376675187103,0.0389184198021374,0.0104706689019169,0.6376907002157192
0.6992008832224237,0.0425919375225699,0.0114658674051221,0.6370424418450231
0.6992699827949658,0.0462689864199937,0.0124639474124504,0.6363356550609753
0.6993450201838978,0.0499498587103295,0.0134651876374447,0.6355702620908303
0.6994260546746905,0.0536348651440032,0.014469880054024,0.6347461733789873
0.699513150846452,0.0573243218714241,0.0154783269377294,0.6338632890094936
0.6996063791937518,0.0610185672622928,0.0164908460678234,0.63292149347243
0.6997058161516401,0.0647179507126593,0.0175077682912116,0.6319206566316855
0.6998115442939394,0.0684228305745461,0.0185294375509116,0.6308606330431232
0.6999236532410856,0.0721335951016183,0.0195562172781609,0.6297412543259936
0.7000422392991342,0.0758506376422152,0.0205884841799616,0.6285623344338908
0.7001674066278027,0.0795743829426284,0.0216266361564429,0.6273236598220658
0.7002992666812193,0.083305257692584,0.0226710847564765,0.626024996997489
0.7004379395534857,0.0870437187203093,0.0237222636799837,0.6246660813821069
0.7005835541549162,0.090790243708806,0.0247806268880476,0.623246618040807
0.7007362483769437,0.0945453233343907,0.0258466470659896,0.6217662826800557
0.700896170107253,0.0983094743133959,0.026920820016808,0.6202247146276159
0.7010634777107525,0.1020832368018803,0.0280036646904071,0.6186215153593496
0.7012383405791636,0.1058671731109557,0.0290957235991225,0.616956246653616
0.701420939698347,0.1096618663132045,0.0301975632195043,0.6152284288873424
0.7016114686628168,0.1134679271395608,0.0313097768421036,0.613437535464421
0.7018101342523831,0.1172859902546236,0.0324329844035462,0.611582991819487
0.7020171575230583,0.1211167197807128,0.0335678350697917,0.6096641700179605
0.7022327744333902,0.1249608045701448,0.0347150068690877,0.6076803881745365
0.7024572371298891,0.1288189645927727,0.0358752096738782,0.6056309042585571
0.7026908150131937,0.1326919513852281,0.037049186525727,0.6035149125451563
0.7029337959957479,0.1365805502749516,0.0382377155835597,0.601331538943101
0.703186488072339,0.1404855856900258,0.0394416131409351,0.5990798342339944
0.7034492205644987,0.1444079193038192,0.0406617345813536,0.5967587710262541
0.70372234576971,0.1483484528541308,0.0418989768778487,0.5943672378927816
0.7040062419321156,0.1523081470234864,0.0431542863673315,0.5919040230095204
0.7043013135012568,0.1562879989924888,0.0444286537102323,0.5893678225726611
0.7046079953421864,0.1602890731219615,0.0457231258375669,0.5867572160177371
0.7049267541660028,0.1643124893372688,0.0470388047693298,0.5840706667980379
0.7052580929341692,0.1683594471542958,0.0483768582284628,0.5813064993704599
0.7056025540525174,0.172431228645421,0.0497385239154724,0.5784628885629447
0.7059607225939419,0.1765291983012295,0.0511251130554647,0.5755378505729708
0.7063332325590803,0.1806548329044911,0.0525380245639319,0.5725292114704309
0.7067207708091403,0.1848097177548427,0.0539787485513368,0.5694345977803115
0.7071240849038392,0.1889955794019497,0.0554488830268343,0.566251398811386
0.7075439904073845,0.1932143024498052,0.0569501462375413,0.5629767377269451
0.7079813795990155,0.1974679512609376,0.0584843918174005,0.5596074362841227
0.7084372323297926,0.2017588012638224,0.0600536287610734,0.5561399686703601
0.7089126297566296,0.2060893829252686,0.0616600478644341,0.5525704005634603
0.7094087682928566,0.210462510699313,0.0633060448213099,0.5488943351449264
0.7099269799283342,0.2148813496730402,0.0649942599413902,0.5451068217496837
0.7104687533342566,0.2193494636679693,0.0667276143219584,0.5412022718590915
0.711035762584619,0.2238708989908589,0.0685093636465013,0.5371743351472555
0.7116299024541599,0.2284502838372052,0.0703431635798176,0.5330157487283825
0.7122533238122217,0.2330928866748114,0.0722331249192204,0.5287182093446727
0.7129084832685505,0.2378047365070783,0.0741839003176546,0.524272173938359
0.7135981908934035,0.2425926726306048,0.076200750274865,0.5196667073375167
0.714325649902147,0.2474642906679205,0.0782895715361959,0.5148894164390858
0.7150944638257801,0.2524276462074323,0.0804568219752066,0.5099266221985195
0.7159085391359891,0.257490332089955,0.082709155618183,0.5047641966797447
0.7167717374949667,0.2626572423194271,0.0850524129076638,0.4993898787448494
0.7176870019267149,0.2679258586820133,0.0874893300818133,0.4937985246157788
0.7186546410396698,0.2732781439262136,0.0900153437706433,0.4880017150514615
0.7196700972167318,0.2786719304678055,0.0926136209777445,0.4820391059519028
0.7207233227239072,0.2840429044652432,0.0952547504232294,0.4759790341095961
0.7218021074149915,0.2893256583786504,0.0979061670824784,0.4698967776493376
0.722896954636554,0.2944772219339613,0.1005441837640062,0.4638469053424521
0.7240029191150995,0.2994815517369001,0.1031574917185701,0.4578552892997521
0.7251184813606683,0.3043400165004959,0.1057434322078276,0.451927733336496
0.726243893589555,0.3090615185534332,0.1083034807909844,0.4460603916735854
0.7273801163656128,0.3136569252839352,0.1108405264823812,0.44024604798784
0.7285283100796615,0.3181367302996984,0.1133576445925709,0.4344769534020202
0.7296896112588047,0.3225102305963317,0.1158576043593592,0.4287459707377525
0.7308650681864284,0.3267854398559711,0.1183427602842649,0.4230468342224954
0.7320556109630181,0.3309691455798474,0.1208150248169246,0.4173742199356505
0.7332620649696607,0.3350671090897457,0.1232759314414013,0.4117236073376784
0.7344851579342699,0.3390842151229568,0.12572667871966,0.4060911833870063
0.7357255314970077,0.3430246146329523,0.1281681789479978,0.4004737353826508
0.7369837566023786,0.3468918588777364,0.1306011096173323,0.3948685367868143
0.7382603416298162,0.3506889927742291,0.1330259463924084,0.3892732750838475
0.7395557419277976,0.3544186395825991,0.1354429957679155,0.3836859800382705
0.7408703665826486,0.3580830663544089,0.1378524197865538,0.3781049699363034
0.7422045868559513,0.3616842451519234,0.1402542615984033,0.372528795556767
0.7435587366562146,0.3652238853992649,0.1426484547824726,0.36695622152126
0.7449331176393689,0.3687034742974457,0.1450348400180875,0.3613861904870428
0.7463280062275196,0.3721243166644811,0.1474131835871022,0.3558177827410002
0.7477436515163012,0.3754875480172033,0.1497831790921655,0.3502502147725146
0.7491802804860661,0.3787941633645926,0.1521444611541889,0.3446828097504096
0.7506380983815072,0.382045031565904,0.1544966101725432,0.3391149887582314
0.7521172902528321,0.3852409107348763,0.1568391586176678,0.3335462583539945
0.7536180261859009,0.3883824695146961,0.1591716025325864,0.3279761855158034
0.7551404544611318,0.3914702812890577,0.1614933937152572,0.3224044184928237
0.7566847087451957,0.394504847386791,0.1638039537384099,0.3168306556072562
0.758250907885696,0.3974866030019669,0.1661026758378009,0.3112546427134808
0.7598391553431283,0.4004159219812307,0.1683889262062015,0.3056761721102771
0.7614495380797152,0.4032931203519647,0.1706620445186839,0.3000950833988314
0.7630821309911414,0.4061184691958066,0.172921352136918,0.2945112454342645
0.7647369946215289,0.4088921945700332,0.175166150471793,0.2889245622005016
0.7664141746848426,0.4116144807261385,0.177395722020128,0.2833349722603642
0.7681137053489114,0.4142854789680584,0.179609336251677,0.2777424359517599
0.7698356070121214,0.4169053069873829,0.181806247945988,0.2721469413332624
0.7715798885476627,0.4194740551010366,0.1839857013454965,0.2665484954555028
0.77334654155159,0.421991780412991,0.186146924217632,0.2609471414807506
0.7751355497691518,0.4244585229637105,0.1882891407362747,0.2553429273314879
0.7769468811541522,0.4268742963240441,0.1904115627212277,0.2497359300164621
0.7787804945517066,0.4292390987254652,0.1925133986309767,0.2441262338007522
0.7806363332342445,0.4315529061784101,0.1945938469179714,0.2385139494285303
0.782514329034728,0.4338156796677708,0.1966521018016984,0.2328992005571146
0.7844144019176498,0.4360273659611612,0.1986873535477217,0.2272821245346635
0.7863364591650575,0.4381878980000486,0.2006987883767372,0.2216628742666645
0.7882803963719566,0.4402971973165724,0.2026855902855971,0.2160416147785967
0.7902460948588953,0.4423551724474543,0.2046469391576008,0.2104185302155718
0.7922334272350599,0.4443617259267911,0.2065820170539712,0.2047938074738177
0.7942422506249688,0.4463167481924769,0.2084900021045757,0.1991676552475833
0.7962724119521706,0.4482201239940153,0.2103700743643142,0.1935402886727415
0.7983237462680514,0.4500717314486808,0.2122214146950621,0.1879119339119207
0.8003960744199474,0.4518714408412136,0.2140432032885653,0.1822828342687916
0.8024892090699762,0.4536191206748248,0.2158346255415465,0.1766532336127686
0.8046029478402161,0.4553146323643726,0.2175948665002287,0.1710233949085935
0.8067370763002444,0.4569578336591959,0.2193231140923794,0.1653935918603238
0.8088913701537503,0.4585485808616353,0.2210185613052999,0.1597641031313634
0.8110655941610514,0.4600867283508314,0.2226804055917785,0.1541352153125673
0.8132594986017011,0.4615721266611295,0.2243078466122089,0.1485072320225435
0.8154728241697747,0.463004626502897,0.2259000904103168,0.1428804611922285
0.8177053009415911,0.4643840783085657,0.2274563488510766,0.1372552179107259
0.8199566458293766,0.46571033108156,0.2289758381818996,0.1316318308980689
0.8222265650814424,0.4669832344233278,0.2304577811597784,0.1260106362145346
0.824514755144929,0.4682026392692608,0.2319014078219441,0.1203919753059314
0.8268209007265354,0.4693683970980937,0.2333059544597959,0.1147761999502392
0.8291446751762124,0.4704803605326788,0.2346706641787896,0.1091636713829911
0.8314857440815293,0.4715383852769104,0.2359947891821106,0.1035547518137386
0.8338437584642745,0.4725423271916272,0.2372775870385252,0.0979498209690978
0.8362183627662697,0.473492046155601,0.2385183253943485,0.0923492571252094
0.8386091889846595,0.4743874036791404,0.239716278859337,0.0867534513130362
0.841015861407585,0.4752282649866259,0.2408707316162415,0.0811627963526647
0.8434379922594514,0.4760144975499277,0.2419809753507942,0.0755776972635377
0.8458751861081991,0.476745972793899,0.2430463114737725,0.0699985612382564
0.8483270379889357,0.4774225655009611,0.2440660502330462,0.0644258022809468
0.8507931313916622,0.4780441534634343,0.2450395100122598,0.0588598459552804
0.8532730444893464,0.4786106192100832,0.2459660198759966,0.0533011155320132
0.8557663444926161,0.4791218485641599,0.2468449172658826,0.0477500450445814
0.8582725908364107,0.4795777315067079,0.2476755492466054,0.0422070723512874
0.8607913337607965,0.4799781619237617,0.2484572719686309,0.0366726425574255
0.8633221171259974,0.4803230380857612,0.2491894514919605,0.0311472020878553
0.8658644755594611,0.4806122621726958,0.2498714627947226,0.0256312052383127
0.8684179343887586,0.480845740417029,0.2505026898027954,0.0201251144902845
0.8709820141825884,0.4810233835290225,0.2510825264228309,0.0146293909659325
0.8735562288722675,0.4811451062964417,0.2516103757534469,0.0091444988545097
0.8761400804137905,0.4812108273940028,0.252085648934595,0.0036709169806704
0.878733069723582,0.4812204697801401,0.2525077671518458,-0.001790884207799
0.8813346874929726,0.4811739602555986,0.2528761596160227,-0.0072404228559687
0.8839488169531015,0.4810710092355474,0.2531907467267575,-0.0126863531637527
0.8865758760827103,0.4809112018716917,0.2534507755918812,-0.01812998411033
0.8892153579531018,0.4806941335688737,0.2536553567413404,-0.0235706994028492
0.8918667391314701,0.4804194038834525,0.2538036026849669,-0.0290078657164048
0.8945294777638683,0.4800866171117086,0.253894628139125,-0.0344408289442445
0.8972030138440423,0.4796953827651063,0.253927550487048,-0.039868914979262
0.8998867711597986,0.4792453156971012,0.2539014901512291,-0.0452914338449777
0.902580154646366,0.478736036884022,0.2538155708855446,-0.0507076744878789
0.9052825509295754,0.4781671738270081,0.2536689201920574,-0.0561169060806205
0.9079933283163696,0.4775383610064542,0.2534606696967009,-0.061518378183474
0.910711835748924,0.476849240600637,0.2531899556239563,-0.0669113188442565
0.913437406555075,0.4760994619587574,0.2528559187558526,-0.0722949421956028
0.916169353675946,0.4752886831991528,0.2524577051943323,-0.0776684391271295
0.918906973700329,0.4744165705185955,0.2519944661772503,-0.0830309854045181
0.9216495437014468,0.4734827994950162,0.2514653587819677,-0.0883817355738125
0.9243963243712052,0.4724870544460158,0.2508695456188227,-0.0937198292254125
0.9271465578789572,0.4714290294524818,0.2502061953889364,-0.0990443869198038
0.9298994694220803,0.4703084281148342,0.249474482705143,-0.104354513316469
0.9326542674704476,0.4691249636684646,0.2486735880567778,-0.1096492977322333
0.9354101420432313,0.4678783599676093,0.247802698356327,-0.114927810932727
0.9381662684376082,0.4665683500413016,0.2468610057890475,-0.1201891123865355
0.9409218058325132,0.4651946767352731,0.2458477080044338,-0.1254322476499217
0.9436758960772254,0.4637570934308914,0.2447620084080056,-0.1306562461674071
0.9464276675929908,0.4622553620673023,0.2436031143844595,-0.1358601287815776
0.949176233869054,0.4606892537268088,0.2423702373349259,-0.1410429049496991
0.9519206938984456,0.4590585482282513,0.2410625919449356,-0.1462035736755139
0.9546601341426396,0.4573630326554226,0.2396793945157251,-0.1513411273148796
0.9573936280146864,0.4556025011748086,0.2382198622326031,-0.156454550717308
0.960120237665848,0.4537767533005766,0.2366832110870649,-0.1615428247113881
0.962839013980622,0.4518855930823375,0.235068654448002,-0.1666049262515476
0.965548998476354,0.4499288268040058,0.2333754002664279,-0.1716398321478098
0.968249223458372,0.4479062616002504,0.2316026489213526,-0.1766465195751607
0.9709387136889952,0.4458177027161554,0.2297495897552905,-0.1816239694436458
0.9736164881204644,0.4436629502735894,0.2278153969817042,-0.1865711699270818
0.9762815599441232,0.4414417969661552,0.2257992262351452,-0.1914871169447349
0.9789329387692868,0.4391540236296283,0.2237002090177762,-0.1963708186641285
0.9815696326995412,0.4367993942201392,0.2215174463283105,-0.2012212998994064
0.9841906494956608,0.4343776509011578,0.2192500021013449,-0.2060376049444775
0.986794997769369,0.4318885084304287,0.2168968957001263,-0.2108188006138334
0.9893816908291996,0.4293316451072811,0.2144570907929881,-0.2155639843262401
0.9919497466482052,0.4267066963156339,0.2119294862408833,-0.2202722852787194
0.9944981921298724,0.4240132426328641,0.2093129013189297,-0.2249428737678988
0.9970260647746308,0.4212507989248346,0.2066060612607501,-0.2295749660552853
0.999532415902891,0.4184188000472146,0.2038075788327109,-0.2341678324720926
1.0020163147081986,0.4155165833093613,0.200915931885134,-0.238720807516885
1.0044768495227592,0.4125433715180895,0.1979294405281355,-0.2432332954248862
1.006913133495581,0.409498247763585,0.1948462349541241,-0.2477047845393204
1.0093243090994353,0.4063801273998338,0.1916642189895772,-0.2521348604304511
1.0117095526194213,0.4031877251859616,0.1883810270680887,-0.2565232200937
1.014068077823376,0.3999195177158187,0.1849939744135075,-0.2608696860255892
1.0163991434837876,0.3965736933281941,0.1814999918844272,-0.2651742291341587
1.018702055384877,0.3931481006513887,0.1778955564245002,-0.2694369836844555
1.0209761717049417,0.3896401817013063,0.1741766018655908,-0.2736582712144668
1.0232209017770473,0.3860469018076064,0.1703384221197814,-0.277838615637094
1.0254357025640295,0.3823646682460018,0.1663755574534525,-0.2819787583178608
1.0276200496025072,0.378589275243545,0.1622817037306478,-0.2860796304543433
1.0297733900475965,0.3747158686367488,0.158049638169664,-0.290142297003634
1.031895029676617,0.3707390272652195,0.153671269358029,-0.2941677805131611
1.0339838944928987,0.3666531146216845,0.1491379887433797,-0.298156646388854
1.0360380731189676,0.3624531822027775,0.144441655697733,-0.3021081543712874
1.0380539398417052,0.3581370471802644,0.1395769562854376,-0.3060185523261092
1.0400246824766668,0.3537093624583359,0.1345461489538858,-0.3098780845062041
1.0419384161477965,0.3491879720162107,0.1293666767949867,-0.3136669184722033
1.043777378867195,0.3446095690837282,0.1240783600342854,-0.3173528048091062
1.0455210711612355,0.3400264776376949,0.118740569295632,-0.3208963603688097
1.0471532819853822,0.3354907503045828,0.1134142692914772,-0.3242646483315778
1.0486670426532354,0.3310382615396613,0.108143112885779,-0.3274416560248592
1.0500637308535417,0.3266856837388445,0.1029490363161061,-0.3304274981451134
1.0513493670497829,0.3224364993795362,0.0978386029336261,-0.3332316714484275
1.0525315931973256,0.3182875762469306,0.0928103908084578,-0.3358672472268507
1.0536180887923774,0.3142332502053659,0.0878597033754467,-0.3383477180253729
1.0546159411480966,0.3102673273126454,0.0829809391023285,-0.3406856835692556
1.0555314786551442,0.3063839236153411,0.0781686237579624,-0.342892455551366
1.0563702911760522,0.3025777566156326,0.073417799008282,-0.3449780466094382
1.0571373148097294,0.2988441897870104,0.0687241129207451,-0.3469513010556344
1.0578369260603238,0.2951791912075648,0.064083801925658,-0.3488200537730684
1.0584730282035844,0.2915792664520192,0.0594936362583378,-0.3505912802616794
1.0590491282519705,0.2880413712312334,0.0549508347147736,-0.3522712354959326
1.059568398163446,0.2845628458755814,0.0504530023469012,-0.3538655633154628
1.0600337260574944,0.2811413532349263,0.0459980685889955,-0.3553793894307314
1.0604477580781957,0.2777748257392921,0.0415842337219132,-0.3568173979633923
1.0608129323734683,0.2744614230548941,0.0372099262452626,-0.35818389348053
1.0611315071050589,0.2711994963343427,0.0328737665541732,-0.3594828523887802
1.0614055836489529,0.2679875575719304,0.0285745353820767,-0.3607179658432018
1.0616371256464332,0.2648242562130584,0.0243111502691116,-0.3618926746206784
1.0618279750068,0.2617083593720291,0.0200826455770669,-0.3630101984965773
1.0619798656451394,0.2586387296687777,0.0158881480841385,-0.3640735629416615
1.0620944342304597,0.2556143229335413,0.0117268787233367,-0.3650856160140799
1.062173230596725,0.252634162051479,0.0075981209947041,-0.3660490512511976
1.0622177255616294,0.2496973354324704,0.0035012223317595,-0.3669664200356712
1.0622293181539804,0.2468029882703187,-0.0005644148032055,-0.3678401449936643
1.0622093418234244,0.243950312402749,-0.0045993443295459,-0.3686725323582377
1.062159025591172,0.2411366456035043,-0.008606790637716,-0.3694663074071492
1.0620794938084015,0.2383603054380307,-0.0125886624124742,-0.3702237752885663
1.0619718300511083,0.2356207582199539,-0.0165452601010687,-0.3709468320140132
1.0618370789422436,0.2329175027567949,-0.0204768474927359,-0.3716373007624731
1.0616762488922835,0.2302500609548319,-0.0243836636711463,-0.3722969388051265
1.061490314213476,0.2276179700102912,-0.0282659331907566,-0.3729274432374276
1.0612802175138285,0.2250207850307898,-0.0321238611937618,-0.3735304536725374
1.061046871500469,0.2224580750765359,-0.035957638245396,-0.3741075562458975
1.0607911602990017,0.2199294179354206,-0.0397674473378167,-0.374660287485518
1.060513941422301,0.217434404019967,-0.0435534573459573,-0.3751901358650178
1.0602160468827233,0.2149726322989685,-0.0473158284553638,-0.3756985449353422
1.0598982842336415,0.2125437080740278,-0.0510547150123058,-0.3761869157741688
1.0595614379096303,0.2101472441922187,-0.0547702631841178,-0.3766566085505191
1.0592062698275002,0.2077828574521492,-0.0584626160814947,-0.3771089448980455
1.058833520653358,0.2054501706769939,-0.0621319101875074,-0.3775452090195918
1.0584439101995071,0.2031488094135764,-0.0657782802019959,-0.3779666497084145
1.0580381384453,0.2008784033268747,-0.0694018566032905,-0.3783744813589377
1.057616886126021,0.1986385851786716,-0.0730027670233349,-0.3787698853413037
1.0571808151970117,0.1964289896809093,-0.0765811379095284,-0.3791540112961116
1.0567305695387734,0.1942492539733728,-0.0801370936208698,-0.3795279780630729
1.0562667754545108,0.1920990172000732,-0.0836707569892627,-0.3798928747038895
1.0557900418784216,0.1899779190693983,-0.0871822516122299,-0.380249761631289
1.055300961290016,0.1878856018314836,-0.0906716985438269,-0.3805996711067525
1.0548001099233637,0.1858217090857034,-0.0941392181979591,-0.3809436082297074
1.0542880479570838,0.1837858848664188,-0.0975849318789608,-0.381282551831183
1.053765320199998,0.1817777748748241,-0.1010089597205254,-0.381617454973448
1.0532324562546749,0.1797970256460254,-0.1044114221037271,-0.3819492457608791
1.0526899708338875,0.1778432844875365,-0.1077924398099935,-0.3822788279936243
1.0521383644093634,0.1759162006388084,-0.1111521320538974,-0.3826070815880349
1.0515781229904562,0.1740154233833638,-0.1144906198090668,-0.3829348634887615
1.051009719030542,0.172140604197245,-0.1178080221233922,-0.3832630078739046
1.050433611188719,0.1702913949780259,-0.1211044592884108,-0.3835923270118843
1.0498502447497502,0.1684674486252412,-0.1243800519197382,-0.3839236117036806
1.0492600523947548,0.1666684206296342,-0.1276349181691405,-0.3842576315127911
1.04866345359868,0.1648939664359407,-0.1308691785491101,-0.3845951357540742
1.048060855543065,0.1631437435593392,-0.1340829522176415,-0.3849368536059762
1.047452653301565,0.1614174114031713,-0.1372763573670802,-0.385283494620081
1.0468392297939144,0.1597146304945133,-0.1404495127232074,-0.3856357493484324
1.0462209565509468,0.1580350640229147,-0.1436025347741878,-0.3859942894944305
1.0455981931546263,0.1563783757236829,-0.1467355418163324,-0.3863597688151755
1.044971288399985,0.1547442324808154,-0.1498486491573359,-0.38673282301728
1.044340579842758,0.1531323025589271,-0.1529419725256085,-0.3871140705803481
1.0437063944488818,0.151542256791501,-0.1560156258964221,-0.3875041129256997
1.0430690485629963,0.1499737679931493,-0.1590697226923866,-0.3879035349813066
1.0424288483603528,0.1484265116081325,-0.1621043746032833,-0.3883129054444761
1.041786090078275,0.1469001657857679,-0.1651196914896619,-0.3887327771647605
1.0411410598089648,0.1453944104459428,-0.1681157832985685,-0.389163687813426
1.0404940342666864,0.1439089286667694,-0.1710927573905953,-0.3896061599115564
1.0398452809412042,0.1424434065731801,-0.174050718785478,-0.390060701234295
1.0391950581040716,0.140997532922044,-0.1769897710367011,-0.3905278053187698
1.038543614830188,0.1395709987674513,-0.1799100169772454,-0.3910079519753552
1.037891191923754,0.1381634990998035,-0.182811555410796,-0.3915016071222382
1.0372380212946948,0.1367747310795309,-0.1856944847543565,-0.392009223746898
1.036584326787534,0.1354043954508454,-0.1885589001621384,-0.3925312417873815
1.0359303238714876,0.1340521955063232,-0.1914048956981808,-0.3930680888741062
1.035276220868122,0.1327178392563179,-0.1942325597819918,-0.3936201798176943
1.034622217565837,0.1314010362074285,-0.1970419819850702,-0.3941879182426183
1.033968506737062,0.1301015001258409,-0.1998332472049936,-0.394771695815119
1.0333152738160607,0.1288189480094146,-0.2026064378231472,-0.3953718929805139
1.0326626971748347,0.1275531002930037,-0.2053616332548466,-0.3959888791963082
1.0320109481704236,0.1263036806075924,-0.2080989104591269,-0.3966230133688395
1.0313601916099813,0.125070416346946,-0.2108183426790787,-0.3972746438807651
1.0307105857071972,0.1238530382519413,-0.2135200003170049,-0.3979441090930992
1.0300622822196226,0.1226512803593123,-0.2162039510244757,-0.3986317376827602
1.0294154269760476,0.1214648806681782,-0.2188702581741716,-0.3993378485476605
1.0287701596425434,0.1202935803935316,-0.221518982476662,-0.4000627515034739
1.028126613894103,0.1191371239933476,-0.2241501818896699,-0.4008067475729094
1.0274849181625467,0.1179952602166785,-0.2267639091760086,-0.4015701285717165
1.0268451953920763,0.1168677413538541,-0.2293602135229029,-0.402353177797563
1.0262075628112175,0.115754322560722,-0.2319391420465127,-0.4031561707700421
1.0255721327747689,0.1146547630648443,-0.2345007369489777,-0.4039793746399519
1.024939012381471,0.1135688252190045,-0.2370450376314118,-0.4048230490938668
1.0243083038777523,0.1124962749374098,-0.2395720796105684,-0.4056874462754552
1.0236801052323536,0.1114368823988021,-0.2420818927618026,-0.4065728103956937
1.0230545094352947,0.1103904205929368,-0.2445745046541163,-0.4074793791036862
1.0224316053383298,0.1093566664871352,-0.2470499377014585,-0.4084073827210911
1.021811477254557,0.1083354001048435,-0.2495082112595885,-0.40935704522139
1.0211942055121297,0.1073264052020202,-0.2519493399115229,-0.4103285838108829
1.0205798661880772,0.106329468590102,-0.2543733349973476,-0.4113222097360182
1.0199685316768592,0.105344380830402,-0.2567802028292164,-0.4123381277785484
1.0193602706971985,0.1043709360059051,-0.2591699451228557,-0.4133765365938018
1.0187551479716992,0.1034089309865128,-0.2615425606935119,-0.4144376296496688
1.0181532250245704,0.1024581664852763,-0.2638980427498115,-0.4155215942397934
1.0175545599822826,0.1015184465163452,-0.266236380098853,-0.4166286121603711
1.01695920763906,0.1005895782876543,-0.2685575572947988,-0.4177588599558948
1.0163672194942062,0.0996713720560176,-0.2708615548847822,-0.418912509223787
1.0157786438904168,0.0987636411444712,-0.2731483492499019,-0.420089726726586
1.015193526680572,0.0978662027692846,-0.275417910389446,-0.4212906733862
1.014611910551012,0.0969788767986354,-0.2776702049150186,-0.4225155059520885
1.0140338350731215,0.0961014856554384,-0.2799051961916076,-0.4237643773141335
1.0134593379707375,0.0952338560559624,-0.2821228397782336,-0.4250374340966906
1.012888453682786,0.0943758166446801,-0.2843230893179917,-0.4263348200699175
1.0123212145870373,0.0935271996707393,-0.2865058921308527,-0.4276566737928053
1.011757650361206,0.0926878398521841,-0.2886711919891576,-0.4290031303589439
1.0111977887577843,0.0918575753646946,-0.2908189264387996,-0.4303743198829594
1.0106416548246335,0.091036246516828,-0.2929490300846076,-0.4317703696759039
1.0100892719242125,0.090223697100364,-0.2950614309630112,-0.4331914020446521
1.00954066109894,0.0894197732921172,-0.2971560532496868,-0.4346375361411292
1.0089958420513037,0.0886243249364414,-0.2992328137824989,-0.4361088856580588
1.00845483159785,0.0878372031338566,-0.301291628215488,-0.4376055632309172
1.007917645247838,0.0870582624048264,-0.3033324052421177,-0.4391276765151298
1.0073842965170563,0.0862873595437785,-0.305355049450576,-0.4406753302980217
1.006854797863603,0.0855243548312895,-0.307359458006963,-0.4422486240319795
1.006329159433936,0.0847691100855112,-0.3093455256334063,-0.4438476557290879
1.00580739025058,0.084021490243047,-0.3113131403236479,-0.4454725187157409
1.0052894975282085,0.0832813622446232,-0.3132621861375034,-0.4471233039260135
1.004775486765328,0.0825485950447622,-0.3151925430444801,-0.4488000999533444
1.0042653631579554,0.0818230615008515,-0.3171040818125654,-0.4505029886191498
1.0037591297211734,0.0811046355725797,-0.318996671253732,-0.4522320512751747
1.0032567881658514,0.0803931934581932,-0.3208701750995089,-0.4539873662579258
1.0027583398796909,0.0796886148653563,-0.3227244485252127,-0.4557690055745194
1.0022637839172508,0.0789907800542979,-0.3245593458061878,-0.4575770421792892
1.0017731186955023,0.0782995721296284,-0.3263747141533326,-0.4594115442454939
1.0012863418452107,0.0776148767191818,-0.3281703944369307,-0.4612725757408084
1.0008034496947962,0.0769365811430363,-0.3299462232442374,-0.463160198536942
1.0003244378928935,0.0762645751879692,-0.3317020307258733,-0.465074470199068
0.9998493007024604,0.0755987500178219,-0.3334376433234089,-0.4670154469475833
0.9993780320876045,0.074938999601479,-0.3351528799212963,-0.4689831794452233
0.9989106244222992,0.0742852188099132,-0.336847556684151,-0.4709777182625322
0.9984470700478558,0.073637305505073,-0.3385214815104226,-0.4729991075151716
0.9979873600691213,0.0729951587660254,-0.3401744585237273,-0.475047390072379
0.9975314850555108,0.0723586797827167,-0.3418062856431438,-0.4771226046982962
0.9970794348276356,0.0717277714729984,-0.3434167554628772,-0.4792247870978887
0.996631198411954,0.071102338337109,-0.3450056555093124,-0.4813539702919236
0.9961867644056784,0.0704822868865155,-0.3465727670420478,-0.4835101830209402
0.9957461208455768,0.0698675253824704,-0.3481178656242239,-0.4856934504198906
0.9953092550697628,0.0692579635670537,-0.3496407216962175,-0.4879037948174864
0.9948761538693718,0.0686535128004965,-0.3511411001234722,-0.4901412351208286
0.9944468036787836,0.0680540862543436,-0.3526187596241974,-0.4924057859088381
0.9940211903368982,0.0674595985078814,-0.3540734536785587,-0.4946974587426933
0.9935992993417008,0.0668699658349865,-0.3555049297298595,-0.4970162609040571
0.9931811155110024,0.0662851056631074,-0.356912930409254,-0.4993621973361109
0.9927666235116684,0.0657049372477813,-0.3582971918110518,-0.5017352678042356
0.992355807507633,0.0651293811172271,-0.3596574447544287,-0.5041354688977964
0.9919486514064092,0.0645583593555864,-0.3609934140247886,-0.5065627926827944
0.99154513889489,0.0639917955937494,-0.3623048183352294,-0.509017226480284
0.991145252964698,0.0634296142840661,-0.3635913719250728,-0.5114987558225721
0.9907489765547262,0.0628717415448061,-0.3648527825193244,-0.5140073606291296
0.9903562923567344,0.0623181048324231,-0.3660887520331846,-0.5165430163663984
0.989967182751728,0.0617686327977146,-0.3672989768279733,-0.5191056944891588
0.9895816300373192,0.0612232555542272,-0.3684831470593211,-0.5216953609645326
0.989199615966683,0.0606819039747968,-0.3696409481472853,-0.524311979383267
0.9888211224426948,0.0601445106235626,-0.370772058698854,-0.5269555063015049
0.98844613113874,0.0596110091719448,-0.3718761517401918,-0.5296258937421
0.9880746233322132,0.0590813341129338,-0.3729528952356279,-0.5323230904503092
0.9877065802251684,0.0585554211698792,-0.374001951175468,-0.535047039658212
0.9873419828362242,0.0580332070974381,-0.3750229759402693,-0.5377976798499726
0.9869808120911278,0.0575146297668735,-0.3760156200879995,-0.5405749440825574
0.9866230489698196,0.0569996283355849,-0.3769795280148982,-0.5433787587852286
0.9862686741277628,0.0564881426611451,-0.377914339035615,-0.5462090466685131
0.9859176683140024,0.0559801138620448,-0.3788196862983239,-0.5490657234344147
0.9855700119745268,0.0554754837050105,-0.3796951978703101,-0.5519487009287893
0.9852256856831194,0.0549741951895395,-0.380540495668176,-0.5548578836098248
0.9848846697958088,0.0544761920088055,-0.3813551963782475,-0.557793171360622
0.984546944865818,0.0539814191178349,-0.3821389104982237,-0.5607544559049267
0.984212491113714,0.0534898219231026,-0.3828912436402869,-0.5637416253396781
0.983881288813429,0.0530013468103095,-0.3836117956438885,-0.5667545607843759
0.9835533183951644,0.0525159412643929,-0.3843001604370048,-0.5697931353001358
0.983228560131632,0.0520335533736186,-0.3849559267721056,-0.5728572166706989
0.9829069941852564,0.0515541318632751,-0.3855786781249294,-0.575946667008323
0.9825886007328596,0.05107762624731,-0.3861679924684297,-0.5790613415535836
0.9822733603410536,0.0506039873620511,-0.3867234416761091,-0.5822010848292768
0.9819612531578334,0.0501331661247944,-0.3872445930550324,-0.585365738500331
0.9816522594860854,0.0496651143608208,-0.3877310083157604,-0.5885551357217036
0.981346359811322,0.049199784820024,-0.3881822436414087,-0.5917691006507272
0.9810435345745704,0.0487371308051725,-0.3885978501146301,-0.5950074506757236
0.9807437641334904,0.048277106081067,-0.3889773737749323,-0.5982699968354874
0.9804470290306372,0.0478196652567308,-0.3893203553051706,-0.6015565408581869
0.9801533098595178,0.0473647635548498,-0.3896263302904652,-0.6048668764651444
0.979862587250652,0.046912356763086,-0.3898948292826245,-0.6082007894436706
0.9795748419955372,0.0464624014011682,-0.3901253777497664,-0.611558056116808
0.9792900549025456,0.0460148544716813,-0.3903174962813793,-0.6149384448745882
0.9790082067153184,0.0455696733033372,-0.3904707006524337,-0.6183417171215678
0.9787292786599898,0.0451268163912278,-0.3905845016012909,-0.621767620542021
0.9784532517067204,0.0446862422071506,-0.390658405315599,-0.6252158978770528
0.9781801070734888,0.0442479099716376,-0.3906919132312784,-0.6286862807205004
0.9779098261964804,0.0438117795889839,-0.3906845222098338,-0.6321784896258718
0.9776423900808447,0.0433778105729345,-0.3906357245351294,-0.6356922424581253
0.9773777794893994,0.0429459623076735,-0.3905450076389441,-0.639227252320188
0.9771159761034658,0.0425161959184903,-0.3904118545490334,-0.6427832119353253
0.9768569616482522,0.0420884728388206,-0.3902357439551313,-0.6463598048019954
0.9766007183132694,0.0416627554850988,-0.3900161506236727,-0.649956699197898
0.9763472282139408,0.0412390063497856,-0.3897525451865412,-0.6535735553953795
0.9760964738619166,0.0408171887635091,-0.3894443946762396,-0.6572100188782269
0.9758484377202974,0.0403972661329871,-0.389091162206701,-0.6608657264943818
0.9756031025791964,0.0399792025526257,-0.3886923075502068,-0.664540300856792
0.9753604512697048,0.0395629623024759,-0.3882472868885571,-0.6682333543564488
0.9751204669351732,0.0391485102925205,-0.3877555534109808,-0.671944484905616
0.974883133021056,0.0387358120349661,-0.3872165575970245,-0.67567327574049
0.974648433115495,0.0383248333541133,-0.3866297471119898,-0.6794192976369574
0.9744163510351256,0.0379155405187594,-0.3859945671903408,-0.6831821073591482
0.9741868708332956,0.0375079002427804,-0.3853104609051633,-0.6869612472676803
0.9739599768742102,0.037101879804996,-0.3845768696809273,-0.6907562438047368
0.9737356536566724,0.036697446722155,-0.383793233025905,-0.6945666101498733
0.9735138862066324,0.0362945694450984,-0.3829589902137428,-0.6983918392668388
0.9732946596330568,0.0358932165504588,-0.3820735791275871,-0.7022314110936635
0.9730779594320782,0.0354933572813484,-0.381136437725432,-0.7060847870339098
0.972863771354045,0.0350949612984733,-0.3801470039578799,-0.709951411910832
0.9726520815094466,0.0346979988697967,-0.3791047166856153,-0.7138307117272158
0.9724428764152638,0.034302440957393,-0.3780090164928821,-0.717722092368655
0.972236142832726,0.0339082589102857,-0.3768593454291413,-0.7216249421958825
0.972031867969982,0.0335154248471984,-0.3756551486740495,-0.7255386278667075
0.9718300393357352,0.0331239113801724,-0.3743958744044841,-0.7294624966533262
0.971630644873801,0.032733691876719,-0.3730809752980245,-0.73339587342747
0.9714336728701304,0.0323447402857338,-0.3717099087377293,-0.7373380620039712
0.9712391120309866,0.0319570312975016,-0.3702821381439592,-0.7412883431471163
0.9710469515877111,0.0315705405673315,-0.3687971347404201,-0.7452459718929083
0.9708571811084054,0.0311852443551513,-0.3672543771878582,-0.7492101808546551
0.9706697906564368,0.0308011198597781,-0.3656533538560591,-0.7531801764659167
0.9704847706617626,0.0304181449764751,-0.3639935629135695,-0.7571551411598374
0.9703021121130916,0.0300362987152119,-0.3622745152423391,-0.7611342287477468
0.9701218064038324,0.029655560910647,-0.3604957344440846,-0.7651165671571055
0.9699438454400928,0.0292759124773727,-0.3586567592781002,-0.7691012555492238
0.96976822159821,0.028897335356268,-0.3567571448240649,-0.7730873646879114
0.969594927726089,0.0285198125546357,-0.3547964641236157,-0.7770739363821697
0.9694239571908668,0.0281433282927216,-0.3527743104828876,-0.7810599818522218
0.9692553038183738,0.0277678679189739,-0.3506902986653241,-0.7850444825942825
0.9690889619143712,0.0273934180060285,-0.3485440670822002,-0.789026389404397
0.9689249263372086,0.0270199665722454,-0.3463352808761582,-0.7930046201260748
0.9687631923824384,0.0266475028844322,-0.3440636326904338,-0.7969780619303819
0.96860375566948,0.0262760172528042,-0.3417288432019636,-0.800945573786006
0.9684466124544768,0.0259055018232981,-0.3393306679984166,-0.80490597836284
0.9682917594522644,0.0255359502504738,-0.3368688978114045,-0.8088580659727299
0.968139193632828,0.0251673572856104,-0.3343433578155854,-0.8128005995435577
0.967988912377819,0.0247997192212031,-0.3317539125847975,-0.8167323105406611
0.9678409135290772,0.0244330341014823,-0.3291004698530518,-0.8206518975011947
0.96769519517554,0.0240673012898384,-0.3263829796875012,-0.8245580315678107
0.9675517556908392,0.0237025216447147,-0.3236014378573196,-0.8284493556340741
0.9674105939264256,0.0233386981143469,-0.3207558927176407,-0.8323244791662499
0.9672717085042292,0.0229758340129425,-0.3178464339645254,-0.836181997852342
0.9671350986478732,0.022613935257202,-0.3148732122572908,-0.8400204711909549
0.9670007632590022,0.0222530080463167,-0.3118364226744035,-0.8438384486780097
0.9668687016537384,0.0218930608983864,-0.3087363233261904,-0.8476344498467446
0.9667389129722508,0.0215341031710012,-0.3055732250194706,-0.8514069817152469
0.9666113962999672,0.0211761454615661,-0.3023474962286774,-0.8551545363992099
0.966486150594566,0.0208191994868425,-0.2990595636346022,-0.8588755943428543
0.966363174623174,0.0204632779811328,-0.2957099126269211,-0.8625686274327878
0.9662424669518712,0.0201083947397751,-0.2922990890191616,-0.8662321006852339
0.9661240255949038,0.0197545636419012,-0.2888276906160438,-0.8698644844906552
0.9660078482388064,0.0194017993360429,-0.285296374333109,-0.8734642496640594
0.9658939326712362,0.0190501186317395,-0.2817058713220711,-0.8770298556674339
0.965782275242008,0.0186995358026434,-0.2780569396792871,-0.8805598005826293
0.9656728725343616,0.0183500677401488,-0.2743504169156558,-0.8840525710108831
0.9655657199282516,0.0180017294636828,-0.2705871733110012,-0.887506689541786
0.9654608128547018,0.0176545381276271,-0.2667681541500277,-0.8909206769185032
0.9653581451200878,0.0173085075060059,-0.2628943190370615,-0.8942931086000121
0.9652577105782416,0.0169636534540411,-0.2589667007460909,-0.897622562895224
0.9651595020337184,0.0166199902185398,-0.2549863634621487,-0.9009076590949476
0.965063511558582,0.0162775314039976,-0.2509544119152141,-0.9041470496577436
0.9649697305073224,0.0159362899447587,-0.246871989561935,-0.9073394221284644
0.9648781493507544,0.0155962773939193,-0.2427402682890405,-0.9104835072468168
0.9647887577245297,0.0152575039437922,-0.2385604463437354,-0.9135780798494926
0.9647015446253906,0.0149199790262174,-0.234333753551253,-0.916621954466606
0.9646164982652332,0.0145837106233567,-0.2300614406430919,-0.9196139926264444
0.9645336062466612,0.0142487057993524,-0.2257447836301998,-0.922553098910274
0.9644528553161158,0.0139149695388873,-0.2213850664483803,-0.9254382318116248
0.9643742313998004,0.0135825046322935,-0.2169835762989681,-0.9282684047147504
0.9642977201619608,0.0132513138325242,-0.2125416295514547,-0.9310426677298578
0.964223306674591,0.0129213983420828,-0.2080605497074203,-0.9337601211499644
0.9641509753661992,0.0125927573558123,-0.2035416584122356,-0.9364199190605236
0.964080709846754,0.0122653869493943,-0.198986256881,-0.9390212775476818
0.9640124936654598,0.0119392833110534,-0.1943956677910912,-0.9415634481996172
0.9639463099417208,0.011614440894329,-0.1897712076346332,-0.9440457328234818
0.9638821414817412,0.0112908527462675,-0.1851141888073087,-0.946467480242034
0.9638199704388406,0.0109685084936967,-0.1804258878191545,-0.9488281002287092
0.9637597795075749,0.010647400279072,-0.1757076291694579,-0.9511270190684952
0.9637015503611034,0.010327514401085,-0.1709606613586809,-0.9533637396601232
0.9636452651261438,0.0100088388612198,-0.1661862651268137,-0.9555377859347424
0.9635909057576728,0.0096913599025081,-0.1613857010083039,-0.9576487270990752
0.963538454034802,0.0093750616697472,-0.156560201857114,-0.959696178300052
0.963487891712727,0.0090599267918996,-0.1517109794601764,-0.961679795087057
0.9634392008790283,0.0087459384314647,-0.1468392545720229,-0.9635992595579692
0.9633923632235124,0.0084330753950477,-0.1419461796093256,-0.9654543091886992
0.963347361246241,0.0081213198169732,-0.1370329567511334,-0.9672446891260892
0.963304177353652,0.007810651164021,-0.1321007436375086,-0.9689701877262
0.963262793830814,0.0075010454614949,-0.1271506386909276,-0.9706306377725108
0.9632231937126732,0.0071924814800783,-0.1221837785391166,-0.97222588137237
0.9631853601305512,0.0068849358987264,-0.1172012603063359,-0.9737557957719566
0.963149276602476,0.0065783853305751,-0.1122041731239933,-0.9752202813814808
0.9631149267948994,0.0062728041231475,-0.1071935614514432,-0.9766192710820958
0.9630822949301971,0.0059681676733589,-0.1021704784208919,-0.9779527132761318
0.9630513651604424,0.0056644463841229,-0.0971358855267653,-0.9792205970333568
0.963022122766173,0.0053616170165701,-0.0920908398367799,-0.9804229025466746
0.962994553068097,0.0050596522979544,-0.0870363219877398,-0.9815596451473878
0.9629686418034252,0.0047585241537396,-0.0819732888316867,-0.982630859451226
0.9629443753819728,0.0044582067099835,-0.076902723806995,-0.9836365882249176
0.96292174032162,0.0041586693410217,-0.0718255194912922,-0.98457690523405
0.962900723938782,0.0038598850276884,-0.0667426184625537,-0.9854518861038574
0.9628813138537052,0.0035618239509242,-0.0616549048407608,-0.986261628302928
0.962863498256395,0.0032644568596963,-0.056563261267091,-0.987006239565137
0.9628472660672616,0.0029677584421412,-0.0514686270846968,-0.9876858306035275
0.9628326062896876,0.0026716957115141,-0.0463717990700216,-0.9883005416899264
0.9628195086882324,0.0023762394915185,-0.0412736283120322,-0.9888505137813768
0.962807963569086,0.0020813611267787,-0.0361749642029036,-0.9893358971842238
0.9627979617378214,0.0017870315797612,-0.0310766389976321,-0.9897568528457104
0.9627894944870358,0.0014932206010256,-0.0259794534976439,-0.9901135524119956
0.96278255364463,0.0011998975627706,-0.0208841915854033,-0.9904061757447064
0.9627771316118447,0.0009070332743813,-0.0157916520163697,-0.9906349088763948
0.9627732213007488,0.0006145976784733,-0.0107026086634243,-0.990799946225349
0.962770816174844,0.0003225632010357,-0.0056178690477304,-0.9909014884830571
0.9627699101808124,3.08976004961e-05,-0.0005381500922484,-0.9909397451150112
0.9627704978292368,-0.0002604276893516,0.0045357763687132,-0.9909149305918592
0.9627725763949154,-0.0005516743226534,0.0096072052348502,-0.9908271711581252
0.962776150254288,-0.0008432273417675,0.0146815771602659,-0.9906763216354249
0.9627812245011432,-0.0011351164403592,0.0197581366313767,-0.9904622352605182
0.9627878047561984,-0.001427371349275,0.0248361215343655,-0.9901847720155506
0.9627958971115844,-0.0017200199515276,0.0299147302143488,-0.9898438012745512
0.9628055081912102,-0.0020130913198795,0.0349931740872852,-0.9894391995789202
0.9628166451828286,-0.0023066157436331,0.0400706777663354,-0.9889708496322888
0.9628293156819177,-0.0026006206156591,0.04514640772514,-0.9884386472229038
0.9628435279268645,-0.0028951365212788,0.0502195774226374,-0.9878424917084042
0.9628592905043531,-0.0031901905012008,0.0552893308943302,-0.987182298771196
0.9628766126074924,-0.0034858117640049,0.0603548411644122,-0.9864579899798994
0.962895504014676,-0.0037820305199588,0.065415289736199,-0.9856694941160358
0.9629159747856126,-0.0040788733673671,0.0704697877659324,-0.9848167602812166
0.9629380357658808,-0.0043763710866428,0.0755175090518768,-0.9838997372844932
0.9629616978635636,-0.0046745484879306,0.0805575174175157,-0.9829184041805096
0.962986972817007,-0.0049734350021796,0.0855889466187896,-0.9818727387784992
0.963013872770397,-0.0052730587863259,0.0906109001834698,-0.9807627357557678
0.963042410130256,-0.0055734455955142,0.0956224331268347,-0.9795884129681256
0.9630725979111529,-0.0058746227584667,0.100622618843952,-0.9783497976088188
0.9631044498136104,-0.0061766195218992,0.1056105542726681,-0.9770469235552232
0.9631379793803716,-0.0064794591668127,0.1105852300108995,-0.9756798663073876
0.963173200887366,-0.0067831678473408,0.1155456771971551,-0.9742487068654452
0.9632101288132195,-0.0070877697056626,0.1204908873609743,-0.9727535537858736
0.9632487784243178,-0.0073932918205189,0.125419893300999,-0.9711945198566112
0.963289164831488,-0.0076997566215892,0.1303316466968428,-0.9695717605954196
0.9633313037951654,-0.0080071885404676,0.1352251264679211,-0.967885442007754
0.9633752109950132,-0.0083156086191039,0.1400992531967273,-0.9661357701714136
0.9634209028485982,-0.0086250405647276,0.1449529861858101,-0.9643229587316162
0.963468395664348,-0.0089355048647014,0.1497852311483733,-0.962447262874616
0.96351770618408,-0.0092470227012652,0.1545949029330033,-0.9605089578650864
0.9635688511965708,-0.0095596135298987,0.1593808887796251,-0.9585083544052886
0.9636218476123788,-0.0098732957975791,0.164142060951864,-0.956445795611418
0.9636767124297502,-0.0101880869173498,0.1688772777491729,-0.9543216582417252
0.9637334629209678,-0.0105040044579462,0.1735854026291913,-0.9521363453759928
0.9637921162893676,-0.0108210643104772,0.1782652779631912,-0.9498902995070402
0.9638526892973828,-0.0111392790114223,0.1829157026917643,-0.9475840162478671
0.9639151993481364,-0.0114586636657926,0.1875355209482599,-0.9452180026253796
0.963979663204212,-0.0117792293399713,0.192123526999841,-0.9427928254144282
0.9640460978273032,-0.0121009876140825,0.196678533400348,-0.9403090786106172
0.9641145195701786,-0.0124239467710513,0.2011993185518565,-0.9377674130344232
0.9641849450134842,-0.0127481160251375,0.2056846885434848,-0.9351685042127896
0.9642573901221562,-0.0130735016873282,0.2101334253430036,-0.9325130828174522
0.9643318709123804,-0.0134001104160012,0.2145443338978561,-0.9298019089910102
0.9644084021636986,-0.0137279437442463,0.2189161704137424,-0.9270358180331962
0.9644869991160376,-0.0140570056997764,0.2232477474943673,-0.9242156573024384
0.9645676761239876,-0.0143872971038552,0.2275378595502615,-0.9213423336968138
0.9646504467611502,-0.014718816349308,0.2317852966045943,-0.9184168078780468
0.9647353245153044,-0.0150515623729116,0.2359888848489512,-0.9154400679478684
0.9648223218885956,-0.0153855312012595,0.2401474445435341,-0.9124131594933168
0.9649114508934304,-0.0157207181102539,0.2442598200186625,-0.909337166105832
0.9650027230117784,-0.016057117570388,0.2483248807435844,-0.906213208972792
0.9650961488852218,-0.0163947222346485,0.2523415111135109,-0.903042455459288
0.965191738196531,-0.0167335227138202,0.2563086104832799,-0.8998261206939319
0.9652894999225632,-0.0170735086557154,0.2602251083245341,-0.8965654565709762
0.9653894424173888,-0.0174146691311539,0.2640899703205379,-0.893261746750412
0.9654915735155626,-0.0177569930446842,0.2679022042245618,-0.8899163011271716
0.9655958999826612,-0.0181004673712058,0.2716608415861672,-0.8865304715582669
0.9657024278314964,-0.0184450783509163,0.2753649529654162,-0.8831056388770384
0.9658111627667936,-0.0187908129665525,0.279013664633865,-0.8796431964019147
0.965922109076128,-0.0191376554552553,0.2826061225111311,-0.8761445830263076
0.9660352709522174,-0.0194855915766368,0.2861415381702771,-0.8726112387143504
0.9661506516690734,-0.0198346060282168,0.2896191621167336,-0.8690446284787627
0.9662682539014116,-0.0201846834816666,0.2930382950340867,-0.8654462300337263
0.9663880796957268,-0.0205358085086966,0.2963982871982975,-0.8618175325638182
0.9665101310893224,-0.020887967368285,0.2996985551486433,-0.8581600161519286
0.9666344090489613,-0.0212411448931193,0.30293855167502,-0.8544751819763059
0.966760914596508,-0.0215953277287012,0.3061177958079497,-0.8507645167227995
0.966889648311312,-0.0219505028441469,0.3092358578455189,-0.8470295060239308
0.9670206101185364,-0.0223066569422686,0.3122923536968852,-0.8432716388334998
0.9671538005475624,-0.0226637798327935,0.3152869726918302,-0.8394923699625203
0.9672892193067916,-0.0230218604799397,0.3182194420791679,-0.8356931599383626
0.9674268662256011,-0.0233808895037142,0.3210895470756696,-0.8318754469041559
0.9675667412640472,-0.0237408590980875,0.3238971280341001,-0.8280406457849111
0.967708844376248,-0.0241017625870607,0.3266420749505174,-0.8241901514640058
0.967853175534512,-0.024463594415951,0.3293243256388915,-0.8203253374685876
0.9679997348744888,-0.0248263504414765,0.3319438660161818,-0.816447551566905
0.9681485226975792,-0.025190027854075,0.3345007274832386,-0.8125581153990054
0.9682995396169002,-0.0255546254511865,0.3369949867502777,-0.8086583204727621
0.9684527866198358,-0.0259201436939613,0.3394267639279119,-0.8047494265947882
0.9686082648911212,-0.0262865841999958,0.3417962169657989,-0.8008326664542909
0.96876597599137,-0.0266539500956763,0.3441035419858952,-0.7969092411235339
0.9689259218197452,-0.0270222458510872,0.3463489701284438,-0.7929803211992634
0.9690881048059818,-0.0273914776464307,0.3485327676934926,-0.7890470423799932
0.9692525277820492,-0.0277616529980479,0.3506552317293027,-0.7851105090515296
0.969419193959946,-0.0281327806452751,0.3527166874811727,-0.7811717951674908
0.9695881069658951,-0.0285048705692842,0.3547174866878729,-0.7772319438069697
0.9697592710190126,-0.0288779343250999,0.3566580074903274,-0.7732919635143615
0.9699326907444946,-0.0292519845699801,0.3585386500586395,-0.7693528332313516
0.9701083713105174,-0.0296270353095835,0.3603598361733822,-0.7654154996980368
0.9702863182765878,-0.0300031015237239,0.3621220057379847,-0.7614808814538004
0.970466537748544,-0.0303801994540305,0.3638256166464617,-0.7575498659346772
0.9706490362768044,-0.0307583463465204,0.3654711420749936,-0.7536233123454367
0.9708338209327032,-0.0311375605739141,0.367059069630852,-0.7497020506061564
0.971020899206145,-0.0315178613906469,0.3685898989739171,-0.7457868841542392
0.9712102790567018,-0.0318992690102614,0.3700641409371647,-0.7418785894284422
0.971401968919804,-0.0322818045903989,0.371482316277002,-0.7379779163546083
0.9715959777059168,-0.0326654902058948,0.372844954437348,-0.7340855889848762
0.971792314717378,-0.0330503486637046,0.3741525918541933,-0.730202307754123
0.9719909896100664,-0.0334364034152465,0.3754057707769564,-0.7263287507290838
0.9721920125732324,-0.033823678892649,0.376605039484182,-0.7224655706334943
0.9723953941531904,-0.0342122001515146,0.3777509502416422,-0.7186133988699536
0.9726011452835308,-0.0346019929221306,0.3788440587282635,-0.7147728454211328
0.972809277262928,-0.0349930835609791,0.3798849231914519,-0.7109444997576754
0.973019801725839,-0.0353854989922813,0.3808741036513024,-0.7071289318370587
0.973232730653734,-0.0357792667278191,0.3818121613648978,-0.7033266923362687
0.9734480765495184,-0.036174415184967,0.382699658952687,-0.699538310052132
0.9736658519453202,-0.0365709727818134,0.3835371577981831,-0.6957643010390862
0.9738860698689932,-0.0369689688001066,0.3843252195815308,-0.6920051607328798
0.9741087435699414,-0.0373684328866927,0.3850644047236158,-0.6882613691583791
0.9743338866177048,-0.0377693952391083,0.3857552723801073,-0.6845333895864741
0.9745615129748516,-0.0381718867386734,0.3863983802358725,-0.6808216677561381
0.974791636742536,-0.0385759385061314,0.3869942834102463,-0.6771266364174052
0.9750242722257036,-0.0389815820319848,0.3875435344538636,-0.673448714478582
0.9752594340365728,-0.0393888493681656,0.388046683339048,-0.6697883056606289
0.9754971370494112,-0.0397977730577991,0.388504277056513,-0.6661457995620562
0.9757373962551128,-0.0402083858978882,0.3889168591238952,-0.6625215741549231
0.9759802269822996,-0.0406207213322797,0.3892849697998102,-0.6589159926738658
0.976225644831998,-0.0410348133486273,0.3896091456912737,-0.6553294049692908
0.976473665409057,-0.0414506960403562,0.3898899192421181,-0.6517621516646569
0.9767243046754596,-0.0418684042187087,0.3901278190589441,-0.6482145592116344
0.9769775785613292,-0.0422879727773157,0.3903233693480021,-0.6446869456842707
0.9772335032146506,-0.0427094371288684,0.3904770900956181,-0.6411796173645
0.9774920951306564,-0.0431328334306902,0.3905894969485718,-0.6376928672737282
0.9777533706882828,-0.0435581978409504,0.390661100863742,-0.6342269816718382
0.978017346735662,-0.0439855674942653,0.3906924082454157,-0.630782232374893
0.9782840399206204,-0.0444149794306651,0.3906839206770988,-0.6273588858044636
0.9785534674331344,-0.0448464718152861,0.3906361349034655,-0.6239571935039061
0.9788256471403932,-0.0452800841550537,0.3905495424078629,-0.6205773910687266
0.9791005961712153,-0.0457158550588833,0.3904246297185782,-0.6172197160057526
0.9793783318612826,-0.0461538237803366,0.3902618783166552,-0.6138843957442893
0.979658871595486,-0.0465940299878752,0.3900617646323699,-0.610571649724194
0.9799422326321,-0.0470365135144051,0.3898247601789457,-0.6072816915038921
0.9802284326927174,-0.0474813153019178,0.389551331030238,-0.6040147219991364
0.9805174891063236,-0.0479284760889969,0.3892419385136637,-0.600770939496932
0.9808094196834296,-0.0483780377934242,0.3888970383476753,-0.5975505297623609
0.9811042420359104,-0.0488300424806739,0.3885170812830129,-0.594353673853056
0.9814019740140956,-0.0492845330623809,0.3881025125692819,-0.5911805433625004
0.9817026333896712,-0.0497415528336527,0.3876537723107302,-0.5880313039829936
0.9820062380670276,-0.0502011458212646,0.3871712951461382,-0.5849061133294033
0.9823128058536076,-0.0506633564606247,0.3866555105664958,-0.5818051234157593
0.9826223547974838,-0.0511282301315463,0.3861068423270427,-0.5787284773010078
0.9829349026888964,-0.0515958124341612,0.3855257092683491,-0.5756763141831475
0.98325046741892,-0.052066149757338,0.3849125246909158,-0.5726487658280734
0.983569067042748,-0.0525392893974382,0.3842676961539817,-0.5696459561307475
0.9838907194799268,-0.0530152791394169,0.383591626024053,-0.5666680040695741
0.9842154426199712,-0.0534941674445403,0.3828847112631917,-0.5637150227103154
0.9845432545394454,-0.0539760037987245,0.3821473429097843,-0.5607871173323309
0.9848741729494715,-0.0544608379294817,0.3813799072778945,-0.5578843904543871
0.9852082158120424,-0.0549487207432321,0.3805827845531966,-0.5550069363600708
0.9855454008877136,-0.0554397036925182,0.379756349791747,-0.5521548451648501
0.9858857458520248,-0.0559338389803124,0.3789009726457764,-0.5493282017830498
0.9862292685763288,-0.0564311799993839,0.3780170166122342,-0.5465270836793858
0.9865759865774796,-0.0569317805672334,0.3771048403921432,-0.5437515654658466
0.9869259175472386,-0.0574356957273242,0.3761647965055369,-0.5410017146057583
0.9872790787666774,-0.0579429809393597,0.3751972328118486,-0.5382775961072843
0.987635487568286,-0.0584536927822817,0.3742024912615816,-0.5355792688564933
0.987995161294791,-0.0589678889295206,0.3731809079428337,-0.5329067860553423
0.9883581168949316,-0.0594856276087696,0.3721328141973771,-0.5302601982468677
0.9887243715413776,-0.0600069685233831,0.3710585348242746,-0.5276395487669772
0.9890939419364188,-0.0605319719012935,0.3699583900482552,-0.5250448788287804
0.9894668448622692,-0.0610606993196062,0.3688326938826829,-0.5224762235605341
0.9898430968239984,-0.0615932132380081,0.3676817551439575,-0.5199336145582655
0.9902227139983716,-0.0621295769704609,0.3665058775958874,-0.5174170801537008
0.990605712529081,-0.0626698551465034,0.3653053590069334,-0.5149266434203251
0.990992108308332,-0.0632141134466128,0.3640804917760454,-0.512462323651526
0.9913819171026051,-0.0637624188251942,0.3628315624935945,-0.5100241355469847
0.9917751542804032,-0.0643148391744201,0.3615588527679628,-0.5076120909130959
0.9921718347559456,-0.0648714432947874,0.3602626393910961,-0.5052261988861984
0.9925719736414632,-0.0654323018596441,0.3589431921598313,-0.5028664619880555
0.9929755853317483,-0.0659974861811045,0.3576007768161826,-0.5005328816153424
0.993382684319958,-0.0665670694056834,0.3562356523105045,-0.4982254531864062
0.993793284187941,-0.0671411251541846,0.3548480741197934,-0.4959441718900911
0.994207398442916,-0.0677197287477358,0.3534382914084371,-0.4936890278127557
0.99462504032345,-0.0683029569915416,0.3520065476030719,-0.4914600070725681
0.995046222794538,-0.0688908882251836,0.3505530803386251,-0.4892570918503336
0.9954709579358612,-0.0694836015279126,0.3490781235154603,-0.4870802634995013
0.9958992576525834,-0.0700811777715499,0.3475819047942676,-0.4849294987091848
0.9963311333908224,-0.070683699285145,0.3460646465031099,-0.4828047709631511
0.9967665961543704,-0.0712912499419831,0.3445265655078089,-0.480706050392539
0.9972056560435396,-0.0719039145814229,0.342967874776053,-0.4786333058781594
0.9976483230563774,-0.0725217801936294,0.3413887804694665,-0.4765865011162699
0.998094606252984,-0.0731449348220096,0.3397894848277491,-0.4745655984915836
0.9985445143707168,-0.0737734684921842,0.3381701838958078,-0.4725705561141992
0.9989980553646798,-0.0744074726426632,0.3365310690794179,-0.470601329828667
0.9994552365013724,-0.0750470403293022,0.3348723267254342,-0.4686578726497988
0.9999160646682672,-0.0756922667346866,0.3331941368994153,-0.4667401333712138
1.0003805453078076,-0.0763432477534175,0.3314966771693754,-0.4648480608889956
1.0008486840446174,-0.0770000823510254,0.329780116571355,-0.4629815973559473
1.0013204847659003,-0.0776628699552412,0.3280446225181013,-0.4611406858746429
1.0017959508557015,-0.0783317122690006,0.326290356180924,-0.459325265312354
1.0022750853047615,-0.0790067135142726,0.3245174719472622,-0.4575352699047285
1.0027578894979148,-0.079687978813317,0.3227261217809467,-0.4557706336960924
1.0032443641453224,-0.0803756155885904,0.3209164516626582,-0.4540312868253593
1.0037345090093914,-0.0810697332716583,0.3190886024650796,-0.4523171564349644
1.0042283228710325,-0.0817704433510114,0.3172427099413299,-0.4506281666504541
1.0047258031875517,-0.0824778589834639,0.3153789058647828,-0.4489642395748031
1.0052269462334866,-0.0831920952911847,0.3134973173630685,-0.4473252945799481
1.005731747297825,-0.0839132697449339,0.3115980660247166,-0.445711247497255
1.0062402003445228,-0.0846415017852444,0.3096812690146947,-0.444122011563325
1.0067522979995718,-0.0853769129093342,0.307747038963001,-0.4425574972454302
1.007268031685032,-0.0861196269730185,0.3057954832890188,-0.4410176116418049
1.0077873916957452,-0.0868697704168391,0.3038267037298894,-0.4395022581149811
1.008310366435157,-0.0876274712784299,0.3018407990540662,-0.4380113383354916
1.0088369427167063,-0.0883928597392561,0.2998378637396348,-0.4365447511021322
1.0093671061872025,-0.0891660688614259,0.2978179861668895,-0.4351023909709484
1.0099008407675114,-0.0899472339011415,0.2957812505397869,-0.433684149639146
1.01043812873742,-0.0907364925577264,0.2937277363553094,-0.4322899154770684
1.0109789501888329,-0.0915339842967276,0.2916575202805043,-0.4309195746881423
1.0115232842450128,-0.0923398522783773,0.2895706712637988,-0.4295730079705753
1.0120711072932118,-0.0931542408860352,0.2874672570702952,-0.4282500947531171
1.0126223943492902,-0.0939772978804452,0.2853473388164719,-0.4269507095310992
1.013177117878033,-0.0948091727875786,0.2832109752535216,-0.4256747244727226
1.0137352488531368,-0.0956500186267869,0.2810582184369411,-0.4244220066749483
1.0142967556352145,-0.0964999903784891,0.27888911778398,-0.423192420506545
1.0148616047065666,-0.0973592462410508,0.2767037169712091,-0.4219858256821152
1.015429759905292,-0.0982279466267628,0.2745020566146748,-0.4208020786758995
1.0160011827806972,-0.0991062548566538,0.2722841726116477,-0.4196410316608865
1.0165758322714933,-0.0999943368296742,0.2700500970929945,-0.4185025329002317
1.0171536649890789,-0.1008923616258228,0.2677998570181311,-0.4173864259039929
1.0177346343870974,-0.1018005003859627,0.265533477095297,-0.4162925507559059
1.0183186919494749,-0.1027189283371922,0.2632509748286991,-0.4152207415607234
1.0189057855839347,-0.1036478224590798,0.2609523664539997,-0.4141708291781828
1.0194958607027351,-0.1045873633567071,0.2586376623797469,-0.4131426389033076
1.0200888593532975,-0.1055377340718624,0.2563068702397963,-0.4121359917290954
1.0206847204491918,-0.1064991206303833,0.2539599936345625,-0.411150703597001
1.0212833800475054,-0.1074717126889003,0.2515970306644718,-0.4101865846541221
1.0218847704210348,-0.1084557022324724,0.2492179772068167,-0.4092434404617153
1.0224888206995637,-0.1094512848132274,0.2468228239985501,-0.4083210706241253
1.0230954562677923,-0.1104586587734795,0.2444115586163869,-0.407419269418033
1.0237045986273114,-0.111478025214964,0.2419841656243783,-0.4065378256310823
1.0243161658351438,-0.1125095889443417,0.2395406244080659,-0.4056765215873939
1.0249300718536574,-0.1135535576079524,0.2370809113309184,-0.4048351337631164
1.025546226590613,-0.1146101419742816,0.2346049991391535,-0.4040134323644989
1.0261645359400444,-0.1156795562340345,0.2321128563429885,-0.4032111809331278
1.0267849012257435,-0.1167620172713309,0.2296044489948961,-0.402428136720978
1.0274072195496595,-0.1178577454980551,0.2270797388149562,-0.401664049871666
1.028031383274103,-0.1189669641899441,0.2245386848004341,-0.400918663712018
1.0286572804650769,-0.1200899005199022,0.221981240924338,-0.4001917138571278
1.0292847940212522,-0.121226784261435,0.2194073591724141,-0.3994829288827746
1.0299138020147696,-0.1223778486457528,0.2168169876391836,-0.398792029537127
1.0305441771087729,-0.1235433295578655,0.2142100723936128,-0.3981187290071978
1.0311757870827722,-0.1247234667652236,0.2115865547703776,-0.3974627319642815
1.0318084942383672,-0.1259185031026099,0.2089463732597435,-0.3968237348338976
1.032442155155282,-0.127128684279204,0.2062894639649487,-0.3962014256406032
1.033076620830186,-0.1283542594187258,0.2036157594456208,-0.3955954834705372
1.033711736218657,-0.1295954804672347,0.200925190049391,-0.3950055785202891
1.034347340630417,-0.1308526032596232,0.1982176816299026,-0.3944313713310641
1.0349832668567556,-0.1321258861146482,0.1954931586221137,-0.393872513196762
1.035619341275175,-0.1334155903217797,0.192751542988473,-0.3933286456360008
1.0362553839522692,-0.1347219806654925,0.1899927531242536,-0.3927993998985832
1.0368912082178454,-0.1360453248883258,0.1872167050231649,-0.3922843969230487
1.0375266203942028,-0.1373858934448819,0.1844233127912563,-0.3917832471314154
1.0381614198048046,-0.1387439598418721,0.1816124879291179,-0.3912955499934905
1.0387953987119254,-0.1401198008575976,0.1787841388877842,-0.3908208936593295
1.0394283417183354,-0.1415136955983385,0.1759381730080147,-0.3903588549829273
1.0400600260170978,-0.1429259263858628,0.1730744946787457,-0.3899089988962742
1.0406902208382915,-0.1443567778969922,0.1701930070767505,-0.3894708783741517
1.0413186878493703,-0.1458065384459089,0.1672936095631816,-0.3890440337145697
1.0419451800122508,-0.1472754977532741,0.1643762021395608,-0.3886279928798784
1.0425694422165457,-0.1487639487688991,0.1614406817516827,-0.3882222706043214
1.0431912108576873,-0.1502721871115594,0.1584869433954038,-0.3878263682302549
1.043810213270397,-0.1518005101001148,0.1555148819684673,-0.3874397736063699
1.0444261682448877,-0.153349218436227,0.1525243889416719,-0.387061960295359
1.0450387851429233,-0.1549186144699543,0.1495153556980038,-0.3866923876578879
1.045647763947433,-0.1565090027389815,0.1464876724186076,-0.3863305003363379
1.046252795127402,-0.158120690089814,0.1434412278025481,-0.385975727853483
1.0468535593688653,-0.1597539854628323,0.1403759094275971,-0.3856274842825472
1.047449727128567,-0.1614091991704537,0.1372916050378494,-0.3852851680066248
1.048040958940077,-0.1630866442574692,0.1341881999388897,-0.3849481610355823
1.048626904582445,-0.1647866347305089,0.1310655802356087,-0.384615828967877
1.0492072032761166,-0.1665094866480083,0.1279236307361257,-0.3842875203513796
1.0497814832998604,-0.1682555176116021,0.12476223583081,-0.3839625663647488
1.0503493617745026,-0.1700250467360359,0.1215812794795672,-0.3836402803905514
1.0509104443447348,-0.1718183943150745,0.1183806457432823,-0.3833199576331006
1.0514643251137257,-0.1736358823077768,0.1151602178475207,-0.3830008745777514
1.0520105861665563,-0.1754778335372629,0.1119198795471044,-0.3826822886688613
1.0525487974780934,-0.1773445721442154,0.1086595142533221,-0.382363437750666
1.053078516659658,-0.1792364235819513,0.1053790049953787,-0.3820435395781412
1.0535992885689969,-0.1811537141494533,0.1020782351819526,-0.3817217913887615
1.0541106448977378,-0.1830967704011798,0.0987570895463832,-0.3813973694744981
1.0546121042822798,-0.1850659205861204,0.0954154516266253,-0.3810694283974036
1.0551031717042971,-0.1870614935200832,0.09205320566924,-0.3807371006146156
1.0555833382792406,-0.1890838189478791,0.0886702359774614,-0.3803994958300411
1.0560520809292415,-0.1911332275557926,0.0852664268745189,-0.3800557003787378
1.0565088619227418,-0.1932100504606058,0.0818416635383931,-0.3797047766709667
1.0569531285893548,-0.1953146195174269,0.0783958314756542,-0.3793457624692017
1.0573843130853828,-0.1974472680794398,0.0749288152965007,-0.3789776700502009
1.0578018319810785,-0.1996083311583356,0.0714404985178136,-0.3785994854233229
1.0582050853720315,-0.2017981431318251,0.0679307673056206,-0.3782101679401879
1.0585934570115512,-0.2040170408697085,0.0643995054808328,-0.3778086489104948
1.0589663135823115,-0.2062653627691169,0.0608465961909698,-0.3773938308689862
1.059323004082677,-0.2085434484111264,0.0572719225568973,-0.3769645866844369
1.059662859352894,-0.2108516393074405,0.0536753666169961,-0.3765197584027917
1.0599851915932226,-0.2131902801821182,0.0500568075084221,-0.3760581558960522
1.0602892935390509,-0.2155597183980001,0.0464161225845335,-0.3755785557763688
1.0605744376336674,-0.2179603034670711,0.0427531883796482,-0.3750797002237408
1.0608398756958604,-0.2203923914882528,0.0390678741153193,-0.3745602946730907
1.0610848374587416,-0.2228563409296416,0.0353600484785545,-0.3740190071673644
1.0613085299532496,-0.2253525161498371,0.0316295746216567,-0.3734544659762823
1.0615101364297943,-0.2278812883388482,0.0278763092104385,-0.3728652575651548
1.0616888151536323,-0.2304430364395227,0.0241001015697704,-0.372249924386772
1.0618436979675725,-0.2330381462095611,0.0203007956089517,-0.3716069629433604
1.0619738891664126,-0.2356670168675197,0.0164782207127387,-0.3709348197530157
1.0620784635300398,-0.2383300577048899,0.0126321974802509,-0.3702318894914185
1.062156464641163,-0.2410276922384867,0.0087625324936859,-0.3694965109953479
1.062206902807964,-0.2437603605689525,0.004869015888138,-0.3687269633245476
1.0622287527076495,-0.246528520684845,0.0009514205544069,-0.3679214617332376
1.0622209507790743,-0.2493326528725779,-0.0029905029249787,-0.3670781523136077
1.0621823783207336,-0.2521739931051862,-0.0069580456042485,-0.366194875644353
1.0621117965623943,-0.2550552504174588,-0.0109544965679972,-0.3652688881681976
1.0620079045397943,-0.2579771308739687,-0.0149803020183256,-0.3642979477578537
1.06186933846471,-0.2609403989343728,-0.0190359697922654,-0.3632796953609417
1.0616946660527302,-0.263945867363779,-0.0231220526746597,-0.3622116492425848
1.0614823799480202,-0.2669944030614944,-0.0272391536664181,-0.361091193170059
1.0612308902870953,-0.2700869331743039,-0.0313879312822977,-0.3599155631655891
1.0609385151007185,-0.2732244636475494,-0.0355691209963376,-0.3586818277939338
1.0606034702976408,-0.2764080842939788,-0.0397835378588925,-0.3573868713384087
1.060223857198222,-0.2796389850250811,-0.0440320934137362,-0.3560273703436438
1.0597976482298288,-0.2829184707167341,-0.0483158099032925,-0.354599767697842
1.0593226687096056,-0.2862479882032233,-0.0526358492803414,-0.353100237840817
1.0587965765304963,-0.2896291460647139,-0.0569935314301937,-0.3515246504918574
1.0582168368790654,-0.2930637456096707,-0.0613903654890283,-0.3498685240642468
1.0575806913238757,-0.2965538191585771,-0.0658280886014349,-0.3481269687500132
1.0568851218349924,-0.3001016670640428,-0.0703087008361516,-0.3462946219411075
1.0561268033957276,-0.303709920406385,-0.0748345299245853,-0.3443655602934991
1.0553020501602677,-0.3073815935166736,-0.0794082796523987,-0.3423332037386545
1.0544067477598646,-0.3111201561441664,-0.0840330991055217,-0.3401901933244918
1.0534362727563022,-0.3149296085328177,-0.0887126508616409,-0.337928247675514
1.0523854044368803,-0.3188145332522699,-0.0934511458357458,-0.3355380106075123
1.0512482289334264,-0.3227801253741067,-0.0982533476846621,-0.3330088883247163
1.050018071522988,-0.3268320863631458,-0.1031244102692555,-0.3303289522645713
1.0486875206002964,-0.3309762320240526,-0.1080693781508265,-0.3274850310388229
1.0472487133404478,-0.33521742893023,-0.1130919129527934,-0.3244633224078331
1.0456942254716264,-0.3395571846302688,-0.1181914994839079,-0.3212511741827882
1.044019184929458,-0.3439888290854201,-0.1233579886553062,-0.3178411838503192
1.0422250526768189,-0.3484901847448941,-0.1285635256086567,-0.3142383268568773
1.0403236502355622,-0.3530181181566726,-0.1337570570392652,-0.3104671495032436
1.0383365278882133,-0.3575153557698002,-0.1388730472272606,-0.3065696097470711
1.0362871607175168,-0.3619307249293739,-0.1438548657341767,-0.3025894833552186
1.0341930398116113,-0.3662340543056438,-0.1486710593330364,-0.2985575823098201
1.0320640722793617,-0.3704148797564502,-0.1533129164680192,-0.2944895856785239
1.0299049351241216,-0.3744740760787398,-0.1577843924921744,-0.2903911948453779
1.0277175597503336,-0.3784172242586592,-0.162094405251189,-0.2862631486251907
1.025502653589107,-0.3822511303558683,-0.1662528941391682,-0.2821041771545748
1.0232604562168743,-0.3859823629652318,-0.1702692218572669,-0.2779124124367782
1.0209910850846873,-0.3896167476124814,-0.174151664273717,-0.2736859972556515
1.01869468180517,-0.3931592678640797,-0.1779073506762989,-0.2694233168176671
1.0163714696492294,-0.3966141165923763,-0.181542362704188,-0.2651230693869071
1.0140217683856527,-0.3999847983968624,-0.1850618812774443,-0.2607842640361593
1.011645993774773,-0.4032742346212678,-0.1884703292552213,-0.2564061959535222
1.0092446521718954,-0.4064848565802381,-0.1917714955126353,-0.2519884176621479
1.006818325459962,-0.4096186954459992,-0.1949686501001983,-0.2475306964111188
1.0043676635739784,-0.4126774478731619,-0.1980646298756552,-0.2430329886831671
1.001893372871105,-0.4156625362131913,-0.2010619150287376,-0.2384954094843107
0.9993962116009544,-0.4185751511460333,-0.203962684871427,-0.2339182165599836
0.9968769782753062,-0.4214162959527318,-0.2067688729002477,-0.229301783072023
0.9943365080834482,-0.4241868154291995,-0.2094822045191823,-0.2246465862022754
0.9917756655075928,-0.4268874247422985,-0.2121042331476005,-0.2199531897154904
0.9891953401212754,-0.4295187309478993,-0.21463636776614,-0.2152222330939378
0.9865964418854912,-0.4320812520786318,-0.2170798970098649,-0.2104544203422357
0.983979899091735,-0.4345754311557177,-0.2194360074742462,-0.2056505141254645
0.9813466524404272,-0.4370016519574454,-0.2217058029118921,-0.2008113232035906
0.9786976531849568,-0.4393602490207954,-0.2238903172676257,-0.1959376976344224
0.9760338602659204,-0.4416515172802619,-0.2259905268444152,-0.1910305223804782
0.9733562393146818,-0.4438757189468171,-0.2280073594547313,-0.1860907145709987
0.9706657578069148,-0.4460330926515073,-0.2299417052182014,-0.1811192138385702
0.967963384297245,-0.4481238581753499,-0.2317944229465518,-0.1761169803065356
0.9652500877679188,-0.4501482205811312,-0.2335663457416277,-0.1710849929218557
0.9625268334391665,-0.4521063764091664,-0.2352582881309431,-0.1660242413241311
0.959794582867848,-0.4539985160210482,-0.2368710495533713,-0.1609357257252534
0.957054292657575,-0.4558248266561535,-0.2384054183011671,-0.155820454291308
0.954306911826144,-0.4575854959532255,-0.2398621756475127,-0.150679438060385
0.9515533819491802,-0.4592807132534554,-0.2412420979342165,-0.1455136910746264
0.9487946350364098,-0.4609106721228582,-0.2425459595400815,-0.1403242263078144
0.946031592878784,-0.4624755716510252,-0.2437745346993833,-0.1351120543611958
0.9432651653549342,-0.4639756181329035,-0.2449285995053246,-0.129878180212816
0.9404962512905326,-0.4654110251550574,-0.2460089325700874,-0.1246236048015116
0.9377257362909754,-0.4667820152190503,-0.2470163167952273,-0.119349320905144
0.9349544918728694,-0.4680888204233065,-0.2479515403009091,-0.1140563114557427
0.9321833749126688,-0.4693316828577445,-0.2488153970660198,-0.1087455484545076
0.9294132278906668,-0.470510854571451,-0.2496086872167524,-0.1034179934173445
0.9266448772603512,-0.4716265982902359,-0.2503322177753209,-0.0980745942232172
0.9238791340426464,-0.4726791870776187,-0.2509868026289888,-0.0927162862265784
0.9211167921354638,-0.473668904858473,-0.2515732630133388,-0.0873439889548672
0.9183586281172016,-0.4745960462230682,-0.2520924274593474,-0.0819586056607849
0.915605402361893,-0.4754609158019189,-0.2525451314912374,-0.0765610254458126
0.9128578565929744,-0.4762638287834376,-0.2529322179216402,-0.0711521184155548
0.9101167164079892,-0.4770051098151896,-0.2532545362567909,-0.0657327405640997
0.907382687349274,-0.4776850937651915,-0.2535129429720505,-0.0603037259423693
0.9046564580772974,-0.478304124430692,-0.2537083008011977,-0.0548658928163161
0.9019386989459348,-0.4788625545490669,-0.253841478619596,-0.0494200407546946
0.8992300602689883,-0.4793607456710183,-0.253913351122057,-0.043966947010682
0.8965311754389508,-0.4797990670673848,-0.2539247982882845,-0.0385073726330201
0.8938426591244457,-0.4801778956712214,-0.2538767051078814,-0.0330420587204365
0.8911651070774629,-0.4804976156032512,-0.2537699611316227,-0.0275717258565147
0.8884990960315078,-0.4807586176544728,-0.2536054599894499,-0.0220970737061078
0.8858451866744484,-0.480961298542521,-0.2533840991701518,-0.0166187869532783
0.8832039177194203,-0.4811060609318134,-0.2531067791393793,-0.0111375228971446
0.8805758128870828,-0.4811933123830479,-0.2527744034462026,-0.0056539256488469
0.8779613739296555,-0.481223465202874,-0.252387877499,-0.0001686114185388
0.8753610891915168,-0.4811969356968404,-0.2519481092226235,0.0053178138295667
0.8727729440287565,-0.4811140371543841,-0.2514555088825524,0.0108100527895016
0.8701946184117674,-0.4809748488259627,-0.2509102141381754,0.0163135688802874
0.8676266086549114,-0.4807794521553808,-0.2503128191994276,0.0218278894591522
0.8650694089968125,-0.4805279332471351,-0.2496639287704538,0.0273525351195416
0.8625235061775093,-0.4802203827891901,-0.248964157217301,0.0328870308949058
0.859989377482084,-0.4798568957974453,-0.2482141281122795,0.0384309102650924
0.8574674953878554,-0.479437572275691,-0.2474144756959517,0.0439837047262467
0.8549583232840914,-0.4789625167327304,-0.2465658438161895,0.0495449527960795
0.8524623172070085,-0.4784318384694178,-0.2456688865520384,0.0551141959057454
0.8499799235637092,-0.4778456511247253,-0.244724267491015,0.0606909831625263
0.8475115814779666,-0.4772040731664523,-0.2437326606248619,0.066274865815825
0.8450577207369925,-0.476507227425917,-0.2426947496382198,0.0718654015442598
0.8426187650582658,-0.4757552420528227,-0.241611229357446,0.0774621466727716
0.8401951261244253,-0.4749482487753514,-0.240482803222,0.0830646694638975
0.8377872081074521,-0.4740863841715118,-0.2393101852132105,0.0886725394830409
0.8353954033854446,-0.4731697881393958,-0.2380940977914701,0.0942853372295004
0.8330200965661866,-0.472198605226013,-0.2368352737731992,0.0999026444953719
0.8306616619632659,-0.4711729836506101,-0.2355344550447707,0.1055240499412825
0.828320466260834,-0.4700930764057013,-0.2341923939792971,0.1111491424249048
0.8259968616196529,-0.4689590379985086,-0.2328098494077672,0.1167775272552592
0.8236911915543621,-0.4677710268345563,-0.2313875897030501,0.1224088119403638
0.8214037906899782,-0.466529205150804,-0.2299263926525612,0.1280426063647028
0.819134980271925,-0.4652337364354744,-0.2284270424433535,0.1336785335740208
0.8168850731463284,-0.4638847878987606,-0.2268903326197781,0.1393162172995025
0.8146543693726616,-0.4624825277716295,-0.2253170629858141,0.1449552926169225
0.812443156420627,-0.4610271249202906,-0.2237080393006494,0.1505954054455387
0.8102517133201753,-0.459518751257903,-0.2220640759993516,0.1562362018135513
0.8080803070614897,-0.457957579213712,-0.2203859933886448,0.1618773367657628
0.8059291914040263,-0.4563437803797753,-0.2186746162881063,0.1675184774400437
0.8037986102210027,-0.4546775275291543,-0.216930776258062,0.1731592942733228
0.8016887944219043,-0.4529589919226804,-0.2151553087954122,0.1787994689629471
0.7995999616118988,-0.4511883423607655,-0.2133490524871772,0.1844386954919343
0.7975323197911643,-0.449365747760107,-0.2115128517321245,0.1900766701661178
0.7954860653647482,-0.4474913751499964,-0.2096475547107537,0.1957130968132815
0.7934613800970486,-0.445565386214118,-0.2077540100582489,0.2013476952755235
0.7914584342463861,-0.4435879393510852,-0.2058330690817357,0.2069801929895373
0.789477387486324,-0.4415591900562418,-0.2038855861989134,0.2126103223767335
0.7875183852651625,-0.4394792865450268,-0.2019124148378009,0.21823783126121
0.7855815615602614,-0.4373483716567156,-0.199914409456122,0.2238624753244924
0.7836670373880799,-0.4351665804119724,-0.1978924233996825,0.2294840226142093
0.7817749221539628,-0.4329340405628023,-0.1958473096162899,0.2351022499034649
0.7799053123162927,-0.4306508700657298,-0.1937799185356238,0.2407169469376064
0.7780582916301152,-0.4283171761755885,-0.1916910975220154,0.246327916176662
0.7762339341990885,-0.4259330582416358,-0.1895816936102798,0.2519349638643927
0.7744322974118926,-0.4234985973310032,-0.1874525445882075,0.2575379221302785
0.7726534284087905,-0.4210138630542981,-0.1853044854660057,0.2631366298802157
0.7708973624440548,-0.4184789101479417,-0.1831383457992813,0.2687309382851927
0.7691641219605214,-0.4158937755734408,-0.180954947622915,0.2743207143932788
0.7674537164068047,-0.4132584763770242,-0.1787551041577256,0.2799058425995669
0.7657661430438704,-0.4105730089364114,-0.1765396197491804,0.2854862229611213
0.7641013859268735,-0.4078373452397932,-0.1743092874132151,0.2910617755560479
0.7624594176206037,-0.4050514333713985,-0.1720648899349371,0.2966324358722675
0.7608401984690614,-0.4022151940014951,-0.1698071977451706,0.3021981583137123
0.7592436749606428,-0.3993285147677241,-0.1675369653180259,0.3077589231793155
0.7576697814172524,-0.3963912501456406,-0.1652549320943388,0.3133147324142301
0.7561184380570873,-0.3934032145383563,-0.1629618182047104,0.3188656180888525
0.7545895554498815,-0.3903641872616457,-0.1606583295091073,0.3244116282464124
0.7530830264488046,-0.387273892787028,-0.1583451439121432,0.3299528579493421
0.7515987332830412,-0.3841320100899015,-0.1560229201317589,0.3354894260290802
0.7501365424573243,-0.3809381573042005,-0.153692287993781,0.3410214962822133
0.748696307668238,-0.3776918921814714,-0.1513538508582453,0.3465492695206841
0.7472778654394159,-0.3743926960229197,-0.1490081762998761,0.3520730034627118
0.7458810396288084,-0.3710399767021833,-0.1466558009471802,0.3575929990569405
0.7445056368376997,-0.3676330501107523,-0.1442972202620612,0.3631096222971155
0.7431514454226971,-0.3641711280309451,-0.1419328836630942,0.3686233132089251
0.7418182382465878,-0.3606533145542585,-0.1395631959837859,0.374134580027622
0.7405057647056885,-0.3570785731081796,-0.1371884996780613,0.3796440381157816
0.739213755880769,-0.3534457255289708,-0.1348090796404917,0.3851523960779191
0.737941921576892,-0.3497534283806693,-0.1324251534166113,0.3906604758214199
0.7366899437741383,-0.3460001349723264,-0.1300368536209965,0.3961692503406363
0.7354574769274701,-0.342184072948134,-0.1276442220822231,0.4016798541492218
0.7342441446323807,-0.3383032075368737,-0.1252471963535791,0.4071936111696901
0.7330495374175133,-0.3343552033314966,-0.1228455972889338,0.4127120599092832
0.7318732021483899,-0.3303373516681044,-0.1204390982027264,0.4182370206151454
0.7307146419851708,-0.3262465238873692,-0.1180272131240382,0.4237706181172941
0.7295733080046798,-0.3220790875338616,-0.1156092662203979,0.4293153474495134
0.7284485913960667,-0.317830811180459,-0.1131843593700213,0.4348741430252319
0.7273398135935344,-0.3134967456048528,-0.1107513318133907,0.4404504650896874
0.7262462189508951,-0.3090710954562995,-0.1083087212097157,0.4460483817558437
0.7251669705245003,-0.3045470827008416,-0.1058547274678872,0.4516726430113333
0.7241011488614376,-0.2999168004772737,-0.1033871792414471,0.4573287461961037
0.7230477774172169,-0.295171164332789,-0.1009035592826714,0.4630228629859918
0.7220058894287531,-0.2903000583947678,-0.098401131824961,0.4687615270629072
0.720974704322983,-0.2852930660407728,-0.0958773531773732,0.4745506642398908
0.7199540319753568,-0.2801415544882971,-0.0933309017268518,0.4803931901824556
0.7189451009098878,-0.2748435421128383,-0.0907639181233347,0.4862838175095963
0.7179519676590191,-0.2694130126978931,-0.0881860432416876,0.4921997296574412
0.716982941736761,-0.2638916161119165,-0.0856190036990748,0.4980900226040486
0.7160498112722767,-0.258349734346173,-0.0830957539589621,0.503877727450501
0.7151632468447563,-0.252862878418731,-0.0806487818319921,0.5094868104956615
0.7143282977205172,-0.2474817035264756,-0.0782971053111005,0.5148721746158289
0.7135443957081781,-0.2422253033335803,-0.076044745882862,0.5200232190876686
0.7128079945059934,-0.2370926783869463,-0.073886954937251,0.524949535340995
0.7121147117808049,-0.2320744464308107,-0.071815825105512,0.5296680044094647
0.7114603314524012,-0.2271591846147555,-0.0698231239939041,0.5341962785792825
0.710841120045526,-0.2223359575174814,-0.0679013199270946,0.538550420012014
0.7102538640002101,-0.2175950993570417,-0.0660438252690231,0.5427443391546503
0.7096958124245477,-0.2129282869335735,-0.0642449459533483,0.5467899088819053
0.7091646056974479,-0.2083284223388148,-0.0624997656725178,0.5506972299026158
0.7086582062866302,-0.2037894407294731,-0.060804014263263,0.5544749325739858
0.7081748417465921,-0.1993061353402119,-0.059153955229422,0.5581304351453436
0.707712958569967,-0.1948740066218382,-0.0575462925645384,0.5616701578287897
0.7072711847020864,-0.1904891316950995,-0.0559780933168147,0.5650997005469032
0.7068483006061745,-0.1861480676225802,-0.0544467288774395,0.5684239780123237
0.7064432156460918,-0.1818477694319088,-0.0529498264668748,0.5716473312621738
0.7060549491909004,-0.1775855255255601,-0.0514852306551038,0.5747736162137396
0.7056826154227309,-0.1733589074652454,-0.0500509729044564,0.5778062739326362
0.7053254092305743,-0.1691657098895113,-0.048645240284398,0.580748401476908
0.7049825978732368,-0.1650039388097013,-0.0472663625304932,0.5836027830775297
0.7046535117479156,-0.1608717774752892,-0.0459127928524657,0.5863719341455622
0.704337535616278,-0.1567675435529928,-0.0445830873741992,0.5890581469287162
0.7040341048084547,-0.152689698937176,-0.0432759028012116,0.5916634983332336
0.7037426977741519,-0.1486368045836204,-0.0419899769906256,0.594189892010089
0.7034628332674737,-0.1446075285857909,-0.0407241274329774,0.5966390638692843
0.7031940663515451,-0.1406006340063683,-0.0394772436367332,0.5990125998430996
0.7029359836726253,-0.1366149487045242,-0.038248274499431,0.6013119624802636
0.7026882021053371,-0.1326493800289111,-0.0370362300773999,0.6035384896615351
0.7024503652218698,-0.1287028931663809,-0.0358401723564612,0.6056934140413791
0.7022221417094007,-0.1247745159226027,-0.0346592144545232,0.6077778664941824
0.7020032228173788,-0.1208633245357497,-0.033492514277623,0.6097928894844086
0.7017933209264884,-0.116968445072469,-0.0323392731093994,0.6117394413343292
0.7015921678098261,-0.1130890470825657,-0.0311987320347414,0.6136184042061852
0.7013995133500303,-0.1092243431104132,-0.0300701702552301,0.6154305887065851
0.701215124173241,-0.1053735845534893,-0.0289529024493094,0.6171767399974205
0.7010387822078292,-0.1015360531238043,-0.0278462749994461,0.6188575453492265
0.7008702843832862,-0.0977110749723693,-0.0267496688575849,0.6204736314452286
0.70070944090816,-0.0938980027973122,-0.0256624932347394,0.6220255757322394
0.7005560745619351,-0.090096217211708,-0.0245841849668408,0.6235139086751655
0.7004100201698745,-0.0863051321353081,-0.0235142090456461,0.624939114619509
0.7002711237959832,-0.0825241927220628,-0.0224520570574607,0.6263016357566515
0.7001392418254646,-0.0787528681843158,-0.0213972442560639,0.6276018775878762
0.7000142401618713,-0.0749906446922281,-0.0203493067415517,0.6288402136670195
0.6998959944002303,-0.0712370466777998,-0.0193078065754465,0.6300169809693975
0.6997843886914251,-0.0674916194484551,-0.0182723261089809,0.6311324884603391
0.6996793151523626,-0.0637539242329624,-0.0172424658597914,0.6321870205997618
0.6995806737265645,-0.0600235479163109,-0.0162178464555794,0.6331808365604075
0.69948837162694,-0.056300098437085,-0.0151981066187445,0.6341141738252026
0.6994023228853016,-0.0525832019353061,-0.0141829016626327,0.6349872509328963
0.6993224479563968,-0.0488725002284603,-0.0131719020967934,0.6358002698634964
0.6992486735440113,-0.0451676576864638,-0.0121647947983067,0.6365534163258968
0.6991809320800332,-0.0414683511068016,-0.0111612795558616,0.6372468637276513
0.6991191614932464,-0.0377742706919923,-0.0101610686536612,0.6378807743417991
0.6990633050034295,-0.0340851224580683,-0.0091638868378892,0.6384553003291831
0.6990133107428904,-0.0304006178725043,-0.0081694678329047,0.6389705866480029
0.6989691317773685,-0.026720489278783,-0.007177557826105,0.639426769955885
0.6989307256036887,-0.0230444649368734,-0.0061879080544115,0.6398239829962622
0.6988980542439717,-0.0193722874824085,-0.0052002791062949,0.640162352916887
0.698871084013769,-0.0157037073819764,-0.0042144384753784,0.6404420030255074
0.6988497853511427,-0.0120384744240352,-0.0032301575972463,0.6406630539911602
0.6988341327872806,-0.0083763445064704,-0.0022472129985274,0.6408256236422472
0.6988241048284226,-0.0047170686548429,-0.0012653826734756,0.6409298277438807
0.6988196839600179,-0.0010604102156653,-0.0002844500242261,0.6409757795632911
0.6988194486681115,3.349513331626919e-11,-6.099668296496996e-12,0.6409782254800914
