3.03466386722736
0.7875601077509422,4.724134986558082e-28,-1.4393321697630647e-14,0.421229582280108
0.7875625124355632,0.0014824876512698,0.0013664956910583,0.4212183978358071
0.7875801250579679,0.0042771114992779,0.0039422158013198,0.4211364857088513
0.7876148448984265,0.0070723000916672,0.0065177335182396,0.420975043164634
0.7876667092804192,0.0098686842627406,0.009093157896292,0.4207339578512624
0.7877357721015522,0.0126666949065299,0.0116684136338191,0.420413070707288
0.7878221042994861,0.0154667536678895,0.0142434168808223,0.4200121740442766
0.787925793756207,0.018269273331703,0.0168180756576526,0.4195310123171353
0.7880469451749379,0.0210746564130485,0.0193922886420205,0.418969283094375
0.7881856797045029,0.0238832891427939,0.0219659397699605,0.4183266392674041
0.7883421348016695,0.0266955426301202,0.0245388994729026,0.4176026902178785
0.7885164638411402,0.0295117688618609,0.0271110212258898,0.416797004211037
0.7887088356037607,0.0323322965535952,0.0296821380338744,0.4159091113976215
0.788919433660936,0.0351574272035295,0.0322520591880931,0.4149385073284513
0.7891484555025157,0.0379874294659048,0.0348205655929667,0.4138846576696791
0.7893961115626662,0.0408225344295258,0.037387406037667,0.4127470033848767
0.7896626236153872,0.0436629259989538,0.0399522891779562,0.4115249687848916
0.7899482232735843,0.0465087356880404,0.0425148796978537,0.4102179690351779
0.7902531493665664,0.0493600289794026,0.0450747870738616,0.4088254226952392
0.7905776450710514,0.052216794184058,0.0476315568902893,0.4073467652062824
0.7909219545701376,0.0550789312019415,0.0501846623691828,0.4057814643005909
0.7912863185245826,0.0579462348990147,0.0527334914488783,0.404129040503053
0.791670968682475,0.0608183775388459,0.0552773334767803,0.4023890911157859
0.7920761216642442,0.0636948910887844,0.0578153662906136,0.4005613173969911
0.7925019718753358,0.066575149394518,0.0603466437128956,0.3986455550204199
0.7929486833453891,0.0694583492755504,0.062870082656543,0.3966418085774556
0.7934163806012615,0.0723434918079176,0.0653844509879663,0.3945502894785297
0.7939051393173758,0.075229368342139,0.0678883600925101,0.3923714537855781
0.7944149783536995,0.0781145591289637,0.0703802687986748,0.3901060327475206
0.7949458502187866,0.0809974255219431,0.0728584819672024,0.3877550692315202
0.7954976349395166,0.0838761230986097,0.0753211672253499,0.385319937906548
0.7960701362431414,0.0867486249451805,0.0777663800570243,0.3828023543366545
0.796663080108601,0.0896127527017854,0.0801920948415712,0.3802043730128041
0.7972761186517333,0.0924662268064066,0.0825962511364791,0.3775283617232577
0.7979088364237847,0.0953067181023018,0.0849767996188173,0.3747769656296347
0.798560761395863,0.0981319097575289,0.087331754999494,0.3719530516074508
0.799231377375085,0.1009395532731907,0.0896592421081296,0.3690596475292924
0.7999201400310952,0.1037275281332985,0.0919575431489058,0.3660998674281883
0.8006264914783028,0.1064938843796069,0.0942251290605416,0.363076844663288
0.8013498747797724,0.1092368765300298,0.0964606823873783,0.359993667175314
0.8020897462478699,0.1119549827101904,0.0986631070244832,0.3568533238669233
0.8028455854162331,0.1146469114316024,0.1008315273238726,0.3536586623824518
0.8036169021204281,0.1173115965043555,0.1029652774117078,0.3504123603555432
0.8044032416778956,0.1199481856875478,0.1050638856079852,0.3471169055996991
0.8052041863740118,0.1225560185575996,0.107127050636597,0.3437745924397739
0.8060193556107179,0.1251346030853244,0.1091546174639218,0.3403875239161951
0.8068484063709406,0.1276835962695225,0.1111465570026297,0.336957612834826
0.8076910308563047,0.1302027788786351,0.1131029418590485,0.3334865945873663
0.8085469523805409,0.1326920285912352,0.1150239216366873,0.3299760469319022
0.8094159246738457,0.1351513063515366,0.1169097091831419,0.3264273954882994
0.8102977266080612,0.1375806319261813,0.1187605590930895,0.3228419377731001
0.8111921615461527,0.1399800750562466,0.1205767587532304,0.3192208480158603
0.8120990543518181,0.1423497415773046,0.1223586159287466,0.315565191329214
0.8130182465501691,0.1446897566789533,0.1241064446799517,0.3118759449720149
0.8139495955522961,0.1470002603806276,0.1258205608567798,0.3081540029008538
0.8148929725355366,0.1492814002819548,0.1275012757672837,0.304400185574143
0.8158482604960778,0.1515333256179513,0.1291488910522169,0.300615248848441
0.81681535169533,0.153756180677448,0.1307636933118234,0.2967998950527066
0.8177941480205343,0.1559501055339685,0.1323459542198512,0.2929547723701083
0.8187845561955172,0.1581152254756992,0.1338959225782446,0.2890804943474984
0.8197864913626209,0.1602516595385962,0.135413830254162,0.2851776263788246
0.8207998711298987,0.1623595081929341,0.1368998832202319,0.2812467094391874
0.8218246185154002,0.1644388605949644,0.1383542666493184,0.2772882489305596
0.8228606572891186,0.166489785939876,0.1397771388002605,0.2733027329886693
0.8239079148859229,0.1685123404929124,0.1411686359576996,0.2692906213908107
0.8249663198578187,0.1705065634762197,0.1425288695762213,0.2652523555246041
0.8260358023765604,0.1724724790861635,0.1438579277105749,0.2611883565415905
0.8271162914940846,0.1744100925019635,0.1451558723809717,0.2570990357959903
0.8282077161585313,0.176319392985282,0.1464227417862859,0.2529847908987027
0.8293100051008919,0.1782003546781151,0.1476585509119385,0.2488460060911519
0.8304230857704403,0.1800529357533175,0.1488632910544825,0.2446830561535166
0.8315468835140818,0.1818770781132299,0.1500369297457822,0.2404963093070684
0.8326813219184999,0.183672708995637,0.1511794119136577,0.2362861257347796
0.8338263215146942,0.1854397398972143,0.1522906593130061,0.2320528621707837
0.8349818016590886,0.1871780704204506,0.1533705730620346,0.2277968646995114
0.8361476766868476,0.188887583303888,0.1544190306428364,0.2235184826865899
0.8373238593973814,0.1905681505778642,0.1554358898440412,0.2192180556342477
0.8385102568342911,0.1922196282672676,0.1564209856328123,0.2148959283354125
0.8397067738135073,0.1938418623065226,0.1573741338578028,0.2105524376161248
0.8409133100178802,0.1954346852307845,0.1582951293621688,0.2061879225816552
0.8421297600462634,0.1969979171603216,0.1591837467189056,0.2018027240058716
0.8433560145046693,0.1985313679820278,0.1600397415961361,0.1973971799874076
0.84459195867204,0.2000348363278251,0.1608628502705171,0.1929716303534936
0.8458374714903824,0.20150810913866,0.1616527895369983,0.1885264198098477
0.8470924272502727,0.2029509644175549,0.1624092583301601,0.1840618914470515
0.8483566931098623,0.2043631689999209,0.1631319366528131,0.1795783951134335
0.849630131074856,0.2057444815160986,0.1638204872543366,0.1750762798739699
0.8509125955574676,0.2070946503277884,0.1644745546995568,0.1705559021569902
0.8522039340762354,0.2084134150323143,0.1650937662912766,0.166017622722597
0.8535039869514016,0.209700506797307,0.1656777323747353,0.1614618071905862
0.8548125882539305,0.2109556498811268,0.1662260471525366,0.1568888221746009
0.8561295622107603,0.2121785587772977,0.1667382875795391,0.1522990472826049
0.8574547280730321,0.2133689434380588,0.1672140157674742,0.1476928575373726
0.8587878926949677,0.2145265030789009,0.1676527766057582,0.143070648614589
0.8601288578300471,0.2156509333884854,0.1680541008505853,0.1384328108529864
0.8614774143345928,0.21674192198858,0.1684175035282427,0.133779748756899
0.8628333439069983,0.2177991506398532,0.1687424850242875,0.1291118742997627
0.8641964186727977,0.2188222955066814,0.1690285313973083,0.1244296077048465
0.8655664009374451,0.2198110275671888,0.1692751147515306,0.1197333776329174
0.8669430440618934,0.2207650137831826,0.1694816937632871,0.115023617521707
0.8683260888583986,0.221683915164057,0.1696477135377533,0.110300777240734
0.8697152661227384,0.2225673892193841,0.1697726065352254,0.1055653137125397
0.8711102951056211,0.2234150895258617,0.1698557928207022,0.1008176954366381
0.8725108842054282,0.2242266667686584,0.1698966805848455,0.0960583994201029
0.8739167294517912,0.225001768438242,0.1698946665391357,0.0912879156212329
0.8753275152677222,0.2257400399039479,0.1698491364470985,0.0865067436351184
0.8767429195359792,0.2264411273928323,0.1697594651418345,0.0817153748378253
0.8781626006333069,0.2271046719065589,0.1696250175450036,0.0769143355772328
0.8795862046994852,0.227730313885284,0.169445149224545,0.0721041617712254
0.8810133637983352,0.2283176929963457,0.1692192071432662,0.0672854043956432
0.8824436957739563,0.2288664488248301,0.1689465303871598,0.0624586292324952
0.8838768047707531,0.2293762217841191,0.168626450746014,0.0576244143890512
0.8853122810521975,0.2298466536902034,0.1682582933677852,0.0527833501943095
0.8867496995518866,0.230277387977169,0.1678413778238694,0.0479360433762923
0.888188619644294,0.2306680704464052,0.1673750190445089,0.043083117137472
0.8896285866983618,0.2310183504421477,0.1668585276333828,0.038225205235053
0.8910691301673718,0.2313278810491198,0.1662912112854757,0.0333629577589202
0.8925097626791976,0.2315963197718776,0.1656723761685283,0.028497043566211
0.8939499812594798,0.2318233296657793,0.1650013274917795,0.0236281455462035
0.8953892666340766,0.2320085800311915,0.1642773708379347,0.0187569623974489
0.8968270813867619,0.2321517471288764,0.1634998143259427,0.0138842143347953
0.8982628719001537,0.2322525154340238,0.1626679689842146,0.0090106360449421
0.8996960670475032,0.2323105784758306,0.1617811508136158,0.0041369806897136
0.9011260765746802,0.2323256399290929,0.1608386834464433,-0.0007359749286215
0.9025522925063812,0.2322974149230088,0.1598398991256492,-0.0056074353922156
0.9039747556899184,0.2322255872437433,0.1587836312608744,-0.0104788727499094
0.9053931499208112,0.2321098040048967,0.1576688827569579,-0.0153506015410438
0.9068067666468216,0.2319497322996557,0.1564949267906978,-0.0202216445765197
0.9082148643385188,0.2317450611327948,0.1552610680622077,-0.0250909580568763
0.9096166680512616,0.2314955052861845,0.1539666491621466,-0.029957428781438
0.9110113649939664,0.2312008104259048,0.1526110616226309,-0.034819856910019
0.9123981040710556,0.2308607583700259,0.1511937548324381,-0.039676951695456
0.9137759928485693,0.2304751736128414,0.1497142488213103,-0.0445273173629469
0.9151440940924508,0.2300439311131757,0.1481721495697822,-0.0493694362751409
0.9165014246784988,0.2295669645577459,0.1465671639080053,-0.0542016590766318
0.9178469524382216,0.2290442764522921,0.1448991190157549,-0.0590221859662584
0.9191795953363902,0.2284759487868914,0.1431679818537132,-0.0638290543902884
0.9204982192176362,0.2278621556763266,0.1413738831900334,-0.0686201194950785
0.9218016399256724,0.2272031755324242,0.1395171388200564,-0.0733930480360609
0.9230886243824798,0.2264994048318097,0.1375982747045032,-0.0781453061701262
0.9243578937352251,0.2257513720909927,0.1356180519565941,-0.0828741521848402
0.9256081333875524,0.2249597485008853,0.1335774830678389,-0.0875766524672038
0.9268380001123652,0.2241253601088113,0.1314778532215356,-0.0922496847954186
0.9280461367594875,0.2232491946722442,0.1293207291326343,-0.0968899686749616
0.9292311886591558,0.2223324053979476,0.1271079624336364,-0.1014941019084188
0.9303918233741976,0.2213763093989177,0.1248416828750033,-0.106058610854323
0.9315267536488532,0.2203823794931232,0.1225242788864804,-0.1105800155426697
0.9326347597842004,0.2193522312407918,0.1201583705297429,-0.1150548965092188
0.9337147140385808,0.218287602079594,0.1177467677363195,-0.1194799752220656
0.9347655985767166,0.2171903299637667,0.1152924307819604,-0.1238521750882677
0.9357865272973284,0.2160623214361713,0.1127984097961875,-0.1281687060430778
0.936776754034339,0.2149055274019157,0.1102678038808129,-0.1324271006564744
0.9377356832059114,0.2137219112258685,0.1077037045328327,-0.1366252677654914
0.9386628710388708,0.2125134230048646,0.1051091535101585,-0.1407615131312238
0.9395580223327076,0.2112819766990611,0.1024871067854814,-0.1448345459850261
0.9404209825758812,0.2100294321062302,0.0998404082203471,-0.1488434687458872
0.941251729053644,0.2087575781028689,0.0971717649198754,-0.1527877647765052
0.9420503566629652,0.2074681246611573,0.0944837398346725,-0.1566672625859183
0.9428170661563792,0.2061626933481015,0.0917787397075216,-0.1604821110130779
0.9435521481654964,0.2048428173405675,0.089059021427482,-0.1642327324399858
0.9442559707691548,0.2035099390609948,0.0863266919777431,-0.1679197906015828
0.944928966940862,0.202165411130452,0.0835837140428125,-0.1715441551684668
0.9455716221652904,0.2008105006772407,0.080831917363252,-0.1751068635031605
0.9461844642771506,0.1994463929191676,0.0780730076241463,-0.1786090903047119
0.9467680546932286,0.1980741949676014,0.075308575036158,-0.1820521214028961
0.947322980855382,0.1966949397947351,0.0725401026428345,-0.1854373310958747
0.9478498491778282,0.1953095918081299,0.0697689773619766,-0.1887661589690841
0.948349279157616,0.1939190523456826,0.0669965004387556,-0.1920400900906604
0.9488218994244788,0.1925241622134925,0.0642238916998142,-0.1952606445849622
0.9492683435508829,0.1911257066010685,0.0614522983583185,-0.1984293632926121
0.9496892466985242,0.1897244195170179,0.0586828026840709,-0.201547796248795
0.950085243062918,0.1883209873547515,0.0559164278333334,-0.2046174944037736
0.950456963867814,0.1869160518937046,0.0531541425015259,-0.2076400034925336
0.9508050357718374,0.1855102128515482,0.0503968646656517,-0.2106168595249681
0.9511300790847368,0.1841040323230094,0.047645469010165,-0.2135495808540309
0.951432707314748,0.1826980346656452,0.0449007854303368,-0.2164396702740532
0.951713525558663,0.1812927120649628,0.0421636086706532,-0.2192886055358889
0.9519731303646608,0.1798885243278885,0.0394346966974863,-0.2220978421073429
0.9522121089983476,0.1784859017894036,0.0367147751939168,-0.2248688096013719
0.952431039056843,0.1770852471233469,0.0340045399473424,-0.2276029105839551
0.9526304880968408,0.1756869376522866,0.0313046602378765,-0.2303015184843063
0.9528110136611824,0.17429132536849,0.0286157778454027,-0.2329659799569793
0.9529731629315472,0.1728987397630811,0.0259385115278814,-0.2355976117819605
0.9531174728577936,0.1715094873544106,0.023273455179913,-0.2381977040616786
0.9532444698298904,0.1701238554428932,0.0206211841575546,-0.2407675153966704
0.9533546699136408,0.1687421111412674,0.0179822525649571,-0.2433082769241558
0.9534485787530173,0.1673645037269617,0.0153571969561993,-0.2458211900692755
0.9535266916963856,0.1659912647872775,0.0127465358490578,-0.2483074283377063
0.9535894938490566,0.1646226091918526,0.0101507708636812,-0.2507681374982314
0.9536374601335148,0.1632587364279101,0.0075703885798561,-0.2532044350668433
0.953671055407946,0.1618998310945223,0.0050058608286048,-0.2556174112507795
0.953690734571122,0.1605460637520213,0.0024576456914395,-0.258008129184557
0.9536969426809272,0.1591975917282022,-7.38115542921e-05,-0.2603776251861078
0.9536901150756256,0.1578545589862596,-0.002588079218757,-0.2627269105943408
0.953670664875182,0.1565164402899418,-0.0050859621377681,-0.2650581137016173
0.95363897404426,0.15518277919757,-0.0075681121495452,-0.2673731829954149
0.953595417629354,0.1538537021799067,-0.0100340771681456,-0.2696730074082821
0.9535403638214784,0.1525293296939107,-0.0124834056966195,-0.2719584498511798
0.9534741739640432,0.1512097726636618,-0.0149156537324663,-0.2742303542837506
0.9533972026372942,0.1498951334270423,-0.0173303833278239,-0.2764895449726475
0.9533097976813144,0.1485855053773552,-0.0197271635407527,-0.2787368279641979
0.9532123002904328,0.147280973926566,-0.0221055689378442,-0.2809729902502826
0.9531050450494106,0.1459816164225269,-0.0244651800041956,-0.2831988007015592
0.9529883600028992,0.1446875026008747,-0.0268055825570897,-0.2854150100524958
0.95286256671217,0.1433986948242456,-0.0291263675345518,-0.2876223512234219
0.9527279803749172,0.14211524890625,-0.0314271297222631,-0.2898215386134961
0.9525849098251946,0.1408372136809243,-0.0337074687283352,-0.2920132695151623
0.952433657637326,0.1395646316507837,-0.0359669880005713,-0.2941982236558908
0.9522745201120116,0.138297538580066,-0.0382052957107218,-0.2963770645266248
0.952107787553775,0.1370359654158614,-0.040422001511367,-0.2985504366849626
0.9519337441482456,0.1357799369118223,-0.0426167191244942,-0.3007189686994568
0.9517526680181744,0.1345294718672632,-0.0447890660285909,-0.30288327330713
0.9515648314603674,0.1332845845170586,-0.0469386611532226,-0.305043945552947
0.9513705008928566,0.1320452838294168,-0.0490651262174843,-0.3072015645211387
0.9511699368568906,0.1308115733199919,-0.0511680861235883,-0.3093566941709398
0.9509633944256944,0.1295834533053717,-0.0532471651978119,-0.3115098798847781
0.9507511228688418,0.1283609185376706,-0.0553019913062083,-0.3136616530602732
0.9505333659844096,0.1271439599651522,-0.0573321929195519,-0.3158125284807468
0.95031036206207,0.1259325642326013,-0.059337400014919,-0.317963005620607
0.95008234401243,0.1247267141484048,-0.0613172433374206,-0.3201135682353597
0.9498495393864512,0.1235263885353568,-0.0632713546778932,-0.3222646850263165
0.9496121705948812,0.1223315631108509,-0.0651993654639655,-0.3244168084454052
0.9493704548015643,0.1211422096729942,-0.0671009081044855,-0.3265703765173978
0.9491246041072064,0.119958296787078,-0.0689756148776873,-0.3287258119609791
0.9488748256351888,0.118779789937159,-0.0708231176968602,-0.3308835222433634
0.9486213215375052,0.1176066513025631,-0.0726430484513908,-0.3330439003092427
0.948364289184211,0.1164388403918179,-0.0744350379986359,-0.3352073237228807
0.9481039211192416,0.1152763135812812,-0.0761987168546176,-0.3373741558074759
0.9478404053135844,0.11411902500039,-0.0779337138120662,-0.3395447442741415
0.9475739251374402,0.1129669261317404,-0.079639656528816,-0.341719422213291
0.947304659427008,0.1118199658529048,-0.0813161714152526,-0.3438985082633981
0.947032782616854,0.1106780907505458,-0.0829628831198043,-0.3460823062457523
0.9467584647697902,0.1095412449893513,-0.0845794146643524,-0.3482711056264193
0.946481871796535,0.1084093709648972,-0.0861653864582181,-0.3504651804543399
0.946203165391828,0.1072824087715314,-0.0877204170029013,-0.3526647905585817
0.9459225032027496,0.1061602966326693,-0.0892441222190379,-0.3548701808800149
0.9456400388588064,0.1050429707596149,-0.0907361155732492,-0.3570815818927378
0.9453559221951252,0.1039303659726474,-0.0921960071819432,-0.3592992085018345
0.9450702992454492,0.1028224153987092,-0.0936234041700701,-0.361523260737556
0.9447833122646104,0.1017190503008088,-0.0950179108125223,-0.3637539241960322
0.9444950999124035,0.1006202005289715,-0.0963791278770163,-0.3659913692129861
0.944205797484286,0.0995257951258148,-0.0977066518398546,-0.3682357496677757
0.9439155366291648,0.0984357609881831,-0.0990000764717421,-0.370487205750439
0.9436244458321952,0.0973500244300128,-0.100258990877931,-0.3727458607770253
0.943332650303902,0.0962685104896632,-0.1014829803079827,-0.3750118225950868
0.9430402720869768,0.0951911430653098,-0.102671625945622,-0.3772851832832725
0.9427474303385582,0.0941178456876279,-0.1038245040420532,-0.3795660174654984
0.9424542412336951,0.0930485408928026,-0.1049411866260539,-0.3818543835468992
0.9421608180307864,0.0919831502032608,-0.106021241496117,-0.384150323677033
0.9418672713410702,0.090921594845951,-0.1070642314948249,-0.3864538620937991
0.9415737092259296,0.0898637958367756,-0.108069714513881,-0.3887650047774442
0.9412802371564506,0.0888096735737079,-0.1090372439661569,-0.3910837401664818
0.9409869582094158,0.0877591482864168,-0.1099663684413795,-0.393410037991782
0.9406939732832668,0.0867121405530503,-0.1108566314043873,-0.3957438479059064
0.9404013810566334,0.0856685708983084,-0.1117075717466655,-0.398085100121085
0.9401092781299498,0.0846283600532224,-0.1125187237647387,-0.4004337045698886
0.9398177592033043,0.0835914293465049,-0.1132896171145643,-0.4027895497307756
0.9395269172427212,0.0825577010589623,-0.1140197768972614,-0.4051525014937101
0.9392368433636724,0.0815270977804482,-0.1147087244970545,-0.4075224042872408
0.9389476273338068,0.0804995439756952,-0.1153559769489441,-0.4098990771254671
0.9386593573636088,0.0794749650292053,-0.1159610481400303,-0.4122823154040604
0.9383721203984612,0.0784532880831322,-0.116523448868934,-0.4146718885631698
0.9380860022915752,0.0774344424656443,-0.1170426873434031,-0.4170675386505724
0.937801087913056,0.076418359908502,-0.1175182699210151,-0.4194689793566441
0.9375174611874946,0.0754049745266212,-0.1179497020484539,-0.4218758956091008
0.9372352053139674,0.0743942234671762,-0.1183364890035034,-0.4242879415801911
0.936954403066151,0.0733860478731027,-0.1186781367593858,-0.4267047379131477
0.9366751366131596,0.0723803921549044,-0.1189741536258125,-0.4291258729957766
0.9363974879427795,0.0713772054509958,-0.1192240512634131,-0.4315508990110283
0.936121538876952,0.0703764416598535,-0.1194273464204591,-0.433979331416258
0.9358473711999876,0.0693780599110841,-0.1195835626946206,-0.4364106474033291
0.9355750668736068,0.06838202539437,-0.1196922324722923,-0.4388442835209873
0.9353047081568632,0.0673883098913517,-0.1197528991956457,-0.4412796340622957
0.9350363776693934,0.0663968921470166,-0.1197651198660684,-0.4437160499137
0.9347701584944,0.0654077584363852,-0.1197284677538778,-0.4461528370109764
0.934506132611243,0.0644208969247575,-0.1196425346645344,-0.4485892702305928
0.9342443838446745,0.0634363088892993,-0.1195069343155301,-0.4510245658129451
0.9339849973381622,0.062454007207271,-0.1193213064736012,-0.4534578851953433
0.9337280587983664,0.0614740139663235,-0.1190853205026764,-0.4558883412634818
0.9334736547248628,0.0604963618200942,-0.1187986794459793,-0.458314995540296
0.9332218723183116,0.0595210942010652,-0.1184611241749489,-0.4607368584016115
0.932972799213504,0.0585482649043123,-0.1180724373960487,-0.463152891078464
0.932726523408892,0.0575779384726638,-0.1176324479513024,-0.4655620059057384
0.9324831331200542,0.0566101903416975,-0.1171410351405754,-0.4679630674144917
0.9322427165984822,0.0556451068951637,-0.116598133047391,-0.4703548939071561
0.9320053615577036,0.0546827839637161,-0.1160037338681826,-0.4727362631518733
0.9317711551432868,0.0537233275055518,-0.1153578922387958,-0.4751059129228575
0.931540183261369,0.0527668516888749,-0.1146607277628176,-0.477462548218135
0.9313125301498514,0.0518134778923276,-0.1139124275615372,-0.4798048464105787
0.9310882780419432,0.0508633340437683,-0.1131132486727144,-0.482131461760561
0.9308675068401886,0.0499165539641766,-0.1122635200995159,-0.4844410300987578
0.9306502929476284,0.0489732729805537,-0.1113636408208338,-0.4867321827127379
0.9304367095061148,0.0480336294185073,-0.1104140822502874,-0.4890035459229542
0.930226825398613,0.0470977606455482,-0.1094153850455902,-0.4912537539449496
0.9300207049947348,0.0461658021424142,-0.1083681578670545,-0.4934814543041282
0.9298184077389106,0.0452378857291908,-0.1072730745986931,-0.4956853151944982
0.9296199877222954,0.0443141375131054,-0.1061308704161906,-0.4978640333102887
0.9294254933870372,0.0433946762266539,-0.1049423374833211,-0.5000163404955967
0.9292349675780796,0.0424796130328721,-0.1037083219268477,-0.5021410067085199
0.9290484468864848,0.0415690477648375,-0.1024297154727416,-0.5042368509877536
0.9288659621408062,0.0406630704683383,-0.1011074535709908,-0.5063027397287259
0.9286875381315052,0.0397617591327928,-0.0997425080335219,-0.5083375934951261
0.928513193834194,0.0388651797033795,-0.098335882468737,-0.5103403882074321
0.928342942418433,0.0379733848985178,-0.0968886056800145,-0.5123101586845986
0.928176791621386,0.0370864147985445,-0.095401727657197,-0.5142459978757705
0.9280147441950451,0.0362042978528031,-0.0938763164765514,-0.5161470549921934
0.9278567978178124,0.0353270489553216,-0.0923134502237577,-0.5180125397116052
0.9277029454349396,0.0344546696902357,-0.0907142123788495,-0.519841721239034
0.927553176082028,0.0335871513946778,-0.0890796927187648,-0.5216339213291993
0.9274074751845982,0.032724475460477,-0.0874109838103041,-0.5233885131771806
0.9272658244462229,0.0318666111313468,-0.0857091726328421,-0.5251049250934372
0.9271282025545502,0.0310135180933989,-0.0839753415057589,-0.5267826341415482
0.9269945854917574,0.0301651468834375,-0.0822105652904656,-0.5284211642427881
0.9268649470278524,0.0293214405515943,-0.0804159115165592,-0.530020081800864
0.926739258820505,0.0284823339150812,-0.0785924357945569,-0.5315789959307694
0.9266174908105452,0.0276477547419478,-0.0767411814639447,-0.5330975548700098
0.9264996117383774,0.0268176259949441,-0.0748631821046433,-0.5345754406324951
0.9263855889666706,0.0259918633701516,-0.0729594537995182,-0.5360123721530384
0.9262753890848936,0.0251703783194013,-0.0710309998682774,-0.5374080985057319
0.926168977985586,0.0243530775185659,-0.0690788079185834,-0.5387623985693916
0.9260663213580568,0.0235398656067358,-0.0671038548809247,-0.5400750752577079
0.9259673842633324,0.0227306408438362,-0.0651070951796552,-0.5413459613502458
0.925872132098111,0.0219253018383596,-0.0630894759458142,-0.5425749074610858
0.9257805299388426,0.0211237412998063,-0.0610519206200245,-0.5437617906714673
0.9256925433784258,0.0203258522130323,-0.0589953435152351,-0.5449065038793892
0.9256081381569792,0.0195315238892853,-0.0569206391656578,-0.5460089606298614
0.925527280782106,0.0187406469634025,-0.0548286947505505,-0.5470690870309065
0.9254499379883452,0.0179531076010182,-0.0527203745143878,-0.5480868287634344
0.9253760773941332,0.0171687932044668,-0.050596534466787,-0.5490621423810959
0.925305667244452,0.0163875893343496,-0.0484580140249496,-0.5499949985431843
0.9252386766057462,0.0156093811495313,-0.0463056397225222,-0.5508853792797883
0.925175075227351,0.014834051141847,-0.0441402188251004,-0.5517332796460692
0.9251148339948848,0.014061483966476,-0.0419625527400326,-0.552538701471344
0.925057924798689,0.0132915647984783,-0.0397734327251902,-0.5533016548501951
0.925004320374936,0.0125241767259728,-0.037573632597851,-0.5540221600282177
0.9249539945439702,0.0117592034062419,-0.0353639163931245,-0.5547002439570056
0.9249069221737032,0.0109965282308653,-0.0331450362255568,-0.5553359405174912
0.9248630793013614,0.0102360360035679,-0.0309177374606012,-0.5559292886058189
0.9248224429415008,0.0094776093592817,-0.0286827485555384,-0.556480334460245
0.9247849913514864,0.0087211330117527,-0.0264407938184572,-0.556989127801314
0.9247507039047872,0.0079664913918704,-0.0241925868768917,-0.5574557232794324
0.9247195610834894,0.0072135678892019,-0.0219388287491821,-0.557880180321353
0.9246915446064332,0.0064622474567241,-0.0196802160204109,-0.5582625611319515
0.9246666373654896,0.0057124151494662,-0.0174174369389868,-0.5586029313142382
0.9246448234406104,0.0049639563026525,-0.0151511723908506,-0.5589013594281964
0.9246260881175438,0.0042167570725606,-0.0128820980019809,-0.5591579165223298
0.924610417855624,0.0034707031098863,-0.0106108805830747,-0.5593726763599575
0.9245978003067128,0.0027256795769074,-0.0083381786317776,-0.5595457149576927
0.924588224353108,0.0019815730684671,-0.0060646486795963,-0.5596771098747605
0.924581680075849,0.0012382703523151,-0.0037909419598985,-0.5597669404696427
0.9245781587554476,0.000495658166083,-0.0015177042809112,-0.5598152877261734
0.9245776528746666,-0.0002463756900747,0.0007544201292371,-0.5598222340651017
0.9245801561125112,-0.0009879447664802,0.0030247955078436,-0.5597878632901617
0.924585668604995,-0.0017297171576986,0.0052944859867054,-0.5597121882557465
0.9245941946831492,-0.0024719163151001,0.0075631924214561,-0.5595951819402317
0.9246057396823444,-0.0032146528030766,0.0098302675706174,-0.5594368213209958
0.9246203101379606,-0.0039580393605707,0.012095067913631,-0.5592370847647822
0.924637913706905,-0.0047021863088236,0.0143569391710878,-0.5589959531930944
0.9246585592310472,-0.0054472055271537,0.0166152279704408,-0.5587134093133588
0.9246822567106332,-0.0061932089360936,0.0188692767554819,-0.558389438096784
0.9247090172332078,-0.0069403068111892,0.0211184182736243,-0.5580240278728937
0.924738853109888,-0.0076886120526874,0.023361988024049,-0.5576171686016003
0.9247717776982096,-0.0084382354014082,0.025599309430686,-0.5571688544357173
0.9248078055699326,-0.0091892899051,0.0278297068245677,-0.5566790815857611
0.924846952282339,-0.0099418860636715,0.0300524905838752,-0.5561478515923325
0.9248892345264748,-0.0106961355159289,0.0322669677760656,-0.5555751694722195
0.9249346700963148,-0.0114521504252712,0.0344724399353154,-0.554961044311873
0.924983277907365,-0.0122100438593801,0.0366682037857639,-0.5543054891967328
0.9250350776110828,-0.0129699243009201,0.0388535351147667,-0.5536085265818662
0.9250900903604804,-0.0137319074788482,0.0410277226367261,-0.5528701781579677
0.9251483378947318,-0.0144961030781173,0.0431900294621423,-0.5520904773499333
0.9252098430875918,-0.015262623167047,0.0453397171319809,-0.5512694621084899
0.9252746296407556,-0.0160315783740746,0.0474760345646494,-0.550407179185726
0.9253427222186912,-0.0168030799942205,0.0495982238612637,-0.5495036824882137
0.9254141463957128,-0.0175772395846221,0.0517055190006409,-0.5485590339385592
0.9254889285940155,-0.0183541685856332,0.0537971446975296,-0.547573304438265
0.9255670957103628,-0.0191339750034341,0.0558723075892243,-0.5465465788897088
0.9256486755614296,-0.019916768563878,0.057930210242498,-0.5454789504067864
0.9257336967621836,-0.0207026596210492,0.0599700481028559,-0.5443705220196917
0.9258221880985577,-0.0214917538812543,0.0619909960369439,-0.5432214148873166
0.9259141792369374,-0.0222841595261131,0.0639922271349822,-0.5420317590423805
0.926009700056882,-0.0230799816840552,0.0659728987852056,-0.54080170203642
0.926108780765932,-0.0238793241668134,0.0679321576834834,-0.5395314073392247
0.9262114517371052,-0.0246822887693872,0.0698691386902914,-0.5382210562817122
0.9263177435250056,-0.0254889760434581,0.0717829673811382,-0.5368708476503635
0.9264276864783042,-0.0262994830203399,0.0736727554237442,-0.5354810023474906
0.9265413109322006,-0.0271139054222055,0.0755376067702464,-0.5340517605966136
0.9266586470180622,-0.0279323368980859,0.0773766167409448,-0.5325833839625127
0.926779723965758,-0.0287548649892847,0.0791888642293767,-0.5310761635591515
0.9269045706117968,-0.0295815755949523,0.0809734232163013,-0.5295304130463809
0.92703321455761,-0.0304125481802022,0.0827293538146043,-0.5279464783591232
0.927165682593536,-0.0312478595579119,0.0844557122258092,-0.5263247315881414
0.9273019996630308,-0.0320875782647997,0.0861515409488699,-0.5246655827023744
0.9274421894298746,-0.0329317692382054,0.0878158807309291,-0.5229694714345806
0.927586273563356,-0.0337804904132894,0.0894477659124781,-0.5212368747254366
0.9277342712786742,-0.0346337912061081,0.0910462243239304,-0.5194683107533512
0.9278861995531034,-0.0354917149526468,0.0926102848303798,-0.5176643346956079
0.9280420720829048,-0.0363542941471776,0.0941389716309512,-0.5158255493339569
0.9282018997359446,-0.0372215542589799,0.0956313146210263,-0.5139525976448522
0.9283656894177216,-0.0380935087315498,0.097086344147793,-0.5120461739457641
0.9285334443607256,-0.0389701618809666,0.0985030999359218,-0.510107018047268
0.9287051631250672,-0.0398515048998597,0.0998806285446203,-0.5081359242282228
0.9288808404177048,-0.0407375213382202,0.1012179961754692,-0.506133729020821
0.9290604653204269,-0.041628179253653,0.1025142806772712,-0.504101328566177
0.9292440220527216,-0.042523436356436,0.1037685839394054,-0.5020396666892819
0.9294314896043372,-0.0434232392312355,0.1049800347693327,-0.4999497358765192
0.9296228408218234,-0.0443275200244776,0.1061477887675619,-0.4978325840700907
0.9298180432081165,-0.0452362012899308,0.1072710390886726,-0.4956893022560319
0.9300170582311704,-0.0461491935621601,0.1083490171206102,-0.493521028642934
0.9302198415401076,-0.047066397155774,0.1093809984943289,-0.4913289427360723
0.930426343125714,-0.0479877035092972,0.1103663078881793,-0.4891142601482756
0.930636507401238,-0.0489129960154583,0.1113043227273492,-0.4868782283839619
0.9308502736019508,-0.049842152108164,0.1121944776109003,-0.4846221193739769
0.9310675753434744,-0.0507750415516812,0.113036264545943,-0.4823472310586014
0.9312883421722464,-0.0517115332017127,0.113829240509978,-0.480054868228117
0.9315124988759992,-0.0526514919111375,0.114573025051667,-0.4777463472231348
0.9317399668780814,-0.0535947842023805,0.1152673049516877,-0.4754229791888774
0.9319706641573684,-0.0545412775234428,0.11591183263956,-0.4730860690175251
0.9322045060051964,-0.0554908429130679,0.1165064267406213,-0.4707369059853422
0.932441405275894,-0.0564433554655006,0.1170509704073851,-0.4683767599042195
0.932681273290407,-0.0573986973521995,0.1175454106304926,-0.4660068710807676
0.9329240199977148,-0.0583567577639973,0.1179897551245782,-0.4636284480679866
0.933169554388045,-0.0593174338505439,0.1183840695410096,-0.4612426631563573
0.933417785223378,-0.060280632855647,0.1187284747224134,-0.4588506451117344
0.9336686211727754,-0.0612462718933307,0.1190231425963029,-0.4564534780092203
0.9339219708512644,-0.0622142774006926,0.1192682920639763,-0.4540522011111613
0.9341777436703376,-0.0631845877171755,0.119464185623918,-0.4516478012274245
0.934435849469338,-0.0641571510181952,0.119611124655454,-0.4492412168408322
0.9346961988942422,-0.0651319261643899,0.1197094456071905,-0.4468333352187303
0.9349587033267978,-0.0661088818934595,0.1197595159504509,-0.4444249938364395
0.9352232752598576,-0.0670879977319142,0.1197617304115623,-0.4420169777473359
0.9354898279014672,-0.0680692620911344,0.1197165072228772,-0.4396100240669769
0.9357582774890072,-0.0690526803721147,0.1196242838428172,-0.4372048021075841
0.936028538999748,-0.0700382588707066,0.1194855144688411,-0.4348019529506664
0.9363005280981744,-0.0710260117568301,0.1193006673277481,-0.4324020724286693
0.936574161051406,-0.0720159605670412,0.1190702220039806,-0.4300057126321341
0.936849354627132,-0.0730081336835662,0.1187946670066666,-0.4276133835236456
0.9371260258233114,-0.0740025652562501,0.1184744977624615,-0.4252255559446393
0.9374040919763056,-0.0749992955314032,0.1181102144373064,-0.4228426612740842
0.9376834703278676,-0.0759983692738768,0.1177023205777451,-0.4204650956975363
0.937964078335742,-0.0769998368908853,0.1172513209635158,-0.4180932180396217
0.9382458330093516,-0.0780037520998467,0.1167577210264529,-0.4157273558404283
0.9385286510019848,-0.07901017233384,0.1162220254057601,-0.4133678048980737
0.9388124484988564,-0.0800191584393329,0.1156447368857075,-0.4110148305097576
0.9390971410134183,-0.0810307740707563,0.1150263556585365,-0.4086686694099133
0.9393826432094784,-0.0820450851976443,0.1143673787100433,-0.4063295314153066
0.9396688688193936,-0.0830621599701044,0.1136682991148438,-0.4039976002187524
0.9399557304939328,-0.0840820683561967,0.1129296055765222,-0.4016730346927691
0.94024313965618,-0.0851048818064312,0.1121517820681935,-0.399355970101357
0.9405310063366268,-0.0861306728615839,0.1113353076283872,-0.3970465194068466
0.9408192390180228,-0.0871595148027986,0.1104806562358096,-0.3947447744423399
0.9411077447247536,-0.0881914821825082,0.1095882960068594,-0.3924508050932847
0.9413964286704216,-0.0892266497856983,0.1086586897472268,-0.3901646619694773
0.9416851942666494,-0.0902650928846488,0.1076922945082854,-0.3878863761467068
0.941973942881656,-0.0913068866003969,0.1066895619853763,-0.3856159608575102
0.9422625739108548,-0.092352106389042,0.1056509379172736,-0.3833534106852262
0.9425509845358676,-0.0934008274093031,0.1045768625707695,-0.3810987031833494
0.9428390696432976,-0.0944531244643614,0.1034677707380507,-0.3788517992022153
0.9431267217366982,-0.0955090719206814,0.1023240917767889,-0.3766126432440318
0.9434138308631684,-0.0965687436820324,0.1011462496079301,-0.3743811636797144
0.9437002844819102,-0.0976322129500735,0.0999346629685246,-0.3721572733930293
0.9439859673466244,-0.09869955203125,0.0986897456522233,-0.3699408702928197
0.9442707615207104,-0.0997708326395658,0.097411906183052,-0.3677318367746576
0.944554546154952,-0.1008461253115896,0.0961015485346367,-0.3655300410055873
0.9448371974176076,-0.1019254993818469,0.0947590722338353,-0.3633353370085725
0.9451185884445866,-0.1030090230355357,0.0933848723641541,-0.3611475645756266
0.945398589366888,-0.1040967636668967,0.091979339157913,-0.3589665485612827
0.9456770669457734,-0.1051887867148568,0.0905428595545098,-0.3567921012140679
0.9459538847391034,-0.1062851565467719,0.0890758161496829,-0.3546240203625499
0.9462289029062716,-0.1073859359430049,0.0875785879350279,-0.3524620904003378
0.9465019781559032,-0.1084911861318108,0.0860515503322212,-0.350306082147245
0.9467729636127556,-0.1096009664955136,0.0844950756780324,-0.3481557533364478
0.9470417087836758,-0.1107153346701702,0.0829095331719168,-0.3460108483127843
0.9473080594709014,-0.111834346431937,0.081295289110356,-0.3438710981346138
0.9475718577025172,-0.1129580556503586,0.079652707025243,-0.3417362205298301
0.9478329416433752,-0.114086514155545,0.0779821479444949,-0.3396059200001801
0.9480911455498237,-0.1152197717904585,0.0762839703764707,-0.3374798875597912
0.9483462995393132,-0.1163578756398278,0.0745585315321079,-0.335357801997934
0.9485982297048242,-0.1175008707617782,0.0728061862968078,-0.3332393283035667
0.9488467580350478,-0.1186488000956217,0.0710272873969717,-0.3311241176433357
0.9490917021462908,-0.1198017034726363,0.069222186975518,-0.3290118089618446
0.9493328754066194,-0.1209596184170327,0.0673912354022251,-0.326902027258976
0.949570086815662,-0.1221225798420483,0.0655347817661882,-0.3247943839041106
0.9498031407625402,-0.1232906190984729,0.0636531754299838,-0.3226884780870225
0.9500318372795672,-0.1244637654705087,0.0617467636552266,-0.3205838938286581
0.950255971647204,-0.1256420444497753,0.0598158943885705,-0.3184802028006556
0.9504753344923792,-0.1268254784507243,0.0578609151241163,-0.3163769627178732
0.950689711737617,-0.1280140868155325,0.0558821728786429,-0.3142737170122441
0.9508988843664524,-0.1292078847734244,0.0538800159111649,-0.3121699963345132
0.9511026285633432,-0.1304068844611479,0.0518547920076935,-0.3100653163907808
0.9513007154491504,-0.1316110936636606,0.0498068505659399,-0.3079591797903273
0.9514929112538306,-0.1328205171134318,0.0477365403553062,-0.3058510733825306
0.9516789769276656,-0.1340351543727558,0.0456442130777954,-0.3037404715549735
0.951858668381968,-0.1352550015975074,0.0435302202999264,-0.3016268327362314
0.9520317361363664,-0.1364800494916207,0.0413949169148835,-0.2995096025131045
0.9521979255213088,-0.1377102849409033,0.0392386582415754,-0.2973882103441247
0.9523569764747905,-0.1389456899413154,0.0370618017896993,-0.2952620709484593
0.9525086234607928,-0.1401862412615927,0.034864707763133,-0.2931305843948059
0.9526525954073822,-0.1414319102162301,0.0326477393641159,-0.2909931359802056
0.9527886156756644,-0.1426826627044072,0.0304112626114471,-0.2888490956344431
0.9529164020756996,-0.1439384598157791,0.0281556451154879,-0.2866978163359112
0.95303566659494,-0.1451992556564628,0.0258812598304169,-0.2845386372671785
0.9531461154590578,-0.1464649981279285,0.0235884835254898,-0.2823708818869038
0.9532474491861972,-0.1477356301756454,0.0212776943416581,-0.2801938551772556
0.9533393622540624,-0.149011086360831,0.0189492778291699,-0.2780068488765547
0.9534215432929266,-0.1502912956976908,0.0166036216032877,-0.2758091359535678
0.9534936748569426,-0.1515761791917373,0.0142411196230993,-0.2735999741359294
0.9535554334269398,-0.152865650239233,0.0118621712550593,-0.2713786045114085
0.9536064893599324,-0.1541596144213992,0.0094671814180578,-0.2691442511373254
0.953646506840287,-0.1554579695036938,0.0070565603296435,-0.2668961202629544
0.9536751437995088,-0.1567606045515681,0.0046307248751748,-0.2646334010473718
0.9536920518710792,-0.1580673996042546,0.0021900989367507,-0.2623552652888884
0.9536968763457112,-0.1593782255399795,-0.000264886653786,-0.2600608667868641
0.9536892561208504,-0.1606929434121724,-0.0027337931907417,-0.2577493415920369
0.9536688087639352,-0.162012133490746,-0.0052175488063833,-0.2554185155825582
0.9536351237030436,-0.1633361136921568,-0.0077166108627572,-0.2530666157709691
0.9535877820273378,-0.164664726723868,-0.0102305564499486,-0.2506926579187726
0.9535263557933966,-0.165997804959616,-0.012758954758091,-0.2482956295082612
0.9534504079117668,-0.1673351680517684,-0.0153013631167276,-0.2458744923797387
0.9533594921058388,-0.1686766210712951,-0.0178573240212654,-0.243428184455448
0.9532531527400678,-0.1700219551677559,-0.020426366976885,-0.2409556168493326
0.953130924732845,-0.1713709464322441,-0.0230080069662865,-0.2384556741389322
0.9529923336629308,-0.1727233532553266,-0.0256017400514908,-0.2359272174278528
0.952836895442241,-0.1740789184481937,-0.0282070481300228,-0.2333690785061321
0.9526641165246534,-0.1754373657797109,-0.0308233930341462,-0.2307800643260494
0.9524734937204978,-0.1767984005936802,-0.0334502184890944,-0.2281589538045182
0.9522645144882566,-0.1781617067717229,-0.0360869450741274,-0.2255045015341107
0.9520366564966748,-0.1795269489334894,-0.0387329753368229,-0.2228154313314919
0.9517893882135938,-0.1808937678429116,-0.0413876858207904,-0.2200904429083046
0.9515221690036108,-0.1822617797953498,-0.0440504268085838,-0.2173282109088553
0.9512344490716474,-0.1836305766426903,-0.0467205233690435,-0.2145273825331342
0.9509256698887912,-0.1849997234056449,-0.049397271760685,-0.2116865799696742
0.9505952649197904,-0.1863687552303495,-0.0520799345667985,-0.2088044043935376
0.9502426593591146,-0.1877371788773379,-0.0547677447421714,-0.2058794305459954
0.9498672719534388,-0.1891044660224115,-0.0574598936441384,-0.2029102187040632
0.9494685147039784,-0.1904700556185191,-0.0601555368610155,-0.199895307651842
0.9490457946153672,-0.1918333488359712,-0.0628537854854444,-0.196833223749056
0.948598515025469,-0.1931937066563693,-0.0655537025829458,-0.193722484855281
0.9481260764041028,-0.1945504495666762,-0.0682543038382407,-0.1905615997911619
0.9476278795371206,-0.1959028509205362,-0.0709545455946904,-0.1873490829661195
0.947103327112864,-0.1972501362732974,-0.0736533246835783,-0.1840834562233536
0.9465518265191732,-0.1985914800977648,-0.0763494729816087,-0.1807632575711841
0.9459727937880492,-0.1999260010053627,-0.0790417488180249,-0.1773870550007552
0.9453656572871728,-0.201252759147214,-0.0817288325591806,-0.1739534566474053
0.9447298636020712,-0.2025707503263147,-0.0844093152836607,-0.1704611314173318
0.9440648818199164,-0.2038789054372312,-0.087081697910876,-0.1669088182794535
0.9433702120197972,-0.2051760831586385,-0.0897443761851784,-0.1632953563197071
0.9426453920612392,-0.2064610686636847,-0.0923956373317017,-0.1596197025365172
0.9418900069089552,-0.207732569828974,-0.0950336509405712,-0.1558809604848711
0.94110369914445,-0.2089892142645202,-0.0976564606581093,-0.1520784118578307
0.9402861791180168,-0.2102295497039649,-0.1002619818694337,-0.1482115436926102
0.9394372382112082,-0.2114520422940471,-0.1028479938435937,-0.1442800881379041
0.9385567607027272,-0.2126550800612882,-0.1054121413913774,-0.1402840531688116
0.937644736198408,-0.21383697798108,-0.1079519385613769,-0.1362237545774363
0.9367012723123544,-0.2149959850323159,-0.1104647750794889,-0.1320998481245061
0.9357266048828328,-0.2161302961966919,-0.1129479319601413,-0.1279133506702805
0.9347211075290384,-0.2172380662242397,-0.1153985996473579,-0.1236656594937441
0.9336852954892992,-0.2183174299894355,-0.1178139096029832,-0.1193585493733975
0.9326198283587644,-0.2193665227732106,-0.1201909652553562,-0.1149941686864354
0.9315255045863968,-0.2203835067528578,-0.1225268869466423,-0.1105750059193126
0.9304032565335028,-0.2213665934559333,-0.1248188485619794,-0.1061038640301065
0.9292541360238772,-0.2223140709583388,-0.1270641264838301,-0.1015838021473284
0.9280792953721944,-0.2232243292547044,-0.1292601470918149,-0.0970180661384912
0.9268799713411038,-0.2240958777387473,-0.1314045186671418,-0.0924100365965023
0.9256574615050748,-0.2249273633592268,-0.1334950683651315,-0.0877631522888111
0.9244131009959826,-0.225717582709936,-0.1355298687016461,-0.0830808399170379
0.9231482455809644,-0.2264654854120966,-0.1375072460336302,-0.0783664709354149
0.9218642500303832,-0.2271701769939267,-0.1394257913230511,-0.0736233023699896
0.9205624524851348,-0.2278309149801292,-0.1412843567279737,-0.0688544411321682
0.919244163494084,-0.2284471007786674,-0.1430820432013758,-0.0640628251805555
0.917910655015016,-0.2290182706887886,-0.1448181874219894,-0.0592512034646049
0.9165631556193072,-0.2295440837122546,-0.14649234055063,-0.0544221368805043
0.9152028427580532,-0.2300243108221565,-0.148104251896977,-0.0495779867861643
0.9138308452464228,-0.2304588208981298,-0.1496538416587585,-0.0447209381209302
0.9124482389423788,-0.2308475702685574,-0.1511411842956388,-0.0398529960887628
0.9110560504058876,-0.2311905906138378,-0.1525664849000594,-0.0349760092706013
0.9096552560798734,-0.2314879794615565,-0.1539300629990035,-0.0300916750755325
0.9082467861729908,-0.2317398905574092,-0.1552323336223862,-0.0252015601190641
0.9068315248767522,-0.2319465261638714,-0.156473794116977,-0.0203071063845966
0.9054103153743114,-0.2321081294924456,-0.1576550083949836,-0.0154096528266322
0.9039839612460212,-0.2322249787973217,-0.1587765963460507,-0.0105104434055454
0.9025532281356694,-0.2322973820900644,-0.1598392242759471,-0.0056106352355388
0.9011188462519596,-0.2323256724589626,-0.1608435959136791,-0.0007113089075315
0.8996815130367543,-0.2323102040907607,-0.1617904445225947,0.0041865212267224
0.8982415019590445,-0.2322513269708391,-0.1626807618062936,0.0090832353527806
0.8967987242723553,-0.2321493308529099,-0.163515682029534,0.0139803870395513
0.8953537795320772,-0.2320045154116868,-0.164295870449948,0.0188771406656947
0.8939072471981093,-0.2318171918269147,-0.1650220022546417,0.0237726881464567
0.892459688429778,-0.2315876815934106,-0.1656947596112977,0.0286662430484722
0.8910116451116772,-0.2313163151146318,-0.1663148303634108,0.0335570441836662
0.8895636428206791,-0.2310034310556593,-0.1668829051255633,0.0384443459656429
0.8881161883646956,-0.2306493748113944,-0.1673996769250756,0.0433274271743889
0.8866697714523195,-0.2302544977434879,-0.1678658391172852,0.0482055858212757
0.8852248663209067,-0.2298191566871434,-0.1682820837061506,0.0530781342152061
0.8837819287298747,-0.2293437121327828,-0.1686491011254614,0.0579444096968451
0.8823414008146493,-0.2288285288085631,-0.1689675778297246,0.0628037588966233
0.8809037073789107,-0.2282739736426074,-0.1692381963356931,0.0676555508936763
0.8794692594778791,-0.2276804161987231,-0.1694616335203969,0.0724991658035511
0.8780384517086502,-0.2270482268231078,-0.1696385602934689,0.0773340046176796
0.8766116647692158,-0.2263777768578596,-0.1697696403416211,0.0821594812760846
0.8751892652497282,-0.2256694378389511,-0.1698555294749834,0.0869750240881025
0.873771606087917,-0.2249235809862936,-0.1698968749077998,0.091780074916581
0.8723590264090413,-0.2241405763873503,-0.1698943145938437,0.0965740904527825
0.8709518499964949,-0.2233207913009584,-0.1698484764440604,0.1013565481643498
0.8695503856276289,-0.2224645893286335,-0.1697599773863422,0.1061269459520485
0.8681549335839637,-0.2215723336365445,-0.1696294231346122,0.1108847807476255
0.8667657834477047,-0.220644385305632,-0.1694574078998201,0.1156295566782126
0.8653832111532449,-0.2196811007365448,-0.1692445135359049,0.1203607958543887
0.8640074832245345,-0.2186828338206795,-0.1689913095482825,0.1250780246164036
0.8626388548545624,-0.2176499340661195,-0.168698352419244,0.1297807807913853
0.8612775692675456,-0.2165827453698787,-0.1683661848806839,0.1344686166123822
0.8599238607158899,-0.2154816076403628,-0.1679953360829527,0.1391410891144563
0.8585779522556376,-0.2143468544238181,-0.1675863205958216,0.1437977684781496
0.8572400588768264,-0.2131788148418134,-0.1671396388350768,0.1484382278900802
0.8559103853965246,-0.2119778112341954,-0.1666557760241806,0.153062051478656
0.8545891281060765,-0.2107441599342463,-0.1661352022672453,0.1576688292569753
0.8532764738401686,-0.2094781697680321,-0.1655783717410196,0.1622581610032785
0.8519726010596116,-0.2081801423654965,-0.1649857226165497,0.1668296531275769
0.8506776820301771,-0.2068503737623555,-0.1643576776774933,0.1713829116176536
0.8493918797421541,-0.2054891507126288,-0.1636946424973956,0.1759175534248222
0.8481153494806591,-0.2040967515069819,-0.16299700561336,0.180433201567808
0.8468482394065127,-0.2026734459059148,-0.1622651383497914,0.1849294836565286
0.8455906928213534,-0.2012194971034839,-0.1614993957493448,0.1894060243738078
0.8443428448088027,-0.1997351573026248,-0.1607001141886411,0.1938624579176165
0.8431048243713007,-0.1982206693734908,-0.1598676120844346,0.1982984209531976
0.8418767551345758,-0.1966762670533057,-0.1590021899171232,0.2027135505750349
0.8406587548252368,-0.1951021736231092,-0.1581041294095058,0.2071074866503547
0.8394509364552393,-0.193498602706966,-0.1571736938869732,0.2114798680113873
0.8382534066107536,-0.1918657552559749,-0.1562111264361217,0.2158303390956034
0.8370662680181016,-0.1902038221556439,-0.1552166513084826,0.2201585410973177
0.8358896190167623,-0.1885129828190935,-0.1541904730293838,0.2244641142567438
0.8347235535375134,-0.1867934043457974,-0.1531327757997657,0.2287466983305411
0.8335681614411582,-0.1850452411483766,-0.152043723168107,0.2330059317321745
0.8324235296815174,-0.1832686358689659,-0.1509234585208896,0.2372414475884804
0.8312897415855446,-0.1814637174507981,-0.1497721038045218,0.2414528767044177
0.8301668779304212,-0.1796306019194646,-0.1485897599352739,0.2456398438739545
0.8290550154034446,-0.1777693888981035,-0.1473765044627686,0.2498019739130856
0.827954230617186,-0.1758801672856375,-0.1461323951732717,0.2539388769090665
0.8268645964004018,-0.17396300810088,-0.1448574653570357,0.2580501623128913
0.8257861851535694,-0.1720179691532207,-0.1435517267899025,0.2621354265466568
0.8247190669363864,-0.1700450906276379,-0.1422151667254926,0.2661942603821442
0.8236633122965524,-0.1680443991232154,-0.140847750544149,0.2702262383491064
0.8226189911819305,-0.1660159046532252,-0.1394494196907415,0.2742309229271786
0.8215861726261066,-0.1639595987677062,-0.1380200903058068,0.278207865852097
0.82056492748694,-0.1618754587395575,-0.1365596560777145,0.2821565976212652
0.8195553276540866,-0.1597634449503548,-0.1350679864325423,0.2860766304711277
0.8185574463248594,-0.1576235002075026,-0.1335449260347584,0.2899674572527015
0.8175713588750346,-0.1554555503071344,-0.131990295183374,0.293828547942807
0.8165971443942429,-0.1532595062248645,-0.1304038914287993,0.2976593434474366
0.8156348855419312,-0.1510352627259621,-0.128785488667172,0.3014592558939728
0.8146846703577802,-0.148782701448262,-0.1271348395047717,0.3052276611666114
0.8137465908913831,-0.1465016866305649,-0.1254516722989196,0.3089639039503559
0.8128207479939626,-0.1441920757203781,-0.1237356991906351,0.3126672782122857
0.8119072504196422,-0.1418537168983387,-0.1219866146721712,0.3163370300966029
0.8110062152499559,-0.1394864496580943,-0.120204096422015,0.3199723555602109
0.8101177706061562,-0.1370901116769584,-0.1183878109801736,0.3235723886753369
0.8092420586164611,-0.1346645474589388,-0.1165374210269559,0.3271361886115129
0.8083792344499396,-0.1322096069529306,-0.1146525852415541,0.3306627424209764
0.8075294699484953,-0.129725157420253,-0.1127329684404402,0.334150949020153
0.8066929574903937,-0.1272110978789383,-0.1107782541289421,0.3375996018440128
0.8058699098935426,-0.1246673634165558,-0.1087881495822783,0.3410073875419366
0.8050605633754291,-0.1220939398526288,-0.1067623992875034,0.3443728719759216
0.8042651820924859,-0.1194908859788381,-0.1047008048969828,0.3476944793337621
0.8034840595033977,-0.1168583486241906,-0.1026032401570516,0.3509704841604057
0.8027175217177621,-0.1141965870769623,-0.1004696738579646,0.3541989949371551
0.8019659296910757,-0.1115059974368055,-0.0983001934869577,0.3573779422884109
0.8012296799115739,-0.1087871354302153,-0.0960950283738981,0.3605050734960437
0.8005092066928964,-0.1060407492898033,-0.0938545817467343,0.3635779402315407
0.7998049797829229,-0.1032677997725037,-0.0915794531317947,0.3665939063356896
0.799117502167738,-0.100469484270867,-0.0892704646591008,0.3695501552376518
0.7984473049034058,-0.0976472523693525,-0.086928680824068,0.3724437107271126
0.7977949393424792,-0.0948028122013765,-0.084555420817968,0.3752714698763718
0.797160965809365,-0.0919381208059664,-0.0821522573321095,0.3780302525647032
0.7965459401769915,-0.0890553611571317,-0.0797210035097453,0.3807168616611312
0.7959503988511334,-0.0861569048360274,-0.0772636866852768,0.3833281518471962
0.7953748425980571,-0.0832452587623753,-0.0747825070682033,0.3858611052684046
0.7948197193274856,-0.0803229923114573,-0.0722797777221854,0.3883129135387197
0.7942854122518269,-0.0773926754404171,-0.0697578717142113,0.3906810375564574
0.7937722283186253,-0.0744568021008567,-0.0672191545449654,0.392963267119663
0.7932803922648178,-0.0715177276120987,-0.0646659265288535,0.3951577562444678
0.7928100444543312,-0.0685776136734484,-0.0621003701457983,0.3972630416981123
0.7923612440416784,-0.0656383946830434,-0.0595245147439747,0.3992780373158552
0.7919339748570259,-0.0627017551682985,-0.0569402103225917,0.4012020152632868
0.7915281537486688,-0.0597691208016438,-0.0543491129988263,0.4030345751636005
0.7911436410366297,-0.056841665673383,-0.0517526849714531,0.4047756024589101
0.7907802510732574,-0.053920325718493,-0.0491522004190603,0.4064252249919206
0.7904377628249627,-0.0510058198286012,-0.0465487588678092,0.4079837682743842
0.7901159293752033,-0.0480986713824498,-0.0439432996692625,0.409451714560589
0.7898144867058735,-0.0451992333995636,-0.0413366204580773,0.4108296642728596
0.7895331612707188,-0.042307713381903,-0.0387293960680771,0.4121183021587452
0.7892716759801841,-0.0394241927208522,-0.0361221932105655,0.4133183701013364
0.7890297555354298,-0.036548648608678,-0.0335154879758,0.4144306424466687
0.7888071304991948,-0.0336809712602667,-0.0309096796029944,0.4154559067780551
0.7886035404863077,-0.0308209784613219,-0.0283051022336536,0.4163949484983048
0.7884187366817572,-0.027968428460958,-0.0257020354972062,0.417248538350453
0.7882524837665587,-0.0251230309707705,-0.0231007136511228,0.4180174225751618
0.7881045614159281,-0.0222844576046961,-0.0205013344411655,0.4187023149983956
0.787974765232721,-0.0194523476992296,-0.017904063917133,0.4193038917256433
0.7878629075631721,-0.0166263159873973,-0.0153090430835243,0.4198227864052544
0.7877688179168436,-0.0138059554359879,-0.0127163902261022,0.4202595873698342
0.7876923434217334,-0.0109908442470444,-0.0101262071488841,0.4206148346735309
0.7876333489850691,-0.0081805485689419,-0.007538581542928,0.420889018564111
0.7875917173783881,-0.0053746235678431,-0.0049535878933252,0.4210825783841412
0.7875673493519958,-0.0025726189213376,-0.0023712924999397,0.4211959014168243
0.7875601077489027,1.6320304482841939e-12,-3.5167146972270306e-12,0.4212295822823257
