3.00062239170339
0.7691829812032152,-8.99973349027754e-24,1.8989442698492713e-14,0.4803931887025042
0.7691852792912619,0.0017025062875114,0.001296874588091,0.4803818556447422
0.7692016693782704,0.004854858039992,0.0036979576968592,0.4803010350915602
0.7692338335307028,0.0080080053236992,0.006099061240849,0.4801424694463311
0.7692818095110984,0.0111628109829166,0.0085004628722532,0.4799060462873191
0.7693456520630626,0.0143198930444117,0.0109022546295498,0.4795916059261556
0.7694254335928308,0.0174798657542511,0.0133045269229092,0.4791989383959575
0.7695212442012892,0.0206433383632074,0.0157073680027579,0.4787277837537625
0.7696331918253371,0.0238109166719309,0.0181108655390067,0.4781778319563684
0.7697614024046604,0.0269832030869586,0.0205151070780654,0.4775487227246235
0.769906020176425,0.0301607983906307,0.0229201818081928,0.4768400448955994
0.7700672079618982,0.0333443014829625,0.0253261807936357,0.4760513359345981
0.7702451474207103,0.0365343078865014,0.0277331962883549,0.4751820817269525
0.7704400396423975,0.0397314135050589,0.0301413250266919,0.4742317148480778
0.7706521054771349,0.042936212124183,0.0325506667937399,0.4731996142434155
0.7708815862126681,0.0461492978882444,0.0349613267567797,0.4720851033593774
0.7711287437496256,0.0493712597235256,0.0373734117603309,0.4708874508570126
0.7713938613693235,0.0526026841133025,0.0397870329184511,0.4696058685893536
0.7716772442283005,0.0558441531264813,0.0422023046584212,0.468239511061757
0.7719792195375466,0.0590962390796284,0.0446193412981014,0.4667874765572777
0.7723001367950638,0.0623595007352902,0.0470382548357779,0.4652488081321563
0.7726403677005582,0.0656344770063,0.0494591509616813,0.4636224962546562
0.7730003058452736,0.0689216798685205,0.0518821245844521,0.4619074826064113
0.7733803649813411,0.0722215766513576,0.0543072476757801,0.4601026706798552
0.7737809778218702,0.0755345809862561,0.056734563709708,0.458206933773319
0.7742025928163632,0.0788610301578101,0.0591640723399297,0.456219132442026
0.7746456692204823,0.082201155485384,0.0615957093568173,0.4541381396239355
0.7751106710541188,0.0855550522982067,0.0640293268033305,0.4519628703870124
0.775598058440441,0.0889226398377843,0.0664646662826985,0.4496923230767022
0.7761082751953106,0.0923036070570446,0.0689013227272192,0.4473256366365792
0.7766417344208025,0.0956973597818716,0.0713387099517157,0.44486215535459
0.777198799385622,0.0991029534430599,0.073776016663119,0.4423015130374763
0.7777797614474301,0.102519026216223,0.076212163701335,0.4396437277054907
0.7783848158508491,0.1059437382181076,0.0786457664470617,0.4368893023479621
0.7790140356148314,0.1093747174999047,0.0810751027218624,0.4340393302249092
0.7796673483545639,0.1128090372013571,0.0834981031035415,0.4310955824417722
0.7803445181524936,0.1162432276824062,0.0859123656536788,0.4280605687015973
0.7810451383496425,0.1196733439208224,0.0883152085043768,0.4249375459630759
0.7817686369661614,0.1230950830216783,0.0907037556613206,0.4217304694290589
0.782514298006784,0.1265039541161612,0.0930750567272619,0.4184438739969224
0.783281295982764,0.1298954758363048,0.0954262225745689,0.4150827009726298
0.7840687400978017,0.1332653785029095,0.0977545609427119,0.4116520882153127
0.7848757212028938,0.1366097799980727,0.1000576908506843,0.4081571555602441
0.7857013544095574,0.1399253111193202,0.1023336200027785,0.4046028167747887
0.7865448147085412,0.143209189516386,0.1045807856865515,0.4009936286779884
0.7874053595830875,0.1464592295847083,0.1067980516002274,0.3973337016171342
0.7882823413606207,0.1496738107549915,0.1089846769476185,0.3936266572660652
0.7891752107210964,0.1528518173971946,0.1111402673964914,0.3898756257949786
0.7900835127081619,0.1559925606797476,0.1132647152446853,0.3860832750594126
0.7910068788736794,0.1590956982381837,0.1153581396245589,0.3822518553128201
0.7919450167115564,0.1621611562236493,0.1174208297248317,0.3783832539060618
0.7928977016647247,0.1651890702941783,0.1194532019749989,0.3744790378452055
0.793864764231068,0.1681797196491398,0.1214557535306259,0.3705405149815702
0.7948460806269371,0.1711334808603129,0.1234290298820864,0.3665687788211479
0.7958415674621696,0.1740507996131434,0.1253736050203334,0.3625647357684964
0.7968511717188324,0.1769321528815904,0.12729005564941,0.3585291502136674
0.7978748666749264,0.1797780326455274,0.1291789501124955,0.3544626645125693
0.7989126465444378,0.1825889282622149,0.1310408366308544,0.3503658233568125
0.7999645226434958,0.1853653151743217,0.1328762359126511,0.3462390913325537
0.8010305186680248,0.1881076428514106,0.1346856333680719,0.3420828733273114
0.8021106703147032,0.1908163351559643,0.1364694795994823,0.3378975174369312
0.803205021752246,0.1934917829911741,0.1382281858195687,0.3336833298788205
0.8043136246694904,0.1961343440547313,0.1399621239748219,0.3294405795413166
0.8054365346336051,0.1987443364587744,0.1416716228455628,0.3251695125756415
0.8065738121215443,0.2013220437733106,0.1433569716389978,0.3208703488465488
0.8077255185423712,0.2038677084627902,0.1450184159630207,0.3165432972762503
0.808891720434892,0.2063815437467118,0.1466561658225112,0.3121885401932059
0.8100724830797681,0.2088637218381406,0.1482703881688867,0.3078062574150151
0.8112678734161648,0.2113143827888131,0.1498612128817221,0.303396615235325
0.8124779587152535,0.2137336337806092,0.1514287324889313,0.2989597713125412
0.8137028052810876,0.2161215486455295,0.1529730020260519,0.2944958792767224
0.8149424780258918,0.2184781691865689,0.154494040048199,0.2900050900051006
0.8161970417328511,0.2208035094931455,0.1559918315481887,0.2854875467846534
0.8174665586217515,0.2230975531128537,0.1574663262432453,0.2809433938321965
0.8187510891070602,0.2253602562710961,0.1589174407502891,0.2763727731770604
0.8200506915242026,0.2275915489607001,0.1603450593647699,0.2717758252822895
0.8213654209392438,0.229791334434429,0.1617490338041683,0.26715269284717
0.8226953301378828,0.2319594923632923,0.1631291852811191,0.2625035168694254
0.8240404700549924,0.2340958807240454,0.1644853057334922,0.2578284347717519
0.8254008854551581,0.2362003302081669,0.165817154301223,0.253127594944194
0.8267766198592355,0.2382726533063972,0.1671244631086188,0.2484011390998972
0.8281677102974235,0.2403126373595663,0.1684069328692814,0.2436492198750337
0.8295741924739772,0.2423200534056344,0.169664238455198,0.2388719825542579
0.8309960954311365,0.2442946493281404,0.1708960245637605,0.2340695827661042
0.8324334446662951,0.2462361553949914,0.1721019091649234,0.2292421752604
0.8338862608532089,0.2481442832940692,0.1732814828464324,0.2243899176870824
0.8353545585028944,0.2500187252892696,0.1744343082454388,0.2195129744355475
0.8368383473637863,0.2518591569244756,0.1755599216601951,0.2146115113098012
0.8383376309621089,0.2536652359396608,0.1766578323085574,0.20968569973208
0.8398524064914591,0.2554366029675814,0.1777275226800905,0.2047357163982582
0.841382666175253,0.2571728838122231,0.1787684498159004,0.1997617381538209
0.842928394512845,0.2588736869053669,0.1797800436660492,0.1947639502891464
0.8444895688044587,0.2605386046893261,0.1807617078220439,0.1897425440387552
0.846066159556809,0.2621672146871128,0.1817128200260713,0.1846977145217558
0.8476581288084698,0.263759078366354,0.1826327313716692,0.1796296653323454
0.8492654318225242,0.2653137434567288,0.1835207675058549,0.1745386023328802
0.8508880148909194,0.2668307422853123,0.1843762275007372,0.1694247398367316
0.8525258153971184,0.2683095924625252,0.1851983840900193,0.1642882995211908
0.854178760519414,0.2697497963117308,0.1859864831898139,0.1591295135828865
0.8558467698788436,0.2711508437139486,0.1867397452707573,0.1539486155572106
0.8575297511940939,0.2725122088286883,0.1874573633578706,0.1487458529410663
0.8592276017233248,0.2738333519563907,0.1881385038560648,0.1435214816707579
0.8609402089437143,0.2751137204908525,0.1887823067983143,0.1382757630571791
0.8626674473388224,0.2763527469329693,0.1893878845901467,0.1330089726164907
0.8644091782554779,0.2775498494654616,0.1899543221143297,0.1277213993381956
0.866165251033409,0.2787044332805825,0.1904806771337083,0.1224133411063084
0.8679355025785102,0.2798158906630352,0.190965980021373,0.1170851048812702
0.8697197528102416,0.2808835986521848,0.1914092324866593,0.1117370191828412
0.8715178079409754,0.281906921755701,0.1918094085483797,0.1063694229005933
0.8733294574466904,0.2828852106755232,0.1921654537394884,0.100982673062302
0.875154473501925,0.2838178026893354,0.1924762850665405,0.09557714509741
0.8769926100903156,0.2847040218769575,0.1927407909084995,0.0901532340150776
0.8788436020312929,0.2855431793604409,0.1929578309373567,0.0847113557657258
0.8807071629502617,0.2863345731727902,0.1931262359997392,0.0792519516258034
0.8825829847705322,0.2870774889483483,0.1932448082876963,0.0737754880198556
0.884470736267235,0.2877712002584247,0.1933123214559866,0.0682824590368668
0.8863700610358617,0.2884149688925314,0.1933275208635233,0.062773390557827
0.8882805741554027,0.2890080449870107,0.1932891240823248,0.0572488480433622
0.8902018731449866,0.2895496714358882,0.1931958209627739,0.051709403006088
0.8921335187793437,0.2900390791036066,0.1930462744553558,0.0461556865578883
0.8940750325269016,0.2904754887081408,0.1928391226268846,0.0405883944391407
0.8960259016358961,0.2908581144263361,0.1925729799134594,0.0350082701485841
0.8979855730261591,0.2911861648077218,0.1922464394347696,0.0294161202507395
0.8999534485110638,0.2914588448098991,0.1918580760791967,0.0238128257122083
0.9019288875425496,0.2916753592943007,0.1914064486224075,0.0181993317955731
0.9039111982658726,0.2918349152024089,0.1908901045659008,0.0125766712728978
0.9058996329904844,0.2919367254055728,0.1903075853715112,0.0069459749930289
0.9078933893643336,0.2919800133719671,0.1896574307532647,0.0013084663901939
0.9098916003842724,0.2919640178877551,0.1889381871150006,-0.0043345122653482
0.9118934552840676,0.2918879926678148,0.1881483643482712,-0.0099818426090371
0.913898298972174,0.2917511857960274,0.1872863766132984,-0.0156329106953894
0.9159050697797988,0.2915528759271253,0.1863507807188408,-0.0212860239837056
0.9179126281231156,0.2912923828684037,0.1853401734445567,-0.0269393411194512
0.9199197488916928,0.2909690775317085,0.1842532065606348,-0.0325908510398636
0.921925117028032,0.2905823930395836,0.183088602592816,-0.0382383604282773
0.9239273239976722,0.2901318369714707,0.1818451722115938,-0.0438794828719803
0.9259248652308664,0.2896170046708633,0.1805218332136359,-0.0495116297963084
0.9279161332099743,0.2890375951869545,0.1791176349789573,-0.055131987974765
0.9298994218335837,0.2883934257217153,0.1776317780306904,-0.0607375275054493
0.9318729217209532,0.2876844497589272,0.1760636421946976,-0.0663249827296839
0.9338347267299728,0.2869107729064916,0.1744128090606698,-0.0718908631569895
0.9357828364353332,0.2860726707435211,0.1726790893924555,-0.0774314512016064
0.9377151660157318,0.2851706043125424,0.1708625461158643,-0.0829428190671499
0.9396295558049158,0.2842052355836467,0.1689635184604273,-0.0884208428443933
0.94152378717903,0.2831774393567799,0.1669826404062124,-0.0938612329150264
0.9433955994749952,0.2820883131710522,0.1649208571266128,-0.0992595657818891
0.945242709263612,0.2809391840857228,0.1627794373722872,-0.104611321347237
0.9470628361320248,0.2797316087682557,0.1605599754603413,-0.1099119381522053
0.9488537255392332,0.2784673716817019,0.1582643920741795,-0.115156859872739
0.9506131774142632,0.2771484752671718,0.155894922553475,-0.1203415988178237
0.9523390736331944,0.2757771255863286,0.1534540991688817,-0.1254617973074734
0.9540294006605228,0.2743557164508981,0.1509447324348866,-0.1305132763977873
0.9556822808465636,0.2728868007308339,0.1483698711694953,-0.1354921127963735
0.9572959933187994,0.2713730635715325,0.1457327672761544,-0.1403946882252438
0.9588689893160686,0.2698172953540832,0.1430368406334848,-0.1452177253883377
0.9603999114850568,0.2682223554955913,0.1402856282860437,-0.1499583399845747
0.9618876017344388,0.2665911421266909,0.1374827437538503,-0.154614062157176
0.9633311092236284,0.2649265575251942,0.1346318284706727,-0.1591828625842999
0.9647296881951336,0.2632314813134671,0.1317365157258442,-0.1636631509107018
0.9660827967001588,0.2615087405749618,0.1288003882138453,-0.1680537805632507
0.96739008746227,0.2597610879990707,0.1258269480723418,-0.1723540317195926
0.9686513982133478,0.2579911806252659,0.1228195865969756,-0.176563595005301
0.9698667362881488,0.2562015670765443,0.1197815670575211,-0.1806825380733024
0.9710362656577486,0.2543946730789703,0.1167160033074302,-0.1847112813306732
0.972160288150384,0.2525727977958835,0.1136258555662487,-0.1886505543759302
0.9732392283215908,0.2507381078247303,0.1105139211699355,-0.1925013643905779
0.9742736174222156,0.2488926355279325,0.1073828317661782,-0.1962649608261206
0.9752640780470164,0.2470382795750071,0.1042350534965596,-0.1999428013293805
0.9762113081007148,0.2451768105263138,0.1010728951223264,-0.2035365133437569
0.9771160681259964,0.2433098740055417,0.0978985115916493,-0.2070478660299075
0.9779791682904506,0.2414389980511679,0.0947139143635567,-0.2104787387909676
0.978801459151686,0.2395655959619921,0.0915209738300512,-0.2138311023320314
0.9795838214776736,0.2376909739518883,0.0883214297593224,-0.2171069941137704
0.9803271569578096,0.2358163402670149,0.0851169041804767,-0.2203084947344379
0.981032382479164,0.2339428085059689,0.0819089043635124,-0.2234377170595899
0.9817004230924846,0.2320714064357927,0.0786988352139567,-0.2264967879150275
0.9823322071827212,0.2302030815663485,0.0754880062054654,-0.2294878372444165
0.982928663020097,0.2283387044208883,0.0722776344279968,-0.2324129921992183
0.9834907136122036,0.2264790788035109,0.0690688597810246,-0.235274361308392
0.9840192750905408,0.2246249430224399,0.0658627447391918,-0.2380740339989761
0.98451525348373,0.2227769774777565,0.0626602852062749,-0.2408140708490077
0.984979543416714,0.220935807048226,0.059462412524779,-0.2434965024044025
0.985413026267102,0.2191020063568581,0.0562700005900942,-0.2461233240445634
0.985816569198358,0.2172761026822618,0.0530838690122042,-0.248696494655375
0.9861910242575548,0.2154585792479277,0.0499047870464022,-0.2512179349125672
0.9865372270105062,0.2136498819341833,0.0467334836506924,-0.2536895210808461
0.9868559974498848,0.2118504152776026,0.0435706388993156,-0.2561130936650692
0.987148138112325,0.2100605533543489,0.0404169015862276,-0.2584904456897088
0.9874144352339608,0.2082806348719309,0.0372728792184845,-0.2608233324674101
0.9876556579109086,0.2065109696352821,0.0341391480810601,-0.2631134659571026
0.9878725584136806,0.2047518386075211,0.0310162521194212,-0.26536251766073
0.9880658718822872,0.2030034989184472,0.0279047106710291,-0.267572115066024
0.9882363169684268,0.2012661815755392,0.0248050133237308,-0.2697438473620653
0.9883845955735678,0.1995400971456627,0.0217176290150744,-0.2718792609404361
0.988511393471369,0.197825433180358,0.0186430004867784,-0.2739798651933972
0.9886173803763147,0.1961223566687542,0.0155815477436299,-0.2760471318622647
0.988703210034162,0.1944310181353331,0.0125336745692396,-0.2780824924169818
0.9887695207184756,0.1927515497641699,0.009499764368617,-0.2800873426191149
0.9888169354027272,0.19108406900281,0.0064801859165364,-0.2820630403496058
0.9888460621880126,0.1894286752522212,0.0034752866548294,-0.2840109115891652
0.9888574944405132,0.1877854560761549,0.0004854032636742,-0.2859322450179529
0.9888518111781558,0.1861544832139748,-0.0024891462071829,-0.2878282985871517
0.9888295659608074,0.1845352134302175,-0.0054491594861579,-0.2897009924715645
0.9887912581658654,0.182926525469658,-0.0083964952450387,-0.291552853255106
0.9887373753078736,0.1813285019118036,-0.0113308091951698,-0.2933849681720313
0.988668395628124,0.1797412230481307,-0.0142517514914447,-0.2951983924537201
0.9885847881150926,0.1781647586592216,-0.0171589821575435,-0.2969941598351063
0.9884870126950048,0.1765991698928875,-0.0200521680149399,-0.298773281348642
0.9883755202222776,0.1750445074798986,-0.0229309863504518,-0.3005367482512727
0.9882507527215288,0.173500814333944,-0.0257951204739298,-0.3022855299269799
0.9881131435287254,0.1719681258146186,-0.02864425956047,-0.3040205744190439
0.9879631172324486,0.1704464681361035,-0.0314781019379607,-0.305742811020542
0.987801089957282,0.1689358607671061,-0.034296350947073,-0.30745314831493
0.9876274692293556,0.1674363144641232,-0.0370987189142805,-0.3091524771340393
0.9874426544631708,0.1659478350569005,-0.0398849203786543,-0.310841666973892
0.9872470367948364,0.1644704211786061,-0.0426546766047827,-0.3125215692387396
0.987040999139002,0.1630040644317643,-0.0454077155528127,-0.3141930177105502
0.9868249164428928,0.1615487508780223,-0.048143769346829,-0.315856827487574
0.9865991558988986,0.1601044619067904,-0.0508625728831671,-0.317513794590449
0.986364076613106,0.1586711717019819,-0.0535638688363453,-0.3191646994529165
0.9861200302699912,0.1572488511164754,-0.0562474005942414,-0.3208103030436174
0.9858673606033118,0.1558374641124133,-0.0589129191862214,-0.3224513515201236
0.9856064041082172,0.1544369716207319,-0.0615601762124625,-0.324088572301449
0.9853374897925624,0.1530473297155417,-0.0641889274865583,-0.3257226766903258
0.9850609391780824,0.1516684894450082,-0.0667989335512449,-0.3273543605934937
0.9847770666473598,0.1503003983681154,-0.0693899569542081,-0.3289843032095639
0.9844861794400266,0.1489430002209122,-0.0719617630515655,-0.3306131678910442
0.984188577730629,0.1475962350404144,-0.0745141199383201,-0.33224160246236
0.9838845548013392,0.1462600397055661,-0.0770467975797565,-0.3338702390180494
0.9835743969426402,0.144934347267617,-0.0795595692289081,-0.3354996951805322
0.9832583839748792,0.1436190889585611,-0.0820522077600818,-0.3371305720639242
0.9829367886468744,0.1423141914186177,-0.0845244910558684,-0.3387634581129384
0.9826098773904772,0.1410195796480821,-0.0869761965365894,-0.3403989258683074
0.9822779101469512,0.1397351760139574,-0.0894071031603599,-0.3420375335797208
0.9819411403390012,0.1384608999521871,-0.0918169920945911,-0.3436798259892481
0.9815998152428136,0.1371966691857584,-0.0942056445120927,-0.3453263331568305
0.981254175686458,0.1359423983858595,-0.096572844214831,-0.3469775725714251
0.9809044567928674,0.1346980016817204,-0.0989183729811562,-0.3486340462275312
0.9805508873948328,0.1334633903039906,-0.1012420150952832,-0.3502962440684137
0.9801936905970838,0.1322384743930179,-0.1035435540096249,-0.3519646419398314
0.9798330834373272,0.131023161614406,-0.1058227750139623,-0.3536397038024015
0.9794692775281544,0.1298173591446571,-0.1080794615647379,-0.3553218793524967
0.9791024786976288,0.1286209722317598,-0.1103133980409431,-0.3570116063109301
0.9787328872954216,0.1274339050180479,-0.1125243682464181,-0.3587093096063194
0.9783606982861266,0.1262560606252775,-0.1147121552940887,-0.3604154015489013
0.9779861011907208,0.125087340767526,-0.1168765423579167,-0.3621302826929482
0.9776092804893796,0.1239276468102734,-0.1190173107371178,-0.3638543405814815
0.9772304152704828,0.1227768784750169,-0.1211342422743209,-0.3655879519386087
0.9768496797777412,0.121634935323153,-0.1232271166301021,-0.3673314807467541
0.976467243218342,0.1205017159569405,-0.1252957127689364,-0.369085279700826
0.976083270138583,0.1193771189333575,-0.1273398072956965,-0.3708496890564247
0.9756979200286044,0.1182610413987549,-0.1293591769422669,-0.3726250390109668
0.9753113479112536,0.1171533806193797,-0.1313535957748142,-0.3744116475620829
0.9749237042815706,0.1160540335851577,-0.1333228359156013,-0.3762098213355519
0.9745351351283152,0.1149628968702586,-0.1352666677808519,-0.378019856035969
0.9741457819598528,0.1138798665157035,-0.1371848602635815,-0.3798420368790653
0.9737557821243488,0.1128048387270523,-0.1390771794696896,-0.3816766376403349
0.9733652688198672,0.1117377096930811,-0.1409433890250293,-0.3835239211336181
0.9729743709626196,0.110678375033427,-0.1427832510066574,-0.3853841403697357
0.9725832136984728,0.1096267309965125,-0.1445965238185941,-0.3872575366571825
0.9721919180962384,0.1085826734283078,-0.1463829639520145,-0.3891443415747152
0.971800601387786,0.1075460982322166,-0.148142325137056,-0.3910447763474108
0.9714093772547264,0.1065169019318768,-0.1498743573522169,-0.392959050955926
0.971018355565407,0.1054949807814406,-0.1515788082903783,-0.394887365911675
0.9706276425608498,0.1044802310740099,-0.1532554227682872,-0.3968299118626101
0.9702373412691748,0.103472550026953,-0.1549039412179224,-0.3987868680175905
0.9698475511642451,0.1024718347036336,-0.1565241014244663,-0.4007584043136692
0.9694583683323986,0.1014779822666209,-0.158115638029588,-0.4027446810802036
0.9690698859023128,0.1004908908898946,-0.1596782810167737,-0.4047458473107693
0.968682193553914,0.0995104583226052,-0.1612117579460515,-0.4067620436345671
0.9682953782142578,0.0985365834757332,-0.1627157913807531,-0.4087933991837134
0.9679095236036236,0.0975691650915673,-0.1641901009148542,-0.4108400343890539
0.9675247106004934,0.0966081024886339,-0.1656344019368146,-0.4129020595225695
0.967141017487258,0.0956532959937714,-0.1670484049430211,-0.4149795737851454
0.9667585194342452,0.094704645481591,-0.1684318176475925,-0.4170726685121888
0.9663772892221064,0.093762052000544,-0.1697843424955281,-0.4191814236876598
0.9659973970114838,0.092825417024689,-0.1711056777227252,-0.4213059095723986
0.9656189103787344,0.0918946423737956,-0.1723955173907169,-0.4234461869155968
0.9652418944561756,0.0909696303917125,-0.1736535510586753,-0.4256023065673222
0.964866412075692,0.0900502841316353,-0.1748794634720356,-0.4277743090325712
0.9644925237724618,0.0891365071992924,-0.1760729347232744,-0.4299622248054801
0.9641202878698044,0.0882282037973554,-0.1772336401333591,-0.4321660742326005
0.9637497604868808,0.0873252785831151,-0.1783612503717072,-0.4343858678201974
0.9633809956254132,0.0864276367208861,-0.1794554313169771,-0.4366216060711266
0.9630140454022946,0.0855351842900103,-0.1805158435103509,-0.4388732783987006
0.962648959939762,0.0846478278608236,-0.1815421426368601,-0.4411408640905515
0.9622857874303964,0.0837654744988142,-0.1825339794551115,-0.4434243322291831
0.9619245743850872,0.0828880322145299,-0.1834909992505621,-0.4457236404256539
0.9615653653155792,0.0820154090415814,-0.1844128428096711,-0.4480387371163652
0.9612082032865676,0.0811475142287835,-0.1852991450840975,-0.4503695583165107
0.9608531297008026,0.0802842575712035,-0.1861495359118937,-0.4527160292181855
0.9605001844676898,0.0794255496750993,-0.1869636397336007,-0.4550780633234756
0.9601494057824322,0.078571301277189,-0.1877410762163567,-0.4574555641614328
0.9598008306510982,0.0777214243810639,-0.1884814591788984,-0.4598484219798066
0.9594544945256012,0.0768758312292817,-0.1891843975467404,-0.4622565164026657
0.9591104316938976,0.0760344351173776,-0.1898494946514837,-0.4646797139406355
0.9587686752012602,0.0751971500680948,-0.1904763485682626,-0.4671178686693274
0.9584292569353414,0.074363890907312,-0.1910645521088368,-0.4695708217696681
0.958092207472354,0.0735345727549223,-0.1916136932202607,-0.4720384027919068
0.9577575565494366,0.0727091120570068,-0.1921233543416579,-0.4745204263450436
0.9574253328586098,0.0718874259561387,-0.1925931129648536,-0.4770166936551956
0.957095564048138,0.0710694321698343,-0.1930225417841367,-0.4795269926635842
0.9567682770926518,0.0702550497880622,-0.1934112084081636,-0.4820510952726881
0.9564434980540591,0.0694441985656851,-0.1937586759278698,-0.4845887591695483
0.95612125225055,0.0686367992281565,-0.1940645029384047,-0.4871397265513043
0.9558015643498332,0.0678327735957529,-0.1943282437256862,-0.4897037233676832
0.9554844584246432,0.0670320446186652,-0.1945494485354683,-0.4922804588217271
0.9551699578894624,0.066234536114805,-0.194727663936157,-0.4948696258270254
0.9548580857216428,0.0654401732302536,-0.1948624330187521,-0.4974708991265317
0.9545488645894672,0.0646488826772093,-0.1949532957913964,-0.5000839340668105
0.9542423166386992,0.0638605921030523,-0.1949997897113316,-0.5027083682361725
0.9539384637867632,0.0630752307602134,-0.1950014500691147,-0.5053438188208998
0.953637327797418,0.0622927296292292,-0.1949578105869539,-0.5079898817118759
0.9533389279878944,0.0615130153471523,-0.1948684032029057,-0.5106461517775746
0.9530432857407964,0.0607360218630339,-0.1947327593257636,-0.513312182985833
0.9527504224588192,0.0599616851204123,-0.1945504108137758,-0.5159875056711127
0.9524603596290296,0.0591899431888105,-0.194320890878157,-0.5186716255833914
0.9521731188431084,0.0584207362884059,-0.1940437350399465,-0.5213640233124073
0.9518887218339104,0.0576540068664594,-0.1937184821674503,-0.5240641535479295
0.9516071905180514,0.0568896997000574,-0.1933446756052658,-0.5267714442627108
0.9513285471745792,0.0561277623836668,-0.192921864619438,-0.529485294538981
0.9510528143653888,0.0553681451317852,-0.1924496056405763,-0.5322050748346694
0.9507800151352326,0.0546108013599289,-0.1919274640458639,-0.5349301245082554
0.9505101728469064,0.0538556872765441,-0.191355015450619,-0.5376597529173454
0.9502433115642848,0.0531027630159034,-0.1907318482173243,-0.540393235008579
0.9499794557642818,0.0523519919199257,-0.1900575647704966,-0.543129813631166
0.9497186305003752,0.051603341094674,-0.1893317839488834,-0.5458686973171444
0.9494608615012295,0.0508567818175074,-0.188554143491907,-0.5486090586480014
0.9492061750992484,0.0501122894780785,-0.1877243022253885,-0.5513500344061184
0.9489545982189596,0.049369843704573,-0.1868419425056715,-0.554090725150111
0.9487061585174832,0.0486294289638561,-0.1859067733890745,-0.5568301931396039
0.9484608842978588,0.0478910345222531,-0.1849185332422501,-0.5595674627282204
0.9482188043915108,0.047154654321743,-0.183876992260288,-0.5623015212101019
0.947979948188089,0.0464202873154721,-0.1827819556711138,-0.5650313181050266
0.9477443456783752,0.0456879378777037,-0.181633267247694,-0.5677557643099381
0.9475120272497468,0.044957615471268,-0.1804308117874049,-0.5704737341735132
0.947283023487188,0.0442293343214478,-0.1791745174655038,-0.5731840677218263
0.9470573652858272,0.0435031140856018,-0.1778643598758721,-0.5758855693513925
0.9468350837297794,0.0427789798161119,-0.1765003650260281,-0.5785770093351877
0.9466162096396552,0.0420569608310413,-0.1750826101115447,-0.5812571295709286
0.9464007738385052,0.0413370919221877,-0.1736112285891322,-0.5839246408227192
0.9461888064200952,0.0406194112661419,-0.1720864086510511,-0.5865782323722962
0.94598033716451,0.0399039621357934,-0.1705083991658946,-0.5892165677442363
0.945775394765156,0.039190790594338,-0.1688775070285737,-0.5918382954499598
0.9455740071254988,0.0384799467979872,-0.1671941019943456,-0.5944420465354959
0.945376200671078,0.0377714828617625,-0.1654586134905698,-0.597026444892055
0.9451820001772308,0.0370654524214559,-0.1636715306372543,-0.5995901113563207
0.9449914289777656,0.0363619115686974,-0.1618334055756953,-0.6021316629108348
0.94480450841915,0.0356609170192122,-0.1599448495583479,-0.6046497219927781
0.9446212576269876,0.0349625252973587,-0.1580065308702734,-0.6071429220311942
0.9444416934219696,0.034266792414974,-0.1560191736465417,-0.6096099111567336
0.9442658300219962,0.033573772657919,-0.1539835537370963,-0.6120493589989694
0.9440936790225986,0.0328835183597302,-0.1519004968656072,-0.614459959835151
0.9439252497438956,0.0321960811483035,-0.1497708811697941,-0.6168404305699566
0.9437605481874978,0.0315115074881925,-0.1475956218560656,-0.6191895283735755
0.9435995774930293,0.030829840114468,-0.1453756730314826,-0.6215060474494275
0.9434423381709612,0.0301511186431888,-0.1431120273407634,-0.6237888186965468
0.9432888276843708,0.029475377347297,-0.1408057060115317,-0.6260367187491152
0.9431390407368266,0.0288026458507772,-0.138457758083987,-0.6282486688259579
0.9429929692459632,0.028132948440494,-0.1360692549221211,-0.6304236380213071
0.9428506025754833,0.0274663045002642,-0.1336412884970024,-0.6325606426685446
0.9427119276659808,0.0268027285016812,-0.1311749681744967,-0.6346587470143836
0.9425769285560748,0.026142226966997,-0.1286714058941495,-0.6367170730679388
0.942445587614476,0.0254848036618507,-0.1261317321185258,-0.6387347843262045
0.9423178846530256,0.0248304545368452,-0.1235570733572399,-0.6407111014883081
0.9421937976737004,0.0241791705990679,-0.1209485595952181,-0.6426452931336966
0.942073303275244,0.023530939358282,-0.1183073271367999,-0.6445366711776446
0.94195637613592,0.0228857413313068,-0.1156345014488995,-0.6463846006363123
0.9418429898016064,0.0222435534754121,-0.1129312080478448,-0.6481884888059093
0.9417331163266957,0.0216043464209665,-0.1101985581283615,-0.6499477922924906
0.9416267269098958,0.020968087267852,-0.1074376575148266,-0.6516620081023833
0.9415237918635392,0.0203347387121525,-0.1046496005114242,-0.6533306751096399
0.9414242810108764,0.0197042607699799,-0.1018354751809548,-0.6549533684712919
0.941328163493914,0.0190766089174296,-0.0989963530211295,-0.6565297034435396
0.941235407934526,0.0184517342942662,-0.0961332875832169,-0.6580593333985486
0.9411459828185196,0.0178295855298478,-0.0932473208491215,-0.659541943981236
0.941059856592906,0.017210108853472,-0.0903394822277117,-0.6609772517980332
0.9409769975917844,0.0165932469362763,-0.0874107816138496,-0.6623650058845956
0.940897374336016,0.0159789404204435,-0.08446221514264,-0.6637049828561522
0.9408209556555026,0.0153671283610208,-0.0814947662142314,-0.6649969848758571
0.9407477106374104,0.0147577473048084,-0.0785094000175256,-0.6662408404930558
0.9406776086742152,0.0141507310301602,-0.0755070611548531,-0.6674364037647869
0.9406106196483666,0.0135460114880264,-0.0724886773172339,-0.6685835509790405
0.9405467143758448,0.0129435225050433,-0.0694551772722784,-0.6696821728142173
0.9404858638933552,0.0123431928730077,-0.0664074557455768,-0.6707321862981267
0.9404280401753706,0.0117449525413146,-0.0633464039632987,-0.6717335222161545
0.940373215626384,0.0111487271013373,-0.0602728811793099,-0.6726861335570479
0.9403213639245356,0.0105544463656823,-0.0571877584502,-0.6735899805295523
0.9402724591487808,0.0099620345733198,-0.0540918679669213,-0.6744450453516463
0.9402264764284608,0.0093714171114197,-0.0509860375496122,-0.6752513205779218
0.940183391810243,0.0087825188720471,-0.0478710821647698,-0.6760088110050824
0.9401431823676324,0.0081952655888128,-0.0447478110548362,-0.6767175313384997
0.9401058259202144,0.0076095794453804,-0.0416170044271002,-0.6773775107381098
0.9400713014622208,0.0070253850194023,-0.0384794451406088,-0.6779887848632534
0.9400395889498584,0.0064426061342623,-0.0353359021745849,-0.6785513992143535
0.940010669311266,0.0058611655553118,-0.0321871291009521,-0.6790654085710336
0.9399845244401686,0.0052809841209654,-0.0290338594922669,-0.6795308767275732
0.9399611374151324,0.0047019851795209,-0.0258768312693014,-0.679947872213882
0.939940492350226,0.0041240917277855,-0.0227167715564683,-0.6803164705824039
0.9399225744308876,0.0035472272253412,-0.0195544014380992,-0.6806367534208321
0.939907369863167,0.0029713137789693,-0.0163904263345629,-0.6809088089268873
0.9398948659170928,0.0023962725894153,-0.0132255387454415,-0.6811327308180267
0.9398850509885828,0.0018220265378992,-0.0100604328667832,-0.6813086169214265
0.9398779145442486,0.0012484983808903,-0.0068957950842021,-0.6814365698790132
0.9398734471186164,0.000675609403677,-0.0037322969291989,-0.6815166969348704
0.9398716403550308,0.0001032860555847,-0.0005706321358408,-0.6815491089579803
0.9398724869290712,-0.0004685512123198,0.0025885445916666,-0.6815339215920541
0.9398759825509332,-0.0010402089293983,0.0057458373316666,-0.6814712191376294
0.9398821316358078,-0.0016122523156335,0.0089032784155653,-0.6813609527700694
0.9398909400446874,-0.0021847566146823,0.0120601896430073,-0.6812030708768045
0.9399024147067178,-0.0027577985320428,0.0152158969493226,-0.680997525975142
0.9399165635962792,-0.0033314541838428,0.018369718697168,-0.6807442752840676
0.9399333957099492,-0.0039057988616401,0.0215209640357132,-0.6804432813144085
0.9399529210900566,-0.0044809082755609,0.024668939387721,-0.6800945116418027
0.9399751508837402,-0.0050568598302243,0.0278129550321509,-0.6796979380661575
0.9400000971721656,-0.005633728086146,0.0309522999615408,-0.6792535398887005
0.9400277730108813,-0.0062115869562585,0.0340862536995754,-0.6787613034250636
0.9400581926709825,-0.0067905144554722,0.0372141116974354,-0.6782212179751579
0.940091371321094,-0.0073705858371695,0.0403351477538011,-0.6776332817555477
0.9401273250072962,-0.0079518743660723,0.0434486181807722,-0.6769975025172624
0.9401660708838244,-0.0085344554295853,0.046553783689652,-0.6763138937468208
0.9402076271193092,-0.0091184046794357,0.0496498990752735,-0.6755824766377617
0.9402520127172224,-0.0097037957473408,0.052736200967416,-0.6748032835549035
0.9402992476355708,-0.0102907023530747,0.0558119189912915,-0.6739763562237342
0.9403493526886814,-0.0108791972550942,0.0588762701866247,-0.6731017477574199
0.94040234956713,-0.0114693528093211,0.0619284619653605,-0.6721795226045186
0.9404582608437746,-0.0120612412300892,0.0649676934708582,-0.6712097567453947
0.9405171100329824,-0.0126549353105527,0.0679931592452349,-0.6701925369739948
0.9405789211457116,-0.0132505042092434,0.071004027909642,-0.6691279688694414
0.9406437192435968,-0.0138480193255487,0.0739994723078451,-0.6680161674846626
0.9407115298349444,-0.0144475487262515,0.0769786415583356,-0.6668572679995831
0.9407823789303926,-0.0150491583693101,0.0799406679422839,-0.6656514249150981
0.9408562935757422,-0.0156529168847142,0.0828846908103655,-0.6643988031825039
0.9409333012223576,-0.0162588903468072,0.0858098310802879,-0.6630995891268054
0.9410134293843706,-0.0168671402818654,0.0887151826816269,-0.6617539962658425
0.9410967064849306,-0.0174777306545116,0.0915998469061654,-0.66036225111354
0.9411831611001414,-0.0180907223232072,0.0944629064239582,-0.6589246059520604
0.9412728215985684,-0.0187061712193962,0.097303418216782,-0.657441344676196
0.941365717235322,-0.0193241363930587,0.1001204519298867,-0.6559127645396242
0.9414618767895236,-0.0199446710199303,0.1029130493369825,-0.6543391985442616
0.9415613294264852,-0.0205678286994847,0.10568025445769,-0.6527210009570007
0.9416641035782058,-0.0211936568067616,0.1084210851897273,-0.6510585652286802
0.941770227577386,-0.0218222011715622,0.1111345560124167,-0.649352313116696
0.9418797297310696,-0.0224535068345438,0.1138196824626325,-0.6476026930539375
0.9419926373606388,-0.02308761296033,0.1164754610754668,-0.6458101948791504
0.9421089769879916,-0.0237245547097938,0.1191008798436674,-0.6439753459062133
0.9422287746731496,-0.0243643656397862,0.1216949301445538,-0.6420987046829518
0.9423520550309772,-0.0250070729591939,0.124256589514473,-0.6401808753903396
0.9424788419560426,-0.0256527020387617,0.1267848423580891,-0.6382224952499355
0.9426091578753684,-0.0263012730683412,0.1292786689046656,-0.6362242448430581
0.9427430235268648,-0.0269528006829486,0.1317370467212434,-0.6341868498968657
0.9428804581044314,-0.0276072953609682,0.1341589589358758,-0.6321110773351947
0.943021478951292,-0.0282647625593518,0.1365433937616939,-0.6299977381121075
0.9431661013545708,-0.0289252024076611,0.1388893463903995,-0.6278476882705835
0.9433143385824128,-0.02958861050738,0.1411958248416185,-0.6256618262330239
0.943466201498647,-0.0302549767957215,0.1434618489448186,-0.6234410962163718
0.9436216985321404,-0.0309242860431299,0.1456864552005336,-0.621186486191795
0.9437808356826254,-0.0315965184389729,0.1478687016777253,-0.6188990252520173
0.9439436161588732,-0.0322716485930448,0.1500076676466956,-0.6165797861584714
0.9441100405872944,-0.0329496469356561,0.1521024609513936,-0.61422987956104
0.9442801066237124,-0.0336304785924779,0.1541522171599352,-0.6118504566630578
0.9444538094711018,-0.0343141058968499,0.1561561096957305,-0.6094426990678371
0.9446311412748792,-0.0350004863328622,0.1581133458389322,-0.6070078243587904
0.9448120915960524,-0.035689574736868,0.160023175249045,-0.6045470766174629
0.9449966470325428,-0.036381322110641,0.1618848883440725,-0.6020617287383999
0.9451847919748402,-0.0370756786860259,0.1636978260687329,-0.5995530694111557
0.945376507884902,-0.0377725913742467,0.1654613740826058,-0.5970224101281274
0.9455717739885988,-0.038472006455023,0.1671749706842013,-0.594471073274938
0.9457705676115276,-0.0391738707735422,0.1688381098376291,-0.5919003854087086
0.9459728640013269,-0.0398781310545839,0.1704503392645265,-0.5893116773962153
0.9461786364092654,-0.0405847341505992,0.1720112607733564,-0.5867062812005658
0.9463878568129126,-0.041293629421006,0.1735205348066699,-0.5840855188088475
0.9466004956926,-0.0420047677779629,0.1749778770425839,-0.581450703473319
0.9468165222904034,-0.042718102386281,0.1763830585491729,-0.5788031349594451
0.9470359051207594,-0.0434335901253104,0.1777359069282023,-0.57614409204207
0.9472586119236815,-0.0441511911607882,0.1790363033418039,-0.5734748321301368
0.9474846101362882,-0.0448708701908471,0.1802841825184104,-0.5707965848165671
0.9477138665848488,-0.0455925951706277,0.1814795280499985,-0.5681105549583607
0.9479463483737856,-0.0463163398332532,0.1826223740959752,-0.5654179117918997
0.9481820223621816,-0.0470420817265857,0.1837127993356591,-0.5627197949028283
0.9484208556919256,-0.0477698035709349,0.184750926426249,-0.5600173080058051
0.9486628159324172,-0.0484994933900929,0.1857369192329203,-0.5573115174643901
0.9489078710562692,-0.0492311441427846,0.1866709793988603,-0.5546034528323468
0.9491559893733932,-0.0499647532638851,0.1875533430013951,-0.551894107873219
0.9494071399568688,-0.0507003236754659,0.1883842790490229,-0.5491844362966397
0.9496612923050524,-0.0514378625463329,0.1891640852784768,-0.5464753559564824
0.9499184168780688,-0.0521773826335221,0.1898930869902904,-0.543767743667629
0.9501784846000708,-0.052918900628692,0.1905716327298871,-0.5410624411574854
0.9504414670205462,-0.0536624374559751,0.1912000923090046,-0.5383602539295711
0.9507073365606336,-0.0544080188024846,0.1917788549309248,-0.5356619494155004
0.950976066120434,-0.0551556738637555,0.1923083259581751,-0.5329682616954242
0.9512476294141028,-0.055905436159927,0.1927889255135502,-0.5302798887791146
0.9515220005712296,-0.0566573423218728,0.1932210857174037,-0.5275974972767921
0.9517991544516652,-0.0574114328744889,0.1936052494225712,-0.5249217199416023
0.9520790662389506,-0.0581677510536412,0.1939418678939144,-0.5222531602845328
0.952361711650016,-0.0589263433289826,0.1942313996022454,-0.5195923911370033
0.9526470668041216,-0.059687259008481,0.1944743086133713,-0.5169399565173142
0.952935108118244,-0.0604505499363083,0.1946710632056509,-0.5142963731663874
0.953225812402356,-0.0612162707343447,0.1948221347446085,-0.511662130213861
0.9535191564966752,-0.0619844778465482,0.1949279963953503,-0.5090376929841434
0.9538151174926672,-0.0627552301386308,0.1949891223025774,-0.5064235014324021
0.9541136725963898,-0.0635285885601515,0.1950059866138596,-0.5038199718326053
0.95441479887784,-0.0643046155307684,0.1949790626844668,-0.501227499349198
0.954718474838374,-0.0650833790015492,0.1949088219801641,-0.498646445091378
0.9550246783158036,-0.0658649470825214,0.1947957333183066,-0.4960771547192268
0.9553333860600142,-0.066649387062755,0.1946402629264017,-0.4935199619326278
0.9556445747762446,-0.0674367681614337,0.1944428737885811,-0.4909751797792535
0.955958220633746,-0.0682271603520531,0.1942040254353047,-0.4884431049423755
0.9562742995209164,-0.0690206350892038,0.1939241734064679,-0.4859240158130632
0.9565927868694206,-0.0698172649462163,0.1936037689860175,-0.4834181740936094
0.9569136576344496,-0.0706171236531094,0.1932432588815383,-0.4809258250913152
0.957236886240004,-0.0714202860505462,0.1928430849612239,-0.4784471982704845
0.9575624463585928,-0.0722268276385431,0.1924036842575946,-0.4759825090210488
0.9578903110489292,-0.0730368250191505,0.1919254885678359,-0.4735319576451905
0.9582204526307946,-0.0738503556878007,0.191408924379779,-0.4710957303559133
0.9585528425459644,-0.0746674977966787,0.1908544128920315,-0.4686740003099214
0.9588874514552526,-0.0754883305024201,0.1902623696769646,-0.4662669268812904
0.959224249034768,-0.0763129335762618,0.1896332048480309,-0.4638746571174974
0.9595632039751848,-0.077141387516891,0.1889673229238926,-0.4614973256762732
0.9599042839486478,-0.0779737735852992,0.1882651227436112,-0.4591350549922822
0.960247455506582,-0.0788101736733086,0.1875269975350386,-0.4567879559029819
0.960592683995691,-0.0796506702194504,0.1867533349793899,-0.4544561281071158
0.9609399336268905,-0.0804953464989992,0.1859445169377777,-0.4521396595751908
0.9612891673859922,-0.0813442865300609,0.1851009195107587,-0.4498386270383905
0.9616403466714014,-0.0821975743191687,0.1842229138186688,-0.4475530982064871
0.9619934318093774,-0.0830552952413466,0.1833108646380704,-0.4452831282146229
0.9623483814484212,-0.0839175346977032,0.1823651317930494,-0.4430287633979941
0.9627051527435204,-0.0847843786941518,0.1813860696205089,-0.4407900398670012
0.9630637012908728,-0.0856559138151126,0.1803740270359482,-0.4385669837159102
0.9634239811894992,-0.0865322275075403,0.1793293472337576,-0.4363596104388869
0.963785944785952,-0.0874134075963518,0.1782523682912576,-0.4341679262888766
0.964149542578954,-0.0882995421888863,0.1771434233707757,-0.4319919285846464
0.9645147234027168,-0.089190720260022,0.1760028400573634,-0.4298316043505655
0.964881434005288,-0.0900870307638126,0.1748309415461859,-0.4276869325594876
0.965249619483318,-0.0909885638365551,0.1736280451581317,-0.4255578812927453
0.965619222791365,-0.0918954097417168,0.172394463765465,-0.4234444103432836
0.9659901847366308,-0.0928076589986014,0.1711305057284702,-0.4213464709091162
0.9663624441922338,-0.0937254030525404,0.1698364740392292,-0.4192640040820234
0.9667359376723068,-0.0946487333771606,0.1685126676348006,-0.4171969429367256
0.9671105995746692,-0.0955777422205792,0.1671593804233591,-0.4151452108423243
0.9674863619348754,-0.0965125221487931,0.1657769019985264,-0.413108722503346
0.9678631544443688,-0.0974531662420174,0.1643655174272609,-0.4110873835174232
0.9682409042397704,-0.0983997677217335,0.162925507882505,-0.4090810911588254
0.9686195360069164,-0.0993524203634972,0.1614571501001725,-0.4070897334584883
0.9689989719166622,-0.1003112184948716,0.1599607164353282,-0.405113189198817
0.9693791313602492,-0.1012762564850689,0.1584364757251951,-0.4031513289270573
0.9697599310853338,-0.1022476292457027,0.1568846925812277,-0.4012040138628283
0.9701412849631468,-0.1032254317990944,0.1553056281374283,-0.3992710967149758
0.9705231040983832,-0.1042097597201208,0.1536995394074747,-0.3973524207300183
0.9709052966282944,-0.105200708785828,0.1520666799060998,-0.3954478203200347
0.9712877676013488,-0.1061983748224639,0.15040729997121,-0.3935571212565202
0.9716704190612904,-0.1072028540884366,0.1487216461915292,-0.3916801398412678
0.9720531498317864,-0.1082142428795074,0.147009962117879,-0.3898166835564513
0.9724358555305048,-0.1092326377319337,0.1452724879795939,-0.3879665505700467
0.9728184284570788,-0.1102581352961454,0.1435094609479479,-0.3861295298549495
0.9732007574944658,-0.1112908322425572,0.1417211153489959,-0.3843054012288072
0.973582728086132,-0.1123308253714881,0.1399076825209434,-0.382493935023723
0.9739642221002736,-0.1133782114184784,0.1380693911948118,-0.3806948922886272
0.974345117812726,-0.1144330871813473,0.1362064673130226,-0.3789080244195834
0.9747252897466576,-0.1154955492536011,0.1343191345355248,-0.3771330734586811
0.9751046086513364,-0.1165656941388637,0.1324076140740527,-0.3753697717301906
0.9754829414596926,-0.117643618312883,0.1304721246078575,-0.3736178415753133
0.9758601511196228,-0.1187294179263469,0.1285128828403492,-0.3718769956649101
0.9762360965402308,-0.1198231888273566,0.1265301034845987,-0.3701469367693309
0.9766106324761038,-0.12092502640405,0.1245239995691748,-0.3684273578090718
0.9769836094952052,-0.1220350256689047,0.1224947823018056,-0.3667179415153115
0.9773548739840112,-0.1231532814643894,0.1204426606994702,-0.3650183599170636
0.97772426780658,-0.1242798876254131,0.1183678431290041,-0.3633282754061326
0.9780916284928708,-0.1254149377258505,0.116270535941222,-0.3616473393728682
0.9784567889831832,-0.1265585244885924,0.1141509445516833,-0.3599751928694844
0.978819577590911,-0.1277107398487829,0.1120092733192661,-0.3583114662693539
0.9791798179318748,-0.1288716749177047,0.1098457256006732,-0.3566557790746792
0.9795373289201048,-0.1300414201670469,0.1076605033868536,-0.355007739411819
0.9798919244299032,-0.1312200645181669,0.1054538089806674,-0.3533669450599716
0.9802434134538884,-0.1324076960366418,0.103225843674526,-0.3517329821941738
0.980591599963408,-0.1336044016712127,0.1009768082023935,-0.3501054254892524
0.9809362828408684,-0.1348102672264823,0.0987069027504679,-0.3484838378856619
0.9812772557574564,-0.1360253771442208,0.0964163273229117,-0.3468677706053332
0.9816143067316973,-0.1372498130971589,0.0941052843470277,-0.3452567647019057
0.9819472189596972,-0.1384836571801413,0.0917739725968647,-0.3436503465416731
0.9822757697128662,-0.1397269881231779,0.0894225942763505,-0.3420480324902465
0.9825997307529996,-0.1409798829538578,0.087051351817038,-0.3404493263798963
0.9829188684571788,-0.1422424177332923,0.0846604464070101,-0.3388537182732057
0.9832329432656828,-0.1435146656390231,0.0822500815380124,-0.3372606865818004
0.9835417097931284,-0.1447966975654306,0.0798204617836037,-0.3356696969398563
0.9838449166824708,-0.146088581721347,0.0773717934677745,-0.3340802023479378
0.9841423067932276,-0.1473903846619241,0.074904282608242,-0.3324916415480586
0.984433616729428,-0.1487021695036508,0.0724181381924007,-0.3309034408535605
0.9847185770635748,-0.1500239971175238,0.0699135698018932,-0.329315012309144
0.984996911897654,-0.1513559243492112,0.0673907908638509,-0.3277257554475029
0.9852683392091685,-0.1526980058560643,0.0648500150415779,-0.3261350546817009
0.9855325704171892,-0.154050292298699,0.0622914595243811,-0.3245422810604801
0.9857893104585675,-0.1554128309234542,0.0597153437801429,-0.3229467911464083
0.9860382577653196,-0.1567856657615504,0.0571218890294666,-0.3213479263591983
0.9862791040335692,-0.1581688367009973,0.0545113198429882,-0.319745013620505
0.9865115340537832,-0.1595623787358201,0.0518838653888673,-0.3181373657544162
0.9867352259072568,-0.1609663234033494,0.0492397565455505,-0.3165242793511743
0.9869498506300212,-0.1623806971179453,0.0465792288615619,-0.3149050362070833
0.987155072227856,-0.1638055215360202,0.0439025216732115,-0.3132789023972728
0.9873505476411074,-0.1652408137419882,0.0412098775569733,-0.3116451275494738
0.9875359266067396,-0.1666865857678679,0.0385015430269213,-0.3100029448613716
0.9877108513762842,-0.1681428427768303,0.0357777717161276,-0.3083515726072234
0.9878749569488678,-0.1696095853086636,0.0330388199406197,-0.3066902110144061
0.9880278708009824,-0.1710868077089608,0.0302849494068934,-0.3050180434566071
0.9881692128152716,-0.1725744980449239,0.0275164271208551,-0.3033342359334609
0.9882985951339124,-0.174072637230713,0.0247335267564109,-0.3016379374227147
0.9884156220905224,-0.1755811988155856,0.0219365287725363,-0.2999282794604151
0.9885198902519716,-0.1771001505612721,0.0191257172118967,-0.298204373666328
0.9886109881052876,-0.1786294514603761,0.0163013849398648,-0.2964653144073836
0.9886884961174556,-0.1801690537812053,0.0134638295575398,-0.29471017573049
0.9887519864398931,-0.1817188990179314,0.0106133605528723,-0.2929380152022605
0.9888010230491672,-0.1832789224118017,0.007750290638083,-0.2911478679473587
0.9888351614554178,-0.184849048631318,0.0048749433605071,-0.2893387507377793
0.9888539486739336,-0.186429192846353,0.0019876507590721,-0.2875096598966341
0.9888569231096954,-0.1880192611981979,-0.000911247860033,-0.2856595698264047
0.988843614424542,-0.1896191482274931,-0.0038214016151281,-0.2837874350294534
0.9888135098126726,-0.1912301437838587,-0.006744998734678,-0.2818905270829778
0.9887660640884838,-0.1928524721018417,-0.0096822867034611,-0.2799673026952208
0.9887007201060172,-0.1944860372114816,-0.0126329396775231,-0.2780165467991913
0.988616907424,-0.1961307313417875,-0.0155966206539286,-0.2760370109796698
0.9885140421849272,-0.1977864306623389,-0.0185729743876877,-0.2740274167816358
0.9883915266781824,-0.1994529978895148,-0.021561632730621,-0.2719864507068033
0.9882487491687144,-0.2011302793162177,-0.0245622099553988,-0.2699127658235399
0.9880850836692836,-0.2028181037305939,-0.0275743015420868,-0.2678049810562123
0.9878998898374984,-0.2045162803037057,-0.0305974811789827,-0.2656616817042675
0.9876925124658572,-0.2062246002912478,-0.0336313046041796,-0.2634814150701414
0.9874622814175787,-0.2079428340661503,-0.0366753051631449,-0.2612626918141971
0.9872085116874784,-0.2096707282133248,-0.0397289895764546,-0.2590039872855357
0.9869305027784626,-0.2114080075415053,-0.0427918424655052,-0.2567037363738871
0.9866275391057772,-0.2131543699503062,-0.0458633183024363,-0.2543603375722431
0.9862988897054544,-0.214909486475417,-0.0489428425932479,-0.2519721502482692
0.9859438081686344,-0.2166729997073551,-0.0520298102457915,-0.2495374939176946
0.9855615331361938,-0.2184445197598122,-0.0551235797346688,-0.2470546508826454
0.9851512877366094,-0.2202236256353279,-0.0582234767911215,-0.2445218613493122
0.9847122806642004,-0.2220098591096525,-0.0613287851047954,-0.2419373289584451
0.9842437065261692,-0.2238027228966057,-0.0644387446232504,-0.2392992204981045
0.9837447460558284,-0.2256016794108974,-0.0675525509645274,-0.2366056646711948
0.9832145670347406,-0.227406147094478,-0.0706693506930053,-0.2338547544598834
0.9826523251040076,-0.2292154977547874,-0.0737882384584735,-0.231044548150578
0.9820571661661268,-0.2310290495342131,-0.0769082467235599,-0.228173077447146
0.9814282260668338,-0.2328460692229231,-0.080028351699346,-0.2252383413116213
0.9807646354294944,-0.2346657597357832,-0.0831474538676658,-0.2222383237417508
0.9800655195537415,-0.2364872633792756,-0.0862643857606876,-0.2191709869565441
0.9793300026685268,-0.2383096534233715,-0.0893778997446035,-0.2160342840292713
0.978557210253132,-0.2401319322170013,-0.0924866671151465,-0.2128261615940631
0.977746275630345,-0.2419530203154496,-0.0955892619270842,-0.2095445793177024
0.976896344046027,-0.243771753783219,-0.0986841588611023,-0.2061875169506087
0.9760065774201492,-0.2455868810433086,-0.1017697303126207,-0.2027529833165915
0.9750761622256212,-0.2473970548732521,-0.1048442352139656,-0.1992390362381634
0.974104317853052,-0.2492008260571867,-0.1079058106372363,-0.1956438023174178
0.9730903050441304,-0.2509966392705083,-0.1109524670734308,-0.1919654953593889
0.9720334363489443,-0.2527828276369682,-0.1139820812667061,-0.1882024407693949
0.97093308977153,-0.2545576049012431,-0.11699238472986,-0.1843531094878442
0.9697887164070778,-0.2563190702893895,-0.1199809733958397,-0.180416129306824
0.9685998602019124,-0.2580651966545214,-0.122945288415842,-0.176390337342844
0.9673661676317306,-0.259793837886646,-0.1258826290036375,-0.1722747960836221
0.9660874063214108,-0.2615027255996704,-0.1287901463107317,-0.1680688392709783
0.964763480234718,-0.2631894742888135,-0.1316648507464791,-0.1637721051984401
0.9633944428951804,-0.2648515913840546,-0.1345036265825731,-0.1593845636692331
0.961980516983198,-0.2664864818158374,-0.1373032359901505,-0.1549065637523889
0.9605221015780786,-0.2680914695867357,-0.1400603508177605,-0.1503388426756958
0.959019789428994,-0.2696638086450848,-0.1427715647251948,-0.1456825681112132
0.9574743709298016,-0.2712007094890447,-0.1454334309195042,-0.1409393404025775
0.9558868413099384,-0.27269936155527,-0.1480424913994008,-0.136111207574063
0.9542584002080692,-0.2741569622277546,-0.1505953164872382,-0.1312006597495884
0.9525904493981554,-0.2755707453907933,-0.1530885426676386,-0.126210621296217
0.9508845818389118,-0.2769380146233508,-0.1555189179870407,-0.1211444203749088
0.9491425719163052,-0.2782561714587884,-0.1578833385739105,-0.1160057656929646
0.9473663525769228,-0.2795227494839196,-0.1601788958438338,-0.1107986878649327
0.9455579982113692,-0.2807354385893674,-0.1624029069328912,-0.1055275011471766
0.9437196949545796,-0.2818921128168405,-0.1645529529325512,-0.1001967310676255
0.9418537147744236,-0.2829908493916133,-0.1666269030156794,-0.0948110556538661
0.939962387968243,-0.2840299434204377,-0.16862293269766,-0.0893752436528493
0.93804807050761,-0.2850079200099751,-0.1705395400321381,-0.083894079029563
0.9361131206684412,-0.2859235362799405,-0.1723755454025368,-0.0783723125951703
0.934159870346836,-0.2867757821459774,-0.1741300918012122,-0.0728145981185384
0.932190604164276,-0.2875638737133735,-0.1758026334443576,-0.0672254499660661
0.9302075370833192,-0.2882872446349263,-0.1773929230416371,-0.0616091952909173
0.928212801890721,-0.2889455315849568,-0.1789009891438493,-0.0559699527013308
0.9262084324584822,-0.2895385601766345,-0.1803271165385462,-0.0503115972076463
0.9241963601532605,-0.2900663259877656,-0.1816718171074728,-0.0446377605020598
0.9221784069365904,-0.2905289771780228,-0.1829358049424285,-0.0389518199833266
0.9201562831269596,-0.2909267963290388,-0.184119969969593,-0.0332568991663127
0.9181315864295784,-0.2912601829194212,-0.1852253529453664,-0.0275558700079503
0.9161058065033448,-0.2915296360493856,-0.1862531197959829,-0.0218513693331913
0.9140803255237892,-0.2917357392852802,-0.1872045407722147,-0.0161458026800025
0.9120564260298738,-0.2918791459557122,-0.1880809683729258,-0.0104413675457132
0.9100352958891422,-0.2919605665753566,-0.1888838194712071,-0.0047400676078864
0.9080180313743924,-0.2919807576349496,-0.1896145602789973,0.0009562791336545
0.9060056470393512,-0.29194051154687,-0.1902746907654796,0.0066460136208565
0.9039987436166586,-0.2918406265373638,-0.1908658269031595,0.0123285784478799
0.90199803564057,-0.2916818988673582,-0.1913895076676857,0.0180030304416661
0.9000043391641561,-0.2914651421739499,-0.1918472218400692,0.0236680745087164
0.8980184067854906,-0.2911911808664739,-0.192240458818641,0.0293225319257986
0.8960409319902224,-0.2908608451635979,-0.1925707020945848,0.0349653303654379
0.8940725545274444,-0.2904749670940221,-0.1928394235890988,0.040595491035223
0.8921138640798317,-0.2900343769804939,-0.1930480792395781,0.0462121206863009
0.890165404808255,-0.2895399007271252,-0.1931981052462954,0.051814401097203
0.8882276808491077,-0.2889923580897877,-0.1932909151024371,0.0574015757177203
0.8863011549707926,-0.2883925595674909,-0.1933278975850657,0.0629729559447546
0.8843862559377182,-0.2877413060390157,-0.1933104146690055,0.0685279022463638
0.8824833760564459,-0.2870393857913469,-0.1932398001198157,0.0740658335674471
0.8805928715117305,-0.2862875721525704,-0.1931173578123946,0.0795862287653056
0.878715081518164,-0.2854866293537677,-0.1929443620167414,0.0850885728545131
0.876850318924525,-0.2846373081703236,-0.192722056913254,0.0905723861884139
0.8749988731710268,-0.2837403459774415,-0.1924516564195516,0.0960372176976553
0.8731610115429913,-0.2827964663001904,-0.1921343440618559,0.1014826430040941
0.8713369797480914,-0.2818063780873369,-0.1917712727863315,0.1069082644726489
0.869527005291409,-0.2807707766115552,-0.1913635654145261,0.1123137028578433
0.8677312969494367,-0.2796903424467704,-0.1909123144834491,0.1176986004323767
0.8659500465801384,-0.2785657417518137,-0.1904185825684852,0.1230626171058427
0.8641834309066048,-0.2773976267506209,-0.1898834027697649,0.1284054264882202
0.8624316095974597,-0.2761866338129976,-0.1893077781018976,0.1337267230864771
0.8606947307440744,-0.2749333865343526,-0.1886926831992985,0.1390262070382634
0.8589729272337364,-0.2736384927273902,-0.1880390631874375,0.1443035963645968
0.8572663207386252,-0.2723025467325298,-0.187347835082851,0.1495586160194429
0.855575020586025,-0.270926128125142,-0.1866198874385022,0.1547910024733597
0.8538991231328175,-0.2695098005559492,-0.1858560799609874,0.1600005068233081
0.8522387157769775,-0.268054114518146,-0.1850572452332769,0.1651868834447805
0.8505938765291254,-0.2665596066829409,-0.1842241886558296,0.1703498922522469
0.8489646718681161,-0.2650267974296914,-0.1833576873040479,0.1754893064227423
0.8473511604755427,-0.2634561936912433,-0.1824584917279828,0.1806049016402174
0.8457533913622923,-0.2618482867090114,-0.1815273249024512,0.1856964629024694
0.8441714053962464,-0.2602035529275869,-0.180564882925204,0.190763780590774
0.8426052371360652,-0.2585224554443737,-0.1795718360709979,0.1958066454053033
0.8410549104130451,-0.2568054387224509,-0.1785488258486084,0.200824863406921
0.8395204446675022,-0.255052934778505,-0.177496468813161,0.2058182364285112
0.8380018514826026,-0.2532653588936142,-0.1764153541858951,0.2107865739907827
0.8364991374022388,-0.2514431122489627,-0.1753060455816977,0.2157296848580678
0.8350123001485731,-0.2495865767207899,-0.1741690779757043,0.2206473901877415
0.8335413342642815,-0.247696121052591,-0.1730049615792828,0.2255395056666298
0.8320862269349388,-0.2457720950149795,-0.1718141783812586,0.2304058559645607
0.8306469601630563,-0.2438148313074871,-0.1705971833988963,0.2352462682366611
0.8292235118646823,-0.2418246463298831,-0.1693544052528037,0.2400605690431634
0.8278158559452363,-0.2398018396323455,-0.1680862459174072,0.2448485846295804
0.826423960015123,-0.2377466897651351,-0.1667930781862299,0.2496101492983332
0.8250477884801808,-0.2356594577434252,-0.1654752478940761,0.2543450955097437
0.823687302471152,-0.2335403861669671,-0.1641330734238587,0.2590532545938374
0.822342457194432,-0.2313896940484067,-0.1627668424660152,0.2637344664756676
0.8210132073952648,-0.2292075843506886,-0.1613768168247268,0.2683885612430681
0.819699501816824,-0.2269942340302888,-0.1599632261101656,0.2730153789172171
0.8184012891881329,-0.2247498027067943,-0.1585262732669471,0.2776147489501861
0.8171185141621565,-0.2224744247421417,-0.1570661295196899,0.2821865048986194
0.8158511176895524,-0.2201682082697283,-0.1555829337160758,0.2867304836640861
0.8145990406460764,-0.2178312403162582,-0.1540767955888633,0.2912465129229766
0.813362221491328,-0.2154635812316795,-0.152547792140685,0.2957344198117718
0.8121405974222876,-0.2130652652410674,-0.1509959679425748,0.3001940271225435
0.8109341034598303,-0.2106362969486033,-0.1494213328028438,0.304625156963588
0.8097426750784888,-0.2081766547823055,-0.1478238639145328,0.3090276214119589
0.8085662456827788,-0.2056862840101111,-0.1462035012273252,0.3134012320301133
0.8074047496067814,-0.2031651008810653,-0.1445601500188379,0.3177457890028307
0.8062581219924411,-0.2006129904705189,-0.1428936793703664,0.3220610816464443
0.8051262973247706,-0.1980298011487919,-0.1412039184064238,0.3263468940327208
0.8040092130163823,-0.1954153502383465,-0.1394906598232517,0.3306029915184824
0.8029068068188747,-0.1927694156386967,-0.1377536542257487,0.3348291305064457
0.8018190215451036,-0.190091744431045,-0.1359926155709884,0.3390250402803425
0.8007458003183237,-0.1873820386906243,-0.1342072116313912,0.3431904410405776
0.7996870927500698,-0.1846399677832519,-0.1323970718426591,0.3473250198038316
0.7986428536524479,-0.1818651626081,-0.1305617832816377,0.3514284348282458
0.7976130444779997,-0.179057216476316,-0.1287008909955179,0.3555003093949719
0.7965976354256419,-0.1762156880574506,-0.1268138997078935,0.3595402227079714
0.7955966074390488,-0.173340104503525,-0.1249002756673567,0.3635477008994942
0.7946099526277359,-0.1704299603484226,-0.1229594457088148,0.3675222140939308
0.7936376802179531,-0.167484733158556,-0.1209908075284907,0.3714631509065807
0.7926798179126383,-0.164503887232236,-0.1189937321112785,0.37536981080712
0.7917364159669363,-0.1614868865611041,-0.1169675724648937,0.3792413850732792
0.790807552321732,-0.1584332133270941,-0.1149116762748359,0.3830769327178452
0.7898933380890774,-0.1553423905183917,-0.1128254016210448,0.3868753541399652
0.7889939248745007,-0.1522140146056727,-0.110708139875672,0.3906353562096967
0.7881095126820242,-0.1490477956496154,-0.108559344177768,0.3943554137502127
0.787240357751119,-0.145843603756708,-0.1063785629143898,0.3980337300839418
0.7863867842453318,-0.1426015381159713,-0.1041654894730026,0.4016681799338125
0.7855491926846963,-0.1393219950176763,-0.1019200125010961,0.4052562645568521
0.7847280697350654,-0.1360057531438122,-0.0996422793521594,0.4087950598124765
0.7839239961245582,-0.1326540659919083,-0.0973327660922778,0.4122811710449444
0.7831376495263943,-0.1292687487371761,-0.0949923454954293,0.4157107090561476
0.7823697999714224,-0.1258522465792501,-0.0926223440150181,0.4190792989405896
0.7816212977752459,-0.1224076793696719,-0.0902245838167631,0.4223821233522006
0.7808930478496092,-0.1189388263163348,-0.0878013840771659,0.4256140289782746
0.7801859731674479,-0.1154500489308084,-0.0853555190668516,0.4287696863397075
0.7795009685226918,-0.1119461420559294,-0.0828901245103032,0.4318437996695221
0.7788388504129377,-0.1084321259313798,-0.0804085597829638,0.4348313419975774
0.7782003101364586,-0.1049130045895824,-0.0779142425120203,0.4377277834685098
0.7775858773820334,-0.1013935261997094,-0.0754104800897589,0.4405292785328062
0.7769959005599836,-0.0978779871581228,-0.0729003278928977,0.4432327809532531
0.7764305431565355,-0.0943700916885155,-0.0703864834539523,0.4458360866711153
0.7758897965928546,-0.0908728898082408,-0.0678712341867509,0.448337799366151
0.7753735025489628,-0.0873887714176978,-0.0653564441947092,0.4507372487874559
0.774881381662744,-0.0839195128115727,-0.0628435786901392,0.453034374935535
0.7744130631570917,-0.0804663513352745,-0.0603337494576713,0.4552296029719342
0.7739681115716214,-0.077030066139728,-0.0578277658744908,0.4573237270769528
0.7735460506542092,-0.0736110657951275,-0.0553261922243672,0.4593178037329951
0.7731463822566598,-0.0702094645002269,-0.0528293980229548,0.4612130653864661
0.7727686013326864,-0.0668251507351844,-0.0503376039998424,0.4630108501790035
0.7724122067254289,-0.0634578406736007,-0.0478509179083437,0.4647125499616469
0.7720767095938796,-0.0601071276708824,-0.0453693682855885,0.4663195683972668
0.7717616380496451,-0.056772509448949,-0.0428929223939941,0.4678332964360583
0.7714665413935923,-0.0534534213115355,-0.0404215091134966,0.4692550893068513
0.7711909919999523,-0.0501492535219171,-0.0379550304890014,0.4705862545877782
0.770934586475816,-0.0468593659052911,-0.035493371477246,0.4718280437337869
0.7706969461990284,-0.0435830993842897,-0.033036407617393,0.472981646655659
0.7704777173181553,-0.040319783774238,-0.030584010062061,0.4740481890147789
0.7702765704048726,-0.037068742592458,-0.0281360484792513,0.4750287313569711
0.7700932000530528,-0.0338292982587754,-0.0256923943324281,0.475924268675255
0.7699273241661206,-0.0306007727005565,-0.0232529207613052,0.4767357316706838
0.7697786833852334,-0.0273824899460519,-0.020817504002233,0.4774639875073065
0.7696470404132855,-0.0241737763088305,-0.0183860230258079,0.4781098412516302
0.769532179441254,-0.0209739618511508,-0.0159583601698376,0.4786740369811628
0.7694339055048165,-0.017782378786589,-0.0135343994754371,0.4791572593984519
0.7693520440009455,-0.0145983621701053,-0.0111140267753832,0.4795601348161008
0.7692864402450098,-0.0114212509621785,-0.0086971300895222,0.4798832320906772
0.7692369590093862,-0.0082503861567014,-0.0062835978049449,0.4801270637906775
0.7692034841774436,-0.0050851100341812,-0.0038733177248536,0.4802920869340241
0.7691859184697709,-0.0019247661980593,-0.0014661767298821,0.4803787035016964
0.7691829811842228,3.3778170364928695e-11,-2.1314212114015296e-11,0.4803931887260552
