2.95830961853607
0.7259563710772202,-3.398720543422418e-23,3.661020844461451e-13,0.5815532910760906
0.7259580160823276,0.0020971765849889,0.0009123201475224,0.5815419353929591
0.7259681085791915,0.0056017922258182,0.0024368910318102,0.5814722735216529
0.725987399623257,0.0091074440294169,0.0039618648053495,0.5813391581044213
0.7260159070948341,0.0126145323297586,0.0054873870805656,0.5811425371081602
0.726053654922098,0.0161233718533749,0.0070135682562675,0.5808823509785893
0.7261006732839013,0.0196342788501862,0.0085405222110295,0.5805585314362135
0.7261569987479148,0.0231475744852643,0.0100683685633105,0.5801710007665863
0.7262226741959212,0.0266635742244741,0.011597228834657,0.5797196726230547
0.726297749227543,0.0301826051794485,0.0131272347638418,0.5792044495891995
0.7263822802370908,0.0337049990704163,0.0146585260077609,0.5786252230490811
0.726476330488005,0.0372310885733637,0.0161912493049499,0.5779818731285454
0.7265799706968834,0.0407612216797995,0.0177255654571166,0.5772742652157071
0.7266932790448392,0.0442957514792347,0.0192616456139807,0.5765022504793597
0.7268163416936597,0.0478350440014542,0.0207996753957298,0.5756656630180781
0.7269492534187253,0.0513794852918278,0.0223398586679787,0.5747643163268507
0.7270921174001852,0.054929464956812,0.0238824110802298,0.573798005580957
0.727245046412258,0.0584853968275975,0.0254275697225127,0.5727665005492064
0.7274081631179862,0.0620477128870358,0.0269755911541484,0.5716695447244874
0.7275816004827204,0.0656168610489148,0.0285267510989908,0.5705068537790382
0.7277655026332187,0.0691933115395999,0.030081347873522,0.5692781111862152
0.7279600257929398,0.0727775621358926,0.0316397053176279,0.5679829635443387
0.7281653385804011,0.0763701303831314,0.033202170067617,0.5666210203530395
0.7283816230020348,0.0799715586641881,0.0347691144199016,0.5651918493611722
0.7286090756623601,0.0835824206228953,0.0363409397978105,0.5636949707538901
0.7288479085076521,0.0872033182830828,0.0379180761882844,0.562129854709853
0.7290983501136805,0.0908348868689977,0.0395009849529371,0.5604959156741971
0.7293606467082584,0.0944777940431646,0.0410901592388161,0.5587925087155483
0.7296350632549743,0.0981327392795808,0.0426861244803675,0.557018925824152
0.7299218852107053,0.1018004609451326,0.0442894423103645,0.5551743882485257
0.7302214200029634,0.1054817374431899,0.0459007119395431,0.553258041130068
0.7305339985316344,0.1091773873433596,0.0475205711543899,0.5512689484615255
0.7308599768461599,0.1128882703321126,0.0491496977431429,0.5492060874416065
0.7311997384721831,0.1166152937731387,0.0507888134706653,0.5470683393156657
0.7315536970277433,0.1203594196199437,0.0524386883282793,0.5448544791395896
0.7319222969849922,0.1241216498793279,0.0541001354431643,0.5425631778648458
0.7323060180200088,0.1279030482419375,0.0557740220425586,0.540192982754643
0.7327053769995426,0.131704733677602,0.0574612682238444,0.5377423135517686
0.7331209321037904,0.1355278927646387,0.0591628541776942,0.5352094464466091
0.733553284350322,0.1393737649011735,0.0608798155455694,0.5325925150617977
0.7340030831167643,0.1432436620212019,0.0626132543119468,0.5298894882119964
0.7344710290855679,0.147138961133303,0.0643643378305841,0.5270981647800826
0.7349578785606926,0.1510611065164032,0.066134302364785,0.524216161673947
0.7354644475008952,0.1550116065326698,0.0679244544386385,0.5212409050230449
0.7359916160881651,0.1589920319684135,0.0697361730967508,0.5181696198208567
0.736540331916498,0.1630040014803708,0.0715709064923841,0.5149993292525966
0.7371116112946058,0.1670491530975264,0.0734301621174135,0.5117268661608345
0.7377065421759895,0.1711291284175243,0.0753155027383505,0.5083488761281301
0.7383262789004265,0.175245502669938,0.0772285170466257,0.5048618677073884
0.7389720351366893,0.1793997129404344,0.0791707884029786,0.5012622713086425
0.7396450670356075,0.1835929370739933,0.0811438389583186,0.4975465497727712
0.7403466448201939,0.1878259249858156,0.0831490485459296,0.4937113662785993
0.7410780065413071,0.1920987596064425,0.0851875357559723,0.4897538383813037
0.7418402897497349,0.1964105437440126,0.0872599968164645,0.4856718930661552
0.7426344325833438,0.2007589901355444,0.0893664880876784,0.481464757753532
0.7434610532785707,0.2051399923815196,0.0915061860145783,0.4771335266176315
0.7443203102345519,0.209547203674312,0.0936771353686216,0.4726817810144862
0.7452117825741855,0.2139718290649314,0.0958760868756423,0.4681160516208768
0.7461344075637147,0.218402766219607,0.0980984977240177,0.4634459480086134
0.7470865276975073,0.2228272622545989,0.1003387919419402,0.4586837188496443
0.7480660606665163,0.2272320243538916,0.1025908684758639,0.4538432273206514
0.7490707565919436,0.2316045144362813,0.1048487370198531,0.4489385696062908
0.750098463281773,0.2359340361294458,0.107107087508681,0.4439827542659968
0.7511473271065287,0.240212347110363,0.1093616478370611,0.4389867869693268
0.7522158904748701,0.244433733077243,0.111609279473144,0.4339593127428683
0.7533031030341844,0.2485947171275577,0.1138478841141478,0.4289066904861606
0.7544082740936119,0.252693583213708,0.1160762035618869,0.4238333368848945
0.7555310025003692,0.2567298856773773,0.1182935989104492,0.41874215209735
0.7566711064897603,0.2607040311176222,0.1204998552438505,0.4136349184168392
0.7578285624717178,0.2646169532116728,0.1226950253626,0.4085126333915501
0.7590034568159675,0.2684698792716509,0.1248793149405557,0.4033757642056353
0.7601959492920805,0.2722641692781485,0.1270530013580365,0.3982244349132557
0.7614062459033016,0.2760012084812242,0.1292163779545399,0.3930585611780672
0.7626345838324502,0.2796823526775766,0.1313697252708538,0.3878779251060665
0.7638812140381286,0.2833088753920364,0.1335132812689728,0.3826822547813084
0.7651463939915151,0.2868819521031542,0.1356472316655054,0.3774712568404623
0.7664303813185958,0.2904026498430067,0.1377717027481659,0.3722446431594292
0.7677334308636432,0.29387192797094,0.139886760467044,0.3670021420136531
0.7690557892614233,0.2972906330217039,0.1419924057137325,0.3617435183015541
0.7703976930566333,0.3006595038246145,0.144088575670727,0.3564685784862799
0.7717593703551628,0.3039791849430098,0.1461751504652127,0.3511771615087942
0.7731410369455339,0.3072502256073016,0.148251950948538,0.345869151397017
0.7745428961524394,0.3104730879081772,0.1503187422881882,0.3405444748917792
0.7759651366977395,0.3136481498737533,0.1523752344401666,0.3352031066312492
0.7774079393422361,0.3167757274118569,0.1544210950485667,0.3298450415255179
0.7788714678730256,0.3198560606198809,0.1564559394583492,0.3244703261004025
0.7803558733119078,0.3228893295271782,0.1584793398542177,0.3190790400088782
0.781861295193449,0.3258756619980593,0.1604908296394658,0.3136712891916563
0.7833878572218991,0.328815130062273,0.1624899001572663,0.3082472193334219
0.7849356732344634,0.3317077662823547,0.1644760110389184,0.3028069924152471
0.7865048391278686,0.3345535526421423,0.1664485820089782,0.2973508133057908
0.7880954389413843,0.3373524362619653,0.1684070030697216,0.2918789062259589
0.7897075448288681,0.3401043325246345,0.1703506363312087,0.2863915133856774
0.7913412126426196,0.3428091207867633,0.1722788126186959,0.2808889084195431
0.7929964853899928,0.3454666536038646,0.1741908376441854,0.2753713828956454
0.7946733917869162,0.3480767571376555,0.1760859920799384,0.2698392497576323
0.7963719471768125,0.350639235269983,0.1779635343468984,0.2642928388902567
0.7980921538260451,0.3531538723430232,0.1798227025185026,0.2587324949770783
0.7998339958210904,0.3556204281076437,0.1816627104686189,0.2531585926968114
0.8015974468511484,0.3580386512448966,0.1834827578330602,0.2475715104205219
0.8033824659544424,0.3604082749183335,0.1852820267824354,0.2419716430519292
0.80518899594449,0.3627290166935474,0.1870596819534426,0.2363594058638945
0.8070169684913514,0.365000586833091,0.1888148768530034,0.2307352177652126
0.8088662953630259,0.3672226788445906,0.1905467466816201,0.2250995275252232
0.8107368798752814,0.369394985109588,0.1922544205542704,0.2194527778345593
0.8126286044696477,0.371517183333274,0.1939370110965088,0.213795442459287
0.8145413413824432,0.3735889503876837,0.1955936254672378,0.2081279932731416
0.8164749479922567,0.3756099578548301,0.1972233621017231,0.2024509139001462
0.818429265105405,0.3775798714670329,0.1988253104344604,0.1967647041419933
0.8204041189114472,0.3794983543349905,0.2003985536959474,0.1910698736661938
0.8223993209843905,0.3813650678716027,0.2019421699063069,0.1853669416211819
0.82441466947485,0.3831796737003757,0.2034552337094687,0.1796564329430171
0.8264499462913966,0.3849418318535616,0.2049368151323568,0.1739388861014018
0.8285049212443043,0.3866512051699422,0.2063859835243075,0.1682148411717685
0.8305793457897528,0.388307454672654,0.2078018039169434,0.1624848571403818
0.8326729589540433,0.3899102452721045,0.2091833421019085,0.1567494951546124
0.8347854857423853,0.3914592448671684,0.210529664167896,0.1510093229582697
0.8369166357485407,0.3929541238653951,0.2118398363460554,0.1452649185995592
0.8390661062526991,0.3943945578713703,0.2131129276233084,0.1395168620349817
0.8412335786762248,0.3957802256246759,0.2143480082008011,0.1337657447085929
0.8434187200303219,0.3971108105339226,0.2155441510830922,0.1280121656147227
0.8456211848592631,0.398386002198921,0.2167004337029169,0.1222567262768921
0.8478406141856456,0.3996054959676474,0.2178159377898742,0.1165000337187493
0.850076636194402,0.4007689935500715,0.2188897501761037,0.1107426988616708
0.8523288641609759,0.4018762021886454,0.2199209622599263,0.1049853420287381
0.8545968986020079,0.4029268360707858,0.2209086715212259,0.0992285875522499
0.8568803290978654,0.4039206172291494,0.2218519825993409,0.0934730594483262
0.8591787328521852,0.4048572748541815,0.2227500068717456,0.0877193854209431
0.8614916735363544,0.4057365449540637,0.2236018623127734,0.08196820000657
0.8638187036660195,0.4065581714022935,0.2244066746756115,0.0762201389089216
0.8661593647226377,0.4073219058965536,0.2251635776366781,0.0704758390798171
0.8685131854905667,0.4080275073945403,0.2258717123932779,0.064735943138622
0.8708796843637503,0.408674742852556,0.2265302285333373,0.0590010940402889
0.8732583701370262,0.4092633872519762,0.2271382842098357,0.0532719335821216
0.875648740719148,0.4097932230797044,0.2276950457337152,0.047549105922823
0.8780502828552662,0.4102640402024156,0.2281996875296229,0.0418332585780002
0.8804624751067865,0.4106756363047562,0.228651392689873,0.0361250356929891
0.8828847857155844,0.4110278162042162,0.2290493523231025,0.0304250835419318
0.8853166743568024,0.4113203919182669,0.2293927656864279,0.0247340467590637
0.8877575927307937,0.4115531823798423,0.2296808399352455,0.0190525673777657
0.8902069832089171,0.4117260129602136,0.2299127896101966,0.0133812883798394
0.8926642796314771,0.4118387152720205,0.2300878364225382,0.0077208521747515
0.8951289093045639,0.4118911268691965,0.2302052089496731,0.002071896369072
0.8976002927305278,0.4118830906916889,0.2302641419951535,-0.0035649452028039
0.9000784903845382,0.4118144287289293,0.2302638680990891,-0.0091905068850848
0.9025672002383393,0.411684669751955,0.2302034292163647,-0.0148138151140311
0.9050658946467568,0.4114933016936505,0.2300817069484433,-0.0204342600856852
0.907574025845122,0.41123980966198,0.2298975727879633,-0.0260512116546903
0.9100910293696552,0.4109236756541186,0.2296498875625861,-0.0316640275462322
0.9126163169331272,0.4105443794113014,0.229337501706311,-0.0372720380109091
0.9151492783630224,0.4101013985587829,0.2289592550499906,-0.0428745508775305
0.9176892810915246,0.4095942089071617,0.2285139766838533,-0.0484708511131623
0.920235672760596,0.4090222840167832,0.2280004841293822,-0.0540602072356993
0.9227877782753582,0.4083850957473827,0.2274175833251758,-0.0596418654892029
0.9253449014611672,0.4076821138424318,0.2267640677231708,-0.0652150541900057
0.9279063235177446,0.406912806174773,0.2260387179328362,-0.0707789810695606
0.930471303429477,0.4060766384685427,0.2252403008403901,-0.0763328349368378
0.9330390808584492,0.4051730729481342,0.2243675676225363,-0.0818757927027055
0.9356088744598298,0.4042015682076552,0.2234192528320359,-0.0874070164949566
0.9381798809592732,0.403161578892563,0.222394073252357,-0.0929256525232442
0.9407512808176832,0.4020525524544563,0.2212907237652592,-0.0984308441180764
0.9433222337668266,0.4008739296013894,0.2201078767258621,-0.1039217230550811
0.94589188436898,0.3996251402693197,0.21884417676703,-0.1093974224475666
0.9484593607185646,0.3983056020641835,0.2174982378849553,-0.1148570750237321
0.9510237768843152,0.3969147165659157,0.2160686381941251,-0.1202998195093134
0.9535842345788768,0.3954518653475939,0.2145539141568846,-0.1257248054794091
0.956139827872388,0.3939164034451889,0.2129525519010906,-0.1311312048081855
0.958689643011335,0.3923076546793729,0.2112629801293941,-0.1365182129418825
0.9612327628129784,0.3906249033413089,0.2094835588865359,-0.1418850601224473
0.9637682697333564,0.3888673853154959,0.2076125672736902,-0.1472310201101412
0.966295252548192,0.3870342750914961,0.2056481862558309,-0.1525554269171622
0.9688128090706738,0.3851246734879237,0.2035884815625224,-0.1578576836803571
0.9713200537263236,0.3831375895842028,0.2014313796107141,-0.1631372824069029
0.9738161232440354,0.381071921047819,0.1991746407249466,-0.1683938205505424
0.976300185038216,0.3789264288184409,0.1968158250803248,-0.1736270242757469
0.9787714482409186,0.3766997049193564,0.1943522496715527,-0.1788367786093259
0.9812291723674534,0.374390136715929,0.1917809396023602,-0.1840231542825036
0.9836726815476466,0.371995859322042,0.1890985640883625,-0.189186448458731
0.9861013786990196,0.3695146991301885,0.186301359811528,-0.1943272281388106
0.988514760974952,0.3669441052486087,0.1833850373271888,-0.1994463798712321
0.9909124374134284,0.3642810650863471,0.1803446653428341,-0.2045451688091348
0.9932941418761092,0.3615220084643701,0.1771745367415796,-0.2096252938016614
0.9956597420632944,0.3586626968600569,0.1738680113205055,-0.2146889417533847
0.9980092239683486,0.3556981206977351,0.1704173605478653,-0.2197387988225676
1.0003426288656925,0.3526224388026958,0.1668136540011361,-0.2247779699413933
1.0026598726861162,0.3494290723035765,0.1630468216611466,-0.2298096528677568
1.0049603135163014,0.3461112004920385,0.1591061947897741,-0.2348362628489766
1.0072417830131053,0.3426632303505942,0.1549822349257544,-0.2398573481418263
1.009498627558017,0.3390843089062981,0.1506708052374055,-0.2448651942176527
1.0117184577631353,0.3353851089827194,0.1461816209278347,-0.2498372252105414
1.0138791179502256,0.331596315012845,0.1415491807669759,-0.2547282648061136
1.0159511945050586,0.3277691321285993,0.1368343508452921,-0.259474686093685
1.0179090054942863,0.3239583836966109,0.1321043119721583,-0.2640182984352
1.0197401944276754,0.3202021453761407,0.127407190787942,-0.2683287859878023
1.021444958524861,0.316517569623157,0.1227659982307512,-0.2724034694690612
1.0230301290840405,0.3129082338805011,0.1181870188687305,-0.276254855246782
1.0245046171238796,0.3093715081437064,0.1136686467269122,-0.2799006083423559
1.0258772408960304,0.305902704164692,0.1092064748944702,-0.2833586165050583
1.0271559778282624,0.3024968784734915,0.1047955594018505,-0.2866452085333414
1.0283478184086494,0.2991495058733351,0.1004312990829505,-0.2897747381979198
1.029458840728836,0.2958566555449548,0.096109693475524,-0.2927596884248791
1.0304943401744342,0.2926149858595531,0.0918273676211203,-0.2956109176985153
1.0314589608402582,0.2894216723767709,0.0875815059541669,-0.2983379244801643
1.032356806514317,0.2862743335912629,0.0833697783518771,-0.3009490730840873
1.033191535021943,0.2831709517993163,0.0791902549791361,-0.3034517899425389
1.0339664346563613,0.2801098028647853,0.0750413285989583,-0.305852724549605
1.0346844816220857,0.2770894128926289,0.0709216696800302,-0.3081578674260016
1.0353483907168313,0.2741085055312543,0.066830166076581,-0.310372658972903
1.0359606533595995,0.27116597002499,0.0627658885216614,-0.3125020688750173
1.0365235700047926,0.2682608284775984,0.0587280532060876,-0.3145506658176095
1.037039275054777,0.2653922166028526,0.0547160014561059,-0.3165226691825545
1.0375097581112345,0.2625593653226855,0.0507291795102641,-0.3184219938893823
1.0379368828939204,0.2597615772514146,0.0467671099951385,-0.3202522931715578
1.038322400630692,0.2569982209446521,0.0428293874947881,-0.3220169850087906
1.038667962355038,0.2542687216496223,0.0389156687350223,-0.3237192778113846
1.0389751303961416,0.2515725445513406,0.0350256513759154,-0.3253621977801209
1.0392453863411304,0.2489091938611026,0.0311590749417453,-0.3269486038336509
1.0394801387049146,0.2462782070011614,0.0273157144847957,-0.3284812038719911
1.0396807297825827,0.2436791465721036,0.0234953706385529,-0.3299625706022346
1.0398484410994826,0.24111159829988,0.0196978680795178,-0.3313951524143672
1.039984498398618,0.238575167177893,0.0159230511588046,-0.3327812841846399
1.0400900759953493,0.2360694738943875,0.0121707797283409,-0.3341231968752741
1.0401663005752595,0.2335941514185184,0.0084409249882278,-0.335423026134694
1.040214254441276,0.2311488452588634,0.0047333707087916,-0.336682818218459
1.040234978553613,0.2287332095534332,0.001048008069657,-0.3379045374879195
1.0402294751347951,0.2263469074974473,-0.0026152630605278,-0.339090071088656
1.0401986999425694,0.2239890585684036,-0.006257390018877,-0.3402415011317644
1.0401435104035786,0.221657375424155,-0.0098815391173462,-0.3413614986150221
1.0400647318375456,0.219351650118007,-0.0134876948176945,-0.3424516423657189
1.0399631660060331,0.2170716915642243,-0.0170758151592402,-0.3435134559576706
1.0398395922901538,0.2148173111559085,-0.0206458535679627,-0.3445484171555023
1.0396947684021542,0.2125883157815441,-0.0241977696929625,-0.345557963221975
1.0395294318062591,0.2103845159518903,-0.0277315163682781,-0.3465434890972827
1.0393443003381846,0.2082057203593383,-0.0312470480611707,-0.3475063516653389
1.0391400730196243,0.2060517363110628,-0.0347443200938155,-0.3484478711518763
1.0389174308179754,0.2039223699583056,-0.0382232881868252,-0.3493693325047208
1.0386770373543797,0.2018174264331062,-0.0416839081547654,-0.350271986709222
1.0384195392710016,0.199736707662943,-0.0451261394597565,-0.3511570529884554
1.0381455670552124,0.1976800147310359,-0.0485499413230793,-0.3520257189586768
1.0378557353996634,0.1956471464614642,-0.0519552750468159,-0.3528791423262885
1.037550643649237,0.1936378993185443,-0.0553421042144321,-0.3537184519401607
1.037230876532693,0.1916520692740256,-0.0587103915625507,-0.3545447479608838
1.0368970039310446,0.1896894477667283,-0.0620601058607336,-0.3553591044312942
1.0365495817740806,0.1877498251693998,-0.0653912161279616,-0.3561625686622792
1.0361891522118205,0.1858329896617857,-0.0687036936031915,-0.3569561624890171
1.0358162440419685,0.1839387278096645,-0.0719975108240874,-0.3577408827725012
1.0354313727095743,0.182066823079236,-0.0752726443032559,-0.358517702717514
1.0350350410160631,0.1802170580557555,-0.0785290707707097,-0.3592875716212251
1.0346277389297076,0.1783892122931862,-0.0817667710455063,-0.3600514164034469
1.0342099442566528,0.176583064369749,-0.0849857265391629,-0.3608101413612571
1.033782122760594,0.1747983913297441,-0.0881859203357035,-0.3615646289811884
1.033344728295216,0.1730349683579379,-0.091367337896745,-0.3623157406365662
1.0328982029495173,0.1712925686269693,-0.0945299674820886,-0.3630643171985374
1.032442977707685,0.1695709651430175,-0.0976737969290362,-0.3638111787661877
1.0319794721899227,0.167869928993846,-0.1007988169470023,-0.3645571259191955
1.0315080950432605,0.1661892302259504,-0.1039050196620458,-0.3653029398335763
1.031029244199018,0.164528638162154,-0.1069923981539776,-0.3660493826148679
1.0305433069004135,0.1628879209413155,-0.1100609474382412,-0.3667971979676568
1.0300506600400745,0.1612668461688304,-0.1131106633886109,-0.3675471113584942
1.0295516702078376,0.1596651805836901,-0.1161415434889267,-0.3682998306128194
1.0290466942698104,0.1580826914460918,-0.1191535843277374,-0.3690560456937262
1.0285360787973488,0.1565191442799775,-0.1221467860040648,-0.3698164301965568
1.0280201611106028,0.1549743057189426,-0.1251211468325173,-0.3705816404077389
1.0274992691228666,0.1534479425314688,-0.1280766652836402,-0.3713523161545725
1.0269737208916514,0.1519398199561337,-0.1310133433393404,-0.3721290820639757
1.02644382590504,0.1504497050836138,-0.1339311800500857,-0.3729125462484917
1.025909884430294,0.148977364568757,-0.1368301760684743,-0.3737033018504684
1.025372188023702,0.1475225657299507,-0.1397103316093865,-0.374501926860157
1.02483101963,0.1460850764601871,-0.1425716467120671,-0.3753089845329255
1.0242866538071242,0.1446646654843853,-0.14541412081437,-0.3761250236125242
1.0237393566152555,0.1432611017479916,-0.1482377540636167,-0.3769505790520839
1.0231893862545332,0.1418741557488479,-0.1510425447263286,-0.3777861716046146
1.0226369928303318,0.1405035986017925,-0.1538284911345895,-0.3786323087168688
1.0220824187620323,0.1391492027599281,-0.1565955902974179,-0.3794894844467995
1.021525898831808,0.1378107418181413,-0.1593438383557807,-0.3803581799191231
1.020967660409905,0.1364879907567812,-0.1620732301383052,-0.3812388635043238
1.020407923321376,0.1351807253394864,-0.1647837604589845,-0.3821319915599415
1.019846900649667,0.1338887237096343,-0.1674754208576494,-0.3830380076772061
1.0192847982227216,0.1326117648895347,-0.1701482027423252,-0.3839573440126134
1.0187218153171536,0.1313496301173684,-0.1728020946368179,-0.3848904206632115
1.0181581442255894,0.130102101585509,-0.175437084850055,-0.3858376468862642
1.0175939708959223,0.1288689636062765,-0.1780531590531947,-0.3867994205539034
1.0170294748220503,0.1276500020896203,-0.1806503013930909,-0.3877761288351912
1.0164648294357614,0.126445005125192,-0.183228493263763,-0.3887681480231281
1.0159002019374808,0.1252537623508597,-0.1857877146562866,-0.3897758443240133
1.015335753906855,0.1240760659849733,-0.1883279419428714,-0.3907995732668309
1.014771640736983,0.1229117093798497,-0.190849150982838,-0.3918396812093184
1.014208012521833,0.1217604886221155,-0.1933513136625155,-0.3928965042185054
1.013645013946359,0.1206222020310768,-0.1958343989470889,-0.393970368721676
1.0130827840366916,0.1194966494120885,-0.1982983744913405,-0.395061592468561
1.0125214567465102,0.1183836330052022,-0.2007432045502063,-0.3961704838989748
1.0119611609611066,0.1172829572437106,-0.2031688504699717,-0.3972973425908135
1.0114020206187848,0.1161944287560554,-0.2055752706479292,-0.3984424594836045
1.010844154964127,0.115117856623285,-0.2079624199209054,-0.3996061168178344
1.0102876786263275,0.1140530522924432,-0.2103302497067009,-0.4007885884111538
1.0097327012850896,0.112999828717341,-0.212678709871083,-0.401990140836819
1.0091793286540638,0.1119580020129213,-0.2150077449944809,-0.403211031772336
1.008627661759974,0.1109273898623715,-0.2173172978647565,-0.4044515119928425
1.0080777977868838,0.1099078128903812,-0.2196073063486804,-0.4057118239474059
1.007529829776431,0.1088990938793319,-0.2218777050787475,-0.4069922028345872
1.0069838468730423,0.1079010580143568,-0.2241284248375804,-0.4082928764668785
1.0064399340803614,0.1069135322356935,-0.2263593939513178,-0.4096140662880867
1.0058981728798655,0.1059363461684067,-0.2285705361220421,-0.4109559863264883
1.0053586415791254,0.1049693325348693,-0.2307617694100785,-0.4123188426810976
1.004821414403716,0.1040123253240252,-0.2329330103016596,-0.4137028361894354
1.004286562333676,0.1030651611087432,-0.2350841706497859,-0.4151081607635545
1.0037541529576,0.1021276785933675,-0.2372151586168231,-0.4165350041508462
1.0032242510559573,0.1011997194521843,-0.2393258766831342,-0.4179835467485059
1.00269691784053,0.1002811268084956,-0.2414162250184796,-0.419453964032518
1.0021722119514582,0.0993717468014765,-0.2434860978306722,-0.4209464242106069
1.001650189167234,0.0984714278935574,-0.2455353848511265,-0.4224610893315729
1.0011309019238204,0.0975800198739233,-0.2475639735131049,-0.4239981170817758
1.0006144004186288,0.0966973755929688,-0.2495717449115836,-0.4255576579425501
1.0001007318217885,0.0958233494389523,-0.2515585771760633,-0.4271398578602044
0.999589941402557,0.0949577990944152,-0.2535243413832129,-0.4287448551465644
0.9990820712928076,0.0941005832718625,-0.2554689066090303,-0.4303727846260307
0.9985771616055832,0.0932515634569908,-0.2573921358716514,-0.4320237744963847
0.998075250182917,0.0924106033220554,-0.2592938873709588,-0.4336979473952072
0.9975763723347696,0.091577568139769,-0.2611740157160319,-0.4353954216124425
0.9970805616502416,0.0907523259924775,-0.2630323690967486,-0.4371163086714243
0.996587849332312,0.0899347465143646,-0.2648687920285457,-0.4388607158731729
0.9960982646787886,0.0891247015525486,-0.2666831237631044,-0.440628744956814
0.9956118349301624,0.0883220647754124,-0.268475199070881,-0.4424204929302046
0.9951285856869064,0.0875267122254088,-0.2702448469100892,-0.4442360508246585
0.9946485407769796,0.0867385219642671,-0.271991891132,-0.4460755044092651
0.9941717219155622,0.0859573733858582,-0.273716151903777,-0.4479389358001206
0.9936981496054909,0.0851831485659626,-0.2754174426261714,-0.4498264202531381
0.9932278423446492,0.0844157308378982,-0.2770955729868824,-0.4517380295013737
0.9927608172982424,0.0836550057705839,-0.2787503467123986,-0.4536738293542753
0.9922970900752308,0.0829008606826551,-0.2803815625464698,-0.4556338808133161
0.9918366748456712,0.0821531847168512,-0.2819890139959322,-0.4576182398288324
0.9913795844016708,0.0814118688244834,-0.2835724892764101,-0.4596269572649104
0.9909258302964812,0.0806768058787477,-0.2851317709878087,-0.4616600784953585
0.9904754226676734,0.0799478902786346,-0.2866666368731402,-0.4637176443990652
0.9900283704914732,0.0792250182541449,-0.2881768590839654,-0.4657996904368326
0.9895846814550922,0.0785080875550304,-0.2896622047515,-0.4679062474385301
0.9891443620903152,0.0777969975647089,-0.2911224356596367,-0.4700373411983085
0.9887074178840554,0.0770916493786145,-0.292557308005745,-0.4721929921261674
0.9882738534251924,0.0763919459431345,-0.2939665720542606,-0.474373214666728
0.987843672068628,0.0756977914178308,-0.2953499733540025,-0.4765780191433336
0.9874168763646348,0.0750090917750053,-0.2967072514533978,-0.4788074097766533
0.986993467568763,0.0743257539173922,-0.2980381415693461,-0.4810613874041168
0.9865734465921682,0.0736476871224362,-0.2993423716889781,-0.483339944621615
0.9861568131269164,0.0729748015435056,-0.3006196654396057,-0.4856430705387154
0.9857435661382336,0.0723070089189866,-0.3018697406343781,-0.487970748315396
0.985333703808576,0.071644222398722,-0.3030923095492166,-0.4903229555793684
0.9849272235196904,0.0709863564333932,-0.3042870790650054,-0.4926996646658947
0.9845241220078492,0.0703333269459642,-0.3054537502968183,-0.4951008418404759
0.984124395257498,0.0696850510817022,-0.3065920189940689,-0.4975264480322837
0.9837280386376658,0.0690414473529547,-0.3077015752269133,-0.4999764381356487
0.983335046808045,0.068402435412159,-0.308782103729527,-0.5024507616935282
0.982945413960456,0.0677679363714199,-0.3098332833085399,-0.5049493614867688
0.9825591336100666,0.0671378723920003,-0.3108547874960762,-0.5074721749312701
0.9821761987681912,0.0665121668957225,-0.3118462841487132,-0.5100191330728534
0.9817966019681252,0.0658907445396069,-0.3128074354615606,-0.5125901604725452
0.981420335089594,0.065273530861505,-0.3137378984748901,-0.5151851764832386
0.981047389625346,0.0646604526506741,-0.3146373244542537,-0.5178040935354971
0.9806777569248596,0.0640514382871512,-0.3155053584118764,-0.5204468153975202
0.980311427362022,0.0634464163088642,-0.3163416411388392,-0.5231132431546276
0.9799483912577308,0.0628453168686737,-0.3171458070676041,-0.5258032687288547
0.979588638547819,0.0622480711295127,-0.3179174851468362,-0.5285167772302224
0.9792321586530816,0.0616546109889126,-0.3186562991610895,-0.5312536480122514
0.9788789409118808,0.0610648697410294,-0.3193618668796185,-0.5340137514087739
0.978528974045518,0.0604787811298812,-0.3200338012135173,-0.5367969528815153
0.9781822467265188,0.0598962802425888,-0.3206717091286569,-0.539603108618008
0.9778387472601808,0.0593173029242361,-0.3212751923454107,-0.5424320680241247
0.9774984636665268,0.0587417858612721,-0.3218438472220319,-0.5452836731103944
0.977161383734602,0.0581696666210536,-0.3223772647126172,-0.5481577580541106
0.9768274950454636,0.057600883640373,-0.3228750303911208,-0.551054148995057
0.9764967850542786,0.0570353763166048,-0.3233367244012421,-0.5539726632913241
0.9761692409717616,0.0564730847574755,-0.3237619216984474,-0.5569131105231885
0.9758448499021232,0.0559139499694799,-0.3241501919211637,-0.5598752912497096
0.9755235985684,0.0553579133367553,-0.3245010997681555,-0.5628589995085248
0.9752054738574278,0.054804917515897,-0.3248142044294277,-0.565864017774908
0.9748904624500332,0.0542549057549515,-0.3250890601146803,-0.5688901202684257
0.9745785508966796,0.0537078219789584,-0.325325216020172,-0.5719370722310911
0.9742697255367788,0.0531636106030044,-0.3255222164293594,-0.5750046307049232
0.973963972854241,0.0526222171155052,-0.3256796005479705,-0.5780925409548258
0.9736612792981604,0.0520835877259661,-0.3257969027736431,-0.5812005380767336
0.9733616311360196,0.0515476690621943,-0.3258736528234607,-0.5843283484468907
0.973065014627876,0.0510144084379881,-0.3259093757198892,-0.5874756878947625
0.9727714161234816,0.0504837539908414,-0.3259035919042524,-0.5906422605398696
0.972480821843418,0.0499556542498167,-0.3258558173571107,-0.5938277610215029
0.97219321670378,0.0494300559374584,-0.325765563148981,-0.5970318877079828
0.971908587205884,0.0489069091893505,-0.3256323360959815,-0.6002543108037496
0.9716269198402416,0.0483861646395657,-0.3254556389374344,-0.6034946893333457
0.9713482012242736,0.0478677736398383,-0.3252349705471179,-0.6067526694343695
0.9710724180955022,0.0473516882167759,-0.3249698261291109,-0.6100278842312578
0.970799557353509,0.0468378611210611,-0.3246596974703653,-0.6133199531260208
0.9705296059444994,0.0463262455807425,-0.3243040730210816,-0.616628482987577
0.9702625509993636,0.0458167955313936,-0.3239024382561783,-0.6199530662969301
0.9699983798629854,0.045309465647218,-0.3234542760000127,-0.6232932805214609
0.9697370800405792,0.0448042112139345,-0.3229590666294886,-0.6266486885300928
0.9694786393387884,0.0443009883783687,-0.3224162886510156,-0.6300188365151346
0.9692230458140232,0.0437997540308075,-0.3218254189992517,-0.6334032543186329
0.9689702876461912,0.0433004655359317,-0.3211859330906373,-0.6368014568325622
0.9687203533548538,0.0428030811371402,-0.3204973057024784,-0.6402129408477987
0.9684732317485496,0.0423075598435169,-0.3197590113318778,-0.6436371853647634
0.968228912012164,0.0418138615932364,-0.3189705249693967,-0.6470736500122041
0.9679873835775702,0.041321946983156,-0.3181313222455075,-0.6505217764747099
0.967748636374674,0.0408317777711587,-0.3172408808770738,-0.6539809845343961
0.967512660495598,0.0403433161850392,-0.3162986801125192,-0.657450676485657
0.967279446638534,0.0398565258326773,-0.3153042031049067,-0.6609302302692125
0.9670489857662452,0.0393713709999902,-0.3142569363704646,-0.6644190040068416
0.9668212694251984,0.038887817323198,-0.3131563720052124,-0.6679163307674841
0.9665962894964067,0.0384058312756686,-0.3120020075038182,-0.6714215218326376
0.9663740383609616,0.0379253805294433,-0.3107933475039084,-0.6749338636978868
0.966154508939643,0.0374464340625079,-0.3095299051440217,-0.6784526168911322
0.9659376946458073,0.0369689620823072,-0.3082112030243571,-0.6819770161619598
0.965723589357352,0.0364929359895846,-0.3068367742721214,-0.6855062704251856
0.9655121875405676,0.0360183286847665,-0.3054061646746309,-0.6890395601958141
0.9653034842593504,0.0355451146335369,-0.3039189343169359,-0.692576036818199
0.9650974749885496,0.0350732694878434,-0.302374657831807,-0.6961148250796851
0.964894155911608,0.0346027708121071,-0.3007729282296978,-0.6996550176092384
0.964693523753656,0.0341335977654981,-0.2991133575833186,-0.703195677124671
0.9644955757778582,0.0336657311542694,-0.2973955788868411,-0.7067358359919171
0.9643003098269948,0.0331991535985319,-0.2956192484404012,-0.7102744949832328
0.9641077243282756,0.0327338496232759,-0.2937840481054822,-0.713810622676217
0.9639178182555624,0.0322698056534554,-0.2918896872749281,-0.7173431556661108
0.9637305912395706,0.0318070103791918,-0.2899359064622951,-0.7208709960517607
0.9635460432906864,0.0313454541748926,-0.2879224770371013,-0.7243930162298722
0.96336417488288,0.0308851293984258,-0.2858492045226677,-0.7279080571002563
0.9631849870259228,0.030426030684369,-0.2837159321402592,-0.7314149264142481
0.963008481285312,0.0299681551252617,-0.2815225440787647,-0.7349123980968466
0.962834659546565,0.0295115017935051,-0.2792689656347066,-0.7383992167381005
0.9626635241287756,0.0290560721639278,-0.2769551675848357,-0.7418740953386539
0.9624950773642256,0.0286018691228104,-0.2745811634346266,-0.7453357239725416
0.962329322112528,0.0281488984695999,-0.272147019362865,-0.7487827595681563
0.962166261162998,0.0276971674433541,-0.2696528488267251,-0.752213838512602
0.9620058975378184,0.0272466856751476,-0.2670988197696178,-0.7556275709030538
0.9618482344604176,0.02679746526294,-0.2644851574689683,-0.7590225416556823
0.9616932746797944,0.0263495189793204,-0.2618121361282438,-0.7623973258224954
0.9615410209634904,0.0259028617737834,-0.259080089207833,-0.7657504790769372
0.9613914761734608,0.0254575111607684,-0.2562894139727458,-0.7690805368693037
0.9612446424006522,0.025013484776328,-0.2534405579409473,-0.7723860348329865
0.9611005213666772,0.0245708016259036,-0.2505340275677962,-0.7756655015220731
0.96095911431769,0.0241294818545759,-0.2475703879306686,-0.7789174623517504
0.9608204221606134,0.0236895472694089,-0.2445502673326617,-0.7821404380798175
0.9606844446083238,0.0232510186910172,-0.2414743397964127,-0.7853329665243846
0.960551181066606,0.0228139187934855,-0.2383433448070598,-0.7884935840298425
0.9604206299453446,0.0223782699366404,-0.2351580724982697,-0.7916208436305046
0.9602927886113126,0.0219440939633746,-0.2319193616006018,-0.7947133186275254
0.9601676535811272,0.0215114128108007,-0.2286281033554691,-0.7977696003551499
0.9600452202982211,0.0210802477092023,-0.2252852348092013,-0.8007883059937546
0.9599254831319364,0.0206506190922868,-0.221891736969148,-0.8037680811450355
0.9598084354416736,0.0202225467351274,-0.2184486346314127,-0.806707600762938
0.9596940690229776,0.019796047578702,-0.2149569771281464,-0.8096055857177274
0.9595823750203883,0.0193711389239559,-0.211417862235525,-0.8124607824237382
0.959473343403918,0.0189478363868702,-0.2078324179831835,-0.8152719784133651
0.9593669628867444,0.0185261533593969,-0.2042017957251832,-0.8180380070542179
0.95926322100593,0.0181061010656939,-0.2005271679591082,-0.8207577480357564
0.9591621043546972,0.0176876892583842,-0.1968097318858172,-0.8234301236761178
0.9590635984436164,0.0172709254205914,-0.1930506999254523,-0.8260541048028949
0.9589676876414428,0.0168558142044821,-0.1892512917447411,-0.8286287146013989
0.958874355674182,0.0164423592912715,-0.1854127484782111,-0.8311530173101326
0.9587835852312716,0.0160305614228799,-0.1815363121201298,-0.8336261306608924
0.9586953583221096,0.0156204196700104,-0.1776232344817912,-0.8360472180542574
0.9586096562417123,0.0152119310086073,-0.1736747706820156,-0.8384154910805341
0.9585264590381672,0.0148050873615795,-0.1696921473745699,-0.8407302259157778
0.9584457469076166,0.0143998819698568,-0.165676621897295,-0.8429907260633643
0.9583674994398524,0.0139963055853288,-0.161629443388961,-0.8451963442648192
0.9582916952731813,0.0135943442145903,-0.1575518270364541,-0.8473464935228003
0.9582183133028228,0.0131939850677779,-0.1534450115029129,-0.8494406139294138
0.9581473318181069,0.0127952117752673,-0.1493102085758031,-0.8514781978091867
0.9580787286871816,0.0123980048728526,-0.1451486051710522,-0.8534587853420141
0.9580124820858164,0.0120023456849192,-0.1409614019200011,-0.855381944083817
0.957948569756771,0.0116082117693248,-0.1367497636573645,-0.8572472907364865
0.9578869696325292,0.0112155802688455,-0.13251485285427,-0.8590544734491822
0.9578276594053836,0.0108244249116559,-0.1282577957282268,-0.8608031846102193
0.9577706174420436,0.010434721709852,-0.1239797425999848,-0.8624931340322606
0.9577158219984048,0.0100464436841757,-0.1196818095331904,-0.8641240720340805
0.9576632508946288,0.0096595577990076,-0.1153650418950971,-0.8656957993399734
0.9576128833307406,0.0092740378692242,-0.1110305567712708,-0.8672081127592447
0.9575646979479696,0.0088898501984647,-0.1066793820158331,-0.8686608628768335
0.957518674226515,0.0085069637636889,-0.1023125692063682,-0.8700539119640234
0.9574747919429564,0.0081253459761576,-0.0979311454022876,-0.871387149921938
0.9574330311502792,0.007744962083682,-0.0935361051880893,-0.8726604946200185
0.9573933723982336,0.007365776750757,-0.089128427963376,-0.8738738848535382
0.957355796675382,0.0069877532765926,-0.0847090682906732,-0.8750272817007786
0.9573202858114712,0.0066108575749157,-0.080279002126224,-0.8761206557067748
0.9572868219373986,0.0062350526859507,-0.0758391624131217,-0.877154002984646
0.9572553876636308,0.0058603000337316,-0.0713904530144828,-0.8781273393243487
0.95722596641768,0.0054865632897931,-0.0669337943540266,-0.8790406892530064
0.9571985419953926,0.0051138028491802,-0.0624700576484362,-0.8798940994347294
0.9571730989562216,0.0047419805339421,-0.0580001207350586,-0.8806876259196349
0.9571496224675,0.0043710576168881,-0.0535248445399176,-0.8814213384690784
0.9571280982423412,0.0040009934362452,-0.0490450562061692,-0.8820953220171763
0.9571085128278444,0.0036317501109076,-0.0445616061620086,-0.8827096671608636
0.9570908532860076,0.0032632870653411,-0.0400753019737479,-0.8832644796649507
0.9570751073539634,0.0028955632899945,-0.0355869356724896,-0.8837598749829408
0.9570612636495874,0.0025285428688694,-0.0310973515822444,-0.8841959713143281
0.9570493111280118,0.0021621812215023,-0.0266072783422446,-0.8845729062731174
0.9570392396601703,0.0017964394280729,-0.0221175041728898,-0.8848908182434012
0.9570310397676164,0.0014312781533851,-0.0176288029522144,-0.885149854312563
0.9570247026076648,0.0010666559481346,-0.0131419134903529,-0.8853501703523873
0.9570202200701802,0.0007025337008134,-0.0086575945270981,-0.8854919275861902
0.957017584695602,0.0003388699073602,-0.0041765668148229,-0.8855752948230715
0.9570167897333806,-2.43746500133e-05,0.0003004289732706,-0.8856004462742827
0.9570178290983284,-0.000387239639072,0.0047726656377853,-0.8855675626179563
0.95702070122457,-0.0007501334085586,0.0092439651586676,-0.8854767088069092
0.957025411263304,-0.0011133741023598,0.0137170338371728,-0.8853277645518638
0.957031964945669,-0.0014770016950581,0.018191143519483,-0.8851206187140822
0.9570403686451796,-0.0018410548818544,0.022665544163035,-0.8848551675755564
0.9570506293961428,-0.00220557272798,0.0271394839079493,-0.8845313145202074
0.957062754974797,-0.0025705966731577,0.0316122333522121,-0.8841489677582574
0.9570767537093005,-0.0029361644013658,0.0360830101357992,-0.8837080466214923
0.9570926346456964,-0.0033023155331484,0.0405510485661617,-0.8832084766422659
0.9571104074428582,-0.0036690886044734,0.0450155624314439,-0.8826501931947957
0.9571300825728504,-0.0040365251352163,0.0494757943037402,-0.882033135552558
0.9571516708864674,-0.0044046612925648,0.0539309140883438,-0.8813572608824456
0.9571751840521074,-0.0047735365765888,0.0583801244910082,-0.8806225308394823
0.957200634430404,-0.0051431908826606,0.0628226249909268,-0.8798289159068465
0.9572280348249766,-0.0055136611210256,0.067257571232073,-0.878976403555562
0.9572573988349062,-0.005884986480263,0.0716841382829299,-0.8780649876495723
0.9572887405561452,-0.0062572043256728,0.0761014714445935,-0.8770946781485313
0.9573220747503376,-0.0066303525576714,0.0805087145121285,-0.8760654962640355
0.9573574165652008,-0.0070044666028204,0.0849049743706491,-0.8749774834903582
0.9573947818792258,-0.0073795834248144,0.0892893685768428,-0.8738306913506215
0.9574341872128328,-0.0077557403450264,0.0936610113047902,-0.8726251845805422
0.957475649175176,-0.0081329700598329,0.0980189559439405,-0.8713610583995535
0.9575191853886752,-0.0085113095313345,0.1023622986683422,-0.8700384106053421
0.9575648138831688,-0.0088907941778758,0.1066901110542165,-0.8686573605041561
0.9576125527843868,-0.0092714557718881,0.111001417158674,-0.8672180585759379
0.9576624210455116,-0.0096533286633869,0.1152952650100922,-0.8657206646339876
0.957714437722436,-0.0100364440825109,0.1195706625542946,-0.8641653699630153
0.9577686220706808,-0.0104208314021707,0.1238265933049246,-0.8625523944812469
0.9578249941912174,-0.0108065228292956,0.1280620689503834,-0.8608819677161198
0.9578835741878172,-0.0111935474794005,0.1322760643041765,-0.859154354091088
0.9579443824539626,-0.0115819337113902,0.1364675443650021,-0.8573698444112328
0.9580074392695118,-0.0119717068221006,0.1406354407366075,-0.8555287676628988
0.9580727652283302,-0.0123628920678318,0.1447786856673823,-0.8536314783376822
0.9581403813835034,-0.0127555155315308,0.1488962218355798,-0.8516783522470943
0.958210308219163,-0.0131495983235228,0.1529869427487742,-0.849669816059812
0.9582825666627224,-0.0135451627781069,0.1570497595188965,-0.8476063176846913
0.95835717744741,-0.0139422289724999,0.1610835658605492,-0.845488344306318
0.9584341609869644,-0.0143408144219478,0.1650872371834284,-0.8433164253223551
0.9585135375404354,-0.0147409352676423,0.16905964471707,-0.841091126981402
0.9585953272042016,-0.0151426064473195,0.1729996589498731,-0.8388130519364758
0.9586795495378272,-0.0155458401104269,0.1769061360852244,-0.8364828488340924
0.9587662243090938,-0.0159506494284001,0.180777956976304,-0.8341011907780943
0.9588553700133192,-0.0163570418391032,0.1846139641813449,-0.8316688151077164
0.9589470047468086,-0.0167650235882406,0.1884130086425565,-0.8291864978517146
0.9590411462827686,-0.0171746002258743,0.1921739560814977,-0.8266550505025803
0.9591378116721624,-0.0175857750392568,0.1958956744612716,-0.8240753294616815
0.9592370170381131,-0.0179985484855598,0.1995770315409993,-0.8214482398376532
0.959338777696372,-0.0184129190102143,0.2032169049864381,-0.8187747303936089
0.9594431083356552,-0.0188288839997307,0.2068141929847505,-0.8160557870309586
0.9595500223987986,-0.0192464375288093,0.2103677970021047,-0.8132924470237626
0.9596595325548678,-0.0196655725089068,0.2138766429338235,-0.810485784560186
0.9597716501583746,-0.0200862788216073,0.2173396676741402,-0.8076369224763993
0.9598863860285358,-0.020508546476062,0.2207558475171372,-0.804747010129933
0.9600037495078269,-0.0209323622560939,0.2241241725500456,-0.8018172450406239
0.9601237487737584,-0.0213577111354107,0.227443660730347,-0.7988488623730381
0.9602463910598512,-0.0217845772254155,0.2307133671498467,-0.7958431270250707
0.9603716827914458,-0.0222129443328036,0.2339323895021374,-0.7928013280600406
0.9604996286557272,-0.0226427929082421,0.2370998466503807,-0.7897247988240567
0.9606302327744192,-0.0230741041878251,0.2402149112133108,-0.7866148859333871
0.9607634979281048,-0.0235068576456218,0.2432767915907553,-0.7834729656153623
0.9608994261789072,-0.0239410331237034,0.2462847482025932,-0.7803004264917316
0.9610380185451824,-0.0243766098005488,0.2492380865469331,-0.7770986750497825
0.9611792748386204,-0.0248135657534016,0.2521361549708362,-0.7738691369784061
0.9613231947050636,-0.0252518811968511,0.2549783663010114,-0.7706132312077526
0.9614697764075412,-0.0256915347060616,0.2577641725700854,-0.7673323957470577
0.9616190180691786,-0.026132506989238,0.2604930891630056,-0.7640280576355251
0.9617709168072616,-0.0265747782340844,0.2631646771840897,-0.7607016506633811
0.9619254695573404,-0.0270183304967198,0.2657785574355787,-0.757354595487062
0.962082672813154,-0.0274631468427329,0.2683344037805432,-0.7539883040777677
0.9622425227328903,-0.0279092115745498,0.2708319431967679,-0.7506041761328064
0.9624050152699856,-0.0283565105074456,0.2732709558275352,-0.7472035951845867
0.9625701460815376,-0.0288050306238529,0.2756512714799023,-0.7437879295276165
0.9627379109898152,-0.0292547612281643,0.2779727740122328,-0.7403585218272504
0.9629083057394152,-0.029705693161747,0.2802353950858399,-0.7369166935965944
0.96308132631311,-0.030157819529145,0.2824391158242538,-0.7334637382903209
0.9632569689476196,-0.0306111356022211,0.2845839639956308,-0.7300009207880394
0.9634352298537132,-0.0310656379837326,0.2866700079206452,-0.7265294826710009
0.9636161055834253,-0.031521325452625,0.2886973584457447,-0.7230506347726146
0.9637995932791176,-0.0319781994591996,0.2906661687173241,-0.7195655525336551
0.9639856904591124,-0.0324362634544378,0.2925766287744735,-0.7160753803912662
0.964174394856067,-0.032895522394617,0.2944289614133749,-0.712581234927128
0.9643657048774896,-0.0333559837697896,0.2962234243107646,-0.7090841965226059
0.9645596193633146,-0.033817656902992,0.2979603049450414,-0.7055853143011628
0.9647561377725182,-0.0342805533019794,0.2996399198666836,-0.7020856031652266
0.964955260054273,-0.0347446862597494,0.301262611145721,-0.6985860466289152
0.9651569866729358,-0.0352100708351551,0.3028287444289124,-0.695087596842881
0.9653613187119394,-0.0356767240161879,0.3043387076297858,-0.6915911733340939
0.9655682578772156,-0.0361446646498395,0.3057929088246088,-0.6880976635917107
0.9657778063654197,-0.0366139130772047,0.3071917733887872,-0.6846079259081479
0.9659899669834568,-0.0370844913464571,0.3085357430686998,-0.6811227879537024
0.9662047430559672,-0.0375564229522634,0.3098252736741074,-0.6776430489368412
0.9664221385028589,-0.0380297329602971,0.3110608339911573,-0.6741694789509469
0.9666421578180596,-0.0385044479149566,0.3122429041235396,-0.6707028199782321
0.9668648058948334,-0.0389805954274628,0.3133719732084208,-0.6672437892378236
0.967090088375748,-0.0394582048948457,0.3144485399507407,-0.6637930743303341
0.9673180110856444,-0.0399373062647762,0.3154731086332025,-0.6603513425915287
0.9675485805732628,-0.0404179311657019,0.3164461906758086,-0.6569192333293907
0.9677818037408692,-0.0409001121051381,0.317368301878509,-0.6534973640461874
0.96801768796241,-0.0413838827066326,0.3182399620603294,-0.6500863291742099
0.9682562410230856,-0.0418692775751682,0.3190616939697285,-0.6466867014894567
0.9684974711085796,-0.0423563322704042,0.3198340224857959,-0.6432990327576075
0.9687413867822504,-0.0428450832587213,0.3205574738419841,-0.6399238545322952
0.9689879969789654,-0.0433355679019681,0.3212325749630616,-0.6365616787000646
0.9692373109743532,-0.0438278243998872,0.321859852785529,-0.6332129983451535
0.9694893383504132,-0.0443218917294092,0.3224398336414351,-0.6298782886244221
0.9697440889755562,-0.0448178096159431,0.3229730427411869,-0.6265580074141757
0.9700015731258812,-0.045315618779372,0.3234600039568462,-0.6232525941339387
0.970261801041383,-0.0458153600900613,0.3239012385819541,-0.6199624758003385
0.9705247834845444,-0.0463170756656356,0.324297266035847,-0.6166880601822757
0.9707905313943328,-0.0468208082171868,0.3246486028377638,-0.6134297406042912
0.9710590557175106,-0.0473266007549473,0.3249557621713724,-0.6101878982284352
0.9713303678658104,-0.047834497473957,0.3252192541850512,-0.6069628967681339
0.971604479202984,-0.0483445428090384,0.3254395851350771,-0.6037550889745925
0.9718814012099632,-0.0488567817755385,0.3256172574325666,-0.6005648148064953
0.9721611457165322,-0.0493712604210622,0.3257527695554743,-0.5973923990356013
0.972443724425458,-0.0498880249729436,0.3258466155740466,-0.5942381569353088
0.9727291492584436,-0.0504071225059365,0.3258992852038649,-0.5911023905064523
0.9730174321044333,-0.0509286005109642,0.3259112635708091,-0.5879853914808564
0.973308585138882,-0.0514525075035754,0.3258830310990134,-0.5848874380375254
0.9736026214557428,-0.0519788941732631,0.3258150630476011,-0.581808788599397
0.973899553635938,-0.0525078108339359,0.3257078294536802,-0.578749697345486
0.974199393618331,-0.0530393072547596,0.325561795477497,-0.5757104151860967
0.974502153480613,-0.0535734340969792,0.3253774211974162,-0.5726911816301942
0.9748078452908158,-0.0541102426825529,0.3251551615502471,-0.569692226471968
0.975116481195547,-0.0546497851834494,0.3248954661658819,-0.5667137690683269
0.975428072971966,-0.0551921138759261,0.3245987796821473,-0.5637560227504239
0.9757426326515878,-0.0557372822688018,0.3242655411547967,-0.5608191888938331
0.976060171911121,-0.0562853440808058,0.3238961845624472,-0.5579034628017031
0.9763807023569988,-0.0568363537775331,0.3234911385122237,-0.5550090310265452
0.976704235661474,-0.0573903668428803,0.3230508259739859,-0.5521360702653783
0.9770307830294064,-0.057947438906083,0.322575664940933,-0.5492847521732009
0.97736035581769,-0.0585076268449555,0.3220660675471767,-0.5464552378977938
0.9776929651693564,-0.0590709882005485,0.3215224404961913,-0.5436476814082346
0.978028621903307,-0.059637581036423,0.3209451852312484,-0.5408622304051901
0.9783673366425902,-0.0602074642025022,0.3203346977125781,-0.5380990252153884
0.9787091199161676,-0.0607806975505293,0.3196913681737555,-0.5353581980117829
0.9790539817647076,-0.0613573413189195,0.3190155818168246,-0.5326398759974521
0.9794019322802892,-0.061937457084643,0.3183077177461525,-0.5299441771012567
0.9797529809833452,-0.0625211067695768,0.3175681501472333,-0.5272712148910191
0.9801071373422604,-0.0631083535568571,0.3167972472011756,-0.5246210945203246
0.9804644102573692,-0.063699261083373,0.3159953721334294,-0.5219939166390856
0.9808248084555788,-0.0642938941464781,0.3151628823307892,-0.5193897743886774
0.9811883405004622,-0.0648923187695584,0.314300129220398,-0.5168087534123855
0.9815550141849276,-0.0654946012555431,0.3134074596648639,-0.5142509361445842
0.9819248370430048,-0.0661008090863181,0.3124852147450839,-0.5117163980569552
0.9822978163593344,-0.0667110109913044,0.3115337296466453,-0.5092052076415766
0.9826739586989888,-0.0673252762344989,0.3105533348030692,-0.5067174295485227
0.9830532704231209,-0.0679436755163227,0.3095443545367424,-0.5042531210507564
0.9834357574153332,-0.0685662805841796,0.308507107687602,-0.5018123338698032
0.9838214249078646,-0.0691931640106008,0.3074419080436477,-0.4993951151971775
0.9842102774572306,-0.0698243992170287,0.3063490643899274,-0.4970015076957947
0.9846023193456463,-0.0704600611885056,0.3052288793266268,-0.4946315469462842
0.9849975541457447,-0.0711002258306416,0.3040816504158309,-0.4922852640870368
0.9853959849163226,-0.071744970353022,0.302907669566454,-0.4899626845329979
0.9857976139133864,-0.0723943728686496,0.3017072238180478,-0.4876638295781379
0.9862024429705988,-0.0730485130780298,0.3004805941466707,-0.4853887140980452
0.9866104730300866,-0.0737074715805449,0.2992280567945475,-0.4831373491421748
0.987021704232436,-0.0743713300921601,0.2979498829538913,-0.4809097412469249
0.987436136162544,-0.075040171915345,0.2966463379256358,-0.4787058909946515
0.9878537677134852,-0.0757140817937805,0.2953176814378902,-0.4765257937024398
0.9882745967416862,-0.0763931454325205,0.2939641686619075,-0.4743694410976024
0.9886986203286662,-0.0770774499985559,0.292586049308038,-0.4722368197844925
0.9891258345284738,-0.0777670837929456,0.291183568355187,-0.4701279123865269
0.989556234740654,-0.0784621369343686,0.2897569647366296,-0.4680426955568197
0.9899898152545032,-0.07916270070694,0.2883064727315987,-0.4659811421058428
0.9904265694219426,-0.0798688679244746,0.2868323213007538,-0.4639432199878218
0.9908664893370815,-0.0805807324992498,0.2853347350668325,-0.4619288936285901
0.9913095665845432,-0.0812983907420212,0.2838139316566434,-0.4599381203429522
0.9917557909207392,-0.0820219393184044,0.2822701260887471,-0.4579708561705665
0.9922051514454976,-0.0827514772386298,0.2807035266505748,-0.4560270503898997
0.9926576359937036,-0.0834871049680072,0.2791143368525552,-0.454106648110162
0.9931132309142088,-0.0842289241633943,0.2775027560933624,-0.4522095909771998
0.993571921333564,-0.0849770381998602,0.2758689786135633,-0.4503358158273811
0.9940336913085684,-0.0857315525224141,0.2742131927992323,-0.4484852539214687
0.9944985232478472,-0.0864925738060916,0.2725355831010596,-0.4466578331048136
0.9949663982503396,-0.0872602106136899,0.2708363286827031,-0.4448534762150903
0.9954372957376926,-0.088034572901137,0.2691156045993196,-0.4430721023014699
0.9959111937176328,-0.088815772559085,0.2673735806873131,-0.4413136253774182
0.9963880687326148,-0.0896039234434195,0.2656104215750971,-0.4395779544358671
0.996867895534756,-0.0903991409542678,0.2638262877102176,-0.4378649944216575
0.9973506469204112,-0.0912015418754485,0.2620213358168648,-0.4361746465290739
0.9978362944694804,-0.0920112457229543,0.2601957159506802,-0.4345068053724123
0.9983248075331628,-0.0928283731865139,0.2583495750891578,-0.4328613623075519
0.9988161534822748,-0.0936530466618001,0.2564830560299779,-0.4312382042436463
0.999310298107865,-0.0944853910515753,0.2545962956635652,-0.4296372120813483
0.9998072048976242,-0.0953255326823124,0.2526894275115796,-0.4280582628529786
1.000306835186357,-0.0961735996845892,0.2507625809568022,-0.4265012289097837
1.0008091486440125,-0.0970297229602207,0.2488158791307946,-0.4249659761606649
1.001314101942842,-0.0978940340527128,0.2468494438411719,-0.4234523679025388
1.0018216501576394,-0.0987666676730324,0.2448633899152477,-0.4219602602431553
1.0023317455400964,-0.099647759749318,0.2428578297209161,-0.4204895055202865
1.0028443380959222,-0.100537448560319,0.2408328706724826,-0.4190399502718467
1.0033593751769323,-0.1014358741808367,0.2387886165760695,-0.4176114361204615
1.0038768016919268,-0.1023431790000336,0.2367251665325959,-0.4162037988738651
1.004396559672251,-0.103259507117266,0.234642616393522,-0.4148168694132285
1.0049185884432954,-0.1041850047970145,0.2325410578053107,-0.4134504728919148
1.0054428246356495,-0.105119820654108,0.230420577868752,-0.4121044284112202
1.005969201551309,-0.1060641046872568,0.2282812614080571,-0.4107785503227373
1.0064976499136695,-0.1070180097841727,0.2261231876328391,-0.4094726459771559
1.0070280967024203,-0.1079816897951761,0.2239464345726504,-0.4081865183014667
1.0075604666065752,-0.1089553023368355,0.221751072810715,-0.4069199618996868
1.008094680151363,-0.1099390055658034,0.2195371728414722,-0.4056727672545036
1.0086306548740518,-0.1109329604938538,0.2173047999098439,-0.4044447175270733
1.0091683044180506,-0.1119373295007231,0.215054017422335,-0.4032355903190071
1.0097075394058774,-0.1129522781433665,0.2127848829501136,-0.4020451553305274
1.0102482664070669,-0.1139779734231055,0.210497452177636,-0.4008731763393596
1.0107903882087974,-0.1150145844738906,0.2081917774130709,-0.3997194101987716
1.011333803584695,-0.1160622823139197,0.2058679081938776,-0.3985836069566206
1.011878407577669,-0.1171212405903144,0.2035258896871181,-0.3974655088921417
1.0124240906453512,-0.1181916341241612,0.2011657659593082,-0.3963648519032891
1.0129707393960516,-0.1192736405416044,0.1987875764117724,-0.395281363602115
1.013518235802244,-0.1203674389412977,0.1963913587633634,-0.3942147645197356
1.0140664576035123,-0.1214732108991825,0.1939771468784905,-0.3931647669074946
1.014615277883996,-0.122591139844577,0.1915449721744372,-0.3921310751739298
1.0151645651130423,-0.1237214113594742,0.1890948629999594,-0.3911133854035772
1.015714182515541,-0.1248642120979141,0.1866268469998622,-0.3901113861094579
1.016263988673609,-0.1260197312397815,0.18414094798127,-0.3891247566983905
1.0168138371564703,-0.1271881599663577,0.1816371870801578,-0.3881531677569981
1.0173635762012945,-0.1283696910144378,0.1791155837321363,-0.3871962811992117
1.0179130485978456,-0.1295645186479635,0.1765761557316451,-0.3862537500298125
1.0184620919275047,-0.1307728394147859,0.1740189176283863,-0.3853252175097188
1.0190105380904653,-0.1319948513674419,0.1714438823922157,-0.3844103175455091
1.019558213196628,-0.1332307540547776,0.1688510614196069,-0.3835086744292598
1.0201049376325544,-0.1344807489216223,0.1662404636867763,-0.3826199022916409
1.0206505256326217,-0.1357450385885178,0.1636120972464513,-0.3817436053641127
1.0211947854406105,-0.1370238274731014,0.1609659679115361,-0.3808793772687481
1.0217375189549864,-0.1383173212302182,0.158302080400097,-0.3800268011408632
1.0222785216633044,-0.1396257268527039,0.1556204380950982,-0.3791854492756157
1.0228175827398844,-0.1409492531908296,0.1529210419567994,-0.3783548825255003
1.023354484376772,-0.1422881096005256,0.150203893253667,-0.377534650876082
1.0238890020777325,-0.1436425069279632,0.147468991504362,-0.3767242925210927
1.024420904352198,-0.1450126570402549,0.1447163353923806,-0.3759233338632154
1.0249499526182595,-0.146398772869168,0.1419459226287548,-0.375131289185498
1.0254759008089644,-0.1478010676702767,0.1391577513730955,-0.3743476607597462
1.02599849565502,-0.1492197560633565,0.136351818094501,-0.373571937938036
1.0265174763088476,-0.1506550533614935,0.133528118855787,-0.3728035972250059
1.0270325741053188,-0.1521071752238501,0.1306866499246078,-0.3720421021339754
1.027543512537258,-0.1535763379026563,0.1278274072100766,-0.3712869027188469
1.0280500072908982,-0.155062758712007,0.1249503852881704,-0.370537435010442
1.0285517655896614,-0.1565666544775281,0.1220555803346337,-0.3697931214664266
1.029048486275025,-0.1580882420799783,0.1191429889635261,-0.3690533703260252
1.0295398600345882,-0.1596277395561048,0.1162126060450232,-0.3683175747305962
1.030025568381716,-0.1611853633257616,0.1132644299079876,-0.3675851136990318
1.0305052843674287,-0.1627613307931705,0.110298457281671,-0.3668553505060085
1.0309786720154732,-0.16435585901162,0.1073146857535739,-0.3661276329527314
1.0314453859837445,-0.1659691639578904,0.1043131150139176,-0.3654012933041276
1.0319050717355105,-0.1676014615496739,0.1012937448426954,-0.3646756474273033
1.0323573651340214,-0.169252966731991,0.098256576707688,-0.3639499948024454
1.0328018926681897,-0.1709238948436418,0.0952016111522019,-0.3632236175123213
1.033238270526205,-0.1726144587439721,0.0921288529593553,-0.3624957810750511
1.0336661050351648,-0.1743248709752552,0.0890383070655881,-0.3617657330581051
1.034084992219055,-0.1760553427016787,0.0859299803919114,-0.3610327030920358
1.0344945177011955,-0.1778060839755686,0.0828038812509153,-0.360295902293543
1.0348942563966306,-0.1795773031710656,0.0796600202510867,-0.3595545230268242
1.0352837725212858,-0.1813692078348203,0.0764984086797768,-0.3588077380528979
1.0356626189442026,-0.1831820026076068,0.0733190620695378,-0.3580547008838734
1.0360303374161572,-0.1850158911534091,0.0701219966759796,-0.3572945444441665
1.03638645806868,-0.1868710748103211,0.0669072317493722,-0.3565263810776907
1.036730499389353,-0.1887477536137144,0.0636747876566581,-0.3557493015442042
1.037061967631702,-0.1906461244211059,0.0604246890236608,-0.3549623751896087
1.0373803569125353,-0.1925663828101027,0.0571569613691222,-0.3541646485242903
1.0376851487294128,-0.1945087219719625,0.0538716329326674,-0.3533551450119875
1.037975811536802,-0.1964733317657929,0.0505687361753739,-0.3525328647615978
1.038251800698553,-0.1984604003723338,0.0472483049026562,-0.3516967830957739
1.0385125580650838,-0.2004701138789152,0.0439103749247697,-0.3508458499316464
1.03875751145088,-0.2025026550585133,0.040554986029335,-0.3499789894607024
1.0389860743818604,-0.2045582043297717,0.0371821803242471,-0.3490950988573535
1.0391976457471828,-0.2066369406211068,0.0337920008061901,-0.3481930469509878
1.0393916091019724,-0.2087390392184679,0.0303844948668472,-0.3472716741367319
1.0395673323674706,-0.210864673626964,0.0269597112365714,-0.3463297904834825
1.039724167170308,-0.2130140143134964,0.0235177020300307,-0.3453661751162459
1.039861448363551,-0.2151872300776088,0.0200585205603386,-0.3443795743503609
1.0399784933666518,-0.2173844883477874,0.0165822209406283,-0.3433687001801445
1.0400746013599675,-0.2196059535392644,0.0130888607543105,-0.3423322295572253
1.040149052656915,-0.2218517902496823,0.0095784961056845,-0.3412688013100087
1.0402011076995727,-0.2241221597667105,0.0060511872246657,-0.3401770160380876
1.0402300062608438,-0.2264172246891765,0.0025069913961487,-0.3390554320230555
1.0402349663120736,-0.2287371445272853,-0.0010540300329215,-0.3379025652816332
1.0402151829169135,-0.231082083549111,-0.0046318235061745,-0.3367168834177101
1.040169778825041,-0.2334541639577332,-0.0082292960841781,-0.335495788277013
1.04009781418253,-0.2358541400476404,-0.0118472277784516,-0.3342372774415442
1.0399983162635953,-0.2382822925744742,-0.0154856702393364,-0.3329395199296968
1.0398702757152434,-0.2407389088398264,-0.019144680936676,-0.331600611296264
1.0397126440305609,-0.2432242840135392,-0.0228243245724603,-0.3302185682216919
1.0395243307751767,-0.245738721940097,-0.0265246736469545,-0.3287913228738484
1.0393042006578932,-0.2482825346199239,-0.0302458070292475,-0.3273167175013329
1.0390510699148874,-0.2508560462467188,-0.0339878151375009,-0.3257924957953044
1.0387637022438572,-0.253459596229971,-0.0377508034206212,-0.3242162939485901
1.0384408044742488,-0.2560935400540589,-0.0415348925585111,-0.3225856321142983
1.038081020778717,-0.2587582574082415,-0.0453402289423452,-0.3208979003220199
1.0376829278344988,-0.261454147417773,-0.0491669764514518,-0.3191503512014786
1.0372450267219673,-0.2641816426637039,-0.0530153348719009,-0.3173400794385179
1.0367657359369409,-0.2669412078342982,-0.0568855360728308,-0.3154640092320515
1.0362433802677793,-0.2697333568112838,-0.0607778658312847,-0.3135188674001213
1.035676181792632,-0.272558649077508,-0.0646926561796099,-0.3115011679376934
1.0350622449703186,-0.2754177098729886,-0.0686303104872882,-0.3094071772678399
1.034399541291898,-0.2783112403057726,-0.0725913137559867,-0.3072328824461591
1.033685890748428,-0.2812400312616252,-0.0765762474841416,-0.3049739522241239
1.032918938332371,-0.2842049852013791,-0.0805858143753437,-0.3026256864904261
1.0320961256108363,-0.2872071413063303,-0.0846208663282515,-0.3001829557781075
1.0312146564231244,-0.2902477041047908,-0.0886824356612352,-0.2976401290115443
1.0302714540646782,-0.2933280805227583,-0.0927717758683214,-0.2949909831004362
1.0292631078218688,-0.296449926133239,-0.09689041237595,-0.2922285902822151
1.0281858050572423,-0.2996152048530742,-0.1010402082325235,-0.2893451749952497
1.027035246528654,-0.3028262593641719,-0.1052234402870378,-0.2863319367647696
1.025806540199135,-0.3060858951188261,-0.1094428887364557,-0.283178829278013
1.0244940692891518,-0.3093974763720025,-0.1137019369824663,-0.2798742877713088
1.0230913360823384,-0.3127650169589729,-0.1180046586939331,-0.276404911141029
1.021590797353847,-0.3161932196143933,-0.1223558333919181,-0.2727551379598094
1.0199837476300406,-0.3196873463604697,-0.12676074533505,-0.2689070458308588
1.0182604236064998,-0.323252610466261,-0.1312243890507782,-0.2648406631666413
1.016410814326193,-0.3268923122209502,-0.135749147275956,-0.2605358633244384
1.0144272628048585,-0.3306031901822925,-0.1403291425548759,-0.2559781878945775
1.012310580443241,-0.3343660877275011,-0.1449391282996054,-0.251172198828747
1.0100787377394576,-0.3381354270346599,-0.1495224645571216,-0.2461598129819057
1.0077675115180411,-0.3418450244565074,-0.1539993283140133,-0.2410200484002072
1.0054139677074945,-0.3454385053484687,-0.1583039135753454,-0.2358316470510036
1.0030409747151907,-0.3488898943888534,-0.1624083020326043,-0.2306400947092783
1.000657714692088,-0.3521965834385531,-0.1663128024126972,-0.2254604527733187
0.998266282427654,-0.3553658694779281,-0.170029227766408,-0.220292704157244
0.9958661485041608,-0.3584073497034475,-0.1735716894038006,-0.2151317066797032
0.9934561252733214,-0.3613300786039595,-0.1769532592881973,-0.2099714232778181
0.991035082130544,-0.3641418122380619,-0.1801851527637616,-0.2048063721751689
0.9886021635278542,-0.3668489754280535,-0.1832767617674983,-0.1996320047293512
0.9861568232753838,-0.3694568383512586,-0.1862359202160897,-0.1944447053553991
0.9836987971102286,-0.3719697257731766,-0.1890691936502414,-0.1892416765679735
0.9812280609969816,-0.3743912031141323,-0.1917821305598413,-0.1840208075982478
0.9787447877372342,-0.3767242314897544,-0.1943794688909954,-0.1787805500864051
0.9762493116518178,-0.3789712888134702,-0.1968652968183569,-0.1735198187911892
0.9737420957327776,-0.3811344684662697,-0.1992431825855486,-0.1682379034039698
0.9712237072960336,-0.3832155546499861,-0.2015162739131492,-0.1629344026693919
0.9686947975540338,-0.38521608258657,-0.203687377194763,-0.1576091700280847
0.9661560818265084,-0.387137388732001,-0.2057590229498893,-0.152262263066821
0.9636083285208344,-0.3889806467564076,-0.2077335136060198,-0.1468939132994725
0.961052345016363,-0.3907469003335898,-0.2096129661054452,-0.1415044908510845
0.9584889682307244,-0.3924370877670511,-0.2113993443126434,-0.1360944800921618
0.9559190564118876,-0.3940520621954942,-0.213094485583089,-0.1306644586981104
0.953343482916063,-0.3955926076313243,-0.2147001220053957,-0.1252150815548533
0.9507631294450656,-0.3970594529832966,-0.2162178987644774,-0.1197470640293403
0.9481788803990372,-0.3984532833437799,-0.2176493890027897,-0.1142611679779539
0.9455916203326944,-0.3997747479934563,-0.2189961047723453,-0.1087581946423672
0.9430022277457204,-0.4010244690721558,-0.2202595082347622,-0.1032389699967094
0.9404115747664558,-0.402203046105647,-0.2214410182644783,-0.0977043428039479
0.9378205220560196,-0.4033110620502956,-0.2225420182957113,-0.0921551726406514
0.9352299177436452,-0.40434908660595,-0.2235638611489472,-0.0865923266138145
0.9326405959456672,-0.4053176792303762,-0.224507873362522,-0.0810166752946864
0.9300533722266487,-0.4062173927056896,-0.2253753598592306,-0.0754290821126914
0.9274690468044716,-0.4070487734049952,-0.2261676052423508,-0.0698304094759194
0.9248884000526444,-0.4078123640713044,-0.2268858774065945,-0.064221508336416
0.9223121909661048,-0.4085087049908035,-0.2275314294504027,-0.0586032141076635
0.9197411614078236,-0.4091383334661975,-0.2281054999289792,-0.0529763552345396
0.9171760286696232,-0.4097017862423539,-0.2286093157584031,-0.0473417362905378
0.914617491068694,-0.4101995983335406,-0.2290440917252994,-0.0417001495428896
0.9120662233465728,-0.4106323042051602,-0.2294110320825191,-0.0360523642026184
0.9095228790085256,-0.4110004372637696,-0.229711330569256,-0.0303991309083971
0.9069880894464458,-0.4113045299645881,-0.2299461709391405,-0.0247411791504031
0.9044624636934334,-0.4115451136620126,-0.2301167272151582,-0.0190792160695371
0.9019465885365502,-0.4117227183326382,-0.2302241638022153,-0.0134139260492932
0.899441030954502,-0.4118378721690759,-0.2302696355148796,-0.0077459755801931
0.8969463338739128,-0.4118911015283046,-0.2302542877546934,-0.0020760030509534
0.8944630181485141,-0.4118829302859035,-0.2301792562544982,0.0035953774990008
0.8919909337817614,-0.4118138532010893,-0.2300456241435248,0.0092690698251712
0.8895264051916387,-0.4116840694661797,-0.2298540898672869,0.0149541366268074
0.8870700088731586,-0.4114937454959599,-0.2296054360059264,0.0206499336089558
0.8846223219158003,-0.4112430546376913,-0.2293004531752369,0.0263557946093891
0.8821839120142483,-0.4109321772589181,-0.2289399398880964,0.0320710541386864
0.8797553374896488,-0.4105613010011064,-0.2285247028229094,0.0377950469762776
0.8773371504603329,-0.4101306216454484,-0.2280555577250377,0.0435271002533529
0.8749298951395637,-0.4096403434210973,-0.2275333296144917,0.0492665368972456
0.872534104530951,-0.4090906786812828,-0.2269588523388648,0.0550126830350724
0.8701503017213186,-0.4084818483145248,-0.2263329689190208,0.0607648645293817
0.8677790019539853,-0.4078140825986406,-0.2256565322903822,0.0665224014810899
0.8654207077941807,-0.4070876201791213,-0.2249304041074914,0.0722846194497472
0.863075912952681,-0.4063027093070013,-0.2241554558388727,0.078050839741751
0.860745099185133,-0.4054596071049389,-0.2233325678453372,0.0838203865149016
0.8584287375272834,-0.4045585800909693,-0.2224626297035564,0.0895925833262
0.8561272845101262,-0.4035999027553501,-0.2215465386294743,0.0953667621820298
0.8538411882375999,-0.4025838600368888,-0.2205852016369245,0.1011422479693984
0.8515708815652909,-0.4015107445496544,-0.2195795326432725,0.1069183751721415
0.8493167859904599,-0.4003808581828005,-0.2185304537475426,0.112694477767704
0.847079309215414,-0.3991945109234213,-0.2174388938601932,0.1184698950881945
0.8448588453230972,-0.3979520207584983,-0.2163057883513388,0.1242439711379619
0.8426557758581162,-0.3966537141510579,-0.2151320791983279,0.1300160515176131
0.8404704659743438,-0.3952999235769803,-0.2139187124663513,0.1357854933002514
0.8383032697206416,-0.3938909904318133,-0.2126666406322964,0.1415516509821531
0.8361545240492004,-0.3924272610439439,-0.2113768187051799,0.1473138921535976
0.834024551640034,-0.3909090879764738,-0.2100502051049297,0.1530715900192514
0.8319136611728862,-0.3893368298957479,-0.2086877612230623,0.1588241225675565
0.8298221464245936,-0.3877108505404348,-0.2072904501973365,0.1645708749665458
0.8277502854408767,-0.3860315175501195,-0.2058592355894129,0.170311241901486
0.8256983420555083,-0.3842992031150972,-0.2043950816226942,0.1760446234759634
0.8236665629716573,-0.3825142809226922,-0.20289895027909,0.1817704334937167
0.8216551807287296,-0.3806771279335694,-0.2013718024996796,0.1874880914033306
0.819664413288789,-0.3787881234620114,-0.199814597075963,0.1931970235878508
0.8176944599087578,-0.3768476443965715,-0.1982282864158679,0.198896675551419
0.815745507361028,-0.3748560702169314,-0.1966138203923097,0.2045864944558328
0.8138177258944228,-0.3728137782601987,-0.1949721421596708,0.2102659410981568
0.8119112708037127,-0.3707211442754403,-0.1933041883397963,0.2159344858358981
0.8100262819668824,-0.3685785409076554,-0.1916108875347718,0.2215916104472524
0.8081628829137568,-0.36638633542826,-0.1898931582923427,0.2272368115598728
0.8063211836814811,-0.3641448918288983,-0.1881519105170138,0.2328695926757893
0.8045012769102007,-0.3618545648682202,-0.1863880406055686,0.2384894767436095
0.8027032418516215,-0.3595157034928729,-0.1846024339266145,0.2440959947107575
0.8009271439153249,-0.3571286490644412,-0.1827959632285211,0.2496886875508289
0.7991730319175533,-0.3546937301189355,-0.1809694845082685,0.2552671157893573
0.7974409408270553,-0.3522112642567616,-0.1791238383461324,0.2608308518929484
0.7957308907105879,-0.3496815549152694,-0.1772598473897025,0.2663794846179053
0.7940428887150692,-0.3471048924014788,-0.1753783170413847,0.2719126136522364
0.7923769247432658,-0.3444815452426945,-0.1734800291084948,0.2774298649460612
0.7907329783236042,-0.3418117685437927,-0.1715657479111033,0.2829308693774728
0.7891110144138739,-0.3390957953859615,-0.1696362140432028,0.2884152777057215
0.7875109833083573,-0.3363338339536366,-0.1676921424620549,0.2938827624076358
0.7859328233147506,-0.3335260693945781,-0.1657342239493007,0.2993330100338957
0.7843764578331178,-0.3306726558805999,-0.163763119734023,0.3047657327317324
0.7828417985799244,-0.3277737192310545,-0.1617794635908286,0.3101806587350075
0.7813287440233841,-0.3248293508777422,-0.1597838579631613,0.3155775394114964
0.7798371806512227,-0.3218396067601408,-0.1577768735815915,0.3209561465161398
0.778366982789226,-0.3188045033079417,-0.1557590471608897,0.3263162745772437
0.7769180113016683,-0.3157240106019997,-0.1537308773637476,0.3316577475888569
0.7754901134208585,-0.3125980471636232,-0.1516928220400035,0.3369804219179312
0.774083128598795,-0.3094264879972292,-0.1496453041299334,0.3422841665669969
0.7726968807216874,-0.3062091423881355,-0.1475886979683932,0.3475688943565897
0.7713311823118146,-0.3029457571222905,-0.1455233323840096,0.3528345487573581
0.7699858377277554,-0.2996360183420364,-0.1434494927559643,0.3580810937059332
0.7686606351355909,-0.2962795253483251,-0.1413674056116266,0.3633085472372638
0.7673553562176749,-0.2928758071004206,-0.1392772502089667,0.3685169462481847
0.766069768785284,-0.2894242957782012,-0.1371791434372608,0.3737063781477899
0.7648036329985479,-0.2859243342531655,-0.1350731458913434,0.3788769588115793
0.7635566996362834,-0.2823751626547057,-0.1329592551598818,0.3840288419535695
0.762328709711796,-0.2787759071120445,-0.1308374007463616,0.3891622234599823
0.7611193986951478,-0.275125581267866,-0.128707446657928,0.3942773263738982
0.7599284969660886,-0.2714230769205409,-0.1265691875206571,0.3993744009697556
0.7587557361193008,-0.2676671726586144,-0.1244223550703863,0.4044536992871935
0.7576008484189602,-0.2638565218265143,-0.1222666124974756,0.4095154779881025
0.7564635781719612,-0.2599896799618925,-0.120101570974869,0.4145599482225965
0.7553436889495179,-0.2560651231376309,-0.1179267999796425,0.4195872405923029
0.7542409800519563,-0.252081303876255,-0.1157418572498513,0.4245973253761119
0.7531553024427641,-0.2480367155761601,-0.1135463212229081,0.4295899295111825
0.7520865899275476,-0.2439300280730638,-0.1113398591753472,0.4345643763682125
0.7510348982890958,-0.2397602800054945,-0.1091223208816507,0.439519376480216
0.7500004521813529,-0.23552713817919,-0.1068938612652062,0.4444527664093892
0.7489837163626042,-0.2312313079019128,-0.1046551335494663,0.4493611114185481
0.7479854666313831,-0.2268750164713916,-0.1024075081959381,0.4542392823326591
0.7470068675232612,-0.2224626134368894,-0.1001533384226264,0.4590799709181307
0.7460495163733726,-0.2180011163278126,-0.0978961837289069,0.4638733442972019
0.7451154250212493,-0.2135005374938474,-0.0956409136843279,0.4686069999356089
0.7442068908409184,-0.2089736830603627,-0.0933935490552343,0.4732664993324186
0.7433262543651368,-0.2044352730067459,-0.0911607849472146,0.4778365452148666
0.742475584859253,-0.1999004438952514,-0.0889492461520153,0.4823026348774424
0.7416564004793145,-0.1953831027082792,-0.0867647144886734,0.4866526504687397
0.7408695103627689,-0.190894641989135,-0.0846115691118128,0.4908778958292805
0.7401150161859918,-0.1864433748901011,-0.0824925926761969,0.4949733179443968
0.7393924284682823,-0.1820346214179748,-0.0804090875068159,0.4989370889698137
0.7387008325006436,-0.1776711969923602,-0.0783611681086832,0.5027698632912315
0.7380390514415377,-0.173354043825346,-0.0763481015785889,0.5064739861471573
0.7374057746875107,-0.1690828012805935,-0.0743686014268143,0.5100528388464675
0.7367996516174719,-0.1648562796569316,-0.0724210625838329,0.5135103363362343
0.736219348860137,-0.1606727825992039,-0.070503716761905,0.5168506033401317
0.735663586823241,-0.1565303474949156,-0.0686147441096669,0.5200777524480662
0.7351311584698585,-0.1524268989139881,-0.0667523414164149,0.5231957552134645
0.7346209369622253,-0.1483603421128967,-0.0649147611150067,0.5262083739375806
0.7341318772494704,-0.144328621539425,-0.0631003335540871,0.5291191279851281
0.7336630134582459,-0.1403297504494786,-0.0613074759640297,0.531931285626308
0.733213456818158,-0.1363618464463878,-0.0595347041028309,0.5346478541114706
0.7327823882204522,-0.1324231195820706,-0.0577806228569398,0.5372716038578585
0.7323690536454097,-0.1285118804073408,-0.0560439261587915,0.5398050776793704
0.7319727597215748,-0.1246265465378734,-0.0543233965243622,0.5422506010487594
0.7315928669989739,-0.1207656227242428,-0.052617893178142,0.5446103083536967
0.7312287869305117,-0.116927712227649,-0.0509263543768302,0.5468861481136672
0.7308799771927078,-0.113111508794257,-0.0492477913985924,0.5490798999200813
0.7305459364529362,-0.1093157769770886,-0.0475812777004292,0.5511931964592075
0.7302262024440326,-0.1055393645584845,-0.0459259524266135,0.553227526039082
0.7299203477476931,-0.1017811866678772,-0.0442810116606184,0.5551842506387388
0.7296279769198227,-0.098040220866398,-0.0426457046850504,0.5570646165637806
0.7293487244860469,-0.0943155105677826,-0.0410193340269088,0.5588697603841469
0.7290822525011181,-0.0906061610960232,-0.039401252399592,0.5606007184208761
0.7288282475617336,-0.0869113245499179,-0.0377908548822407,0.5622584405651609
0.7285864193916591,-0.0832302030431306,-0.036187579216064,0.5638437945756359
0.7283564992928214,-0.0795620491069716,-0.0345909049293703,0.5653575717499556
0.7281382381386273,-0.0759061568014291,-0.0330003484819828,0.5668004961186105
0.7279314051630085,-0.072261862906293,-0.0314154628538019,0.5681732288809173
0.7277357867086546,-0.0686285463839958,-0.029835836421042,0.5694763734929765
0.7275511845450778,-0.065005617663195,-0.0282610874422096,0.570710484001383
0.7273774148273442,-0.0613925164714641,-0.026690862289665,0.5718760694715965
0.7272143077817018,-0.057788724278874,-0.0251248400473647,0.5729735938033551
0.72706170598159,-0.0541937464075168,-0.0235627239387674,0.5740034852550735
0.7269194635812425,-0.0506071101941873,-0.0220042397410066,0.5749661398132396
0.7267874458894409,-0.047028370869048,-0.0204491375546272,0.5758619224496664
0.7266655285129671,-0.0434571062623515,-0.0188971887194744,0.5766911714609833
0.7265535965956462,-0.0398929107614461,-0.0173481824025296,0.5774542023390694
0.7264515445172678,-0.0363354014781266,-0.0158019274880954,0.5781513086547031
0.7263592750413446,-0.0327842050965784,-0.0142582460663951,0.5787827668246437
0.7262766991030525,-0.029238963137292,-0.0127169749197079,0.5793488366262327
0.7262037353342246,-0.0256993269165093,-0.0111779625240081,0.5798497636016314
0.7261403097891296,-0.0221649585489022,-0.0096410686721706,0.5802857801742913
0.726086355576081,-0.0186355250620882,-0.0081061610976155,0.5806571074884005
0.7260418126815877,-0.0151106997536531,-0.0065731152436339,0.5809639559940362
0.7260066277662159,-0.0115901609579292,-0.0050418129049699,0.5812065262867446
0.7259807539722215,-0.0080735870213383,-0.0035121392200786,0.5813850099227352
0.7259641508529716,-0.0045606594912847,-0.0019839832378464,0.5814995894461231
0.7259567842582101,-0.0010510565743369,-0.000457234255624,0.5815504387690609
0.7259563710713663,2.8148011916098725e-11,-3.900711242725563e-12,0.581553291085294
