3.17211808413532
0.8224805098102835,4.9621890139471085e-29,-4.411726954519103e-16,0.1358660113584
0.8224814615845419,0.0005401300081458,0.0004788128122942,0.1358604725719415
0.8224893615991079,0.0016470918029272,0.0014600054210662,0.1358144979126607
0.8225052592057331,0.0027537601501161,0.0024406234800895,0.1357219750269117
0.8225291510529628,0.0038597414969685,0.0034201069319783,0.1355829118926388
0.8225610260824489,0.0049645548644519,0.0043978188423149,0.1353973555183862
0.8226008657212559,0.006067716746513,0.0053731211523075,0.135165390817788
0.8226486438962507,0.0071687439135499,0.0063453776537142,0.1348871405267967
0.8227043269887955,0.0082671530576458,0.0073139541672194,0.1345627654764311
0.8227678738453937,0.0093624617684608,0.0082782198956659,0.1341924645483091
0.8228392358061262,0.0104541893013407,0.0092375485874814,0.1337764745355202
0.8229183567723316,0.0115418575562746,0.0101913198763543,0.1333150697841424
0.8230051733043112,0.0126249920252286,0.0111389205795834,0.1328085616692481
0.8230996147771101,0.013703123028946,0.0120797462320026,0.13225729774167
0.8232016035232103,0.0147757863647793,0.0130132020837603,0.1316616609605674
0.8233110550031223,0.0158425240355314,0.0139387041490094,0.1310220687729358
0.8234278781296747,0.016902886121619,0.0148556812188844,0.1303389713040503
0.8235519754166823,0.0179564305812138,0.015763575045605,0.1296128505825055
0.8236832433462099,0.0190027248750234,0.0166618420775269,0.1288442184956696
0.8238215726447335,0.0200413464353867,0.0175499541583791,0.1280336152846424
0.8239668485822768,0.0210718831892501,0.0184273992422166,0.1271816079119662
0.8241189513956204,0.0220939347721759,0.0192936826599523,0.1262887877074709
0.8242777566265868,0.0231071128877211,0.0201483276150579,0.125355768515734
0.8244431353688243,0.0241110410450901,0.0209908751247573,0.1243831853862707
0.8246149548714987,0.025105356404012,0.0218208856972969,0.1233716911687147
0.8247930787805863,0.0260897091866767,0.0226379389183349,0.1223219552381721
0.8249773674428649,0.0270637625645772,0.0234416334161088,0.1212346618560703
0.8251676784429988,0.0280271937284352,0.0242315877696534,0.1201105071560922
0.8253638668054797,0.0289796931013277,0.0250074398475422,0.1189501981051707
0.8255657853176961,0.0299209642757889,0.0257688467268716,0.1177544507517217
0.8257732851299824,0.0308507251691368,0.0265154855614517,0.1165239868292004
0.8259862156972235,0.0317687061172715,0.0272470519490682,0.1152595342561646
0.8262044251924395,0.0326746502801234,0.027963260160882,0.1139618248428433
0.8264277608763793,0.033568313767523,0.0286638431109771,0.1126315922506883
0.8266560692882193,0.0344494650334703,0.0293485517275601,0.1112695710111546
0.8268891964041872,0.0353178842461243,0.0300171543038173,0.1098764957362604
0.8271269878309975,0.0361733628775633,0.0306694360176412,0.1084531001218747
0.8273692889937517,0.0370157033265267,0.031305198470871,0.1070001159827732
0.8276159455869981,0.0378447194548065,0.0319242599018685,0.1055182707032584
0.8278668031270502,0.0386602341136419,0.0325264531381663,0.1040082900814128
0.8281217077700831,0.0394620810240053,0.0331116268112567,0.102470893572293
0.8283805058179763,0.0402501023453315,0.0336796433646586,0.1009067974199394
0.8286430441590308,0.0410241493738283,0.0342303793858199,0.0993167121668055
0.828909170318912,0.041784081992021,0.0347637250115913,0.0977013425065751
0.8291787325063729,0.0425297681739232,0.0352795833858176,0.0960613871726675
0.8294515795803504,0.043261083344058,0.0357778700314959,0.0943975393110839
0.8297275611604198,0.0439779101932434,0.0362585125524649,0.0927104859872022
0.8300065278777455,0.0446801388526107,0.036721450567837,0.0910009068292139
0.8302883309955891,0.0453676654965275,0.0371666346119683,0.089269476534569
0.8305728228911549,0.0460403931781076,0.0375940265261799,0.0875168621079185
0.8308598567768726,0.0466982307801787,0.03800359861634,0.0857437247647018
0.8311492867845541,0.0473410929252298,0.0383953334573754,0.0839507196201616
0.8314409681854715,0.047968900174008,0.0387692238662787,0.0821384945329707
0.8317347572660718,0.0485815784632764,0.0391252724116867,0.0803076910823715
0.8320305112648275,0.0491790587481867,0.0394634910768435,0.0784589451848564
0.8323280885593307,0.0497612771785268,0.0397839012377394,0.0765928861559001
0.8326273485900756,0.05032817473926,0.0400865333357404,0.0747101374178194
0.8329281520072486,0.0508796973463758,0.0403714268099357,0.0728113158160976
0.8332303605874174,0.0514157955111405,0.0406386298011464,0.0708970323862023
0.8335338373330393,0.0519364243640675,0.0408881990548865,0.0689678919763984
0.8338384464633524,0.0524415434871317,0.0411201997293076,0.0670244935608368
0.8341440534799506,0.0529311168858313,0.0413347052770279,0.0650674300842188
0.8344505251625505,0.0534051128512715,0.0415317972800027,0.063097288756193
0.8347577296932494,0.053863504029217,0.0417115653758216,0.0611146505250959
0.8350655365057961,0.0543062670773147,0.0418741070214934,0.0591200913275608
0.8353738166593451,0.0547333830993553,0.0420195275581663,0.0571141799519423
0.8356824427166121,0.0551448373291917,0.0421479399741653,0.0550974790954744
0.8359912885595134,0.0555406187905525,0.0422594647048267,0.0530705468608697
0.8363002298921683,0.055920720856119,0.0423542296998185,0.0510339337532263
0.8366091439554656,0.0562851407568863,0.0424323701635121,0.0489881848297469
0.8369179098344063,0.056633879847494,0.0424940285050627,0.0469338379555897
0.8372264082507266,0.056966943250062,0.0425393541425391,0.0448714254591042
0.8375345217783526,0.0572843399986321,0.0425685034152556,0.0428014729865799
0.8378421349332897,0.057586083012503,0.0425816394392829,0.0407244991716631
0.8381491341417463,0.0578721889454994,0.042578931952129,0.0386410161205424
0.838455407953238,0.058142678267384,0.0425605571585103,0.0365515282333958
0.8387608467809594,0.0583975749118819,0.0425266975869363,0.0344565342353659
0.8390653432746565,0.0586369064935814,0.0424775419182003,0.0323565248954559
0.8393687924573792,0.0588607042586624,0.0424132847670061,0.0302519823066618
0.83967109126772,0.0590690026110198,0.0423341266032399,0.0281433832929538
0.8399721392660038,0.0592618394985367,0.0422402734278048,0.0260311947382103
0.8402718381316217,0.0594392559165126,0.042131936712631,0.0239158772991464
0.8405700919455805,0.059601295973399,0.0420093331562893,0.0217978836511506
0.8408668075459347,0.0597480069158964,0.0418726843270516,0.019677656138288
0.8411618939525289,0.0598794386644364,0.0417222167046325,0.0175556310368951
0.8414552627564884,0.0599956438822875,0.0415581613345917,0.0154322359677586
0.8417468282640139,0.0600966778556651,0.0413807535277392,0.0133078889918074
0.842036507223694,0.0601825982214728,0.0411902328053078,0.0111830007216208
0.8423242192070466,0.0602534649242622,0.0409868424500125,0.0090579716653388
0.8426098863065884,0.0603093399438137,0.0407708294799643,0.0069331945394836
0.8428934332585352,0.0603502871658429,0.0405424443608918,0.0048090534736423
0.8431747876512483,0.0603763722209307,0.0403019406074578,0.0026859225168886
0.8434538797207047,0.0603876622508311,0.0400495747063675,0.000564167213098
0.8437306423013494,0.0603842257299335,0.0397856059471694,-0.0015558549635683
0.8440050640235239,0.0603661273479528,0.0395102415101608,-0.0036742068039304
0.8442772534853752,0.0603334038278448,0.0392235537900787,-0.0057918889689129
0.8445471444617232,0.0602860906382491,0.0389257833095304,-0.0079085566565753
0.8448146732203229,0.0602242242644511,0.0386171737657525,-0.010023872636768
0.8450797780978306,0.060147842114477,0.0382979723311181,-0.0121375037986513
0.8453423998420855,0.0600569822803177,0.037968429100132,-0.0142491237243449
0.8456024818265521,0.0599516832323047,0.0376287966006776,-0.0163584143679165
0.8458599697797629,0.0598319836690149,0.0372793299068038,-0.0184650638538219
0.846114811751032,0.0596979223238276,0.0369202864918468,-0.0205687661331483
0.8463669584004698,0.0595495375744703,0.0365519256057301,-0.022669223350681
0.8466163626016555,0.0593868674013522,0.0361745086141854,-0.0247661425549244
0.8468629798161458,0.0592099489062328,0.035788298227674,-0.0268592388208882
0.8471067679585962,0.0590188180851813,0.0353935584429675,-0.0289482341843024
0.8473476873202186,0.0588135095841671,0.0349905544201028,-0.0310328570394823
0.8475857005682482,0.0585940563933929,0.0345795522418144,-0.0331128421871056
0.8478207727184662,0.0583604895479845,0.0341608187123354,-0.035187930664113
0.8480528714168889,0.0581128374750945,0.0337346205785234,-0.0372578723532027
0.8482819663309641,0.0578511262367852,0.0333012253549945,-0.0393224207089761
0.8485080295050222,0.0575753788064232,0.0328609004348656,-0.041381335995075
0.8487310353602041,0.0572856146259313,0.0324139127911911,-0.0434343854588569
0.8489509605305486,0.0569818493574821,0.0319605290060764,-0.0454813420039983
0.8491677839706273,0.056664094266144,0.031501014757383,-0.0475219853633532
0.8493814866015829,0.0563323562402063,0.0310356352704242,-0.0495560989523891
0.8495920514603895,0.0559866371032454,0.0305646547368702,-0.051583471396223
0.8497994639664577,0.0556269325900755,0.0300883353906412,-0.0536038993322474
0.8500037111500027,0.0552532330627752,0.0296069389461361,-0.0556171801378311
0.850204782122044,0.054865522158818,0.0291207252569174,-0.057623116609164
0.8504026679593034,0.0544637763206501,0.0286299522512076,-0.0596215160580916
0.8505973613670209,0.0540479648099548,0.0281348764588346,-0.0616121870747202
0.8507888567234967,0.0536180489898125,0.0276357526358666,-0.0635949400382534
0.850977150346069,0.0531739809727356,0.0271328327508604,-0.0655695900216367
0.8511622395764529,0.0527157049922855,0.0266263681106373,-0.0675359473171336
0.8513441234064698,0.0522431552500962,0.0261166074525461,-0.0694938239144764
0.851522801919879,0.0517562565247028,0.0256037981996241,-0.071443027518177
0.8516982760605734,0.0512549241646215,0.0250881869436648,-0.0733833587238746
0.851870547729278,0.0507390631887125,0.0245700189992642,-0.0753146116846664
0.8520396192550531,0.050208569238438,0.0240495398379041,-0.0772365676950777
0.8522054930906985,0.0496633291709102,0.0235269960077548,-0.0791489908434334
0.8523681715707102,0.0491032216740548,0.0230026359603194,-0.0810516240442074
0.8525276563069178,0.0485281194388216,0.0224767121737735,-0.0829441804139019
0.8526839477095175,0.0479378914830691,0.0219494831072771,-0.0848263354258926
0.8528370443587281,0.047332406685833,0.0214212158930042,-0.0866977165512206
0.8529869421001087,0.0467115393739117,0.0208921903165623,-0.0885578885395268
0.8531336329604946,0.0460751770714739,0.0203627039104334,-0.0904063351149715
0.85327710411289,0.0454232298553436,0.0198330774469151,-0.0922424396652123
0.853417336665808,0.0447556426587843,0.0193036617056915,-0.0940654619099434
0.8535543041135532,0.0440724120183462,0.0187748463129589,-0.0958745079741422
0.8536879707667817,0.0433736066235357,0.0182470696547249,-0.09766849751452
0.8538182904053423,0.0426593910109548,0.017720828981085,-0.0994461310045583
0.8539452052565324,0.04193005215127,0.0171966902328845,-0.1012058587967558
0.8540686454583365,0.0411860281183303,0.0166752968025801,-0.1029458546422825
0.8541885299612494,0.0404279324657847,0.0161573728388935,-0.1046640082286403
0.8543047687582618,0.0396565725847614,0.0156437206753938,-0.1063579376597147
0.8544172673023516,0.0388729530334534,0.015135207525552,-0.108025037356783
0.8545259327819175,0.0380782605525308,0.0146327413274995,-0.1096625607680852
0.8546306818835921,0.0372738274793208,0.0141372359315692,-0.1112677362419821
0.8547314488067903,0.0364610773032061,0.0136495702273568,-0.1128379001773021
0.8548281926341836,0.0356414560700281,0.0131705450820242,-0.1143706343489166
0.8549209022087927,0.0348163646347449,0.012700847621563,-0.1158638766662592
0.8550095981132838,0.0339870997315501,0.0122410265741019,-0.1173159941801189
0.855094331293343,0.0331548151680448,0.0117914832292715,-0.1187258050030444
0.85517517981876,0.0323204973264463,0.0113524725057565,-0.1200925678340377
0.8552522436023329,0.0314849635456706,0.0109241167529632,-0.1214159319173106
0.8553256388466863,0.0306488713540401,0.0105064240475666,-0.1226958742054624
0.8553954926356411,0.0298127364567453,0.0100993090068429,-0.12393263026203
0.8554619383458603,0.0289769524611664,0.0097026121764515,-0.1251266311635019
0.8555251118128492,0.0281418120490183,0.0093161178855369,-0.126278446594396
0.8555851482825997,0.0273075279093626,0.0089395698866394,-0.1273887360840583
0.8556421803896489,0.0264742480588685,0.008572682653106,-0.128458214406459
0.8556963364698165,0.025642072907416,0.0082151520516534,-0.129487619831423
0.8557477398526038,0.0248110629299047,0.0078666607828747,-0.1304776984141318
0.8557965080806051,0.0239812508034833,0.0075268849760148,-0.1314291854648361
0.8558427527391046,0.0231526466186744,0.0071954972043372,-0.1323427977232643
0.855886579266946,0.0223252450886329,0.0068721698969393,-0.1332192246998868
0.8559280870648646,0.0214990287995505,0.0065565768139316,-0.1340591256397259
0.8559673695564975,0.0206739730820736,0.0062483949264864,-0.1348631255499778
0.8560045144993139,0.0198500462627272,0.0059473043762743,-0.1356318164342158
0.8560396041378151,0.0190272130968117,0.0056529895523219,-0.1363657555831615
0.8560727155337328,0.0182054342080355,0.0053651386349304,-0.1370654678039677
0.8561039206694121,0.0173846706999954,0.005083444934787,-0.1377314432085463
0.8561332868632274,0.0165648807878,0.004807605399974,-0.1383641419055566
0.856160876879358,0.0157460236534256,0.0045373216397659,-0.138963992555113
0.8561867492072012,0.0149280585923976,0.0042722993091464,-0.1395313948343952
0.8562109583035155,0.0141109443039301,0.0040122475929398,-0.1400667214516227
0.8562335547025384,0.0132946420605302,0.0037568799351743,-0.1405703175341381
0.856254585328907,0.0124791114316565,0.0035059124151952,-0.1410425047778933
0.8562740935379232,0.0116643150094775,0.0032590649762971,-0.141483579800559
0.8562921193555216,0.0108502154513861,0.0030160602604657,-0.1418938171790725
0.8563086996077882,0.0100367757879559,0.0027766234948733,-0.1422734702562991
0.8563238680186716,0.0092239609741649,0.002540482741399,-0.1426227714138735
0.8563376553582234,0.0084117365294149,0.0023073682953288,-0.1429419336927483
0.8563500895584693,0.0076000676703342,0.0020770122653934,-0.1432311518669935
0.8563611957760902,0.006788921115729,0.0018491489250974,-0.1434906024495757
0.8563709964754366,0.0059782657882604,0.0016235147371059,-0.1437204443178134
0.8563795115481573,0.0051680694654401,0.0013998472673309,-0.1439208203545359
0.8563867583459509,0.0043583011485443,0.0011778857127675,-0.1440918571982732
0.8563927517348108,0.0035489323451135,0.0009573711117772,-0.1442336656220601
0.8563975041920028,0.0027399307706111,0.0007380445035797,-0.1443463420543289
0.8564010257854586,0.0019312687256001,0.0005196490930286,-0.1444299674384975
0.8564033242513419,0.0011229177091861,0.0003019286678735,-0.1444846085306425
0.8564044050121353,0.0003148495012862,8.46277866428e-05,-0.1445103179018473
0.8564042711963707,-0.0004929646511492,-0.0001325085452608,-0.1445071340866784
0.8564029236244083,-0.0013005632288727,-0.0003497374548847,-0.1444750810304083
0.8564003604722534,-0.0021080628223919,-0.0005673367885682,-0.1444141599959243
0.856396577582526,-0.002915492135983,-0.0007855606703759,-0.1443243570009576
0.8563915685236019,-0.0037228774345322,-0.0010046625676769,-0.1442056443723665
0.8563853245742303,-0.0045302447172152,-0.001224895972949,-0.1440579806305883
0.8563778346832409,-0.0053376217718279,-0.001446515067475,-0.1438813098909313
0.8563690854544229,-0.0061450358521091,-0.0016697741975434,-0.1436755619698287
0.8563590611148517,-0.0069525137424114,-0.0018949279956595,-0.1434406522078233
0.856347743464318,-0.0077600825994152,-0.0021222317233809,-0.1431764809622512
0.8563351118121003,-0.0085677706344256,-0.0023519415857718,-0.1428829329271357
0.8563211429532104,-0.0093756048192599,-0.002584314204552,-0.1425598774943269
0.856305811095547,-0.0101836118233701,-0.0028196069971247,-0.1422071680913522
0.856289087687048,-0.0109918227762953,-0.0030580797146531,-0.1418246393744444
0.8562709414967771,-0.0118002646044412,-0.0032999920620012,-0.141412110399937
0.8562513383983726,-0.0126089664670789,-0.0035456057259769,-0.1409693811042674
0.8562302413202674,-0.0134179570787878,-0.0037951837488679,-0.1404962327771672
0.8562076100737058,-0.0142272668845871,-0.0040489913718238,-0.1399924259426424
0.856183401309989,-0.0150369248469314,-0.0043072952250457,-0.1394577013209658
0.8561575682765422,-0.0158469620934352,-0.0045703646725408,-0.1388917765050221
0.8561300607189127,-0.0166574097262066,-0.0048384713488507,-0.1382943461126125
0.85610082474947,-0.0174682978183033,-0.0051118890387773,-0.1376650813858023
0.8560698026816435,-0.0182796551950179,-0.0053908938043043,-0.1370036292503574
0.8560369325792196,-0.0190915157112598,-0.005675766417825,-0.1363096056166546
0.8560021484970013,-0.0199039063616274,-0.0059667885150478,-0.13558260364905
0.8559653798496099,-0.0207168573040131,-0.0062642463406075,-0.1348221837981324
0.8559265514065517,-0.0215303956532397,-0.0065684288405964,-0.134027877402739
0.8558855829109873,-0.0223445478457064,-0.006879628794862,-0.1331991827186358
0.8558423889948558,-0.0231593353571852,-0.007198141462597,-0.1323355673335083
0.8557968788301121,-0.0239747757330376,-0.0075242651723072,-0.1314364654708182
0.8557489558167347,-0.0247908822116181,-0.0078583014013781,-0.1305012764364663
0.8556985175600008,-0.025607658336865,-0.0082005527314533,-0.1295293689715501
0.8556454557034938,-0.0264250957276562,-0.0085513218686511,-0.1285200827988749
0.8555896556045652,-0.0272431742877405,-0.0089109116088303,-0.1274727273371576
0.8555309967053296,-0.028061852461402,-0.0092796202726399,-0.1263865935276081
0.8554693526655941,-0.0288810629091386,-0.0096577390082426,-0.1252609605762185
0.8554045917485954,-0.0297007061108938,-0.0100455477457067,-0.1240951067712999
0.8553365777554915,-0.0305206392796801,-0.0104433083093031,-0.122888329100448
0.8552651713820294,-0.0313406638516992,-0.010851255870087,-0.1216399684388213
0.8551902320742935,-0.032160511746584,-0.0112695886164139,-0.1203494408221443
0.8551116208812827,-0.032979826413149,-0.0116984533047249,-0.1190162822544493
0.8550292038646796,-0.033798145453268,-0.0121379297561234,-0.1176401979552952
0.8549428568291576,-0.0346148783879826,-0.0125880106871688,-0.116221127535949
0.8548524708533818,-0.035429286917127,-0.013048580422048,-0.1147593154866047
0.8547579582933121,-0.0362404710906821,-0.0135193945504095,-0.1132553805813048
0.8546592588381698,-0.0370473642506546,-0.0140000627172168,-0.1117103772181814
0.8545563446681171,-0.0378487423136397,-0.0144900388574351,-0.1101258346214985
0.8544492232081556,-0.0386432543866699,-0.0149886249403469,-0.1085037535770255
0.854337937413837,-0.0394294682357092,-0.0154949866118632,-0.106846564710811
0.8542225613812778,-0.0402059392948587,-0.016008188630123,-0.1051570211545741
0.8541031934237251,-0.0409712803725819,-0.0165272376771855,-0.1034380645111762
0.8539799467352097,-0.0417242283417241,-0.0170511305514694,-0.1016926698669974
0.8538529396504949,-0.0424636945082926,-0.0175788982175585,-0.0999237008987688
0.8537222869902708,-0.0431887931106646,-0.0181096398944091,-0.0981337948518958
0.8535880939744203,-0.0438988451821654,-0.0186425424669601,-0.0963252942319392
0.8534504522082518,-0.044593366775,-0.0191768890574192,-0.0945002135821171
0.8533094384254473,-0.0452720428594679,-0.0197120556600592,-0.0926602462211707
0.8531651144390869,-0.0459346985003435,-0.0202475032611838,-0.0908067866504329
0.8530175287145989,-0.0465812670167021,-0.0207827646533746,-0.0889409719126839
0.8528667179366618,-0.0472117634757781,-0.0213174325156323,-0.0870637195800683
0.8527127090539287,-0.0478262608439151,-0.0218511469946245,-0.0851757684597883
0.8525555213162771,-0.0484248705182694,-0.0223835845782833,-0.0832777158081544
0.8523951677607331,-0.0490077285023533,-0.0229144499400165,-0.0813700449104272
0.8522316569182264,-0.0495749834265001,-0.0234434679102703,-0.0794531529365474
0.852064993726996,-0.0501267895448852,-0.0239703787980508,-0.0775273673766961
0.8518951809852096,-0.0506632994160549,-0.0244949325357984,-0.0755929672326937
0.8517222199153505,-0.0511846608083669,-0.0250168861407638,-0.0736501925685223
0.8515461108766214,-0.0516910138418566,-0.0255360010014479,-0.0716992549276681
0.8513668538751045,-0.0521824893464738,-0.0260520410413961,-0.0697403447295662
0.8511844492466635,-0.0526592072075501,-0.0265647706069651,-0.0677736399405068
0.850998897610898,-0.0531212769768703,-0.0270739545934758,-0.0657993063706162
0.8508102006342882,-0.0535687965298959,-0.0275793563939646,-0.0638175064031987
0.8506183607192271,-0.0540018535600986,-0.0280807388998152,-0.0618283960039522
0.8504233818716819,-0.0544205243205175,-0.0285778623907627,-0.0598321339582345
0.8502252691231902,-0.054824875728249,-0.0290704862826401,-0.0578288759092919
0.8500240292979265,-0.0552149644824457,-0.0295583674141997,-0.0558187821973761
0.8498196709103454,-0.055590838131544,-0.0300412606250482,-0.0538020166204831
0.8496122040895937,-0.0559525359501103,-0.0305189192108585,-0.0517787455568272
0.8494016407802806,-0.056300089258016,-0.0309910947184273,-0.0497491398107592
0.8491879950997767,-0.0566335215474067,-0.0314575364554302,-0.0477133778295998
0.8489712828268816,-0.0569528499737838,-0.0319179929258653,-0.0456716405816336
0.8487515220728332,-0.0572580849285562,-0.0323722106577177,-0.0436241177447803
0.8485287329078028,-0.0575492312168905,-0.0328199353144106,-0.0415710039332513
0.8483029375188682,-0.0578262883660106,-0.0332609116372215,-0.0395125000031308
0.8480741604473341,-0.0580892508747825,-0.0336948832773206,-0.0374488150032425
0.8478424283322629,-0.0583381090380675,-0.0341215935870981,-0.0353801636365565
0.8476077702083904,-0.05857284907921,-0.0345407853363163,-0.0333067687676771
0.8473702172181611,-0.0587934538989105,-0.0349522015115666,-0.0312288586970233
0.8471298030845139,-0.0589999030398288,-0.035355584753125,-0.0291466711697543
0.8468865636232383,-0.0591921735429136,-0.0357506784671119,-0.0270604489707097
0.8466405372628044,-0.0593702398799871,-0.0361372262138142,-0.0249704443067664
0.8463917645621799,-0.0595340746950444,-0.0365149727465668,-0.0228769145661039
0.846140288761665,-0.0596836487522736,-0.0368836634013716,-0.0207801269029085
0.8458861552524651,-0.0598189316147215,-0.0372430451517819,-0.0186803536955761
0.8456294120417954,-0.0599398916668016,-0.0375928661600229,-0.0165778763808435
0.8453701094574889,-0.0600464965806887,-0.0379328764430898,-0.0144729829557771
0.8451083002439078,-0.0601387135345651,-0.0382628279586008,-0.0123659687608828
0.8448440393995643,-0.0602165095211923,-0.0385824750209341,-0.0102571351860038
0.8445773848394105,-0.0602798514176561,-0.0388915737287787,-0.0081467949549078
0.8443083964143497,-0.060328706521226,-0.0391898833694393,-0.0060352643242094
0.8440371364486149,-0.0603630425985029,-0.0394771659557387,-0.0039228674449162
0.8437636696712639,-0.0603828281352584,-0.0397531865190756,-0.0018099358672821
0.8434880631581069,-0.0603880325585263,-0.0400177133709936,0.0003031918377133
0.8432103862930714,-0.0603786264376769,-0.0402705183299298,0.0024161702792721
0.8429305608615282,-0.0603545649159453,-0.0405115023250344,0.0045297752949185
0.8426485736569582,-0.0603157841591002,-0.0407404913552749,0.0066442748220454
0.8423644950800762,-0.0602622221975602,-0.0409572384142846,0.0087593093862358
0.8420783984643913,-0.0601938185871952,-0.0411614992278343,0.0108745083409503
0.8417903597077491,-0.0601105145616299,-0.0413530327871776,0.0129894925845979
0.8415004573505813,-0.0600122532343724,-0.0415316015102779,0.0151038739051475
0.8412087725588057,-0.0598989797848763,-0.0416969714790856,0.0172172550259842
0.8409153890219052,-0.0597706416011814,-0.0418489127157694,0.019329230245273
0.8406203930618086,-0.0596271885022527,-0.0419871993382303,0.0214393845352619
0.8403238736515233,-0.0594685729447306,-0.0421116097871489,0.0235472933027711
0.8400259222121625,-0.0592947501042351,-0.0422219271398741,0.0256525237071751
0.8397266324423867,-0.0591056779239173,-0.042317939360139,0.0277546356927816
0.8394261007305366,-0.0589013175300239,-0.0423994393596103,0.0298531789185771
0.8391244255790323,-0.058681633030607,-0.0424662253834819,0.0319476966224696
0.8388217081406673,-0.0584465920455546,-0.0425181010690694,0.0340377216904217
0.8385180515263881,-0.0581961653577703,-0.0425548757922045,0.0361227812600467
0.8382135612035052,-0.0579303273516262,-0.0425763647647028,0.0382023937399118
0.8379083448184969,-0.0576490560329902,-0.0425823892592891,0.0402760698167048
0.8376025119713294,-0.0573523329605749,-0.0425727767888775,0.0423433137514791
0.8372961745083958,-0.0570401436640582,-0.0425473612841716,0.0444036211525998
0.836989446022683,-0.0567124772943106,-0.0425059832468811,0.0464564821030765
0.8366824421541508,-0.0563693270531367,-0.0424484899306251,0.0485013788762288
0.8363752803723598,-0.0560106901082336,-0.0423747354916543,0.0505377871381885
0.836068079893921,-0.0556365676250097,-0.0422845811282614,0.0525651762266628
0.8357609616248808,-0.0552469648201885,-0.0421778952176184,0.0545830092574264
0.8354540481088272,-0.0548418910204103,-0.0420545534514623,0.056590743190109
0.8351474635539827,-0.0544213598306282,-0.0419144390087385,0.0585878283788477
0.8348413335793432,-0.0539853889197119,-0.0417574426019736,0.0605737099532929
0.8345357852829857,-0.0535340002267144,-0.0415834626477125,0.0625478270895778
0.8342309471454058,-0.0530672199483024,-0.0413924053689831,0.0645096133603695
0.8339269490735131,-0.0525850787390606,-0.0411841849828054,0.0664584961788708
0.833623922103366,-0.0520876113747128,-0.0409587236579857,0.0683938984334466
0.8333219985683532,-0.0515748571372153,-0.0407159517740509,0.0703152371327802
0.8330213119879643,-0.0510468597766788,-0.040455808009731,0.072221923852854
0.8327219969417143,-0.0505036674272457,-0.0401782393971588,0.0741133652718099
0.832424189122125,-0.0499453328390242,-0.0398832015325005,0.0759889625725174
0.8321280252200316,-0.0493719133199854,-0.0395706586459475,0.0778481119126263
0.8318336428965876,-0.048783470833275,-0.0392405837498326,0.0796902043487127
0.8315411807504067,-0.0481800720960518,-0.0388929587928648,0.0815146257974445
0.8312507783199867,-0.0475617887656562,-0.0385277748711843,0.0833207567837839
0.8309625758847341,-0.0469286972032595,-0.03814503219225,0.0851079734462383
0.830676714639539,-0.0462808790419101,-0.0377447405173632,0.086875646224003
0.8303933365126936,-0.0456184210097571,-0.0373269191700342,0.0886231407685525
0.8301125842133439,-0.0449414152684345,-0.0368915973594469,0.0903498174363467
0.8298346010657982,-0.0442499592676986,-0.0364388142034634,0.0920550321015189
0.8295595311003826,-0.0435441562281061,-0.0359686191575421,0.0937381353945963
0.8292875189695427,-0.0428241152361262,-0.0354810722055384,0.0953984730243955
0.829018709922456,-0.0420899515050312,-0.0349762441640431,0.0970353857455677
0.8287532496637313,-0.0413417863398192,-0.0344542167871889,0.0986482100363828
0.8284912844727285,-0.0405797478498601,-0.033915083393992,0.1002362771957399
0.8282329609532064,-0.0398039706589399,-0.0333589488045301,0.1017989146923343
0.8279784260994915,-0.0390145965357002,-0.032785929922444,0.1033354455944775
0.8277278272721897,-0.0382117748404443,-0.0321961562057582,0.1048451885581806
0.8274813118534787,-0.0373956619638664,-0.0315897693957471,0.1063274597465994
0.8272390275555199,-0.0365664229022594,-0.0309669248198107,0.1077815708183421
0.8270011220848567,-0.0357242308266028,-0.030327791227212,0.1092068307997111
0.8267677429853175,-0.0348692671986358,-0.0296725510112119,0.1106025468768144
0.8265390377017271,-0.0340017227440779,-0.0290014010888986,0.1119680238697256
0.8263151533015908,-0.0331217972512964,-0.0283145528866116,0.1133025657562284
0.8260962364376525,-0.0322297002995796,-0.0276122330353765,0.1146054757557717
0.8258824330762427,-0.0313256511243749,-0.0268946833904739,0.1158760578110202
0.8256738885550535,-0.0304098799019685,-0.0261621621675838,0.117113616110493
0.8254707470288389,-0.0294826264735471,-0.0254149430355839,0.118317458247653
0.8252731516588245,-0.0285441423324661,-0.0246533168020456,0.1194868939637326
0.8250812440995012,-0.0275946895536872,-0.0238775906391027,0.1206212380591539
0.8248951644257966,-0.0266345417392663,-0.0230880889153262,0.1217198106930847
0.8247150507951364,-0.0256639837459259,-0.0222851530247902,0.1227819392520806
0.8245410393491704,-0.0246833127017583,-0.0214691422608317,0.1238069588037827
0.8243732637012431,-0.0236928368033173,-0.0206404328326438,0.12479421499286
0.8242118548582957,-0.0226928764940444,-0.0197994188331054,0.1257430643756124
0.8240569407724369,-0.0216837635384089,-0.018946511430355,0.1266528769359604
0.823908646153288,-0.0206658416249866,-0.0180821393131358,0.127523037067302
0.8237670921118327,-0.0196394659285243,-0.0172067482361108,0.1283529455462588
0.8236323958951651,-0.0186050032394101,-0.0163208010174395,0.1291420209738416
0.8235046705845228,-0.0175628318504707,-0.0154247773052111,0.1298897014343019
0.8233840245878812,-0.0165133395714449,-0.014519171697995,0.13059544735755
0.823270561633068,-0.0154569257365832,-0.0136044952691405,0.1312587414545794
0.8231643802502236,-0.0143939988902248,-0.0126812733432695,0.131879091645317
0.8230655736081197,-0.0133249773401271,-0.011750045714045,0.132456031919747
0.8229742292028493,-0.0122502882684669,-0.0108113655879622,0.1329891240669922
0.8228904285843992,-0.0111703669008771,-0.0098657985459257,0.1334779591873444
0.8228142471655868,-0.0100856564604958,-0.0089139221651269,0.13392215872898
0.8227457539367157,-0.008996606617292,-0.0079563242980158,0.1343213760802461
0.8226850113189618,-0.0079036734434373,-0.0069936026468331,0.1346752973587041
0.822632074989303,-0.0068073188707589,-0.0060263638837316,0.1349836423726281
0.8225869936695099,-0.0057080087771862,-0.00505522154066,0.1352461657980165
0.822549809063679,-0.0046062135275037,-0.0040807960469178,0.1354626574968712
0.8225205557296129,-0.0035024070515261,-0.0031037134651428,0.1356329432276094
0.8224992609783507,-0.0023970657511614,-0.0021246040621873,0.1357568851980856
0.8224859448061197,-0.0012906667487354,-0.0011441002855612,0.1358343824365101
0.822480619896116,-0.0001836890595921,-0.0001628373250936,0.1358653707626636
0.8224805098188591,-2.7114545689006092e-12,2.3352311729306352e-11,0.1358660113486131
