3.06568242123712
0.7977940700803993,1.0281753591813036e-27,-1.1104202177486142e-14,0.3714264910497951
0.7977963802490162,0.0013104199698465,0.0013095675402148,0.3714157931557025
0.7978132905039748,0.0037796725122918,0.0037769729776737,0.3713374897630238
0.7978466214342,0.0062493258353928,0.0062440778281635,0.3711831724512962
0.7978964016030181,0.0087196469138238,0.0087106905854131,0.3709527530245486
0.7979626699726378,0.0111907755035285,0.0111764924184081,0.370646116931922
0.798045476200982,0.0136628446847272,0.0136411577090107,0.3702631219875846
0.798144880318697,0.0161359757641834,0.0161043490647784,0.3698035999787392
0.7982609524279122,0.018610277162695,0.0185657163431803,0.3692673581874261
0.7983937725415765,0.0210858461129571,0.0210248984970509,0.3686541802745727
0.7985434296528287,0.0235627568233506,0.0234815120136783,0.3679638307249887
0.798710021387551,0.0260410633954357,0.0259351540932356,0.3671960565939601
0.7988936533611147,0.0285207971322277,0.0283854002994444,0.3663505906105169
0.7990944379105058,0.0310019575328154,0.03083179606117,0.3654271571337614
0.7993124932006284,0.0334845113031639,0.0332738562160815,0.3644254763454576
0.7995479417609966,0.0359683858947857,0.0357110592649564,0.3633452710096975
0.7998009090621025,0.038453465942494,0.0381428446212255,0.3621862729756873
0.8000715217303497,0.0409395878369172,0.0405686081741111,0.3609482312459921
0.8003599049546818,0.0434265295329569,0.042987693398416,0.359630923619111
0.8006661803283182,0.0459140073807353,0.0453993895419709,0.3582341661825345
0.8009904631908829,0.0484016704715512,0.0478029275826226,0.3567578249118511
0.8013328590718668,0.0508890906476419,0.0501974722428841,0.3552018311425745
0.8016934600510955,0.0533757552671935,0.0525821169759572,0.3535661971450288
0.8020723418574869,0.055861067203043,0.0549558861420128,0.3518510280594961
0.8024695587743742,0.0583443319575491,0.0573177250902511,0.3500565434496181
0.8028851405422137,0.0608247604173659,0.0596665054693464,0.3481830894384403
0.8033190873375166,0.063301460815561,0.062001020458892,0.3462311591606218
0.8037713667540946,0.0657734440944759,0.0643199928867947,0.3442014037830841
0.8042419103927815,0.0682396267126298,0.0666220809474282,0.3420946449323372
0.8047306104859873,0.0706988337096352,0.0689058841857501,0.3399118865963779
0.8052373192079563,0.0731498145634582,0.0711699612663451,0.3376543147096752
0.8057618476562428,0.0755912547571744,0.0734128433992022,0.3353232980217985
0.8063039667240715,0.0780217938219016,0.0756330533341292,0.3329203804197398
0.8068634092672097,0.0804400456556339,0.0778291258392987,0.3304472675165942
0.8074398725578354,0.0828446163167637,0.079999625205625,0.3279058120829733
0.8080330243529453,0.0852341329253411,0.0821431720179389,0.3252979837710621
0.8086425066528924,0.0876072582874761,0.0842584561534401,0.32262584941483
0.8092679434551653,0.0899627176240318,0.0863442598193445,0.3198915362177517
0.8099089451727239,0.0922993083053325,0.0883994645955257,0.3170972101171692
0.810565115356521,0.0946159156888434,0.0904230632696169,0.3142450445797146
0.8112360574746814,0.0969115260974082,0.0924141684512049,0.3113371897740981
0.8119213785771031,0.0991852270400436,0.0943720095847257,0.308375755820973
0.8126206929724358,0.1014362071073803,0.0962959295114784,0.3053627963921229
0.8133336277233907,0.1036637611387687,0.0981853853415745,0.3023002849099661
0.8140598240725242,0.1058672819646107,0.1000399377320735,0.2991901086820394
0.8147989375132068,0.1080462491871786,0.1018592379054733,0.2960340690202468
0.815550642731672,0.1102002331935099,0.1036430275804384,0.2928338607455983
0.8163146299786929,0.1123288745887387,0.1053911185464135,0.2895910884674484
0.8170906070776459,0.1144318816215411,0.1071033876018232,0.2863072588297063
0.8178782983413359,0.1165090196511222,0.108779765146496,0.2829837859823051
0.81867744371955,0.1185601025322022,0.1104202257011175,0.2796219960398831
0.8194877991618096,0.1205849880492993,0.1120247819555711,0.2762231264162856
0.8203091329480806,0.1225835641056573,0.1135934717628089,0.2727883420434787
0.8211412272380795,0.1245557489922507,0.1151263566216852,0.2693187296054363
0.8219838756924107,0.1265014824640104,0.1166235130902967,0.2658153082024287
0.8228368809412833,0.1284207176248503,0.1180850252128087,0.2622790404769282
0.8237000562052531,0.130313422864115,0.1195109848593259,0.2587108264205725
0.8245732229113899,0.1321795749245509,0.1209014853928815,0.2551115137776774
0.8254562083576221,0.1340191529633403,0.122256616401818,0.2514819080781897
0.8263488479298299,0.135832142527465,0.1235764659117539,0.2478227638675239
0.8272509799306296,0.1376185244175567,0.124861111589728,0.2441348062414951
0.8281624496647275,0.1393782827578562,0.1261106260974988,0.2404187143385359
0.8290831051021288,0.1411113961832257,0.1273250702561755,0.2366751392924757
0.8300127970634216,0.1428178384466149,0.128504493173539,0.2329047035772598
0.8309513784985395,0.144497577314132,0.1296489311905826,0.2291080040175432
0.8318987046943803,0.1461505751999837,0.1307584080633455,0.2252856110016329
0.8328546328459251,0.1477767886198992,0.1318329343405314,0.2214380702549971
0.8338190191617915,0.1493761636654726,0.1328725042174811,0.2175659144634679
0.8347917220187823,0.1509486417988232,0.133877099236499,0.2136696505174101
0.8357725977142658,0.1524941532804115,0.134846683923711,0.2097497764719512
0.8367615033782245,0.1540126224219745,0.1357812091033477,0.2058067697455848
0.837758294777411,0.1555039645292123,0.1366806098909616,0.2018410957655906
0.8387628259313836,0.1569680859080111,0.1375448057139703,0.197853209300358
0.8397749499660856,0.1584048856243786,0.1383737013523202,0.193843550865405
0.8407945174853927,0.1598142536247638,0.1391671858286948,0.1898125529632712
0.8418213772405091,0.1611960722096702,0.1399251332880479,0.1857606371761494
0.84285537495382,0.1625502149163937,0.1406474024051252,0.1816882185404113
0.8438963536398616,0.1638765474784945,0.1413338369721237,0.1775957039776373
0.8449441536402439,0.1651749283100162,0.1419842661824492,0.1734834918502067
0.8459986124701837,0.1664452087062027,0.1425985047477377,0.1693519722428592
0.8470595628329666,0.1676872309121839,0.143176352036044,0.1652015343856818
0.8481268352753755,0.168900831741522,0.143717593873063,0.1610325558787219
0.8492002549001079,0.1700858391493554,0.1442220010135264,0.1568454151603536
0.8502796443939035,0.1712420760723737,0.1446893309144572,0.1526404792674683
0.8513648213193722,0.172369357761755,0.1451193266210519,0.1484181139781195
0.852455598164205,0.1734674923298751,0.1455117171435987,0.1441786831500795
0.8535517843135961,0.1745362830840511,0.1458662183611451,0.1399225405848383
0.8546531836832875,0.175575526417209,0.1461825322817141,0.1356500387429456
0.8557595956540787,0.1765850130643204,0.1464603475402825,0.1313615245977418
0.8568708138373902,0.1775645272630392,0.1466993392202734,0.1270573438854875
0.8579866275285438,0.1785138483466535,0.1468991693286537,0.1227378349142734
0.8591068202626183,0.1794327496963787,0.1470594865484717,0.1184033335768825
0.8602311705583513,0.1803209996131972,0.1471799264518542,0.1140541698605137
0.8613594516686517,0.181178361274321,0.1472601114525807,0.1096906681762632
0.8624914307547933,0.182004592283253,0.147299650754965,0.1053131498843864
0.8636268698364807,0.1827994455445015,0.147298140398835,0.1009219289189989
0.8647655244046731,0.1835626683957523,0.1472551631783672,0.0965173164171771
0.8659071506806538,0.1842940073573336,0.1471702880116922,0.0920995918524559
0.867051492339439,0.1849931993069464,0.1470430703128167,0.0876690535637324
0.8681982881533563,0.185659976824089,0.1468730517547819,0.0832259883264898
0.8693472705234133,0.1862940672377571,0.1466597601419793,0.0787706761193777
0.8704981646450414,0.1868951922112655,0.1464027093953127,0.0743033923967236
0.8716506911339391,0.1874630690816153,0.1461013986937177,0.0698243968703526
0.8728045637496737,0.1879974094854029,0.1457553125077684,0.0653339412347963
0.8739594898066997,0.1884979194620586,0.1453639201191884,0.0608322664024484
0.8751151696496497,0.1889642990652522,0.1449266753381676,0.056319603299121
0.876271296704821,0.1893962422168311,0.1444430160082091,0.0517961713352718
0.877427558705382,0.1897934368754207,0.1439123628458752,0.0472621721688974
0.878583635006312,0.1901555637502703,0.1433341199137157,0.0427177986748497
0.8797391987925625,0.1904822967412529,0.1427076728967117,0.0381632246366993
0.8808939135334617,0.1907733015362232,0.1420323901933494,0.033598616940553
0.8820474365379593,0.1910282362418444,0.1413076201815853,0.0290241196738028
0.8831994152616288,0.1912467500024247,0.140532692457171,0.0244398666852955
0.8843494868606243,0.19142848268033,0.1397069175082779,0.0198459812846469
0.8854972774457804,0.1915730644944872,0.1388295866153437,0.0152425770246764
0.886642402144031,0.1916801157663486,0.1378999711468876,0.0106297551255032
0.8877844599962198,0.1917492463216957,0.1369173262608336,0.0060076226522661
0.8889230342897235,0.1917800558645516,0.1358808909025781,0.0013762889615405
0.8900576891507486,0.1917721342903882,0.1347898913156048,-0.003264122678818
0.8911880640187412,0.1917250568283752,0.1336434436496806,-0.0079138669663866
0.8923140195674664,0.1916383539929887,0.1324403689272489,-0.0125741971530307
0.8934349587859881,0.1915115568196531,0.1311799068129794,-0.0172445649007199
0.894550234346071,0.1913442076451811,0.129861345257537,-0.0219242783739519
0.8956591382572645,0.1911358693479591,0.1284840455540671,-0.0266124539135331
0.8967608923402695,0.1908861373617827,0.1270474714713495,-0.031307967736791
0.8978546400901983,0.1905946544146953,0.1255512220114417,-0.0360094095580529
0.8989394321700366,0.1902611305319297,0.1239950793391195,-0.0407150038118631
0.9000142204928241,0.189885365093444,0.1223790528755436,-0.0454225614045838
0.9010778482294556,0.1894672742437553,0.1207034369698468,-0.0501294068944451
0.9021290449632778,0.1890069212603347,0.1189688698408382,-0.0548323199026765
0.903166432019362,0.1885045464042515,0.1171763835600037,-0.0595275138185976
0.9041885317755116,0.187960596945076,0.1153274520116861,-0.0642106257179824
0.9051937916480812,0.1873757498981696,0.1134240144840624,-0.0688767681929418
0.906180615514082,0.1867509271931249,0.1114684808190464,-0.0735206148714178
0.9071474141267528,0.1860872919246288,0.1094636879965338,-0.0781365795921236
0.9080926520627358,0.1853862348115268,0.1074128434020225,-0.0827189912309169
0.9090149030067524,0.1846493407995816,0.1053194262756969,-0.0872623249653698
0.9099128983006716,0.183878343833847,0.1031870739082361,-0.0917614232963085
0.9107855639321608,0.1830750748052368,0.1010194649163821,-0.0962116838590653
0.9116320438609058,0.1822414074953416,0.098820209406882,-0.1006092013829195
0.9124517052758128,0.1813792114300546,0.0965927652451246,-0.1049508359727874
0.913244130379015,0.1804903133228914,0.0943403793976642,-0.1092342234091784
0.9140091003239303,0.1795764659746829,0.092066047650785,-0.1134577503835153
0.9147465687604848,0.1786393317211005,0.0897725077012413,-0.1176204741721168
0.9154566354983114,0.1776804716911457,0.087462241474936,-0.1217220381567218
0.9161395188648068,0.1767013437193556,0.0851374932389177,-0.1257625726514715
0.9167955312586882,0.175703303666328,0.0828002906229203,-0.1297426047601545
0.917425056839289,0.1746876111505958,0.0804524714512126,-0.1336629709578373
0.9180285340074276,0.1736554348800234,0.0780957057083891,-0.1375247490155954
0.9186064396057858,0.1726078612439913,0.0757315218887632,-0.1413291916797597
0.9191592769561262,0.1715459018675936,0.0733613283329398,-0.1450776762557054
0.9196875669966768,0.170470499823462,0.0709864296595631,-0.1487716677002133
0.9201918408645796,0.1693825365490445,0.0686080433788418,-0.1524126856900512
0.9206726340694013,0.1682828386494562,0.0662273151086802,-0.1560022773589418
0.9211304832734154,0.1671721813170939,0.0638453256610053,-0.1595420048250436
0.9215659224981992,0.1660512947903179,0.0614631042055617,-0.1630334252128467
0.9219794814709787,0.1649208672788868,0.0590816334100664,-0.1664780840111495
0.9223716839527096,0.1637815488546812,0.0567018564450053,-0.1698775064132946
0.9227430465154602,0.1626339551257473,0.054324683326184,-0.1732331902901809
0.9230940781670826,0.1614786690735847,0.0519509933335673,-0.1765466051151116
0.9234252799106673,0.1603162433651456,0.0495816384238211,-0.1798191895838251
0.9237371442444944,0.1591472033395147,0.0472174479824969,-0.183052347532926
0.9240301553015688,0.1579720480653888,0.0448592296357623,-0.186247449356255
0.9243047888368692,0.1567912519336108,0.0425077712155263,-0.1894058317340952
0.924561512206874,0.155605266425621,0.0401638431025059,-0.1925287968059562
0.9248007844737904,0.1544145214797673,0.0378281997907783,-0.1956176123297847
0.9250230566261018,0.1532194262667636,0.0355015803409194,-0.1986735132027659
0.9252287717448592,0.1520203700754088,0.0331847091219986,-0.2016977024605612
0.9254183651426277,0.1508177232575202,0.0308782967237138,-0.2046913519401507
0.9255922643595802,0.1496118391551867,0.0285830427743527,-0.2076556003874604
0.9257508895936826,0.1484030531285795,0.0262996332530432,-0.2105915585965737
0.9258946536676624,0.1471916843862998,0.0240287432285347,-0.2135003074007874
0.9260239622381736,0.1459780361309912,0.021771036420117,-0.2163828996899575
0.9261392138588684,0.1447623967886405,0.0195271668341208,-0.2192403596777127
0.92624080020886,0.14354503951345,0.017297777238167,-0.2220736861240763
0.9263291060806258,0.1423262240552607,0.0150835020383394,-0.2248838498740811
0.9264045095861968,0.1411061961394944,0.0128849656083918,-0.227671797118092
0.9264673822222655,0.1398851881509224,0.0107027830700023,-0.2304384494694895
0.9265180889533298,0.1386634195119181,0.008537560545687,-0.2331847046619346
0.9265569882659416,0.1374410977695652,0.0063898966871367,-0.2359114355801892
0.9265844322873008,0.1362184178800139,0.0042603810441538,-0.2386194932542921
0.9266007668149024,0.1349955639956536,0.0021495968639136,-0.2413097041872086
0.9266063314188402,0.1337727085240016,5.81191388659e-05,-0.2439828736821047
0.926601459487692,0.1325500130910195,-0.0020134839862885,-0.2466397848696188
0.9265864737376528,0.1313273494507812,-0.0040651174683907,-0.24928180126708
0.9265616810908172,0.1301045411855427,-0.0060967366912508,-0.2519103343663332
0.9265273830943264,0.1288817135217085,-0.0081077712640049,-0.254526098342335
0.92648387611995,0.1276589844374153,-0.0100976511339816,-0.2571297841384782
0.9264314514019644,0.1264364631758329,-0.0120658092013494,-0.2597220634297131
0.9263703950820792,0.1252142503678021,-0.0140116811898954,-0.2623035890467213
0.9263009882414311,0.1239924380171597,-0.0159347057032564,-0.2648749956411288
0.9262235070173888,0.1227711108893448,-0.017834322067617,-0.2674368973625445
0.9261382225462206,0.1215503448824719,-0.0197099728981324,-0.2699898918437124
0.9260454011201898,0.120330208980527,-0.021561101040085,-0.2725345566194048
0.9259453041860116,0.1191107645583091,-0.0233871506375166,-0.2750714510720552
0.925838188409249,0.1178920657561467,-0.0251875665140759,-0.2776011160941857
0.9257243057640782,0.1166741600299554,-0.0269617933088867,-0.2801240733588906
0.9256039035229152,0.1154570875800655,-0.0287092762443584,-0.2826408268803478
0.925477224387056,0.1142408823064154,-0.0304294596449704,-0.285151861375461
0.9253445065961852,0.1130255723347047,-0.0321217861388141,-0.2876576414908657
0.9252059837867908,0.1118111782849527,-0.0337856989678429,-0.2901586156460037
0.9250618853472328,0.1105977160688705,-0.0354206379825665,-0.2926552105043574
0.9249124363472274,0.1093851956899716,-0.0370260412381791,-0.2951478336559044
0.9247578575734832,0.1081736211353222,-0.0386013449926636,-0.2976368740070852
0.924598365675535,0.1069629911178079,-0.0401459825869081,-0.3001227003893979
0.9244341733199236,0.1057532997524371,-0.0416593834901689,-0.302605660272416
0.9242654891677432,0.1045445358846385,-0.0431409740623153,-0.3050860812079639
0.924092518069922,0.1033366840349775,-0.0445901762761499,-0.3075642689190218
0.9239154611963032,0.1021297247671569,-0.0460064072388859,-0.3100405065363405
0.9237345160218586,0.1009236340776422,-0.0473890798691483,-0.3125150558041294
0.9235498765611792,0.0997183844760662,-0.0487376015949233,-0.3149881547788356
0.9233617336041088,0.0985139459525521,-0.0500513733439666,-0.3174600157205772
0.9231702746343454,0.0973102848816796,-0.0513297908606881,-0.3199308271793217
0.9229756841258484,0.0961073653729137,-0.0525722433446863,-0.322400751021956
0.922778143736236,0.0949051498830486,-0.0537781130607181,-0.3248699209335006
0.9225778324391868,0.0937035994355073,-0.0549467754494022,-0.3273384416868498
0.9223749267466692,0.0925026743774785,-0.0560775987997505,-0.3298063872706194
0.9221696009606208,0.0913023352811725,-0.0571699439601058,-0.3322737986844284
0.9219620273671126,0.0901025434893818,-0.0582231645622249,-0.3347406824319419
0.9217523766158168,0.088903262725555,-0.0592366065128352,-0.3372070067961338
0.9215408177504156,0.0877044586939236,-0.0602096094560333,-0.3396727022238606
0.9213275188336412,0.0865061020890603,-0.0611415056250861,-0.3421376546826238
0.9211126470090014,0.0853081684000889,-0.0620316217126511,-0.3446017056021511
0.9208963689406392,0.0841106398968866,-0.062879279284898,-0.3470646473333353
0.920678851229015,0.0829135074984111,-0.0636837957935538,-0.3495262188695884
0.9204602608490626,0.0817167728108057,-0.0644444860034773,-0.3519861012591586
0.9202407653394252,0.0805204488805551,-0.0651606647466349,-0.3544439157208796
0.9200205333990342,0.0793245632788438,-0.0658316487251291,-0.3568992170561176
0.919799735282308,0.0781291601910767,-0.0664567596717955,-0.3593514892294433
0.9195785432895136,0.0769343031679629,-0.0670353278590352,-0.3618001397526344
0.9193571320415068,0.0757400768840773,-0.0675666968590471,-0.3642444963076402
0.919135678746434,0.0745465890611551,-0.0680502288520538,-0.3666838032729093
0.918914363727352,0.0733539740255964,-0.0684853100280664,-0.3691172152062134
0.9186933704721598,0.0721623939471061,-0.0688713577533585,-0.3715437954230329
0.9184728858638485,0.0709720413306621,-0.0692078279042992,-0.3739625124140333
0.9182530999143472,0.0697831391245658,-0.0694942235187449,-0.3763722415582864
0.918034205811956,0.0685959428184598,-0.0697301032679422,-0.378771763269187
0.917816399253442,0.0674107389607724,-0.0699150910536964,-0.3811597689040178
0.9175998778433766,0.0662278442861976,-0.0700488852338959,-0.383534865913897
0.9173848403668532,0.0650476043704681,-0.0701312676490404,-0.3858955844351635
0.9171714854391444,0.063870389016709,-0.0701621122537698,-0.3882403908576202
0.9169600102939434,0.0626965884331164,-0.070141392440402,-0.3905677001172501
0.9167506084699514,0.0615266032063961,-0.0700691866311681,-0.3928759004695962
0.9165434682646012,0.0603608382308448,-0.069945681446747,-0.3951633703222353
0.916338773198356,0.0591997077619247,-0.0697711748430242,-0.3974284733353
0.9161366988549704,0.0580436198193684,-0.0695460757400082,-0.3996695940457793
0.9159374110613162,0.0568929674081013,-0.0692709008737058,-0.4018851594278983
0.9157410648770316,0.0557481237470847,-0.0689462701152895,-0.4040736521237043
0.9155478033374403,0.0546094354518701,-0.0685728993974784,-0.406233627017969
0.915357756342665,0.0534772158162233,-0.0681515914932466,-0.4083637267897129
0.9151710407403332,0.0523517444934015,-0.0676832274938573,-0.4104626845997995
0.9149877595876024,0.0512332617265999,-0.0671687553101762,-0.4125293363453495
0.9148080023340994,0.0501219674795837,-0.0666091790341264,-0.4145626228996115
0.914631845356182,0.0490180223248887,-0.0660055489480341,-0.4165615885359476
0.9144593523710854,0.0479215472746406,-0.0653589510587299,-0.4185253807649741
0.9142905752650607,0.0468326259537529,-0.0646704981216047,-0.4204532454508001
0.9141255545568152,0.0457513042642167,-0.0639413195315419,-0.4223445259868981
0.91396432141352,0.0446776001727698,-0.0631725586970822,-0.4241986445004755
0.9138068973427034,0.0436114983919399,-0.0623653612354403,-0.426015109431816
0.913653295658416,0.0425529566586155,-0.0615208715031633,-0.4277935025605457
0.9135035227015876,0.0415019107967258,-0.0606402298039058,-0.4295334684770074
0.9133575785504136,0.0404582765610997,-0.0597245681053616,-0.431234709631237
0.9132154573374844,0.0394219487237315,-0.0587750037932567,-0.4328969857204974
0.9130771488296504,0.0383928094782244,-0.0577926424854622,-0.4345200980494278
0.9129426387846226,0.0373707284814837,-0.0567785745005965,-0.436103887832604
0.9128119094104716,0.0363555637028478,-0.0557338723422513,-0.4376482330822664
0.9126849400494365,0.0353471641936676,-0.0546595906188079,-0.4391530426129387
0.9125617076421254,0.0343453714586397,-0.0535567651577405,-0.4406182523928114
0.912442187547426,0.0333500240571025,-0.0524264162787873,-0.4420438174330757
0.9123263534023583,0.032360954647419,-0.0512695441731575,-0.4434297148964035
0.912214177599894,0.0313779921007098,-0.0500871299750271,-0.4447759397132069
0.9121056316940632,0.0304009633476126,-0.0488801370365421,-0.4460825008785103
0.9120006864657446,0.0294296924125567,-0.0476495090498074,-0.4473494216795024
0.911899312625272,0.0284640054942705,-0.046396176017798,-0.4485767321092666
0.9118014804123696,0.0275037260582627,-0.045121047815579,-0.4497644744693554
0.9117071602649528,0.0265486800548938,-0.0438250208248448,-0.4509126959567355
0.9116163223710724,0.0255986903690619,-0.0425089704688223,-0.4520214547071174
0.9115289374439496,0.0246535836439407,-0.0411737605223352,-0.4530908108806309
0.9114449763902672,0.0237131860287816,-0.03982023750254,-0.4541208311443714
0.9113644106821286,0.0227773263672807,-0.0384492354151584,-0.45511158450522
0.9112872122030082,0.0218458337358552,-0.0370615725401556,-0.4560631445251045
0.9112133534486094,0.020918538992235,-0.0356580540030065,-0.4569755871343092
0.9111428075324164,0.0199952741823441,-0.0342394712860055,-0.457848990796296
0.9110755483319152,0.0190758738224362,-0.032806604627962,-0.4586834348926706
0.911011550364127,0.0181601726529116,-0.0313602200014905,-0.4594790014254689
0.9109507890136086,0.0172480082086252,-0.0299010735852646,-0.4602357723175387
0.910893240466644,0.0163392195155545,-0.0284299102554855,-0.4609538303267486
0.9108388816707924,0.0154336458532405,-0.0269474620456885,-0.4616332596317024
0.9107876905214596,0.0145311292648117,-0.0254544527278588,-0.4622741435589206
0.9107396458126994,0.0136315135457509,-0.0239515967524016,-0.4628765652295895
0.9106947272248728,0.0127346436539165,-0.0224395988038475,-0.4634406077351176
0.9106529153869332,0.011840366589113,-0.0209191558210781,-0.4639663533623222
0.9106141917505338,0.0109485282643599,-0.0193909522031262,-0.4644538851720172
0.910578538904694,0.010058980296203,-0.0178556719661623,-0.4649032830228108
0.910545940193696,0.0091715708908203,-0.0163139836694452,-0.4653146283567634
0.9105163800167108,0.0082861515490944,-0.014766552462075,-0.4656880003936701
0.9104898437216872,0.0074025743087586,-0.0132140358913181,-0.4660234774282357
0.9104663176650292,0.0065206935058082,-0.0116570875466676,-0.4663211360316481
0.9104457891450566,0.0056403634594731,-0.0100963535457826,-0.466581051844405
0.9104282464285124,0.0047614388292748,-0.0085324736820533,-0.4668032991902776
0.9104136787913611,0.0038837765694239,-0.0069660854518635,-0.4669879505050389
0.9104020764558938,0.0030072325189784,-0.0053978185279096,-0.46713507707713
0.9103934306294676,0.0021316622740943,-0.0038282968312578,-0.4672447484994325
0.910387733540592,0.0012569256018927,-0.0022581469999024,-0.4673170321526779
0.9103849783701448,0.0003828815224447,-0.0006879901258545,-0.4673519940189836
0.910385159272376,-0.0004906127393644,0.0008815596087033,-0.4673496983564655
0.9103882715661008,-0.0013637316334239,0.0024499480452396,-0.4673102052140828
0.9103943160716028,-0.0022371236656698,0.0040174736504634,-0.4672335153556827
0.9104032953177508,-0.0031109290424076,0.0055835204335057,-0.4671196183900879
0.9104152127805476,-0.0039852873649328,0.0071474696634922,-0.4669685024400274
0.9104300728830914,-0.0048603385157692,0.008708700947672,-0.4667801541481324
0.9104478809641224,-0.0057362213998636,0.010266589483459,-0.4665545590799916
0.910468643337352,-0.006613077345054,0.0118205116063831,-0.4662917009756631
0.9104923672316142,-0.0074910470434629,0.0133698388263921,-0.4659915625099027
0.910519060747011,-0.0083702699748007,0.0149139363501579,-0.4656541258452409
0.9105487328832698,-0.0092508862578484,0.0164521658877623,-0.4652793722676609
0.9105813936657696,-0.0101330401257548,0.0179838911794133,-0.4648672805888775
0.9106170538156352,-0.0110168709537837,0.0195084618829673,-0.4644178312986034
0.9106557251206532,-0.0119025237466972,0.0210252313089955,-0.4639310018667698
0.9106974200990202,-0.0127901408431021,0.0225335415885649,-0.4634067709590854
0.910742152147044,-0.0136798661609832,0.0240327305518512,-0.4628451165416568
0.910789935557039,-0.0145718456143894,0.0255221319024288,-0.462246015618754
0.9108407853824256,-0.0154662248255507,0.0270010708998969,-0.4616094458759223
0.9108947173954344,-0.016363149111398,0.0284688639811874,-0.4609353861409669
0.9109517483440204,-0.0172627681179819,0.0299248258915497,-0.4602238130974191
0.91101189564811,-0.0181652309610469,0.0313682612139362,-0.4594747049960082
0.9110751774679836,-0.0190706879428532,0.0327984667805235,-0.4586880406898763
0.911141612630773,-0.019979289966823,0.034214730338706,-0.4578638004215578
0.9112112206230982,-0.0208911889902811,0.0356163308944011,-0.457001965763114
0.9112840216308016,-0.0218065389941634,0.0370025397947116,-0.4561025189539328
0.911360036470022,-0.0227254954893319,0.0383726195278475,-0.4551654435614884
0.9114392863734024,-0.0236482135214132,0.0397258204230256,-0.4541907268871428
0.9115217933692596,-0.0245748526821328,0.0410613876839423,-0.4531783550413915
0.9116075796805851,-0.0255055707029702,0.0423785516641919,-0.4521283200405025
0.9116966679496032,-0.0264405268633367,0.0436765326681759,-0.4510406166962864
0.91178908111666,-0.0273798813468888,0.0449545397866883,-0.4499152437156208
0.911884842655989,-0.0283237982275344,0.0462117746511845,-0.4487522004108604
0.9119839760399062,-0.0292724407124102,0.0474474247190804,-0.4475514927494022
0.9120865046859266,-0.0302259716618724,0.0486606640659159,-0.4463131334278452
0.9121924521166352,-0.0311845559698996,0.049850656418932,-0.4450371393272262
0.9123018414920832,-0.0321483571657847,0.0510165508883771,-0.443723536473749
0.912414695712715,-0.0331175394172114,0.0521574846658458,-0.4423723580238442
0.9125310373964032,-0.0340922682469664,0.0532725839358954,-0.4409836437110518
0.912650888313172,-0.035072706817101,0.0543609598411253,-0.439557445667671
0.912774269111208,-0.0360590150712738,0.0554217082892245,-0.4380938306023198
0.9129011996969282,-0.0370513540888663,0.0564539153488589,-0.4365928741192532
0.9130316982420216,-0.0380498795348392,0.0574566510300616,-0.4350546712035273
0.9131657812704796,-0.0390547439727637,0.058428972968623,-0.4334793337293031
0.9133034630520186,-0.0400660938905803,0.0593699248714239,-0.4318669960097566
0.9134447557432526,-0.0410840724373894,0.0602785407071738,-0.4302178114028946
0.9135896678102464,-0.042108809842092,0.0611538380776565,-0.4285319688166246
0.9137382048160954,-0.0431404311569226,0.0619948276979626,-0.426809681375578
0.9138903680699793,-0.0441790487274354,0.0628005096270989,-0.4250511998456568
0.9140461539315587,-0.0452247597815716,0.0635698750505927,-0.4232568181146425
0.914205553559637,-0.0462776471348243,0.0643019108716911,-0.4214268733284865
0.9143685517256932,-0.047337773753827,0.0649956003543043,-0.4195617565655461
0.914535126207056,-0.0484051814339625,0.0656499276533392,-0.4176619165649594
0.9147052471663986,-0.0494798894163513,0.0662638827527016,-0.4157278634110519
0.9148788757272064,-0.0505618880337252,0.0668364643185171,-0.4137601811317206
0.9150559635756588,-0.0516511389885032,0.0673666873310867,-0.4117595283901755
0.9152364515197728,-0.0527475691350441,0.0678535879639289,-0.4097266508275729
0.9154202689417796,-0.0538510698276974,0.0682962322056055,-0.4076623831396795
0.9156073333511872,-0.054961496650686,0.0686937247801272,-0.4055676500094811
0.9157975496134916,-0.056078666988376,0.0690452174574256,-0.4034434707066903
0.9159908091582606,-0.0572023573130854,0.0693499178286635,-0.4012909639638943
0.9161869904905118,-0.0583323077492839,0.0696071001390574,-0.399111338504628
0.9163859588206272,-0.0594682210054722,0.0698161138079287,-0.3969058937219061
0.9165875666399133,-0.0606097663158169,0.0699763925591305,-0.3946760102138014
0.9167916544314408,-0.061756583564425,0.0700874622201579,-0.3924231393254883
0.9169980518471788,-0.0629082894506428,0.0701489471516549,-0.3901487881055678
0.9172065787844984,-0.0640644825084615,0.0701605746977804,-0.3878545059864948
0.9174170474925653,-0.0652247533035296,0.0701221776513559,-0.3855418607595228
0.917629264945168,-0.066388695513357,0.0700336936072261,-0.3832124122838715
0.9178430327294054,-0.0675559030059997,0.0698951630763456,-0.3808677140182878
0.9180581490143744,-0.0687259781935875,0.0697067259781721,-0.3785092921606528
0.9182744107390464,-0.069898541329347,0.0694686155274756,-0.3761386228283642
0.9184916150293262,-0.0710732355064484,0.0691811507257751,-0.3737571180056059
0.918709560427436,-0.072249730690028,0.0688447277880195,-0.3713661137371991
0.9189280479023606,-0.0734277267033869,0.0684598108973163,-0.3689668608078083
0.9191468816287184,-0.0746069551731598,0.0680269226653757,-0.3665605179507936
0.91936586947472,-0.0757871801670019,0.067546634777634,-0.3641481481614552
0.91958482331118,-0.0769681981592388,0.0670195589491081,-0.3617307168265909
0.9198035588406888,-0.0781498357106597,0.0664463392327667,-0.3593090949615343
0.9200218958132228,-0.0793319495286947,0.0658276437918179,-0.3568840579707487
0.9202396575542648,-0.080514423097153,0.0651641588828346,-0.3544562917856574
0.9204566708882757,-0.081697165702202,0.0644565823660421,-0.3520263943979636
0.9206727653735324,-0.0828801079429659,0.0637056199717421,-0.3495948848693122
0.9208877733655452,-0.0840632019539596,0.0629119795378392,-0.3471622028740426
0.92110152893985,-0.0852464155490688,0.0620763698242707,-0.3447287209023797
0.9213138680730212,-0.0864297334081598,0.0611994954333871,-0.3422947421143852
0.9215246276977476,-0.0876131521692876,0.0602820565017909,-0.3398605108194902
0.9217336454181388,-0.088796679231909,0.0593247465078567,-0.3374262153897044
0.9219407591520034,-0.0899803312350517,0.0583282507476433,-0.3349919918807728
0.9221458066206374,-0.0911641317082363,0.0572932459838131,-0.3325579293747445
0.9223486250841249,-0.0923481101420713,0.0562203993583993,-0.3301240724063867
0.9225490508960518,-0.0935323000320637,0.0551103685617179,-0.3276904254916931
0.9227469192731764,-0.0947167381679345,0.0539638012278294,-0.325256955076472
0.922942063904207,-0.0959014629652239,0.052781335502166,-0.3228235934264812
0.9231343166802826,-0.0970865134780957,0.0515636002579566,-0.3203902410844945
0.9233235076906576,-0.0982719300523914,0.0503112137754128,-0.3179567659243393
0.9235094646353544,-0.0994577513539971,0.0490247863325934,-0.3155230096087791
0.9236920128392748,-0.1006440150623327,0.047704919200533,-0.3130887864807722
0.9238709750041464,-0.1018307569242311,0.0463522054321425,-0.3106538857806284
0.92404617110638,-0.1030180107230092,0.0449672297403385,-0.3082180719434614
0.9242174180186516,-0.1042058063364416,0.0435505706944369,-0.3057810887763119
0.924384529738055,-0.1053941718976513,0.0421027981692297,-0.3033426551767099
0.9245473168435384,-0.1065831306190733,0.0406244771650311,-0.3009024717609413
0.9247055866927176,-0.107772702735509,0.0391161655450501,-0.2984602169496072
0.9248591430685376,-0.1089629034884433,0.0375784166381027,-0.2960155511386039
0.9250077861796,-0.110153743612185,0.0360117787981139,-0.2935681156993015
0.9251513126685244,-0.1113452300024964,0.0344167946301147,-0.2911175315624341
0.925289515235354,-0.1125373631807782,0.0327940045068272,-0.2886634043552646
0.9254221828853414,-0.1137301398704497,0.0311439432772563,-0.2862053189904219
0.9255491005369016,-0.114923550140723,0.0294671443036179,-0.2837428453988658
0.9256700491712638,-0.1161175792100569,0.0277641371494853,-0.2812755346351427
0.9257848055984228,-0.1173122057529702,0.0260354501077768,-0.2788029221571702
0.925893142537616,-0.1185074032088621,0.0242816084765668,-0.2763245248733382
0.9259948284541574,-0.1197031386879586,0.0225031362450897,-0.2738398431194502
0.9260896274628349,-0.1208993723224184,0.0207005572072795,-0.2713483616964272
0.9261772993617368,-0.1220960581941622,0.0188743936970987,-0.2688495475946305
0.9262575994851228,-0.1232931430268789,0.0170251686604341,-0.2663428523373745
0.926330278718356,-0.1244905669345078,0.015153404607369,-0.2638277100051694
0.9263950834170164,-0.1256882629559862,0.013259624377881,-0.2613035377520754
0.9264517553169764,-0.1268861561215426,0.0113443526772717,-0.2587697372897615
0.9265000315524952,-0.1280841645843394,0.0094081143174682,-0.2562256919781996
0.9265396445387192,-0.129282198042133,0.0074514367535029,-0.2536707696031255
0.9265703219677364,-0.1304801586051385,0.0054748486868004,-0.2511043199379247
0.9265917867252864,-0.1316779394585343,0.0034788822355663,-0.2485256769624965
0.9266037568720288,-0.1328754256549796,0.0014640715955537,-0.2459341564918141
0.9266059455782096,-0.1340724937599927,-0.0005690464596777,-0.2433290561964619
0.9265980610738874,-0.1352690103715266,-0.0026199301471465,-0.2407096580549633
0.9265797976137674,-0.1364652900733979,-0.0046888282164892,-0.2380742153919097
0.92655083742307,-0.1376613041483027,-0.0067754281178686,-0.235421678138725
0.9265108571768772,-0.1388568849107285,-0.0088791915168337,-0.2327512563947844
0.9264595276044416,-0.1400518544646765,-0.0109995742666071,-0.2300621382291004
0.9263965134420118,-0.1412460234488052,-0.0131360244841516,-0.2273534912575738
0.926321473311354,-0.1424391915808874,-0.0152879838310325,-0.2246244601146079
0.926234059748394,-0.1436311455010587,-0.0174548839708506,-0.2218741700035253
0.9261339190513136,-0.1448216598181949,-0.0196361487951659,-0.2191017228950925
0.9260206911969266,-0.1460104964862497,-0.0218311937093033,-0.2163061974058405
0.9258940098367208,-0.1471974035031267,-0.0240394236679804,-0.2134866502253403
0.9257535021203964,-0.1483821154016934,-0.0262602345450423,-0.2106421132486758
0.92559878862248,-0.1495643524115513,-0.0284930121008824,-0.2077715937031088
0.9254294833373484,-0.1507438192442441,-0.0307371302402693,-0.2048740751432894
0.9252451934534212,-0.1519202054817744,-0.0329919523371256,-0.2019485144383458
0.9250455192524774,-0.153093184754872,-0.0352568303370861,-0.198993841524337
0.9248300540305904,-0.1542624138110353,-0.0375311036715959,-0.1960089593354214
0.9245983840819748,-0.1554275313128418,-0.0398140976648332,-0.1929927443460754
0.9243500883658796,-0.1565881581999889,-0.0421051250446122,-0.1899440429361736
0.924084738514984,-0.1577438961100069,-0.0444034837281568,-0.1868616725479542
0.9238018987801284,-0.1588943262576648,-0.046708455518214,-0.1837444215942383
0.9235011256309158,-0.1600390096128931,-0.0490193074656409,-0.1805910456466612
0.9231819682430684,-0.1611774835473327,-0.0513352861852223,-0.1774002730981715
0.9228439679161116,-0.1623092627181379,-0.0536556207358218,-0.1741707991195421
0.922486658365912,-0.1634338365772513,-0.0559795187529049,-0.170901288724832
0.9221095656116725,-0.1645506684477386,-0.058306165797569,-0.1675903753742273
0.9217122084425328,-0.1656591929070693,-0.0606347212357598,-0.1642366644536285
0.9212940982458632,-0.1667588152242641,-0.0629643184190946,-0.1608387306569177
0.9208547402944396,-0.1678489070330847,-0.0652940569437849,-0.1573951269165266
0.9203936336031278,-0.1689288062275889,-0.0676230037917378,-0.1539043806517349
0.9199102728730744,-0.1699978120222374,-0.0699501841110789,-0.1503650055745401
0.919404149336311,-0.1710551834378856,-0.0722745791811074,-0.1467755034193131
0.9188747534506664,-0.1721001344311121,-0.0745951168957354,-0.1431343777468616
0.9183215771656,-0.1731318311146012,-0.0769106664780794,-0.139440142430348
0.9177441186962052,-0.1741493854748229,-0.0792200249191295,-0.1356913447534612
0.9171418863704544,-0.1751518526572939,-0.0815219107152405,-0.1318865790928069
0.9165144069673996,-0.1761382225904501,-0.0838149437972478,-0.128024525970284
0.9158612326521196,-0.1771074169473222,-0.0860976363053645,-0.1241039773499215
0.9151819526524624,-0.1780582817564097,-0.0883683716549084,-0.1201238863668894
0.9144762068243576,-0.1789895816131547,-0.0906253849072849,-0.1160834217675848
0.9137437020868324,-0.1798999947278677,-0.0928667421707806,-0.1119820322764455
0.9129842320409856,-0.1807881093238832,-0.0950903195725001,-0.1078195217252883
0.91219769978154,-0.1816524222869986,-0.0972937832492007,-0.1035961341907588
0.9113841426329208,-0.1824913421346891,-0.0994745749131242,-0.099312642031432
0.9105437579413016,-0.1833031972609397,-0.1016299051836247,-0.0949704329909745
0.909676927780666,-0.1840862511024822,-0.1037567591525333,-0.0905715867717566
0.908784236731074,-0.1848387279176938,-0.1058519254283328,-0.0861189145167067
0.9078664865607088,-0.1855588430365429,-0.1079120342827595,-0.0816159850211971
0.9069246921232064,-0.1862448472645621,-0.1099336353385279,-0.0770670645320471
0.9059600700630448,-0.1868950709186593,-0.1119132792496575,-0.0724770341250117
0.9049740059090072,-0.1875079741824526,-0.1138476278528602,-0.0678512190985374
0.9039680132331664,-0.188082189598105,-0.1157335564750572,-0.0631952004128493
0.902943681182934,-0.188616557296054,-0.1175682532723511,-0.0585145909656968
0.9019026257011492,-0.1891101437510563,-0.1193492867290034,-0.0538148460255895
0.9008464370354164,-0.1895622498837647,-0.1210746585791983,-0.0491010696179907
0.8997766443168611,-0.1899724011550918,-0.1227428114306255,-0.0443779061186249
0.8986946830013021,-0.1903403304854294,-0.1243526227525145,-0.039649447153636
0.8976018821849141,-0.1906659506730555,-0.1259033643231409,-0.0349192249024679
0.8964994555419536,-0.1909493261546537,-0.1273946585847118,-0.0301902162095646
0.8953885045512722,-0.1911906432312841,-0.1288264223815514,-0.0254648936627575
0.8942700223449442,-0.1913901836761342,-0.1301988168671004,-0.0207452723057654
0.8931449045652204,-0.1915483006450642,-0.1315121956657261,-0.0160329795533736
0.8920139601809213,-0.1916653988697227,-0.1327670608812376,-0.011329318641277
0.8908779208191485,-0.1917419187188404,-0.1339640274457266,-0.0066353207611161
0.8897374534093299,-0.1917783232917816,-0.1351037897541351,-0.0019518066996069
0.8885931678389707,-0.1917750888596592,-0.1361870987699793,0.002720575615187
0.8874455796796491,-0.1917326950171016,-0.1372147819415047,0.0073814980102784
0.886294664502143,-0.1916515722392254,-0.1381880885371034,0.0120327423326449
0.8851408597434368,-0.1915321358758914,-0.1391077889633887,0.0166741342400087
0.8839845791609956,-0.191374791604441,-0.1399746449462893,0.021305532836565
0.8828262214866661,-0.1911799354409407,-0.1407894015510238,0.0259267977529269
0.8816661693656161,-0.1909479532628692,-0.1415527877532348,0.0305377955442388
0.8805047929786509,-0.1906792212072198,-0.1422655138723631,0.0351383873675354
0.879342450659772,-0.1903741058322084,-0.1429282715220086,0.0397284286794828
0.8781794905639465,-0.1900329646302716,-0.1435417330762435,0.0443077647130504
0.8770162525320144,-0.1896561468291611,-0.1441065513529509,0.0488762251539914
0.8758530665912556,-0.1892439932049466,-0.1446233610649709,0.053433631949527
0.8746902556494475,-0.1887968372163241,-0.1450927781761918,0.0579797905232234
0.8735281353898648,-0.1883150053473832,-0.1455154007626778,0.0625144919091456
0.8723670138192886,-0.1877988171975756,-0.1458918098412089,0.0670375161038256
0.8712071921865596,-0.1872485860926151,-0.1462225696257658,0.0715486299628526
0.8700489645542058,-0.1866646190963695,-0.1465082282106888,0.0760475902566331
0.8688926184504085,-0.1860472174784303,-0.1467493178619548,0.0805341424308929
0.8677384361233149,-0.1853966775892328,-0.1469463552837499,0.0850080169658411
0.8665866927202361,-0.1847132900341914,-0.1470998424404333,0.0894689375837989
0.8654376570863066,-0.1839973401428834,-0.1472102666932287,0.0939166192152817
0.8642915917598788,-0.1832491079952431,-0.1472781010812042,0.0983507690224948
0.8631487546865294,-0.1824688695987294,-0.1473038045300209,0.1027710807183323
0.8620093959045582,-0.1816568946690215,-0.1472878222128228,0.1071772482828414
0.8608737592003202,-0.1808134475363117,-0.1472305854688425,0.1115689604037678
0.8597420799224619,-0.1799387852784301,-0.1471325116274775,0.1159459097392407
0.8586145920814057,-0.17903316301111,-0.146994004613399,0.120307766231857
0.8574915238564983,-0.1780968305897289,-0.1468154549870025,0.1246541952061403
0.8563730978369808,-0.1771300326161914,-0.1465972399678572,0.1289848571249449
0.8552595320020275,-0.1761330091221663,-0.1463397236461337,0.1332994044490301
0.8541510374095512,-0.1751059932939464,-0.1460432564192945,0.137597491218207
0.8530478216300815,-0.1740492143157563,-0.1457081757283544,0.1418787603457643
0.8519500866151188,-0.1729628952241089,-0.1453348055012373,0.146142852449202
0.8508580289517014,-0.1718472527924282,-0.1449234560271139,0.1503894054206202
0.8497718408985504,-0.1707024982563166,-0.1444744241765767,0.1546180509292507
0.848691710412012,-0.1695288370827107,-0.14398799333011,0.1588284148172547
0.8476178203245084,-0.16832646773901,-0.1434644328375396,0.163020120785817
0.8465503505370725,-0.1670955837790491,-0.1429039988848879,0.1671927823020225
0.8454894750087566,-0.1658363700617454,-0.1423069327816636,0.1713460147997363
0.8444353640810467,-0.1645490049147878,-0.1416734618222838,0.1754794270400108
0.8433881851381881,-0.1632336606052813,-0.141003799530616,0.1795926189149235
0.8423481022966308,-0.1618905026312487,-0.1402981453321537,0.1836851830333619
0.8413152756259514,-0.1605196882690493,-0.1395566837593371,0.1877567081544204
0.8402898618873454,-0.1591213669947785,-0.1387795845981055,0.1918067766452126
0.8392720158972226,-0.1576956818958513,-0.1379670036660563,0.1958349594198268
0.8382618879893897,-0.1562427656471287,-0.1371190805146142,0.1998408262897304
0.8372596281574441,-0.1547627458414862,-0.136235941468697,0.2038239298546171
0.8362653831405928,-0.153255740382251,-0.1353176969817571,0.2077838173088906
0.835279298281974,-0.1517218596510317,-0.1343644429081306,0.2117200233178384
0.8343015170203824,-0.1501612052264143,-0.1333762597491248,0.2156320722657852
0.833332180896304,-0.1485738692641338,-0.1323532122563196,0.2195194784588382
0.8323714315210661,-0.1469599371423468,-0.1312953511723836,0.2233817384195002
0.831419409700952,-0.1453194855750942,-0.1302027121181464,0.227218334537596
0.8304762562721242,-0.1436525834905394,-0.1290753162581876,0.2310287318440998
0.8295421113203675,-0.1419592900918816,-0.1279131690899537,0.2348123812773826
0.8286171171446227,-0.1402396596705583,-0.1267162638690913,0.2385687077689778
0.8277014155351416,-0.1384937362002896,-0.1254845780713317,0.2422971213134302
0.8267951508774779,-0.1367215586080796,-0.124218077245426,0.2459970043912432
0.8258984683467987,-0.1349231569067144,-0.1229167125209283,0.2496677193088297
0.8250115181967421,-0.1330985603995763,-0.1215804268200726,0.2533085906016776
0.8241344516335101,-0.1312477891786758,-0.120209149062697,0.2569189218272654
0.8232674255432705,-0.1293708636478808,-0.1188028015334204,0.2604979760398774
0.822410601053421,-0.1274678016722711,-0.1173612983193289,0.2640449814957588
0.821564144693443,-0.1255386212124673,-0.1158845478405166,0.2675591266483996
0.8207282288872921,-0.1235833417503555,-0.1143724545834722,0.2710395578479183
0.8199030350050135,-0.1216019921091777,-0.1128249259350004,0.2744853663038091
0.8190887509055579,-0.1195946057048444,-0.1112418694265971,0.2778955979315292
0.8182855744363428,-0.1175612301918802,-0.1096232012862821,0.281269238327762
0.817493712686699,-0.1155019274250114,-0.1079688476146172,0.2846052154094804
0.816713385996836,-0.1134167861614122,-0.1062787559371241,0.2879023819970263
0.815944825637323,-0.1113059191467587,-0.1045528944793876,0.291159524975324
0.8151882770627054,-0.1091694754722178,-0.1027912639592966,0.29437535092295
0.8144439999979338,-0.1070076455716683,-0.100993903741675,0.2975484850449881
0.8137122692893755,-0.1048206691884031,-0.0991609006782025,0.3006774668599117
0.8129933758520059,-0.102608844824224,-0.0972923995000409,0.3037607454519969
0.812287627031469,-0.1003725387531968,-0.0953886131756862,0.3067966772253577
0.8115953476002449,-0.0981121975008537,-0.093449836552194,0.3097835209545216
0.8109168773523385,-0.0958283507114838,-0.0914764520697053,0.3127194475757451
0.8102525717182085,-0.0935216248477143,-0.0894689449571374,0.3156025371238934
0.809602799906587,-0.0911927501969584,-0.0874279129424271,0.3184307865038148
0.8089679425287746,-0.0888425669153366,-0.0853540752300866,0.3212021197786858
0.8083483869871556,-0.0864720231781812,-0.0832482744985347,0.3239144085633467
0.8077445258414543,-0.0840821844968095,-0.0811114886631748,0.3265654798022133
0.8071567482689931,-0.0816742158246381,-0.0789448181882842,0.3291531542488832
0.8065854372920285,-0.0792493842215882,-0.0767494912305065,0.3316752602094445
0.8060309629806839,-0.0768090437465555,-0.0745268523932651,0.3341296654457669
0.8054936747609356,-0.0743546123560466,-0.0722783433889562,0.3365143136478513
0.8049738965728609,-0.0718875568701906,-0.0700054901755722,0.3388272488253995
0.8044719207562896,-0.0694093677569239,-0.0677098799412577,0.3410666457635442
0.8039880026919154,-0.0669215315253142,-0.065393134891611,0.3432308375176448
0.8035223573593024,-0.0644255065999314,-0.0630568883334438,0.345318334623007
0.8030751582351133,-0.0619227064513025,-0.0607027668031467,0.3473278339193144
0.8026465348502949,-0.0594144705230495,-0.0583323601053609,0.3492582333738573
0.8022365742654206,-0.0569020519928812,-0.0559472065878493,0.3511086291955622
0.8018453231848441,-0.0543866069289688,-0.0535487794849082,0.3528783097860628
0.8014727899632254,-0.0518691802561111,-0.0511384700219871,0.3545667498578694
0.8011189493077043,-0.0493507078682842,-0.0487175858733563,0.3561735919757514
0.8007837461564836,-0.0468320142208325,-0.046287345461427,0.3576986313855644
0.8004670994952343,-0.0443138096294171,-0.0438488720992421,0.3591418007224185
0.8001689084009437,-0.0417967070156196,-0.0414032072041576,0.3605031441574378
0.7998890547129726,-0.0392812150944353,-0.0389513010353705,0.361782806520993
0.7996274080370261,-0.0367677527481328,-0.0364940242449405,0.362981011454577
0.7993838293814892,-0.0342566561934102,-0.03403217279951,0.3640980454885573
0.7991581747380294,-0.0317481897190981,-0.0315664767103597,0.3651342421133346
0.7989502974792104,-0.0292425478007646,-0.0290976005819392,0.3660899710615956
0.7987600514849451,-0.0267398689311878,-0.0266261559246457,0.3669656240693043
0.7985872928811462,-0.0242402374031949,-0.0241527018505697,0.3677616068709612
0.7984318821948703,-0.0217436936054311,-0.0216777543586754,0.3684783291730354
0.7982936858341061,-0.0192502395268355,-0.0192017910786161,0.3691161976533424
0.7981725772595402,-0.0167598423133791,-0.0167252542215485,0.369675610325214
0.7980684382491956,-0.0142724437288449,-0.014248559526832,0.3701569504339209
0.7979811595194684,-0.0117879609392178,-0.0117720966943957,0.3705605833028847
0.7979106413529411,-0.0093062880563049,-0.0092962306375697,0.3708868531415442
0.7978567943614909,-0.0068273072685552,-0.0068213123753129,0.3711360792269996
0.7978195396256259,-0.0043508827914932,-0.0043476728457744,0.3713085549801256
0.7977988092003413,-0.0018768743231135,-0.0018756362314494,0.3714045453610563
0.7977940700809906,-3.710794692357578e-13,1.1801835550495632e-12,0.3714264910492064
