2.96925738481955
0.7399896229342272,4.5633891607578754e-23,4.876706190247476e-13,0.550582061915484
0.7399915103172098,0.001977085582355,0.0010511900635399,0.5505707632038718
0.7400036733412287,0.0053942180209076,0.002867955960271,0.5504979576543044
0.7400271255867138,0.0088123762566105,0.0046850510126225,0.5503576146195112
0.7400618903093223,0.0122320865139394,0.006502619312643,0.5501496665487121
0.7401079990348485,0.0156537395593967,0.0083207348832294,0.5498740310812956
0.7401654918869106,0.019077726552875,0.0101394747143152,0.5495306093055209
0.7402344176850431,0.0225044395825161,0.0119589198506231,0.549119285447707
0.7403148340096958,0.0259342697199409,0.0137791551590926,0.5486399268159357
0.7404068074640066,0.0293676126947188,0.0156002731347541,0.5480923826300202
0.7405104139741515,0.0328048715854143,0.0174223761086959,0.5474764826903443
0.7406257388013484,0.0362464491797737,0.0192455729700298,0.546792037831151
0.7407528772680506,0.0396927622926757,0.0210699875143635,0.5460388362068291
0.7408919347921106,0.0431442321245439,0.0228957540791205,0.5452166437763828
0.7410430274719684,0.046601290536253,0.0247230215991809,0.544325201609708
0.741206282732611,0.0500643843995353,0.0265519566188592,0.5433642229508967
0.7413818397453166,0.0535339733506621,0.0283827428001089,0.5423333917373702
0.7415698503935226,0.0570105375979216,0.0302155857226868,0.5412323580428795
0.7417704796843511,0.0604945730480458,0.0320507109747901,0.540060736931592
0.7419839069203973,0.0639865995483843,0.0338883691469911,0.5388181030271041
0.7422103262547274,0.0674871565850516,0.0357288342031063,0.5375039888801197
0.7424499481365885,0.070996812345511,0.0375724088760157,0.5361178783624247
0.7427030000103826,0.0745161592970472,0.03941942296337,0.5346592046438355
0.742969728007381,0.0780458230961447,0.0412702386262939,0.5331273426900205
0.743250398109177,0.0815864617783349,0.0431252505823222,0.53152160512949
0.7435452971256608,0.0851387621236624,0.0449848848372475,0.5298412394790469
0.7438547348877228,0.0887034497594564,0.0468496046293589,0.5280854187821845
0.7441790459559011,0.0922812905953963,0.0487199118481231,0.5262532354604069
0.7445185904524455,0.095873081784207,0.0505963430161045,0.5243437005228347
0.7448737574239205,0.0994796688999646,0.052479479015844,0.5223557289650261
0.745244965727383,0.1031019343358458,0.0543699398234208,0.5202881396726985
0.7456326665588365,0.1067408021265153,0.0562683878875685,0.5181396466165403
0.7460373460206626,0.1103972407386392,0.0581755305124801,0.5159088504949597
0.7464595269266119,0.1140722572976524,0.0600921178528048,0.5135942352456142
0.7468997708800069,0.117766893731393,0.0620189419977607,0.5111941636590274
0.7473586810184851,0.1214822274018661,0.0639568384875315,0.5087068700449333
0.7478369025283509,0.1252193527761292,0.0659066780330931,0.5061304656825777
0.7483351253009145,0.1289793808960555,0.0678693676045294,0.5034629332187892
0.7488540820900459,0.1327634049337407,0.069845833885945,0.5007021457328537
0.7493945493125,0.1365724890422667,0.0718370189070751,0.4978458717573998
0.7499573427717512,0.140407623755661,0.073843858163308,0.4948918072452845
0.7505433117447108,0.1442696779122862,0.0758672567462026,0.4918376152836864
0.7511533258849734,0.1481593137202745,0.07790804581952,0.4886810016087949
0.7517882613840398,0.1520769131563809,0.079966944406621,0.4854197908739496
0.7524489731296057,0.1560224367848964,0.0820444847190764,0.4820520705387887
0.7531362619125458,0.1599952831113213,0.0841409361855121,0.4785763525686836
0.7538508277775178,0.1639941022715145,0.0862562032369898,0.474991795539643
0.7545932134730041,0.1680165984965367,0.0883897141500496,0.4712984629984935
0.7553637410417156,0.1720593438194329,0.090540312105655,0.4674975995895906
0.7561624469775946,0.1761176323116405,0.0927061635308842,0.4635918958859982
0.7569890326513657,0.1801854512236968,0.0948847245799544,0.4595856605031997
0.7578428457275808,0.1842556205933379,0.0970727947726903,0.4554848289723316
0.7587229027174405,0.1883201116220748,0.0992666660296261,0.4512967714147946
0.7596279628561811,0.1923705476145443,0.1014623728348359,0.4470298650118386
0.7605566389172802,0.1963987813934161,0.1036559901591111,0.442692915371237
0.7615075213841781,0.2003974273781732,0.1058439155603129,0.4382945478668583
0.7624792903615121,0.2043602467090303,0.1080230803997212,0.4338426902893768
0.7634707948720764,0.2082823298389796,0.1101910578484379,0.4293442345659602
0.7644810935877473,0.2121600913309595,0.1123460724571375,0.4248048932663963
0.7655094633492209,0.2159911365677962,0.1144869408261304,0.4202292099875498
0.7665553819191063,0.2197740493327817,0.1166129677734817,0.4156206847931777
0.7676185018306252,0.2235081758416705,0.1187238384523363,0.4109819332675749
0.7686986202552863,0.2271934245800806,0.1208195167172819,0.4063148551995584
0.7697956467830941,0.230830087111999,0.1229001525070356,0.4016208036924753
0.7709095798832813,0.2344187119130052,0.1249660167940299,0.3969007088431788
0.7720404826802797,0.2379599937855928,0.1270174433099798,0.3921551978168472
0.7731884699856949,0.2414547129651267,0.1290547971440398,0.3873846619322408
0.7743536900899609,0.244903667364735,0.1310784380424619,0.3825893416819471
0.7755363172454475,0.2483076451557908,0.1330887060810508,0.3777693637369766
0.7767365425536741,0.2516673968376136,0.1350859063536032,0.3729247823879827
0.7779545711635627,0.2549836284560543,0.1370703056280812,0.3680555936070764
0.7791906129279667,0.2582569787338001,0.1390421190272041,0.3631617741453884
0.7804448813831382,0.2614880210463264,0.1410015111776702,0.3582432859581743
0.7817175918744625,0.2646772631787736,0.1429485959456873,0.3533000836862925
0.7830089582111524,0.2678251438054539,0.1448834340494896,0.3483321273478392
0.7843191922586353,0.2709320366647667,0.1468060352718017,0.3433393831642635
0.7856485020908648,0.2739982510941423,0.1487163584170956,0.3383218297350703
0.7869970897044153,0.2770240318119196,0.1506143107315233,0.3332794654800449
0.7883651522137542,0.2800095665576605,0.1524997522262493,0.3282123028102788
0.7897528810317216,0.2829549886241812,0.1543724968743563,0.3231203699598813
0.7911604598344621,0.285860376804789,0.1562323121569152,0.3180037170954092
0.7925880660230272,0.2887257625764615,0.1580789232362386,0.3128624095332585
0.7940358672816308,0.2915511269898294,0.159912010570479,0.3076965387261431
0.7955040240484025,0.2943364094144336,0.1617312151766575,0.3025062118236988
0.7969926880957588,0.2970815080859756,0.1635361386789256,0.2972915553506774
0.7985020017280319,0.2997862819084756,0.1653263441739014,0.2920527165403025
0.8000320979744773,0.3024505539335584,0.1671013582372168,0.2867898611752489
0.8015831003323389,0.3050741137697486,0.1688606722776232,0.2815031730612305
0.8031551208553158,0.3076567171491499,0.1706037420086507,0.2761928590855487
0.8047482628725402,0.3101980930902722,0.1723299920674463,0.270859138566848
0.8063626160507688,0.3126979383936087,0.1740388121176021,0.2655022584588787
0.8079982615088138,0.3151559281818296,0.1757295638674688,0.2601224748368133
0.8096552650001047,0.3175717077155856,0.1774015753482961,0.2547200740814452
0.8113336841597559,0.3199449054260321,0.1790541497930771,0.2492953477079448
0.8130335603500414,0.3222751230836069,0.1806865587719624,0.2438486176311719
0.8147549236449012,0.3245619450816262,0.1822980485835112,0.2383802185852425
0.8164977926698301,0.3268049397695237,0.1838878412199399,0.2328904975777086
0.8182621675142704,0.3290036521976884,0.185455129219064,0.2273798349274569
0.8200480382113043,0.3311576168927044,0.1869990847361312,0.2218486162495462
0.8218553770849999,0.3332663499468584,0.1885188539679149,0.2162972551869915
0.8236841440685753,0.3353293571599536,0.1900135630501867,0.2107261756900001
0.825534281116161,0.3373461291328193,0.1914823146128114,0.2051358279949235
0.8274057170350548,0.3393161482807546,0.192924192970113,0.1995266727439092
0.8292983620617235,0.3412388844117704,0.1943382610327522,0.1938991962565619
0.8312121119367482,0.3431138005171828,0.1957235646889646,0.1882538971903246
0.8331468441807012,0.3449403503400909,0.1970791311886792,0.1825912965853653
0.8351024193493164,0.3467179810714074,0.1984039713096359,0.1769119330625264
0.8370786810921337,0.3484461346483093,0.1996970805280759,0.1712163617019587
0.8390754550517343,0.3501242479896095,0.2009574394128357,0.1655051563016844
0.8410925480938161,0.351751753623126,0.2021840143205465,0.1597789106258461
0.8431297507491817,0.3533280828063572,0.2033757599915395,0.154038230608193
0.8451868305614706,0.3548526614888145,0.2045316167554778,0.1482837522719384
0.8472635405963428,0.3563249179897842,0.2056505166075066,0.1425161169494917
0.8493596143081326,0.357744279935566,0.2067313811825725,0.1367359850754688
0.851474765726733,0.3591101754635957,0.2077731229571975,0.1309440349081021
0.8536086878879623,0.3604220332661425,0.2087746455790507,0.1251409660945109
0.8557610569716106,0.3616792861015454,0.209734846854307,0.1193274877576348
0.8579315313764732,0.3628813707596435,0.210652619035776,0.1135043206297084
0.8601197456093703,0.364027725508478,0.2115268471880303,0.1076722129019357
0.8623253193929368,0.36511779587444,0.2123564139174465,0.1018319153175974
0.8645478519073373,0.366151032062679,0.2131401977170531,0.0959841962392864
0.8667869219157766,0.3671268898308121,0.2138770739512618,0.0901298408325559
0.8690420929727765,0.368044833290281,0.2145659172804144,0.0842696371401132
0.8713129071153408,0.3689043325809735,0.2152056002002332,0.0784043923412227
0.8735988903819671,0.3697048665675258,0.215794995353014,0.0725349181686496
0.875899550105191,0.3704459220333073,0.216332975186672,0.0666620377955613
0.8782143762486543,0.3711269944389884,0.2168184127650141,0.0607865822614626
0.8805428403400776,0.3717475878245083,0.2172501819302832,0.0549093930830598
0.8828843976812252,0.3723072156027167,0.2176271580709888,0.0490313165855613
0.8852384897929398,0.3728054010137575,0.2179482185545002,0.0431531978380392
0.8876045415384838,0.3732416762535505,0.2182122422233309,0.0372758879612703
0.8899819628322856,0.37361558271429,0.2184181096114712,0.0314002399006062
0.8923701482836407,0.373926670687025,0.2185647027543494,0.0255271093852589
0.8947684799234563,0.3741744993801948,0.2186509050706503,0.019657348319795
0.8971763239918181,0.3743586361037982,0.2186756007815962,0.0137918127783583
0.8995930372271058,0.3744786562936652,0.218637674489259,0.0079313477657139
0.90201796875186,0.374534142457594,0.2185360099399267,0.0020767829622785
0.9044504519038796,0.3745246829639634,0.218369489212266,-0.0037710473532681
0.906890396073437,0.3744498456688508,0.2181369278057261,-0.0096127185698886
0.9093406513812596,0.3743089303954288,0.217836670783203,-0.015455816537694
0.9118006795647504,0.3741011891541784,0.2174672170047679,-0.0212998009716616
0.9142699257712772,0.373825856692029,0.2170270307075027,-0.0271441296345353
0.9167478120114964,0.3734821498582717,0.2165145401767665,-0.0329882441416123
0.9192337374266536,0.373069266601338,0.2159281355116971,-0.0388315721672192
0.9217270728463524,0.3725863858784194,0.2152661676065275,-0.0446735163660865
0.9242271707105428,0.3720326646079062,0.2145269429696844,-0.0505134794593474
0.9267333549008304,0.3714072379831752,0.2137087231885003,-0.0563508422899592
0.929244930192007,0.3707092154651022,0.2128097184771003,-0.0621849879363563
0.9317611751446224,0.3699376801352445,0.2118280856295746,-0.0680152873151288
0.9342813435788984,0.3690916858803136,0.2107619229670284,-0.0738411050403057
0.9368046719702624,0.3681702516418261,0.2096092615198541,-0.079661819093088
0.9393303744977904,0.3671723589035024,0.2083680601695373,-0.0854768121575345
0.9418576472573744,0.3660969454338315,0.2070361958759143,-0.0912854844672494
0.9443856723611376,0.3649428976227352,0.2056114519671944,-0.0970872666834256
0.9469136144825008,0.3637090450280476,0.2040915088716577,-0.1028816158737242
0.9494406335020096,0.3623941459661417,0.2024739234477909,-0.108668048971251
0.9519658787882824,0.3609968799181395,0.200756116291241,-0.1144461347727916
0.9544885029146816,0.35951582788683,0.198935343666891,-0.1202155313001398
0.9570076593700266,0.3579494584206568,0.1970086757438818,-0.1259759875485734
0.9595225123395568,0.3562961037757436,0.1949729618680624,-0.1317273741624224
0.9620322408675728,0.3545539352877861,0.1928247938232959,-0.1374697028884309
0.9645360405785276,0.3527209362901134,0.1905604648067105,-0.1432031424746139
0.9670331281123264,0.3507948683455435,0.1881759186210865,-0.1489280432750154
0.9695227283130264,0.3487732456554118,0.1856667071780914,-0.1546449253207217
0.9720040595697385,0.3466533080361861,0.1830279442591326,-0.1603544654732834
0.9744762898724088,0.3444320173064416,0.1802542863253973,-0.1660574207639789
0.9769384436872864,0.3421061048270722,0.1773399756513836,-0.1717544409290294
0.9793892318442964,0.3396722155236316,0.1742790044873723,-0.1774457023479902
0.981826741243662,0.3371272469942616,0.1710655287169331,-0.1831302083556492
0.984247891659175,0.3344690510366374,0.1676947521442875,-0.1888045209144867
0.986647564623856,0.3316977272444604,0.1641645920044488,-0.194460663172696
0.9890173991574216,0.3288177042526304,0.1604784077301988,-0.2000831152908359
0.9913446525026176,0.3258403246944428,0.1566484723661899,-0.2056457632306133
0.993612229465172,0.3227855013596215,0.1526983664881565,-0.2111114007035909
0.9958012024729084,0.3196800351687531,0.1486611179388882,-0.216437125589458
0.9978953257066592,0.3165520107278829,0.1445721485960764,-0.2215848480213867
0.9998845851477788,0.313424709217089,0.1404613410713215,-0.226530055799918
1.0017656441850122,0.3103138967136432,0.136349295675086,-0.2312634617022584
1.0035400364162252,0.3072286057369321,0.1322481064517431,-0.2357871820294184
1.0052119895732874,0.3041732618199108,0.1281639649533868,-0.2401098073802782
1.006786856831376,0.3011495870644245,0.1240995544493168,-0.2442427549930949
1.008270213096817,0.2981578924332478,0.120055699760188,-0.2481981221686249
1.0096674278858566,0.2951978078175975,0.11603230868609,-0.2519876500034637
1.0109834863616511,0.2922686878816137,0.1120289020578135,-0.2556222707951294
1.0122229453870897,0.2893698098108959,0.108044875486503,-0.2591119814840847
1.0133899439417708,0.2865004747548519,0.1040796367587159,-0.2624658495525309
1.0144882412887395,0.2836600441849922,0.1001326572808215,-0.265692091000312
1.0155212570358092,0.2808479598572952,0.0962035023152029,-0.2687981539275582
1.0164921162699687,0.2780637349020447,0.092291821545922,-0.2717908200493761
1.0174036852766473,0.2753069530898069,0.0883973508875074,-0.2746762826717459
1.0182586064000667,0.2725772551406126,0.0845198958650968,-0.2774602265517222
1.0190593231378429,0.269874340585884,0.080659336679585,-0.2801478812826258
1.019808109009704,0.2671979447279137,0.0768155975400968,-0.2827440913882425
1.0205070851963225,0.264547840485054,0.0729886509754835,-0.285253353728381
1.0211582392642005,0.2619238276013822,0.0691785038591043,-0.2876798617311557
1.0217634395525084,0.2593257287341221,0.065385193005705,-0.2900275378934067
1.0223244480876617,0.2567533838079676,0.0616087780410766,-0.2923000638403394
1.0228429313129563,0.2542066465927027,0.05784933729762,-0.2945009048935385
1.02332046979239,0.2516853795007536,0.0541069608978732,-0.2966333332770635
1.023758565930038,0.2491894522412724,0.0503817493555049,-0.2987004455126652
1.0241586510617464,0.2467187388847976,0.0466738097155134,-0.3007051791772716
1.0245220911748685,0.2442731182816913,0.042983256619492,-0.3026503252002048
1.0248501929202192,0.2418524680502989,0.03931020360179,-0.3045385438435732
1.0251442074464818,0.23945666901641,0.0356547700667619,-0.3063723710741857
1.0254053355106632,0.2370855964948193,0.0320170682382107,-0.3081542341253508
1.0256347302748958,0.2347391255738586,0.0283972113183992,-0.3098864552319974
1.025833500544913,0.2324171316524471,0.0247953145198326,-0.3115712584531115
1.0260027143999182,0.2301194813487461,0.021211481055058,-0.3132107826606772
1.0261434008265722,0.2278460428738039,0.0176458182586309,-0.314807079745957
1.0262565526183225,0.2255966792260244,0.0140984270664321,-0.3163621247962376
1.0263431283143265,0.223371249759924,0.0105694044460768,-0.3178778196949465
1.0264040541575108,0.2211696074610739,0.0070588390311859,-0.3193559992733639
1.0264402256197125,0.218991604033467,0.0035668191597417,-0.3207984318074972
1.0264525091162355,0.216837085748156,9.3426233861e-05,-0.3222068254594487
1.0264417433765594,0.2147058954049048,-0.0033612622157493,-0.3235828302835427
1.026408717668576,0.2125967677246021,-0.0067989779460861,-0.324928742235701
1.026354148075921,0.2105083664983729,-0.010221607175358,-0.3262468176814805
1.026278731940072,0.2084406149220035,-0.0136289959069934,-0.3275384526465827
1.0261831494187783,0.206393439888552,-0.0170209795685392,-0.3288050005914105
1.0260680640213704,0.2043667625892187,-0.0203973984025741,-0.3300477800459123
1.0259341231648722,0.2023604982581252,-0.0237580980199505,-0.3312680762469094
1.0257819588372894,0.2003745580747892,-0.0271029263346423,-0.3324671413627603
1.0256121880500764,0.1984088480787646,-0.0304317354787019,-0.3336461964520519
1.025425413107152,0.1964632673601004,-0.0337443850243585,-0.3348064337327662
1.0252222223247562,0.1945377116572313,-0.0370407360356616,-0.335949015538519
1.0250031902196406,0.1926320711238944,-0.0403206549945756,-0.3370750767022153
1.0247688780203783,0.1907462318681203,-0.0435840113168225,-0.3381857246194287
1.0245198337295276,0.1888800738606883,-0.0468306811255771,-0.339282041399103
1.0242565928125966,0.187033474097154,-0.0500605419387813,-0.3403650828663117
1.0239796782737696,0.1852063049122365,-0.0532734757362953,-0.3414358803724636
1.0236896010080936,0.1833984346908679,-0.0564693678829978,-0.3424954411483534
1.023386859809292,0.1816097265220276,-0.0596481096868535,-0.343544749824889
1.0230719419458052,0.1798400404828066,-0.0628095945391439,-0.3445847677917054
1.022745323265888,0.1780892329440334,-0.0659537192977802,-0.3456164342672951
1.022407468433362,0.1763571568157262,-0.0690803840167928,-0.3466406667878016
1.022058831083592,0.1746436614394431,-0.0721894923122051,-0.3476583618774448
1.0216998540957285,0.1729485931253432,-0.0752809505624719,-0.3486703953130029
1.0213309697232016,0.1712717950106348,-0.0783546683329988,-0.349677622767471
1.0209525998645426,0.1696131076184703,-0.0814105575213806,-0.3506808800145675
1.020565156127775,0.1679723685038539,-0.0844485331724306,-0.3516809836624702
1.020169039892023,0.1663494120104367,-0.0874685141116438,-0.352678731816752
1.0197646430269205,0.1647440716898003,-0.0904704186061392,-0.3536749030838686
1.0193523473133634,0.1631561774080039,-0.0934541699050515,-0.354670258824348
1.0189325251916317,0.1615855578826925,-0.0964196916641436,-0.3556655420491101
1.0185055396861538,0.1600320398828025,-0.0993669095828994,-0.3566614783583623
1.018071744367506,0.1584954477195486,-0.1022957525321105,-0.3576587767183231
1.0176314838562628,0.1569756046897693,-0.1052061499641082,-0.3586581289700204
1.0171850940117764,0.1554723332859353,-0.1080980316268909,-0.3596602100894844
1.0167329015921016,0.153985453684798,-0.110971330603966,-0.3606656796025708
1.016275224889542,0.1525147855633451,-0.1138259799617294,-0.3616751807879823
1.015812373539778,0.151060147125711,-0.1166619147535965,-0.3626893417295758
1.0153446490033553,0.1496213563192504,-0.1194790697792591,-0.3637087748686116
1.0148723445558434,0.1481982304524779,-0.1222773804324131,-0.3647340776343047
1.0143957452433696,0.1467905857737323,-0.1250567836459593,-0.3657658331300304
1.0139151280662286,0.1453982377657801,-0.1278172174350756,-0.3668046103165729
1.0134307626262435,0.1440210027252403,-0.1305586178623222,-0.3678509631928554
1.0129429107048364,0.1426586962253354,-0.1332809221679748,-0.3689054322800414
1.0124518266636109,0.1413111339884147,-0.1359840671284148,-0.3699685443194805
1.0119577570978224,0.1399781306802165,-0.1386679915651263,-0.3710408135846723
1.0114609418410851,0.1386595023869439,-0.1413326314493786,-0.3721227402613203
1.010961613594114,0.1373550652989614,-0.1439779226029751,-0.3732148117966201
1.0104599980361468,0.1360646357572731,-0.1466038006765559,-0.3743175032030991
1.0099563141166277,0.1347880307554215,-0.1492102001917195,-0.3754312769607863
1.0094507738936034,0.1335250672796525,-0.1517970559434893,-0.3765565839140645
1.0089435832086835,0.1322755637561802,-0.1543643000893366,-0.3776938623085814
1.0084349411831883,0.1310393385403592,-0.1569118652855574,-0.3788435394427106
1.007925040908403,0.1298162113756315,-0.1594396817294699,-0.3800060306488348
1.0074140694930276,0.1286060032319995,-0.1619476775092989,-0.3811817396892757
1.006902207500015,0.1274085347422061,-0.1644357818750854,-0.3823710605786309
1.006389630144222,0.1262236287990213,-0.1669039198766508,-0.3835743753442312
1.0058765067048656,0.1250511089187117,-0.1693520157679262,-0.3847920558841003
1.0053630008944672,0.1238907998689993,-0.1717799917129933,-0.3860244636170182
1.0048492710519896,0.1227425278674164,-0.1741877673720873,-0.387271949517471
1.004335469801401,0.1216061195941749,-0.1765752619722731,-0.3885348554527254
1.003821745137273,0.1204814043762072,-0.1789423897166,-0.3898135120246178
1.0033082395196322,0.1193682119495615,-0.1812890644709258,-0.3911082412730387
1.0027950905988612,0.118266373837784,-0.1836151968533637,-0.3924193553786263
1.0022824309995524,0.1171757226615476,-0.1859206956693703,-0.3937471576911629
1.0017703887845113,0.1160960929157298,-0.1882054662468906,-0.395091942022027
1.001259087411802,0.1150273206526694,-0.1904694110750863,-0.3964539932124598
1.0007486456449155,0.1139692430874325,-0.1927124306094909,-0.3978335878553257
1.0002391782196964,0.1129216997737528,-0.1949344207436897,-0.3992309929667358
0.9997307952228552,0.1118845311081103,-0.1971352759408542,-0.4006464681272779
0.9992236028942464,0.1108575797765511,-0.1993148861223875,-0.4020802637418521
0.998717703144982,0.109840689566948,-0.2014731391413396,-0.4035326228276093
0.9982131940731624,0.1088337062185205,-0.2036099189297877,-0.4050037800165721
0.9977101700606134,0.1078364774097457,-0.2057251054720184,-0.4064939616893807
0.9972087215302956,0.106848852083158,-0.2078185761814578,-0.4080033871286999
0.9967089355698852,0.1058706814876869,-0.2098902036324027,-0.4095322670918381
0.9962108954231492,0.1049018179883799,-0.2119398580221019,-0.4110808057673773
0.9957146812263694,0.1039421163214863,-0.2139674044502254,-0.4126491989380967
0.9952203695435056,0.1029914325043319,-0.2159727051609528,-0.4142376358272574
0.9947280337977334,0.1020496244934199,-0.2179556180836503,-0.4158462981584477
0.9942377444010976,0.1011165522500823,-0.2199159966297423,-0.4174753601075956
0.9937495684182932,0.1001920769265111,-0.221853691332785,-0.419124989817052
0.9932635701315627,0.0992760617714116,-0.2237685478709495,-0.4207953479221616
0.99277981108727,0.0983683720416391,-0.2256604071868561,-0.4224865877293679
0.9922983499022084,0.0974688744709895,-0.2275291065240245,-0.4241988562562005
0.9918192425248076,0.0965774375990605,-0.2293744786632509,-0.4259322937013803
0.9913425421064614,0.0956939313725949,-0.2311963526694033,-0.4276870342859405
0.9908682995649972,0.0948182280333364,-0.2329945519810194,-0.4294632045492054
0.9903965632712302,0.0939502013779869,-0.2347688958675329,-0.4312609248153594
0.9899273791928674,0.0930897268733887,-0.2365191991112237,-0.4330803090119712
0.989460790995853,0.0922366816934923,-0.2382452718532834,-0.4349214646199333
0.9889968400683604,0.0913909446168097,-0.239946919722522,-0.4367844929140351
0.9885355654746844,0.0905523958003,-0.2416239442036449,-0.438669489501524
0.9880770046003208,0.0897209178101989,-0.2432761404985068,-0.4405765420011803
0.9876211926180964,0.0888963945097704,-0.2449032996859117,-0.442505732490861
0.9871681626547978,0.0880787112282324,-0.2465052082926722,-0.4444571371639166
0.986717946089878,0.0872677551665844,-0.2480816474195578,-0.4464308253469342
0.986270572325482,0.0864634148511199,-0.249632393735317,-0.4484268607766841
0.9858260690846262,0.085665580542175,-0.2511572186024257,-0.45044530058302
0.9853844625096012,0.0848741442830244,-0.2526558879243321,-0.4524861950788006
0.9849457766964516,0.0840889989422562,-0.2541281638807613,-0.454549590192685
0.984510034653,0.0833100398085585,-0.2555738018440009,-0.4566355232771382
0.984077257511958,0.082537163062236,-0.2569925531871972,-0.4587440270261697
0.9836474651763628,0.0817702668128876,-0.258384163281982,-0.4608751266457655
0.9832206759184108,0.0810092502682903,-0.2597483729601819,-0.4630288420334126
0.9827969066314808,0.080254014072568,-0.26108491781358,-0.4652051868012998
0.9823761730336537,0.0795044605586364,-0.262393527690746,-0.4674041674375149
0.981958489323636,0.0787604930272628,-0.2636739278993258,-0.4696257853077669
0.9815438687149064,0.0780220165929866,-0.2649258376677534,-0.4718700340694326
0.9811323230992636,0.077288937481149,-0.2661489713069008,-0.4741369016358055
0.980723863356914,0.0765611634787995,-0.2673430373873419,-0.4764263686915061
0.9803184991019508,0.0758386033818007,-0.2685077396007648,-0.4787384102897585
0.9799162389809196,0.0751211674291836,-0.2696427759829689,-0.4810729943773792
0.9795170905488824,0.0744087669865807,-0.2707478393727126,-0.4834300826714499
0.9791210606420236,0.0737013151177318,-0.2718226164826264,-0.4858096286160005
0.9787281546487688,0.072998725190727,-0.2728667899767568,-0.4882115819105179
0.9783383776324196,0.0723009127937425,-0.273880035524172,-0.4906358818992856
0.9779517334816136,0.0716077941289015,-0.2748620241818608,-0.4930824628405802
0.977568225193876,0.0709192864313544,-0.2758124216876533,-0.4955512523811863
0.9771878550870714,0.0702353082636356,-0.276730888011573,-0.4980421703369647
0.9768106248849074,0.0695557795879261,-0.2776170772669857,-0.500555128189568
0.9764365352464148,0.0688806208370625,-0.2784706388956799,-0.5030900323335465
0.9760655863359587,0.0682097538601179,-0.2792912163799908,-0.5056467804291236
0.9756977776837598,0.0675431015941058,-0.2800784476719095,-0.5082252623853218
0.9753331082112056,0.0668805880333613,-0.2808319652178898,-0.510825360265656
0.9749715761536176,0.0662221380134602,-0.2815513961829892,-0.5134469489359001
0.9746131792749236,0.0655676775273858,-0.2822363620793245,-0.5160898946091029
0.97425791458882,0.0649171331436761,-0.2828864793670965,-0.5187540569739562
0.9739057788714852,0.0642704328722421,-0.2835013585558013,-0.5214392854576871
0.9735567681506886,0.0636275051589717,-0.2840806052080956,-0.5241454231108443
0.9732108782590158,0.0629882798331938,-0.284623819041948,-0.526872302437011
0.9728681043220124,0.062352687097139,-0.285130594844138,-0.5296197494071956
0.9725284413675284,0.0617206585865533,-0.2856005215900947,-0.5323875786774745
0.9721918838862104,0.061092126493327,-0.2860331831989882,-0.5351755970861094
0.9718584259510192,0.0604670237206955,-0.286428158387438,-0.5379836027690243
0.9715280615120035,0.0598452843738734,-0.2867850204003884,-0.5408113826758605
0.971200784062663,0.0592268430744755,-0.2871033374975687,-0.5436587153581964
0.9708765869800118,0.0586116355409709,-0.2873826726717925,-0.5465253680417765
0.9705554632879196,0.0579995980841504,-0.2876225839833748,-0.5494110986398881
0.9702374056478168,0.0573906675273287,-0.2878226245938053,-0.5523156558855697
0.9699224068525276,0.0567847820957013,-0.2879823425538854,-0.5552387747760262
0.9696104592704284,0.0561818802993179,-0.2881012812862997,-0.5581801815594573
0.9693015552922298,0.0555819017375607,-0.2881789794546925,-0.561139589545235
0.9689956870632872,0.0549847865310629,-0.2882149712098341,-0.5641167015244091
0.9686928467118552,0.0543904757136862,-0.288208786259973,-0.5671112074994668
0.9683930261170935,0.0537989107281097,-0.2881599500173218,-0.5701227868673346
0.9680962156936064,0.0532100309496766,-0.2880679831588907,-0.5731511209406049
0.9678024074309656,0.0526237796402896,-0.2879324023417053,-0.5761958622149914
0.9675115934214082,0.052040101028732,-0.2877527205601956,-0.5792566485666183
0.967223765684952,0.0514589399193504,-0.2875284472881978,-0.5823331048908156
0.966938916446337,0.0508802422090264,-0.2872590889171512,-0.585424839976017
0.96665703794674,0.0503039544713027,-0.286944148917293,-0.5885314482724571
0.9663781224525758,0.0497300239333961,-0.2865831280843449,-0.5916525096311774
0.9661021625637972,0.0491583990764091,-0.2861755252665989,-0.5947875856119014
0.965829150887982,0.0485890289347514,-0.285720837329024,-0.5979362228464163
0.9655590803057624,0.0480218636148086,-0.2852185599175412,-0.6010979497683866
0.9652919439584684,0.0474568542478716,-0.2846681879452737,-0.6042722763954627
0.9650277351874684,0.0468939528400274,-0.2840692159717632,-0.6074586947134557
0.9647664476689574,0.0463331125385888,-0.283421139032232,-0.6106566767192853
0.9645080754097728,0.0457742876111358,-0.2827234532740445,-0.6138656740610628
0.9642526126356764,0.045217433190659,-0.2819756562921049,-0.6170851190506657
0.9640000540913818,0.0446625059190851,-0.2811772486887618,-0.6203144205010626
0.9637503947680398,0.0441094633511122,-0.2803277340780008,-0.6235529667161069
0.9635036302293054,0.0435582646735589,-0.2794266209952576,-0.6268001208557153
0.9632597563809392,0.0430088702049425,-0.278473423097131,-0.6300552234196757
0.9630187696276508,0.0424612417556286,-0.277467660726424,-0.633317589718421
0.9627806669388248,0.0419153427999244,-0.2764088623637467,-0.6365865084316121
0.9625454456949704,0.0413711381509139,-0.2752965651893089,-0.639861243171367
0.9623131039069578,0.0408285944947019,-0.2741303173775669,-0.6431410289334115
0.9620836401053422,0.0402876801765716,-0.272909679048387,-0.6464250730559802
0.9618570534003982,0.0397483653863018,-0.2716342240936002,-0.6497125538253962
0.9616333434887872,0.0392106222287231,-0.2703035418796824,-0.6530026198134121
0.961412510713906,0.0386744249328954,-0.2689172394095341,-0.6562943884150433
0.9611945560330044,0.0381397498478309,-0.2674749430828907,-0.6595869457474187
0.9609794809453608,0.0376065753445167,-0.2659763002314627,-0.6628793472058647
0.9607672876583628,0.0370748823144624,-0.264420982409181,-0.6661706144134042
0.9605579789125456,0.0365446538360358,-0.2628086864892103,-0.6694597373848099
0.9603515581423832,0.036015875687108,-0.2611391382911024,-0.672745671550481
0.9601480292758804,0.0354885359554037,-0.2594120935961292,-0.6760273404721533
0.9599473968021064,0.0349626253318619,-0.2576273412788882,-0.6793036344334531
0.9597496657500711,0.0344381371920023,-0.2557847059176081,-0.682573410456909
0.9595548416672536,0.0339150676860796,-0.253884050519118,-0.6858354923902493
0.9593629305846544,0.0333934158028738,-0.2519252792266531,-0.6890886712896007
0.959173938821322,0.0328731829973395,-0.2499083383683205,-0.6923317086612193
0.9589878729190152,0.0323543731578866,-0.2478332186141628,-0.695563337720602
0.958804740001694,0.0318369937821376,-0.2456999621588992,-0.6987822572719689
0.9586245470717172,0.0313210541862138,-0.2435086579816247,-0.7019871442125448
0.9584473012550524,0.0308065663425554,-0.2412594474045082,-0.7051766497971269
0.9582730100102528,0.0302935456830698,-0.2389525300840311,-0.708349396315654
0.9581016801544284,0.0297820084167341,-0.2365881542356555,-0.7115039954733516
0.9579333184001412,0.0292719732233518,-0.2341666258375173,-0.7146390397566459
0.9577679314326376,0.0287634616761671,-0.2316883127703531,-0.7177531018892263
0.9576055252897236,0.0282564965112969,-0.2291536383046269,-0.7208447475994822
0.9574461053838684,0.0277511017874393,-0.2265630830052672,-0.7239125367920741
0.9572896767467488,0.0272473037824412,-0.2239171905822951,-0.726955020396582
0.95713624321274,0.0267451284761967,-0.2212165557475401,-0.7299707579311229
0.9569858079220498,0.0262446032081751,-0.2184618333037821,-0.732958309775333
0.9568383731962972,0.0257457563608205,-0.2156537371391585,-0.7359162415225272
0.9566939399049312,0.0252486152408033,-0.2127930283852187,-0.7388431388925971
0.9565525078620865,0.0247532073734532,-0.2098805221516104,-0.7417376022483343
0.9564140757314592,0.0242595601647775,-0.2069170852159937,-0.744598250870495
0.9562786408320496,0.0237677001599373,-0.2039036308502391,-0.7474237294413082
0.9561461988506156,0.0232776518658634,-0.2008411102374949,-0.7502127167386932
0.9560167441860048,0.0227894388394213,-0.1977305174987754,-0.7529639211714008
0.9558902701956814,0.0223030845216706,-0.1945728937585596,-0.7556760780076404
0.955766768211509,0.021818608293891,-0.1913692998330531,-0.7583479730508811
0.9556462283245218,0.0213360281950314,-0.1881208312474536,-0.7609784286341621
0.9555286392185004,0.0208553600521443,-0.1848286103550868,-0.7635663097111837
0.9554139885486878,0.020376618795958,-0.181493793130352,-0.7661105179441979
0.955302262021434,0.01989981434405,-0.1781175380431084,-0.7686100145117449
0.9551934440692476,0.0194249539603572,-0.1747010190373012,-0.7710638077307953
0.9550875183024669,0.0189520439337622,-0.1712454351104883,-0.7734709449815952
0.9549844668348096,0.018481086288196,-0.1677519838678845,-0.77583052998168
0.9548842709591252,0.0180120814054059,-0.164221877726452,-0.7781417094258908
0.9547869109269992,0.0175450266896894,-0.1606563314233906,-0.7804036797604732
0.9546923656355786,0.0170799145633726,-0.1570565434697795,-0.7826156962826933
0.9546006140240608,0.0166167388887627,-0.1534237429349899,-0.7847770420470914
0.9545116334372667,0.0161554865037927,-0.1497591212056927,-0.7868870675254149
0.954425401127068,0.0156961442861992,-0.1460638843503039,-0.788945156590947
0.9543418936470064,0.0152386957321608,-0.1423392238930499,-0.7909507417988456
0.9542610870598464,0.0147831215795465,-0.1385863191451403,-0.7929033004409983
0.9541829573564274,0.0143294017933592,-0.1348063513943393,-0.79480234519105
0.9541074799320144,0.0138775121967757,-0.1310004739208375,-0.7966474374342708
0.9540346298332536,0.013427425287023,-0.1271698160700955,-0.7984381819706898
0.9539643825706297,0.0129791148884836,-0.1233155210476928,-0.8001742074299784
0.9538967135365372,0.0125325524152049,-0.1194387129696122,-0.8018551807267097
0.9538315977594026,0.0120877046686936,-0.1155404755911308,-0.8034808135076202
0.9537690107918436,0.0116445393280878,-0.111621898427969,-0.8050508401999303
0.953708928309443,0.0112030220570916,-0.1076840504708213,-0.8065650279458536
0.9536513261070348,0.0107631160152665,-0.1037279743347889,-0.8080231766978049
0.9535961805589408,0.010324785016265,-0.0997547134899456,-0.8094251074528138
0.9535434681266526,0.009887989448781,-0.095765274552388,-0.810770674525528
0.9534931658356482,0.0094526896681082,-0.0917606569556079,-0.8120597532130508
0.9534452510155738,0.0090188435303599,-0.0877418296142989,-0.813292246129928
0.953399701772632,0.0085864103192382,-0.0837097665317022,-0.8144680707351005
0.953356496670078,0.0081553478017417,-0.0796654192161749,-0.8155871671332445
0.9533156146850218,0.0077256112984362,-0.0756097071807079,-0.8166494988428865
0.9532770356636378,0.0072971581309553,-0.0715435594164153,-0.8176550405575701
0.9532407398608296,0.0068699426124316,-0.0674678668410857,-0.8186037896548531
0.953206708230611,0.0064439187736146,-0.0633835076587282,-0.8194957582040774
0.953174922445564,0.0060190404952939,-0.059291348538244,-0.8203309719731952
0.95314536486575,0.0055952609529746,-0.0551922391971792,-0.8211094707644736
0.9531180187612318,0.0051725358747755,-0.0510870439957358,-0.8218313020646872
0.9530928677880692,0.0047508154617469,-0.0469765635575719,-0.8224965343958216
0.953069896534638,0.0043300521687972,-0.0428616101421575,-0.8231052424461136
0.9530490904056244,0.0039101994182877,-0.0387429955340655,-0.8236575096429374
0.9530304354728918,0.0034912086009704,-0.0346215017911995,-0.8241534316570849
0.9530139186669616,0.0030730328454406,-0.0304979183820236,-0.8245931108813518
0.9529995276110368,0.0026556231672551,-0.0263730044998999,-0.8249766604152101
0.9529872507765088,0.0022389322494298,-0.0222475265467856,-0.825304199514964
0.9529770773407472,0.0018229098491277,-0.0181222129523944,-0.8255758569883678
0.9529689973416332,0.0014075075819582,-0.0139978017865822,-0.8257917666936517
0.9529630016312124,0.0009926789303611,-0.0098750412672615,-0.8259520684123367
0.952959081790882,0.0005783737656513,-0.0057546356243958,-0.8260569097772843
0.9529572302336952,0.0001645446207482,-0.0016373077349804,-0.8261064432179718
0.9529574401458856,-0.0002488560594027,0.0024762278600336,-0.8261008272238608
0.9529597060528664,-0.000661946693052,0.0065859686397984,-0.8260402109254731
0.9529640316043344,-0.0010753817829052,0.0106972464043793,-0.8259245256857918
0.9529704224409438,-0.001489209977902,0.0148093593702523,-0.8257536760887999
0.9529788849606838,-0.0019034783908008,0.0189215850769601,-0.8255275731552215
0.9529894263424004,-0.0023182348132124,0.023033202114082,-0.8252461339440486
0.953002054407544,-0.0027335230039655,0.0271434431982227,-0.8249092854886003
0.9530167779739342,-0.0031493946889021,0.0312516137147393,-0.8245169556232949
0.95303360642437,-0.0035658948758569,0.0353569460672115,-0.8240690847758813
0.953052550058888,-0.0039830727254995,0.0394587069208206,-0.8235656168788006
0.9530736197225212,-0.0044009725677515,0.0435561084891017,-0.8230065095851175
0.953096827256138,-0.0048196437884887,0.0476484055104988,-0.8223917226193304
0.9531221850951952,-0.0052391324601141,0.0517348128788009,-0.821721228777273
0.9531497064876115,-0.005659485788194,0.0558145490950543,-0.820995008500649
0.9531794051960744,-0.0060807476647244,0.0598867930178921,-0.8202130580920446
0.9532112959025476,-0.0065029649409322,0.0639507446767206,-0.8193753794084779
0.9532453941249184,-0.0069261855511266,0.0680056066375709,-0.8184819824830429
0.9532817156645322,-0.0073504519580189,0.0720505213223658,-0.8175329003717445
0.9533202773136924,-0.0077758102523559,0.0760846583822283,-0.816528170979714
0.9533610964407851,-0.0082023050247405,0.080107165571654,-0.8154678483200549
0.9534041911296616,-0.0086299811100247,0.0841171854835483,-0.8143519992550956
0.9534495796875008,-0.0090588790179329,0.0881138131037346,-0.8131807165762084
0.9534972814261796,-0.0094890428187045,0.0920961699962213,-0.8119540991229429
0.953547316114538,-0.0099205147919615,0.0960633543548595,-0.8106722663164226
0.9535997039602924,-0.0103533356811783,0.1000144440788595,-0.8093353588883564
0.9536544657236248,-0.0107875459146757,0.1039485085606524,-0.8079435362430744
0.9537116225353054,-0.0112231843419324,0.1078645977837382,-0.8064969813382549
0.953771196008558,-0.011660289366194,0.111761753299355,-0.8049958980453389
0.953833208116106,-0.0120988982080882,0.1156390023130887,-0.8034405144412721
0.9538976812207772,-0.0125390473532697,0.1194953624902054,-0.801831082169596
0.9539646379952602,-0.0129807721947315,0.1233298396491625,-0.8001678785456386
0.9540341011298789,-0.0134241054151751,0.1271414149054769,-0.7984512138009427
0.9541060937662706,-0.0138690800906223,0.1309290726978092,-0.7966814202698717
0.9541806390036772,-0.0143157267624757,0.134691776728129,-0.7948588644949606
0.9542577596233256,-0.0147640722755041,0.1384284621427269,-0.7929839536106406
0.9543374788515804,-0.0152141445980267,0.1421380774884522,-0.791057116409007
0.954419819958506,-0.0156659705419123,0.145819566529246,-0.7890788129084811
0.9545048056885194,-0.0161195729688239,0.1494718472561861,-0.787049547536677
0.9545924582281438,-0.0165749711921723,0.1530938178619836,-0.7849698690459787
0.9546828003936588,-0.0170321874141826,0.1566844096789443,-0.7828403416697791
0.954775853701624,-0.0174912370158673,0.1602425119118589,-0.7806615900824313
0.9548716393690848,-0.0179521341908784,0.1637670189243716,-0.778434274581211
0.9549701784113174,-0.0184148925900722,0.1672568367346157,-0.7761590879254862
0.9550714907784172,-0.0188795215204934,0.1707108562986874,-0.7738367741765056
0.955175595921338,-0.0193460289944507,0.1741279790913174,-0.7714681142061937
0.955282512039069,-0.0198144186600008,0.177507096925585,-0.7690539413860765
0.9553922568975852,-0.020284693792303,0.1808471235961275,-0.7665951213535664
0.9555048467622062,-0.0207568529499055,0.1841469660674412,-0.7640925743492535
0.9556202971619512,-0.0212308936142374,0.1874055530493632,-0.761547256130227
0.9557386221445162,-0.0217068093761858,0.1906218178325918,-0.7589601725178297
0.9558598349443044,-0.0221845929707003,0.1937947215654512,-0.7563323625723106
0.9559839475897765,-0.0226642348970996,0.196923245839039,-0.7536649051608827
0.9561109701492796,-0.0231457208378331,0.2000063785863122,-0.7509589327151232
0.9562409116031226,-0.0236290353552657,0.2030431408750369,-0.7482156099060389
0.9563737796572334,-0.0241141613518435,0.2060325851399927,-0.7454361353225528
0.956509580534588,-0.0246010795068957,0.2089737935978579,-0.7426217433719615
0.95664831931228,-0.0250897696749579,0.2118658884925087,-0.7397736947703466
0.9567899990207178,-0.0255802078890425,0.2147080160342629,-0.7368932924644367
0.956934622161406,-0.026072371824308,0.2174993799344314,-0.733981848026058
0.9570821891325793,-0.026566235455163,0.2202392115160411,-0.7310407111864566
0.9572326995189404,-0.0270617735811984,0.2229267966117768,-0.728071241268279
0.9573861514473324,-0.0275589597027285,0.225561464165499,-0.7250748177640176
0.9575425421610642,-0.0280577679487517,0.2281425970347087,-0.7220528267326555
0.9577018677103856,-0.0285581720714278,0.230669626620194,-0.719006664737348
0.9578641233028884,-0.0290601465550806,0.2331420384306193,-0.7159377300269278
0.958029303174126,-0.0295636661740295,0.2355593693708585,-0.7128474231175194
0.9581974008079864,-0.0300687066303217,0.2379212102505185,-0.7097371408260619
0.9583684088742878,-0.0305752443045523,0.2402272037459663,-0.7066082757713732
0.9585423201567524,-0.031083258899529,0.2424770550979731,-0.7034621980374659
0.95871912643782,-0.0315927300220292,0.2446705150523152,-0.700300274371405
0.9588988195236304,-0.032103640081898,0.2468073912977267,-0.6971238484450243
0.95908139068753,-0.0326159725556354,0.2488875391717887,-0.693934249910677
0.9592668314085314,-0.0331297139487236,0.2509108679349815,-0.690732780602221
0.9594551333259764,-0.0336448534810595,0.2528773370208757,-0.6875207149960163
0.9596462877793184,-0.0341613816838841,0.2547869485336914,-0.6842993076191278
0.9598402866844098,-0.0346792926463623,0.2566397535740054,-0.6810697778311989
0.9600371219678429,-0.0351985823236567,0.258435843556412,-0.6778333192972428
0.9602367861020736,-0.0357192498194159,0.2601753524941412,-0.6745910910504413
0.9604392717662682,-0.0362412963424228,0.2618584510217272,-0.671344223184949
0.9606445722916463,-0.0367647262250944,0.2634853474522931,-0.6680938098352499
0.96085268133397,-0.0372895459401238,0.2650562822716776,-0.6648409147370227
0.9610635931649352,-0.0378157647195474,0.266571527859895,-0.6615865669389223
0.9612773027638704,-0.0383433946477139,0.2680313863952563,-0.6583317599186834
0.9614938055440976,-0.0388724498642124,0.2694361854232598,-0.6550774562909719
0.9617130974952388,-0.0394029468196247,0.2707862766193977,-0.6518245860854732
0.961935175395864,-0.0399349046869973,0.2720820347935344,-0.6485740441945633
0.96216003642435,-0.0404683443323983,0.2733238533975499,-0.6453266967218998
0.9623876786099194,-0.0410032893124762,0.2745121451394894,-0.642083375003533
0.9626181003694072,-0.0415397647010067,0.2756473375301434,-0.6388448829299596
0.96285130087814,-0.042077797898585,0.2767298731064,-0.6356119922614717
0.9630872798417636,-0.0426174180383241,0.2777602065897834,-0.6323854465142112
0.9633260375762092,-0.0431586561214985,0.2787388037448037,-0.6291659604680319
0.9635675749051196,-0.0437015447406961,0.2796661395194387,-0.6259542221824367
0.963811893174352,-0.0442461180796937,0.280542696830922,-0.6227508933792627
0.9640589943251702,-0.0447924120453369,0.2813689655907294,-0.6195566090935675
0.9643088806735156,-0.0453404637538798,0.282145440816665,-0.6163719811273972
0.9645615550605444,-0.0458903118489455,0.2828726221437806,-0.6131975966344182
0.9648170207793708,-0.0464419963258551,0.2835510126137316,-0.6100340196221316
0.96507528150414,-0.0469955583714904,0.2841811176220128,-0.6068817923478216
0.9653363411972884,-0.0475510401673412,0.2847634439553195,-0.6037414369009038
0.9656002043390344,-0.048108485381521,0.2852984996013582,-0.6006134528977808
0.965866875649741,-0.0486679385821357,0.2857867924416801,-0.597498321297115
0.9661363601164372,-0.0492294453087665,0.2862288297765589,-0.5943965044520284
0.966408663066562,-0.049793052240372,0.2866251179076476,-0.5913084456599724
0.9666837899636244,-0.0503588067886767,0.2869761613357906,-0.5882345718712146
0.9669617465491344,-0.0509267574144137,0.2872824625497094,-0.5851752924102988
0.967242538778566,-0.0514969535165557,0.2875445215094934,-0.5821310000561832
0.967526172759676,-0.0520694453323582,0.2877628352156635,-0.5791020720339496
0.9678126546533806,-0.0526442837678989,0.2879378973324962,-0.576088871337931
0.9681019907547744,-0.0532215205945059,0.2880701979817082,-0.5730917461097895
0.9683941874204278,-0.0538012083360236,0.2881602234329407,-0.5701110306519674
0.9686892510568345,-0.0543834002818443,0.2882084558719783,-0.567147045764522
0.9689871881568808,-0.0549681505951449,0.2882153731813424,-0.5642000986019972
0.9692880051879784,-0.0555555141305484,0.2881814487224949,-0.5612704839987472
0.9695917099809188,-0.0561455491674295,0.2881071507479102,-0.5583584714168618
0.9698983091955448,-0.056738312499367,0.2879929424705694,-0.5554643298735835
0.9702078089736632,-0.0573338607857025,0.2878392822940431,-0.5525883212270051
0.9705202157508988,-0.0579322521679196,0.2876466234050765,-0.5497306926176256
0.9708355354242556,-0.0585335447149382,0.2874154140801879,-0.546891684307439
0.9711537739742544,-0.0591377976667627,0.2871460972549901,-0.544071524020394
0.9714749370824424,-0.0597450707519571,0.2868391106797973,-0.5412704305095719
0.9717990302660042,-0.0603554244955235,0.2864948867467682,-0.5384886124038921
0.9721260588743303,-0.0609689202623173,0.2861138523918368,-0.5357262683288786
0.9724560279251386,-0.0615856200017923,0.285696429205561,-0.5329835883514074
0.9727889422288506,-0.062205586535677,0.2852430332278757,-0.530260752959429
0.9731248062496044,-0.0628288833530511,0.2847540750589382,-0.5275579342488521
0.973463624112672,-0.0634555746814844,0.2842299598074375,-0.5248752958570924
0.9738053995024372,-0.0640857253566732,0.2836710872091116,-0.5222129937549718
0.9741501358955718,-0.0647194013110584,0.2830778511974462,-0.5195711744205568
0.9744978363536544,-0.0653566692489461,0.2824506401607596,-0.5169499764890074
0.9748485035249682,-0.0659975967107723,0.2817898368932493,-0.5143495307144632
0.975202139399428,-0.0666422516883467,0.2810958190295557,-0.5117699617265195
0.9755587457162468,-0.0672907034327269,0.2803689582255399,-0.5092113849742561
0.9759183237369912,-0.0679430221018102,0.279609620508553,-0.5066739084106651
0.9762808739004684,-0.0685992782011059,0.278818166983337,-0.5041576348351794
0.9766463963431408,-0.06925954359474,0.2779949526912391,-0.5016626581488115
0.9770148905055828,-0.0699238908593669,0.2771403273937755,-0.4991890660590628
0.9773863553646976,-0.0705923937724088,0.2762546349932452,-0.4967369384293506
0.9777607890829648,-0.071265126750207,0.2753382142979275,-0.4943063495441384
0.978138189102242,-0.0719421650900715,0.2743913987794584,-0.4918973673391995
0.9785185523758854,-0.0726235854589954,0.2734145159226401,-0.4895100518436392
0.9789018749671056,-0.0733094652470088,0.2724078881662859,-0.4871444576556865
0.9792881522131806,-0.0739998829377323,0.2713718324385543,-0.4848006327706337
0.979677378642952,-0.0746949180376161,0.2703066603062545,-0.4824786189811025
0.9800695480198086,-0.0753946512310478,0.2692126777864829,-0.4801784515070172
0.9804646529930232,-0.0760991638383261,0.2680901862562069,-0.47790016090028
0.9808626858213476,-0.0768085391874949,0.2669394803288074,-0.4756437687290034
0.9812636373334188,-0.0775228608436432,0.2657608507309232,-0.4734092934334792
0.9816674975538908,-0.0782422138100984,0.2645545824547356,-0.4711967465489003
0.9820742554266044,-0.0789666841210958,0.2633209554773165,-0.4690061341177632
0.9824838990503404,-0.079696359349483,0.2620602439558485,-0.4668374552682078
0.982896415174014,-0.0804313277970801,0.2607727176759949,-0.4646907047522945
0.9833117896273422,-0.081171679353012,0.2594586406394853,-0.4625658704806011
0.9837300071159336,-0.0819175052220071,0.258118271579503,-0.4604629344658033
0.9841510508043504,-0.0826688972754155,0.2567518652081795,-0.4583818747079008
0.9845749028996345,-0.0834259491882481,0.2553596702438391,-0.4563226620622862
0.985001544278232,-0.0841887558726748,0.2539419304848896,-0.4542852619435137
0.9854309542882916,-0.0849574132243105,0.2524988853653578,-0.4522696350379818
0.9858631110279664,-0.0857320187217152,0.2510307689142874,-0.450275735757985
0.9862979912768012,-0.0865126714092163,0.2495378098376579,-0.4483035124021443
0.986735570174075,-0.0872994714264561,0.2480202324849318,-0.4463529084122928
0.9871758211178198,-0.0880925199326726,0.246478257092402,-0.4444238625366105
0.987618716294264,-0.0888919201701507,0.2449120977917262,-0.4425163062718505
0.9880642259368084,-0.0896977762421023,0.243321965054087,-0.440630166886288
0.988512318848444,-0.0905101941697089,0.2417080636960693,-0.4387653649178913
0.9889629618576108,-0.0913292810247835,0.240070594661842,-0.4369218162375092
0.9894161201117722,-0.0921551455797972,0.2384097538115156,-0.4350994305555196
0.9898717567591488,-0.0929878978501638,0.2367257329099434,-0.43329811246347
0.9903298332336624,-0.0938276497378015,0.2350187184025018,-0.431517760035903
0.9907903087285572,-0.0946745141939485,0.2332888931838534,-0.4297582666332772
0.9912531404327888,-0.0955286057772152,0.2315364355467121,-0.4280195196722489
0.9917182834794384,-0.0963900406901341,0.2297615191754461,-0.4263014005578956
0.99218569090684,-0.0972589368421682,0.2279643130841327,-0.4246037845642833
0.9926553132784612,-0.0981354132780528,0.2261449828725279,-0.4229265419225788
0.993127099008986,-0.0990195909199983,0.2243036892651558,-0.4212695363281758
0.993600993956939,-0.0999115919466413,0.2224405894714662,-0.4196326260910458
0.9940769416384424,-0.1008115403344032,0.2205558361305889,-0.4180156630669731
0.9945548830655102,-0.1017195617004102,0.2186495777051525,-0.416418492921057
0.9950347564295589,-0.1026357828466494,0.2167219595092805,-0.4148409558558432
0.9955164974569578,-0.1035603325847171,0.2147731220446063,-0.4132828850974291
0.9960000389323612,-0.1044933409781234,0.2128032026596671,-0.4117441081363029
0.9964853108448816,-0.1054349397734792,0.2108123347083668,-0.4102244459001049
0.9969722403899578,-0.1063852625653174,0.2088006472628262,-0.4087237124279603
0.997460751528623,-0.1073444440972549,0.2067682666543125,-0.407241715890835
0.9979507651917388,-0.1083126208172029,0.2047153153599339,-0.4057782575892559
0.9984421992847122,-0.1092899310570396,0.2026419116784527,-0.4043331316068628
0.998934968078492,-0.1102765139888065,0.2005481720012116,-0.4029061262417783
0.9994289828845848,-0.1112725111369699,0.1984342076580841,-0.4014970216570446
0.9999241513048814,-0.1122780650522931,0.1963001277833642,-0.4001055916955832
1.0004203773934797,-0.1132933198022552,0.1941460383246505,-0.3987316030122088
1.000917561648545,-0.1143184211331198,0.1919720417458085,-0.3973748147223652
1.0014156008693529,-0.1153535163604033,0.18977823730431,-0.3960349784223844
1.0019143879542705,-0.1163987541319322,0.187564721595388,-0.3947118383451263
1.00241381187429,-0.1174542845533415,0.1853315883243585,-0.3934051310282355
1.0029137574516982,-0.1185202589045552,0.1830789289412293,-0.3921145854902926
1.0034141056867512,-0.1195968305271605,0.1808068307981806,-0.3908399219879161
1.00391473298311,-0.1206841533608264,0.1785153802708095,-0.3895808536016009
1.004415511848053,-0.1217823836475499,0.1762046591889957,-0.3883370840441435
1.0049163098394327,-0.1228916778366039,0.1738747492730503,-0.3871083098867366
1.0054169900246657,-0.1240121937645877,0.1715257296603338,-0.3858942189640966
1.0059174112426634,-0.1251440914631085,0.169157675233627,-0.3846944893431314
1.006417427033968,-0.1262875309611679,0.1667706612364919,-0.3835087914813433
1.0069168865152307,-0.1274426744643314,0.1643647587195831,-0.3823367856915994
1.007415633758453,-0.1286096851689919,0.1619400370297863,-0.3811781232021657
1.007913507249122,-0.1297887261840965,0.1594965660393988,-0.3800324469549463
1.0084103407570717,-0.1309799627828264,0.1570344114623603,-0.3788993891393225
1.0089059623254162,-0.1321835602303292,0.1545536393485251,-0.3777785730776964
1.0094001950335143,-0.133399685838842,0.1520543118248804,-0.3766696110371982
1.0098928560508014,-0.1346285069022976,0.149536491338591,-0.3755721059197341
1.0103837569778686,-0.1358701917417187,0.147000238476872,-0.3744856500261335
1.0108727033618652,-0.1371249087107771,0.1444456139702299,-0.3734098256677668
1.011359495169506,-0.1383928276302114,0.1418726757329921,-0.3723442036552921
1.0118439260587733,-0.1396741181586859,0.1392814821452423,-0.3712883444321384
1.01232578370582,-0.1409689508733042,0.1366720898140344,-0.3702417968800391
1.0128048495321944,-0.1422774968113548,0.1340445544628995,-0.3692040984368401
1.0132808982024135,-0.1435999263304826,0.1313989331613036,-0.3681747756969145
1.0137536982408202,-0.1449364110476181,0.1287352803764989,-0.3671533425849323
1.0142230112062096,-0.1462871218086963,0.1260536519772665,-0.3661393016460528
1.014688592041977,-0.1476522299198401,0.1233541027060849,-0.3651321427871332
1.0151501887572874,-0.1490319065122455,0.1206366873764028,-0.3641313434574993
1.0156075422381496,-0.1504263222431793,0.1179014613814285,-0.3631363685438199
1.0160603861711364,-0.1518356473259879,0.1151484805464865,-0.3621466700162828
1.0165084470029535,-0.15326005169225,0.1123778007259916,-0.3611616864875792
1.0169514438523015,-0.1546997050340963,0.1095894776403046,-0.3601808428627228
1.017389088171008,-0.156154776026714,0.1067835682929484,-0.3592035505355669
1.0178210835055923,-0.1576254318032242,0.1039601318656797,-0.3582292073737039
1.0182471258695154,-0.1591118395261154,0.1011192265890869,-0.3572571963153134
1.018666903062691,-0.1606141644081601,0.0982609134356214,-0.356286886322173
1.0190800950051706,-0.1621325712157759,0.0953852531313066,-0.3553176310248513
1.0194863733228134,-0.1636672231857969,0.0924923081127642,-0.3543487690560561
1.0198854010020444,-0.1652182810555842,0.089582144217504,-0.3533796242622397
1.0202768328070686,-0.1667859050454097,0.086654826825117,-0.3524095040589476
1.0206603147077151,-0.1683702531018325,0.0837104240393003,-0.3514377001331499
1.0210354837780005,-0.1699714808739793,0.0807490065820958,-0.3504634880293745
1.0214019682099509,-0.1715897422435784,0.0777706466736473,-0.3494861263968042
1.0217593870394943,-0.1732251886773804,0.0747754190960707,-0.348504856945189
1.0221073500547897,-0.1748779693673086,0.071763400794697,-0.3475189039056618
1.022445457421377,-0.1765482300361535,0.0687346729054423,-0.3465274742724122
1.0227732998780217,-0.1782361145020384,0.0656893177572307,-0.3455297563849857
1.0230904583982756,-0.1799417638015056,0.0626274203367194,-0.3445249199533073
1.0233965037345196,-0.1816653144687193,0.0595490712144534,-0.3435121165470368
1.023690996647488,-0.1834069005341268,0.0564543627907991,-0.3424904778750109
1.0239734875861015,-0.1851666527579117,0.0533433905334414,-0.341459115676102
1.0242435164018842,-0.1869446979523868,0.0502162540238687,-0.3404171215282339
1.0245006121760298,-0.1887411589951903,0.0470730567685314,-0.3393635662257684
1.0247442931105233,-0.1905561554916748,0.0439139048912273,-0.3382974987468433
1.0249740660715485,-0.1923898020304538,0.0407389100259352,-0.3372179466005822
1.025189426526636,-0.194242209325117,0.03754818716465,-0.3361239144463495
1.0253898581455403,-0.1961134829165213,0.0343418567444734,-0.3350143841103508
1.0255748325926426,-0.1980037234415607,0.0311200440102857,-0.3338883136421271
1.0257438094005789,-0.1999130283754055,0.0278828759094444,-0.3327446354355747
1.0258962353151808,-0.2018414883964407,0.0246304871341596,-0.3315822575078873
1.026031544279633,-0.2037891909344363,0.021363013959674,-0.3304000604280804
1.0261491567404388,-0.2057562157253327,0.0180806015851017,-0.3291968989973202
1.0262484794993056,-0.2077426375545022,0.0147833993473128,-0.3279715995344831
1.0263289053088898,-0.2097485274125279,0.0114715587049646,-0.3267229579962042
1.0263898122395274,-0.2117739490742339,0.0081452387895111,-0.325449740854654
1.026430563274321,-0.2138189603590255,0.0048046041598123,-0.3241506830183518
1.026450505773628,-0.2158836134913612,0.0014498240919378,-0.3228244861855838
1.0264489708548938,-0.2179679565972028,-0.0019189299328676,-0.3214698163245243
1.0264252701583862,-0.2200721836032275,-0.0053017245931114,-0.3200852026747907
1.026378637947838,-0.2221984302328607,-0.0087017226153293,-0.3186678239969135
1.0263082756964916,-0.2243468035921751,-0.0121188019111749,-0.3172161162284425
1.026213359394707,-0.2265174183436158,-0.0155528548290168,-0.3157284537191702
1.0260930384973046,-0.2287103815921954,-0.019003763988308,-0.3142031561789923
1.025946434375116,-0.2309257968991357,-0.0224714087288794,-0.3126384826365994
1.0257726388586563,-0.2331637622996713,-0.0259556620367562,-0.3110326291776588
1.0255707128210114,-0.2354243677525663,-0.029456386680379,-0.3093837268982294
1.025339684113896,-0.2377076987844569,-0.0329734409776771,-0.3076898350488143
1.025078545619595,-0.2400138354541063,-0.0365066772192244,-0.3059489370616942
1.0247862530758576,-0.242342852040324,-0.0400559412308824,-0.3041589356325294
1.0244617223011871,-0.2446948194581147,-0.0436210760644115,-0.302317645155327
1.0241038269588634,-0.2470698014335993,-0.0472019161745367,-0.3004227883839845
1.0237113952220769,-0.2494678571587115,-0.0507982914617273,-0.2984719874601731
1.023283205980288,-0.2518890435534194,-0.0544100305919372,-0.2964627542814307
1.0228179853092163,-0.2543334133755868,-0.0580369580539187,-0.2943924833372801
1.02231440170995,-0.2568010178780554,-0.0616788979909121,-0.2922584397896988
1.0217710607540715,-0.2592919089741759,-0.0653356771789223,-0.2900577465881789
1.0211865001354792,-0.2618061365941593,-0.069007120893376,-0.2877873744272446
1.0205591811977208,-0.2643437582611534,-0.0726930665962583,-0.2854441191186199
1.019887483299744,-0.2669048322030297,-0.0763933534519548,-0.2830245917571973
1.019169692853475,-0.2694894282481098,-0.0801078376517269,-0.2805251903377976
1.0184039930993232,-0.2720976295002897,-0.0838363940948298,-0.2779420767479778
1.0175884526623102,-0.2747295334692366,-0.0875789172292244,-0.2752711512057392
1.016721010219046,-0.2773852601537636,-0.091335331661889,-0.2725080158239307
1.0157994562853188,-0.2800649610549084,-0.095105603726905,-0.2696479318644552
1.014821413800761,-0.2827688232013411,-0.0988897457139637,-0.2666857761201276
1.013784313709388,-0.2854970783385337,-0.1026878271219157,-0.263615984731001
1.0126853655824972,-0.2882500141192614,-0.1064999883134288,-0.2604324857098614
1.0115215217665328,-0.2910279884131043,-0.1103264580189121,-0.2571286165839693
1.010289438693992,-0.2938314354604311,-0.1141675591431652,-0.2536970380851695
1.0089854287861102,-0.296660877701442,-0.1180237221125127,-0.2501296253218865
1.007605404381346,-0.2995169355652686,-0.1218954950694308,-0.2464173415722866
1.006144827326974,-0.302400305673027,-0.1257835113194964,-0.2425501308313276
1.0045986598692531,-0.3053117209600313,-0.1296884337298457,-0.2385168141312767
1.0029613445936238,-0.30825184559101,-0.1336108143344713,-0.2343050586657291
1.0012268679255962,-0.3112210304651353,-0.1375507742761154,-0.2299015492871791
0.9993890134163604,-0.3142188045851828,-0.1415073469336025,-0.2252926098400268
0.997442001754436,-0.3172428992106735,-0.1454772315075009,-0.220465727127699
0.9953818678899342,-0.3202874858788023,-0.149452564634632,-0.2154127757155425
0.9932089350447344,-0.3233404755677433,-0.1534175494754052,-0.2101357212592213
0.990931061935147,-0.3263807685677914,-0.1573451290965315,-0.2046539240977277
0.9885655410273042,-0.3293783072253534,-0.1611973495760327,-0.199008002561718
0.9861361919625088,-0.332300178907444,-0.1649334046785436,-0.1932523938149737
0.9836661883835798,-0.3351200053734418,-0.1685215788097882,-0.1874384293615668
0.9811724731974556,-0.3378229456491305,-0.1719452918135443,-0.181601804136347
0.9786650296126432,-0.3404041409891801,-0.1752007515342949,-0.175761599150448
0.9761489258804849,-0.3428646484000654,-0.1782915615180475,-0.1699255443191311
0.9736264874963112,-0.3452081738732579,-0.1812244920112002,-0.1640952898031645
0.9710987147021888,-0.3474392393448758,-0.1840071492192711,-0.158269749269291
0.9685660507428911,-0.3495623315260021,-0.1866469185620247,-0.1524468623653142
0.9660287594421828,-0.3515815697489015,-0.1891505714868249,-0.1466244291418458
0.9634871007896126,-0.3535006127180815,-0.1915241725653691,-0.1408004750844571
0.96094139822771,-0.3553226727087898,-0.1937731180712905,-0.1349733709388748
0.9583920623121984,-0.3570505632356382,-0.1959022127376516,-0.1291418581199721
0.9558395904107077,-0.3586867573211386,-0.1979157563471854,-0.1233050247023664
0.9532845546068854,-0.3602334446527705,-0.1998176260897136,-0.1174622590915107
0.9507275939431236,-0.3616925774041693,-0.2016113426254755,-0.1116132173678127
0.948169393488393,-0.3630659162629749,-0.2033001345336973,-0.1057577634435417
0.9456106789991184,-0.3643550606777824,-0.2048869818916869,-0.0998959471646753
0.9430522004158706,-0.36556148002941,-0.2063746598503981,-0.0940279586274597
0.9404947238831102,-0.3666865355344822,-0.2077657699310444,-0.0881541033411522
0.9379390227724694,-0.3677314990882847,-0.2090627668713537,-0.0822747761456075
0.9353858734812512,-0.3686975671473469,-0.2102679788139351,-0.0763904469101691
0.9328360452880398,-0.3695858745625096,-0.2113836270440507,-0.070501633172257
0.9302902989068644,-0.3703975029214894,-0.2124118386016886,-0.0646088932711952
0.9277493818977248,-0.3711334886633811,-0.2133546583582782,-0.0587128126400585
0.9252140259966088,-0.3717948292166235,-0.2142140584331002,-0.0528139948306869
0.9226849450970136,-0.3723824879464126,-0.214991945957757,-0.0469130543029309
0.9201628335038748,-0.3728973982055891,-0.2156901695865566,-0.0410106100533337
0.9176483609945012,-0.3733404671786652,-0.2163105257400973,-0.0351072718931021
0.9151421777694736,-0.3737125771996461,-0.216854761382088,-0.0292036500197777
0.91264490930785,-0.3740145886485575,-0.2173245789177632,-0.0233003410716057
0.9101571583121376,-0.3742473411404171,-0.2177216387187809,-0.017397930906802
0.90767950569855,-0.3744116548249773,-0.2180475617036107,-0.0114969953082532
0.9052125064302328,-0.3745083317428131,-0.2183039321921442,-0.0055980884789943
0.9027566943008972,-0.374538156301417,-0.2184922991955215,0.0002982470985862
0.9003125788732594,-0.3745018961076736,-0.2186141784899427,0.0061914894199006
0.8978784957339044,-0.374400183495412,-0.2186710759153931,0.0120863563546375
0.8954533100078829,-0.3742334482495297,-0.2186642514365245,0.0179863349286527
0.8930376830690587,-0.374002129933734,-0.2185948499207406,0.0238905555312495
0.8906322613748446,-0.3737066758363506,-0.2184640161394337,0.0297981496283217
0.8882376833344494,-0.37334754250113,-0.2182728958602066,0.0357082327367825
0.8858545764030265,-0.3729251964914888,-0.2180226367553492,0.041619911157612
0.8834835499718129,-0.3724401137483554,-0.2177143881923959,0.0475322993866565
0.8811252040663837,-0.3718927816489649,-0.2173493025434553,0.0534444983226668
0.8787801181979823,-0.3712836970594551,-0.2169285339244582,0.0593556229169631
0.8764488583084648,-0.3706133679764856,-0.2164532391477421,0.0652647847405624
0.874131970299048,-0.3698823118896516,-0.2159245764243521,0.0711711082608249
0.8718299849288093,-0.3690910571062356,-0.2153437060865289,0.0770737184473931
0.8695434124519938,-0.36824014092066,-0.2147117890199289,0.0829717544950066
0.8672727463781312,-0.3673301106331742,-0.2140299871320027,0.0888643603075673
0.8650184611257569,-0.3663615224772952,-0.2132994622699359,0.0947506906422021
0.8627810108309198,-0.3653349406606873,-0.2125213751801562,0.1006299144567254
0.8605608307640078,-0.3642509374745666,-0.2116968852615711,0.1065012114885967
0.8583583330368698,-0.3631100905738053,-0.2108271481605231,0.1123637839731566
0.8561739148041464,-0.3619129864785033,-0.2099133180974211,0.1182168352664988
0.8540079486542527,-0.3606602149426623,-0.2089565432324035,0.1240595958397081
0.8518607895164875,-0.3593523718340549,-0.2079579675179863,0.1298913053538769
0.8497327700118684,-0.3579900556521992,-0.2069187277017733,0.1357112257383201
0.8476242012448624,-0.356573866859072,-0.2058399524861179,0.141518639813598
0.845535379377133,-0.3551044114461886,-0.2047227649174997,0.1473128337945815
0.8434665764113107,-0.3535822938299913,-0.2035682766538862,0.1530931233404772
0.8414180437153131,-0.3520081178872923,-0.2023775884587203,0.1588588447924439
0.8393900150450685,-0.3503824881796091,-0.2011517908323494,0.1646093474845026
0.8373827040430014,-0.3487060069939246,-0.1998919614870069,0.1703440015797607
0.8353963056803679,-0.3469792742901579,-0.1985991650394319,0.1760621948993014
0.8334309943598738,-0.3452028847744944,-0.1972744505664169,0.1817633393610543
0.8314869270847302,-0.3433774293228154,-0.195918852438366,0.1874468628813275
0.8295642434478762,-0.3415034938139135,-0.1945333892161954,0.1931122103286628
0.8276630628494951,-0.3395816550093509,-0.1931190604013303,0.198758852815577
0.825783489838987,-0.3376124843717136,-0.1916768490718428,0.2043862730446606
0.8239256112320811,-0.3355965438729101,-0.1902077186141968,0.2099939748899901
0.8220894968061553,-0.333534385129183,-0.1887126119505719,0.2155814825414855
0.8202752007479003,-0.3314265494550332,-0.1871924514465941,0.2211483373113109
0.8184827631682919,-0.3292735682090887,-0.1856481390253042,0.2266940940912473
0.8167122044478764,-0.3270759543333166,-0.1840805500056035,0.2322183401138645
0.8149635341010537,-0.3248342112875859,-0.1824905394455468,0.2377206688119574
0.8132367470254551,-0.322548827056582,-0.1808789377701733,0.2432006925497961
0.8115318242696853,-0.3202202733592001,-0.179246550178154,0.2486580415058371
0.809848732842031,-0.3178490035283042,-0.1775941551406716,0.2540923656191108
0.8081874267596084,-0.3154354520095132,-0.1759225040672853,0.2595033325907433
0.8065478483641547,-0.3129800343758417,-0.174232321333313,0.2648906249073107
0.8049299287546797,-0.3104831461500237,-0.1725243034871075,0.2702539396521721
0.803333584943657,-0.3079451562945268,-0.1707991148666453,0.2755929993196031
0.8017587261690126,-0.3053664149205425,-0.1690573929493767,0.2809075321810642
0.8002052483952116,-0.3027472424194956,-0.1672997410650153,0.2861972919805996
0.7986730391426574,-0.3000879349764213,-0.1655267322665058,0.2914620430609229
0.7971619763717003,-0.2973887605417163,-0.1637389067446555,0.2967015653743273
0.7956719274882058,-0.2946499544872351,-0.1619367691258841,0.3019156593414371
0.7942027506691574,-0.2918717191649397,-0.1601207884088,0.3071041427421632
0.7927542959938695,-0.2890542232518238,-0.1582913977543462,0.3122668481181823
0.7913264061125734,-0.2861976002723369,-0.1564489937420674,0.3174036216907442
0.7899189164941413,-0.2833019462069348,-0.1545939350563192,0.322514323741622
0.7885316524547373,-0.2803673100058284,-0.1527265367069259,0.3275988408570641
0.7871644357074274,-0.2773937037258911,-0.1508470768227779,0.3326570634601516
0.7858170789826802,-0.2743810876551641,-0.1489557874998442,0.3376889068022207
0.7844893892246584,-0.2713293730959717,-0.147052856962286,0.3426943006571256
0.7831811683602113,-0.2682384201357287,-0.1451384285124572,0.3476731876795499
0.7818922143367665,-0.2651080359778719,-0.1432125998296352,0.3526255206098796
0.7806223178419857,-0.2619379623360365,-0.141275415593444,0.3575512761274435
0.7793712691293404,-0.258727887273742,-0.1393268751425455,0.3624504297168543
0.7781388523302392,-0.2554774259453919,-0.1373669210849343,0.3673229787605658
0.7769248508378501,-0.2521861287537842,-0.1353954446630691,0.3721689225491367
0.7757290476143217,-0.24885347693066,-0.1334122833777477,0.3769882616563318
0.7745512265888995,-0.2454788808121453,-0.1314172202120431,0.3817809928032484
0.7733911742226748,-0.2420616786056669,-0.1294099830828989,0.3865471027221607
0.7722486815198267,-0.2386011365880365,-0.1273902450463689,0.391286559794064
0.7711235500988393,-0.2350964624099178,-0.1253576319628571,0.3959992881103276
0.7700155937449015,-0.2315468062127112,-0.1233117227563212,0.4006851592361216
0.7689246452480705,-0.2279512796596714,-0.1212520597732928,0.4053439608553678
0.7678505651886849,-0.2243089849984553,-0.1191781643389371,0.4099753552044536
0.7667932518434539,-0.2206190530180943,-0.117089556668243,0.4145788302769422
0.7657526521707503,-0.2168806912213488,-0.1149857807301175,0.4191536435753067
0.7647287806731912,-0.2130932694231773,-0.1128664491082504,0.4236987276839162
0.7637217410592221,-0.2092564305077212,-0.1107313003726243,0.4282125780688497
0.7627317510464829,-0.2053702321440664,-0.1085802718629084,0.4326931205691691
0.7617591733823914,-0.2014353376048728,-0.1064135975387913,0.4371375433852478
0.7608045463189017,-0.197453236271026,-0.1042319197685543,0.4415421229258513
0.759868613893657,-0.1934264998344647,-0.1020364183741982,0.4459020420372046
0.7589523433229745,-0.1893590223979772,-0.0998289289944692,0.4502112608249064
0.7580569192963375,-0.1852561900398032,-0.0976120225655742,0.4544624931970911
0.7571837041680042,-0.1811249073282501,-0.0953890089495562,0.4586473500137374
0.7563341546591275,-0.1769733981051742,-0.0931638232098315,0.4627567059684684
0.7555097013328018,-0.1728107588268511,-0.0909407861324296,0.4667812737840382
0.7547116100854471,-0.1686463109944711,-0.0887242660676917,0.4707123022158589
0.7539408594120167,-0.1644888980441846,-0.086518319718099,0.4745422341170433
0.7531980613158772,-0.1603462843325076,-0.084326393345893,0.4782651777203261
0.7524834392708203,-0.1562247742187051,-0.0821511431533745,0.4818771077750462
0.7517968587341082,-0.1521290899678792,-0.0799943914023245,0.4853758007875733
0.7511378909197,-0.148062457871815,-0.077857188748456,0.4887605875362125
0.7505058882329272,-0.1440268144080877,-0.0757399351203329,0.4920320255822356
0.7499000577042508,-0.14002306629418,-0.0736425244032283,0.4951915607615012
0.7493195225584608,-0.1360513426294605,-0.0715644812140655,0.4982412313080523
0.7487633703985973,-0.1321112188394308,-0.0695050801137422,0.5011834270089314
0.7482306861017946,-0.1282018844200618,-0.067463433525864,0.5040207180699494
0.747720575920776,-0.1243222848868024,-0.0654385649952593,0.5067557234395141
0.7472321810124862,-0.1204712130604247,-0.0634294553106918,0.5093910309780745
0.7467646858361012,-0.1166473787172704,-0.0614350770136794,0.5119291427804413
0.7463173242796778,-0.1128494737990976,-0.0594544264727729,0.5143724314382806
0.745889378588631,-0.1090761865250657,-0.057486529327459,0.5167231350732814
0.7454801805945404,-0.1053262380336597,-0.0555304577766866,0.5189833401967775
0.7450891089775277,-0.1015983870163889,-0.05358533129908,0.5211549868239761
0.7447155874318655,-0.0978914420301589,-0.051650321513193,0.5232398694231656
0.7443590824038205,-0.0942042699309575,-0.0497246551515677,0.5252396409798541
0.7440190999907392,-0.0905357947924119,-0.047807612194695,0.5271558225599796
0.7436951829748226,-0.0868849956635092,-0.0458985235053053,0.5289898129703817
0.7433869087621338,-0.0832509123553196,-0.043996772756916,0.5307428940573689
0.7430938863577927,-0.0796326386058488,-0.0421017918471285,0.5324162421465691
0.7428157538889288,-0.0760293184153636,-0.0402130580282572,0.5340109370646697
0.7425521768819326,-0.0724401498989835,-0.0383300950324525,0.5355279674216715
0.74230284562199,-0.0688643751266279,-0.0364524668945376,0.5369682416826496
0.7420674736463809,-0.0653012824438298,-0.0345797783468375,0.5383325932186196
0.7418457958419566,-0.0617502015520887,-0.0327116714388523,0.5396217880546619
0.741637566572242,-0.0582104957495784,-0.0308478206677362,0.5408365328561789
0.741442558928978,-0.0546815706917474,-0.0289879368109974,0.541977476703878
0.7412605624177879,-0.0511628542107609,-0.0271317555190915,0.543045222307688
0.7410913826856695,-0.047653809608504,-0.0252790435358826,0.5440403255636804
0.7409348397776571,-0.0441539200202338,-0.0234295896627313,0.5449633039515899
0.7407907675592901,-0.0406626927992401,-0.0215832062710346,0.5458146383050223
0.7406590128859165,-0.0371796582491005,-0.019739727829661,0.546594776237854
0.7405394345613384,-0.0337043599184157,-0.0178990049529329,0.5473041369848718
0.7404319028140043,-0.0302363545860168,-0.0160609035591986,0.5479431133260005
0.7403362988671542,-0.0267752146656874,-0.0142253053091149,0.5485120730669638
0.7402525141542983,-0.0233205157666345,-0.0123921001651001,0.5490113627381831
0.7401804502280344,-0.0198718458837225,-0.0105611904134723,0.5494413072652804
0.7401200182399464,-0.0164287976845314,-0.008732485720672,0.5498022122755483
0.7400711386849382,-0.0129909676787,-0.006905901836825,0.5500943649079224
0.7400337411599046,-0.0095579528047779,-0.0050813579292049,0.5503180346070476
0.7400077642330269,-0.006129350752019,-0.0032587759042994,0.5504734733210164
0.739993155333952,-0.0027047632157223,-0.0014380812978633,0.5505609156351713
0.7399896229272825,2.7546907897108008e-11,-3.796207705825117e-12,0.5505820619257323
