3.0417143729371
0.7902812988917747,-1.0381604392744763e-27,-1.6032705789600107e-14,0.4098422018970596
0.7902836953341844,0.0014421554502632,0.0013620524410875,0.4098310974134636
0.7903012472453971,0.0041607099874157,0.0039293585441811,0.409749772154855
0.7903358473062708,0.0068798041297046,0.0064964489013402,0.4095894850305048
0.790387531018284,0.0095999671451872,0.009063349303082,0.4093501289725055
0.7904563491703006,0.0123215589754907,0.011629925500375,0.4090315545489382
0.7905423681977247,0.0150449301566674,0.0141960342797089,0.4086335685098748
0.7906456700462255,0.0177704217696101,0.0167615234772179,0.4081559346894539
0.7907663518719028,0.0204983611782469,0.0193262280556169,0.407598375721117
0.7909045258575694,0.02322906224651,0.0218899704370511,0.4069605742677717
0.7910603187363016,0.0259628199431028,0.0244525556053819,0.4062421756502874
0.791233871395368,0.0286999087245621,0.0270137698217613,0.4054427901417308
0.7914253381734623,0.0314405771106329,0.0295733758425009,0.4045619967029065
0.7916348863386844,0.0341850467726083,0.0321311124426699,0.4035993459008462
0.7918626945865975,0.0369335003192156,0.0346866835028569,0.4025543673291588
0.7921089522582695,0.0396860817505358,0.0372397590508812,0.4014265736911039
0.7923738574780681,0.0424428856750549,0.0397899659867687,0.4002154697905946
0.792657615311592,0.0452039506429793,0.0423368828372984,0.3989205613379909
0.7929604354208992,0.0479692503707053,0.0448800327705456,0.3975413659285634
0.7932825285179903,0.0507386779584778,0.0474188704454786,0.3960774293118964
0.7936241036703815,0.0535120421205415,0.0499527802165699,0.3945283375365971
0.793985363004252,0.0562890453951283,0.0524810581609438,0.3928937406090549
0.7943664972959767,0.0590692755657506,0.0550029066351246,0.3911733716990695
0.7947676799637258,0.0618521892892816,0.0575174221387018,0.3893670731031585
0.7951890606331594,0.064637098205875,0.0600235859213482,0.3874748235271894
0.7956307578685097,0.0674231544828448,0.0625202545659664,0.3854967684294993
0.7960928520794915,0.0702093421557256,0.0650061562419565,0.3834332487956923
0.7965753772647289,0.0729944652316562,0.067479884466972,0.3812848342678621
0.7970783145984648,0.0757771499558423,0.0699399048103254,0.3790523471521888
0.7976015862382303,0.0785558490707979,0.0723845634251649,0.3767368846164693
0.798145050772439,0.0813288546916674,0.0748121030920036,0.3743398328389685
0.7987085003215101,0.0840943176277788,0.0772206845738273,0.3718628732178548
0.7992916621558797,0.0868502847223713,0.0796084230171611,0.3693079683128678
0.7998942013822691,0.0895947341493573,0.0819734215049647,0.3666773430732024
0.8005157269816578,0.0923256187394839,0.0843138103551574,0.3639734516198919
0.8011558020223067,0.0950409185830307,0.0866277928895688,0.3611989264626671
0.8018139531353686,0.0977386806123679,0.0889136784588695,0.3583565318763391
0.8024896833871491,0.1004170638601546,0.0911699188268896,0.3554491036833554
0.8031824837460825,0.1030743707054516,0.093395131260098,0.3524794964393291
0.8038918458021851,0.1057090765609776,0.0955881191420725,0.3494505265893146
0.8046172704289511,0.1083198392837348,0.0977478747454025,0.3463649343154628
0.8053582759283595,0.1109055045223416,0.0998735781989539,0.3432253486498962
0.8061144049282177,0.1134651053071159,0.1019645914546332,0.3400342588673696
0.8068852286265862,0.1159978524248232,0.1040204447006982,0.3367939978938428
0.8076703473932019,0.1185031142604815,0.1060408145343268,0.3335067415363236
0.8084693931353079,0.1209804047202077,0.1080255091789328,0.3301745005765265
0.8092820282259028,0.1234293622911168,0.1099744470353981,0.3267991274711297
0.8101079459761759,0.1258497363605201,0.1118876416194765,0.3233823166643258
0.8109468658405738,0.1282413603625297,0.113765176644378,0.3199256266796622
0.8117985344742646,0.1306041446942523,0.115607197353279,0.3164304778191596
0.812662720165513,0.1329380526600318,0.1174138890168021,0.312898177029928
0.8135392135898433,0.1352430961552585,0.1191854713680528,0.3093299165620239
0.8144278238697668,0.1375193198267398,0.1209221844500686,0.3057267917124723
0.8153283764951575,0.1397667919253753,0.1226242800718959,0.30208981069246
0.8162407112548953,0.1419855963298982,0.1242920144798253,0.298419904250174
0.8171646807142297,0.1441758268446552,0.1259256430184317,0.2947179329108242
0.8181001489856244,0.1463375828520096,0.1275254160129549,0.2909846928976334
0.8190469894485432,0.1484709631306564,0.1290915734860511,0.2872209260988059
0.8200050825721776,0.150576060691968,0.1306243408544651,0.2834273294050245
0.8209743161908499,0.1526529634844373,0.1321239290538053,0.2796045541817732
0.821954584030227,0.1547017513311116,0.1335905319732545,0.2757532126174663
0.8229457836299411,0.1567224920418973,0.1350243234395396,0.27187388628477
0.8239478171237276,0.1587152436711961,0.1364254586690162,0.2679671233860867
0.8249605890712374,0.160680050787859,0.1377940714992333,0.2640334474898503
0.8259840059475485,0.1626169443659831,0.1391302742703105,0.2600733596639309
0.8270179763362234,0.164525942982961,0.1404341586178198,0.2560873378501855
0.828062408499679,0.1664070491881512,0.1417057929848729,0.2520758463023593
0.8291172123542521,0.1682602540529235,0.1429452257482318,0.2480393279855942
0.8301822963988352,0.1700855325497214,0.144152482131859,0.2439782163419602
0.8312575690498247,0.1718828468901277,0.1453275665165145,0.2398929300840433
0.832342937579967,0.173652145560818,0.1464704618529153,0.2357838771477486
0.8334383069953897,0.175393362428283,0.1475811291799453,0.2316514587861741
0.8345435816143718,0.1771064201488804,0.1486595098986453,0.2274960634305051
0.8356586627057323,0.178791227236798,0.1497055239805464,0.2233180754069022
0.8367834479913109,0.1804476783057593,0.1507190702739659,0.2191178765179849
0.8379178334921442,0.1820756576505605,0.1517000288188623,0.2148958388767132
0.8390617117481499,0.1836750373301912,0.1526482597449937,0.2106523313034292
0.8402149708057852,0.1852456766029912,0.1535636030794048,0.206387722752934
0.8413774954302735,0.1867874244124644,0.1544458803433916,0.2021023774804743
0.8425491664301462,0.1883001191369096,0.1552948944933561,0.1977966572152789
0.8437298592326756,0.1897835874870312,0.1561104294335111,0.1934709260236817
0.844919445396188,0.1912376471695302,0.1568922516341788,0.1891255443634285
0.8461177915556084,0.1926621061695938,0.1576401098264679,0.18476087256837
0.8473247582155826,0.194056762013543,0.1583537347624633,0.1803772748142952
0.8485402002896131,0.1954214031407964,0.1590328401012604,0.1759751166937603
0.8497639676972738,0.1967558101721151,0.1596771231626529,0.1715547626126136
0.8509959039537538,0.198059754915588,0.1602862645527516,0.1671165804402246
0.8522358458279812,0.1993330006700847,0.1608599284864317,0.1626609422410573
0.8534836247980326,0.200575304300217,0.1613977638694672,0.1581882185516203
0.8547390632628863,0.201786413012041,0.161899403043437,0.1536987914585485
0.8560019782519291,0.2029660686675161,0.1623644638399327,0.1491930407631175
0.8572721790520096,0.2041140059639114,0.1627925489351139,0.1446713519545865
0.8585494673243207,0.2052299531378838,0.1631832463267051,0.1401341152302601
0.8598336366921163,0.2063136321626671,0.1635361296066837,0.1355817263925729
0.8611244733186143,0.2073647597650511,0.1638507584928268,0.1310145842254952
0.8624217535810244,0.2083830460595677,0.1641266786370161,0.1264330981359038
0.8637252469935267,0.2093681974382503,0.1643634226968322,0.1218376772142614
0.8650347127487523,0.2103199143617166,0.1645605099595414,0.1172287418399843
0.8663499018416106,0.2112378935261342,0.1647174471509985,0.1126067155605353
0.8676705558166631,0.2121218274103332,0.1648337285633195,0.1079720288763092
0.8689964065560618,0.2129714046512274,0.1649088364215442,0.1033251193373665
0.8703271753790497,0.2137863100044733,0.1649422412465631,0.0986664340391134
0.8716625746855386,0.2145662258696543,0.1649334022959764,0.0939964232015723
0.8730023075033176,0.2153108323636108,0.1648817677699932,0.0893155410984786
0.8743460687834689,0.2160198083327329,0.1647867749146228,0.0846242408640661
0.8756935402996455,0.2166928290065582,0.1646478505978015,0.0799229916112655
0.8770443903510033,0.2173295666735058,0.164464412115092,0.0752122787307261
0.8783982769444487,0.2179296928646154,0.1642358673878159,0.0704925920715494
0.8797548468592178,0.2184928783157698,0.1639616154050517,0.065764428492881
0.8811137359136448,0.219018793503894,0.1636410465188549,0.0610282902113073
0.8824745661884728,0.2195071080574007,0.1632735435307696,0.0562846937476308
0.8838369494415674,0.2199574925660416,0.162858481334592,0.0515341572893012
0.8852004837080278,0.2203696178194686,0.1623952282616662,0.0467772118014433
0.8865647557407372,0.2207431561125368,0.1618831458268954,0.0420143917709224
0.8879293383802731,0.2210777809364722,0.1613215901142134,0.0372462436335978
0.8892937923104429,0.2213731679831711,0.1607099116739958,0.0324733188967346
0.8906576647364738,0.2216289952911181,0.1600474565758594,0.0276961780023062
0.8920204888157992,0.221844943707609,0.1593335673427057,0.022915391578898
0.8933817838224948,0.2220206975172663,0.158567583592407,0.0181315391349341
0.8947410556103278,0.2221559450524304,0.157748842465224,0.0133452066980591
0.8960977946342249,0.2222503790746492,0.1568766805708387,0.00855699306259
0.8974514750275536,0.2223036975303994,0.1559504356998974,0.0037675124055655
0.8988015562753949,0.2223156044611073,0.1549694468767848,-0.0010226122361351
0.9001474806102013,0.2222858107734605,0.1539330574298681,-0.005812740308754
0.901489335010468,0.2222139894034773,0.1528400624180122,-0.0106045824686436
0.9028267564979492,0.2220997812520802,0.1516895242370443,-0.0153983153550418
0.904159079011996,0.2219428437156393,0.150480732122116,-0.0201930872797114
0.9054856038459144,0.221742852485787,0.1492130054013008,-0.0249879782221854
0.9068055974787844,0.2214995057788311,0.1478857018306738,-0.0297819905504467
0.9081182879598906,0.221212529606664,0.1464982287781234,-0.0345740336939094
0.9094228603231248,0.2208816844008141,0.1450500574351319,-0.0393629041604192
0.9107184551150784,0.2205067721018841,0.1435407358243584,-0.0441472756385372
0.9120041633475986,0.2200876453749473,0.1419699080564105,-0.048925674468865
0.9132790236287353,0.2196242178320833,0.140337334060674,-0.0536964611913726
0.9145420185548362,0.2191164761274714,0.1386429133282318,-0.0584578071312249
0.915792071905647,0.2185644936426158,0.1368867112370767,-0.0632076713346317
0.917028048990826,0.2179684446268306,0.1350689846165149,-0.0679437865598812
0.9182487559443424,0.2173286204528577,0.1331902122430112,-0.0726636382164704
0.9194529426629128,0.2166454458088532,0.1312511235889974,-0.0773644539040051
0.920639309904115,0.215919493681817,0.1292527236702073,-0.0820432060209034
0.9218065192316034,0.2151514989346189,0.1271963145693792,-0.0866966229788884
0.922953207748945,0.2143423682562637,0.1250835086102382,-0.0913212175691597
0.9240780072451016,0.2134931851667751,0.1229162311117614,-0.095913332548601
0.9251795651060468,0.2126052105466476,0.1206967150559413,-0.1004691944116928
0.9262565737078872,0.2116798717182402,0.1184274712248732,-0.1049850051657022
0.9273077948368844,0.2107187489122884,0.1161112571267933,-0.1094570192481456
0.9283320872898188,0.2097235519629144,0.1137510268963656,-0.1138816407970345
0.9293284324182296,0.2086960904560406,0.1113498705928418,-0.1182555216778145
0.9302959497357566,0.2076382457659174,0.1089109620501791,-0.122575626332613
0.9312339136967132,0.206551934855536,0.106437490547539,-0.1268393115746455
0.9321417592024938,0.2054390797946743,0.1039326080404723,-0.1310443661450741
0.9330190798466228,0.2043015818764738,0.1013993875341054,-0.1351890245192885
0.9338656247450814,0.2031412949744975,0.0988407796671277,-0.1392719801119396
0.9346812869748786,0.2019600087024406,0.0962595904107537,-0.1432923631272281
0.9354660895933858,0.2007594362741181,0.093658467524144,-0.1472497077390229
0.936220171611448,0.1995412046284064,0.0910398902196631,-0.1511439187325087
0.9369437723058428,0.1983068499483609,0.088406168748299,-0.1549752282696272
0.9376372153239892,0.1970578173748287,0.0857594511335559,-0.1587441483078551
0.9383008937336036,0.1957954634624638,0.0831017339710268,-0.1624514236253845
0.9389352588551996,0.1945210556503614,0.080434865463777,-0.1660980013889484
0.939540806928039,0.1932357795972326,0.0777605637763672,-0.1696849843657265
0.9401180694619724,0.191940743413613,0.0750804276867797,-0.1732135998803403
0.940667605434368,0.1906369810686124,0.0723959447122088,-0.1766851758037042
0.9411899934860516,0.1893254587637039,0.0697085046962579,-0.1801011125866261
0.94168582625404,0.1880070791607775,0.0670194083944243,-0.183462864686893
0.942155705265778,0.1866826865442574,0.0643298775627148,-0.1867719222972083
0.9426002370285784,0.1853530709781048,0.0616410626669014,-0.1900297979295984
0.9430200296642054,0.1840189727563117,0.0589540509528164,-0.1932380140235883
0.9434156909494464,0.1826810839891649,0.0562698685891747,-0.196398098759035
0.943787825316182,0.1813400548290867,0.0535894920425264,-0.1995115717514101
0.944137032724318,0.1799964948890083,0.0509138496881898,-0.2025799421460942
0.9444639074294288,0.1786509755669606,0.0482438252430756,-0.2056047049210929
0.9447690364939336,0.1773040344009985,0.0455802652017485,-0.2085873331034589
0.945052999403563,0.1759561757539205,0.0429239789724262,-0.211529278629292
0.9453163673995316,0.1746078729716422,0.040275741977236,-0.2144319699723907
0.9455597027004672,0.1732595719149945,0.0376363014518121,-0.2172968070526449
0.94578355859713,0.1719116904837899,0.0350063744006194,-0.220125164858823
0.9459884789515828,0.1705646214461137,0.0323866520857226,-0.2229183899585985
0.9461749980329592,0.1692187339717317,0.0297778019934295,-0.2256777998573898
0.9463436405320408,0.1678743741013544,0.0271804677810572,-0.2284046844980704
0.9464949213904326,0.1665318666817821,0.0245952721114802,-0.231100304691939
0.9466293457987732,0.1651915164059126,0.0220228177824691,-0.2337658923668778
0.9467474091902708,0.1638536091051675,0.0194636893783423,-0.2364026502532197
0.9468495973629468,0.1625184117221304,0.0169184524366092,-0.2390117540998137
0.94693638638279,0.1611861750551779,0.0143876579460266,-0.2415943493770559
0.9470082428541188,0.159857131741451,0.0118718378079147,-0.2441515572072205
0.9470656237520414,0.1585315010743236,0.0093715133139949,-0.2466844669725387
0.9471089767578852,0.1572094852188577,0.006887187355391,-0.2491941454481781
0.9471387401678424,0.1558912739510414,0.0044193527787274,-0.251681629500204
0.9471553431083032,0.1545770423649819,0.0019684875110972,-0.2541479321536977
0.9471592055867428,0.1532669527377876,-0.00046494245154,-0.2565940406680982
0.9471507386101392,0.1519611554910103,-0.0028804817512108,-0.2590209163032727
0.9471303288097128,0.1506590216276157,-0.0052790969912459,-0.2614309136740372
0.9470983393946631,0.1493603408713034,-0.0076609534398262,-0.263825551790644
0.947055127509271,0.148065242390336,-0.0100255760051625,-0.2662056792275956
0.9470010437254816,0.1467738473310177,-0.0123724936994989,-0.26857212237085
0.9469364321575594,0.1454862690938285,-0.0147012394814513,-0.2709256858702713
0.9468616304180568,0.1442026111715006,-0.0170113544597128,-0.2732671574805574
0.946776969742376,0.1429229690997762,-0.0193023846019081,-0.2755973053277424
0.9466827750209136,0.1416474301981327,-0.0215738814431619,-0.2779168791917417
0.9465793648739498,0.1403760741076589,-0.0238254013403803,-0.280226610299723
0.9464670517024264,0.1391089729329024,-0.0260565054222829,-0.2825272118101765
0.94634614172692,0.1378461913115348,-0.0282667596433974,-0.2848193793975314
0.9462169351379268,0.1365877875944213,-0.030455732886121,-0.2871037897935623
0.9460797260833508,0.135333813234555,-0.0326229981968757,-0.2893811025521217
0.9459348027030692,0.1340843128515183,-0.0347681327973583,-0.2916519605622099
0.9457824473486128,0.1328393258046019,-0.0368907155072274,-0.2939169877937564
0.9456229364403694,0.1315988846154208,-0.0389903295664253,-0.2961767927444631
0.9454565406952644,0.1303630165540935,-0.0410665600189331,-0.2984319661128081
0.945283525169368,0.1291317435730664,-0.0431189939332882,-0.3006830814483325
0.9451041492709218,0.1279050820991188,-0.045147220827095,-0.3029306960431857
0.9449186669082336,0.1266830437749114,-0.0471508314986174,-0.3051753500657789
0.9447273264894658,0.1254656351483091,-0.0491294185981232,-0.3074175675984289
0.9445303710505552,0.124252858223716,-0.0510825757662086,-0.309657856074078
0.9443280382897598,0.1230447103838311,-0.0530098977965063,-0.3118967068488459
0.9441205607122438,0.1218411849734181,-0.0549109797273377,-0.3141345945299595
0.9439081655500358,0.120642270553966,-0.0567854180333635,-0.316371978751952
0.9436910749710248,0.1194479518562828,-0.0586328091088343,-0.3186093027840141
0.9434695061845244,0.1182582100552592,-0.0604527488539737,-0.3208469933618252
0.9432436714706128,0.1170730226248377,-0.0622448329010685,-0.3230854612872274
0.9430137781663348,0.1158923630038634,-0.0640086570861345,-0.3253251023809246
0.9427800288981292,0.1147162015356754,-0.0657438159947959,-0.3275662960078023
0.9425426215989716,0.113544505251424,-0.0674499032660908,-0.3298094057601574
0.9423017496164572,0.1123772381219225,-0.0691265111849114,-0.3320547792357939
0.9420576016443174,0.1112143604546306,-0.0707732314879682,-0.3343027494460058
0.94181036216628,0.1100558307343804,-0.0723896526921022,-0.3365536314864216
0.9415602111200244,0.1089016037249875,-0.0739753627352171,-0.3388077264066247
0.9413073242637204,0.107751631916326,-0.0755299468707925,-0.3410653185959354
0.941051873163601,0.1066058651613309,-0.0770529881218572,-0.3433266766492275
0.9407940252339484,0.1054642505762197,-0.0785440673312925,-0.3455920537176302
0.9405339440687204,0.1043267337166188,-0.0800027615617547,-0.3478616852993305
0.9402717892183584,0.1031932572885062,-0.0814286457240439,-0.3501357918978653
0.9400077165201076,0.1020637623024533,-0.0828212910227978,-0.3524145768079736
0.9397418781373076,0.1009381879296546,-0.0841802651148521,-0.3546982264500147
0.939474422493847,0.0998164709323319,-0.0855051327351619,-0.3569869115689781
0.939205494609624,0.0986985467852872,-0.0867954542932017,-0.359280784977217
0.9389352361562672,0.0975843495919735,-0.0880507859852035,-0.3615799816976164
0.9386637854176202,0.0964738116207854,-0.0892706803019638,-0.3638846198859422
0.9383912775039874,0.0953668638909061,-0.0904546853460017,-0.3661947995722923
0.9381178445077644,0.0942634364993524,-0.0916023445125814,-0.3685106018888632
0.937843615565192,0.0931634585640647,-0.0927131966124748,-0.3708320890698624
0.9375687169012444,0.092066858106263,-0.093786776046443,-0.3731593045673261
0.9372932720906172,0.0909735627954859,-0.0948226121576347,-0.3754922713119734
0.9370174020792452,0.0898834997335799,-0.0958202295969806,-0.3778309919724167
0.9367412252398384,0.0887965953841494,-0.0967791485314981,-0.3801754488982519
0.9364648577791204,0.0877127768853748,-0.0976988836984625,-0.3825256010440968
0.9361884135460368,0.0866319710057696,-0.0985789456218108,-0.3848813859401079
0.9359120043145812,0.0855541049759091,-0.0994188402038267,-0.387242717598841
0.9356357400545502,0.0844791072686259,-0.1002180685498942,-0.3896094844676572
0.9353597287911992,0.0834069067865954,-0.1009761280874917,-0.3919815508524358
0.9350840769598232,0.0823374339890286,-0.101692512274584,-0.3943587540646455
0.9348088895075582,0.0812706210437245,-0.1023667111907892,-0.3967409036736232
0.934534270066702,0.0802064022720962,-0.1029982120360107,-0.3991277800898601
0.9342603210713412,0.0791447143916784,-0.1035864998857293,-0.4015191335819504
0.9339871439912414,0.0780854972333841,-0.1041310583186976,-0.4039146822113664
0.9337148394090868,0.0770286938752705,-0.104631370536904,-0.4063141110688629
0.9334435073041184,0.0759742516042997,-0.1050869202380697,-0.4087170696336826
0.9331732471716514,0.0749221222742327,-0.1054971930166265,-0.411123170496333
0.9329041580879924,0.0738722624851602,-0.1058616779861648,-0.4135319885124097
0.932636339107455,0.072824635098393,-0.1061798691466553,-0.4159430569168804
0.9323698893607064,0.071779209638823,-0.1064512674943386,-0.4183558660062096
0.932104908094128,0.0707359625139114,-0.1066753833636973,-0.4207698623048589
0.9318414948994336,0.0696948780335954,-0.1068517388014013,-0.4231844459510444
0.9315797498964192,0.0686559493137608,-0.1069798703234485,-0.4255989684228994
0.931319773820254,0.0676191788724362,-0.107059332036129,-0.4280127310764697
0.931061668154512,0.0665845794809011,-0.1070896990209342,-0.430424983214326
0.9308055351366286,0.0655521745827542,-0.1070705710399901,-0.4328349213055636
0.930551477025894,0.0645219957866225,-0.1070015761878484,-0.4352416952168468
0.9302995964465448,0.0634940847195863,-0.1068823744995358,-0.4376444044548863
0.9300499982660037,0.0624685013316843,-0.1067126633927796,-0.4400420795037351
0.9298027879136376,0.0614453178377796,-0.1064921822117343,-0.4424336969786836
0.9295580714144556,0.0604246196484432,-0.1062207170604302,-0.4448181787257304
0.9293159552520122,0.0594065056850353,-0.1058981057440149,-0.447194392637886
0.9290765457068352,0.0583910865378947,-0.1055242419758714,-0.4495611587914415
0.9288399490339374,0.0573784861888046,-0.1050990805976439,-0.4519172475523319
0.9286062705683854,0.056368839225334,-0.1046226410564282,-0.4542613884807301
0.9283756142885328,0.055362289942661,-0.1040950109903524,-0.4565922750811947
0.9281480827305147,0.0543589929766463,-0.1035163503621946,-0.4589085662643932
0.9279237757769694,0.053359108955815,-0.1028868924071181,-0.4612088995475496
0.9277027905953368,0.0523628050852187,-0.1022069465522291,-0.4634918930024373
0.9274852202662366,0.051370249756346,-0.1014768967953413,-0.4657561610389974
0.927271154031697,0.0503816142735076,-0.1006972039741481,-0.4680003138984659
0.9270606761449486,0.0493970680971055,-0.0998684027442445,-0.4702229719786228
0.9268538653463948,0.0484167766597882,-0.0989910991899737,-0.4724227741220094
0.9266507945628591,0.0474409000264168,-0.0980659683360444,-0.4745983838558603
0.9264515305086412,0.0464695908919578,-0.0970937503297568,-0.4767484969331987
0.926256132997428,0.0455029908886258,-0.0960752439474103,-0.4788718522961218
0.9260646550541026,0.0445412305205817,-0.0950113028443985,-0.480967234639869
0.9258771426199696,0.043584426912103,-0.0939028290197425,-0.4830334814725669
0.9256936348210302,0.0426326841897196,-0.0927507686818851,-0.4850694840737765
0.925514163462828,0.0416860896993499,-0.0915561027464307,-0.4870741970145272
0.9253387537671028,0.0407447164601889,-0.0903198444260747,-0.4890466338902783
0.92516742430482,0.0398086213658445,-0.0890430316070061,-0.4909858718290742
0.9250001874592608,0.0388778460826926,-0.0877267225300302,-0.4928910499357757
0.9248370496068462,0.0379524163600045,-0.08637198937762,-0.4947613707296542
0.9246780116354668,0.0370323431619059,-0.0849799144841508,-0.4965960975364686
0.9245230693094724,0.0361176229628576,-0.0835515856046718,-0.4983945533724935
0.9243722138758956,0.0352082394979659,-0.0820880937166648,-0.5001561167709676
0.92422543219547,0.0343041627398633,-0.0805905267484396,-0.5018802228714672
0.9240827075957824,0.0334053522999038,-0.0790599707582241,-0.5035663558137413
0.9239440199991976,0.032511756547987,-0.0774975045833998,-0.50521404933937
0.9238093462050486,0.0316233126153767,-0.0759041959660875,-0.5068228854089902
0.9236786609362484,0.0307399516125745,-0.0742811075091987,-0.5083924834154899
0.9235519361657212,0.0298615925652514,-0.0726292826626735,-0.5099225097368654
0.9234291425024692,0.0289881502290304,-0.070949757257221,-0.5114126624035874
0.9233102491536774,0.02811953364079,-0.0692435547572174,-0.5128626725862623
0.9231952238769612,0.0272556443596787,-0.0675116806249717,-0.514272306151388
0.9230840335818538,0.0263963794994792,-0.0657551262744904,-0.5156413571523415
0.922976644577157,0.0255416324630229,-0.0639748690330522,-0.5169696454390114
0.9228730226148616,0.0246912921372163,-0.0621718690797008,-0.5182570166610928
0.9227731333934884,0.0238452459050633,-0.0603470746095542,-0.5195033364593405
0.9226769422382758,0.023003375964136,-0.0585014129529158,-0.5207084947839786
0.922584414762404,0.0221655639323479,-0.0566357996081963,-0.5218723979019931
0.92249551683214,0.0213316898381367,-0.0547511355272643,-0.5229949689728429
0.9224102146648192,0.0205016322260698,-0.0528483068391492,-0.5240761469150506
0.9223284747263076,0.0196752662482147,-0.0509281799546327,-0.5251158877696177
0.9222502643298948,0.0188524688415871,-0.0489916131856141,-0.5261141570930291
0.9221755512746668,0.0180331145180497,-0.0470394468494759,-0.5270709344916715
0.9221043042619724,0.0172170791552524,-0.0450725120935677,-0.5279862082165565
0.9220364924853416,0.0164042347577738,-0.0430916182751361,-0.5288599803066941
0.9219720864337756,0.0155944583146404,-0.0410975744632279,-0.5296922561091107
0.9219110570946454,0.0147876217792092,-0.0390911651433128,-0.5304830543772511
0.9218533766142764,0.0139835996142274,-0.0370731688014996,-0.5312323985664066
0.9217990181433128,0.0131822666769469,-0.035044353042592,-0.5319403186174174
0.9217479557226969,0.0123834959972618,-0.033005469169889,-0.5326068522368692
0.9217001645508114,0.0115871622597168,-0.0309572612641294,-0.5332320412016214
0.9216556209289254,0.01079314089141,-0.0289004642774637,-0.5338159318381327
0.9216143022620554,0.010001307867256,-0.0268358039144509,-0.5343585747841516
0.9215761869731542,0.0092115375861161,-0.0247639914355997,-0.5348600258939643
0.9215412546583288,0.0084237052989335,-0.022685730338963,-0.535320343978815
0.9215094861588898,0.0076376889060148,-0.0206017216062705,-0.535739589630124
0.921480863372851,0.0068533644846325,-0.0185126523467806,-0.5361178274873979
0.921455369402945,0.006070609426133,-0.0164192045270723,-0.5364551240775646
0.921432988463036,0.0052892993465124,-0.01432204718523,-0.5367515488490344
0.9214137060919098,0.004509315375763,-0.0122218564795003,-0.5370071711449698
0.9213975088741496,0.0037305344690269,-0.0101192901827888,-0.5372220637137569
0.9213843846211416,0.0029528353768463,-0.0080150041890633,-0.5373963001357599
0.9213743223130718,0.0021760957866851,-0.0059096453103373,-0.5375299554256204
0.9213673121554986,0.0014001963523738,-0.0038038627056592,-0.5376231051252447
0.9213633455131016,0.0006250162653545,-0.0016982963985937,-0.5376758260392155
0.9213624149401362,-0.0001495631623815,0.0004064124920151,-0.537688195697459
0.9213645141664588,-0.0009236637092083,0.002509635394035,-0.5376602924195862
0.9213696419526056,-0.0016978524030459,0.0046119559304434,-0.5375921439769673
0.9213778020828578,-0.0024724440503573,0.0067132711017958,-0.5374837276799213
0.9213889993672464,-0.0032475584393356,0.0088129458259614,-0.5373350235693706
0.921403239740426,-0.0040233131552742,0.0109103364114515,-0.5371460131616124
0.9214205302939844,-0.0047998269067386,0.0130047990970955,-0.5369166790888321
0.9214408792586988,-0.0055772183450983,0.0150956863731297,-0.5366470054146164
0.9214642960357572,-0.0063556073184763,0.0171823498722119,-0.5363369773103147
0.9214907910870812,-0.007135111425768,0.0192641306654547,-0.5359865826060716
0.9215203760339368,-0.0079158498591077,0.021340369133715,-0.5355958105910804
0.9215530635289656,-0.0086979400416128,0.02341039556951,-0.5351646538183107
0.9215888674705752,-0.0094815031331261,0.0254735443401913,-0.5346931053966965
0.9216278027399868,-0.0102666578045543,0.0275291369647839,-0.5341811625884268
0.921669885285207,-0.0110535229241742,0.0295764888806922,-0.5336288258287893
0.9217151321656534,-0.0118422185485231,0.0316149116193887,-0.5330360982767921
0.9217635614750952,-0.0126328646480286,0.0336437090955775,-0.5324029869666674
0.921815192287766,-0.0134255806460117,0.0356621761165254,-0.5317295036486317
0.9218700447288802,-0.0142204868862947,0.0376696018266013,-0.5310156640047214
0.9219281398507412,-0.01501770306993,0.0396652654355071,-0.5302614893992101
0.9219894996979644,-0.0158173495803493,0.041648439310218,-0.5294670061591069
0.9220541472449468,-0.0166195469112313,0.0436183872734063,-0.5286322465133821
0.922122106281175,-0.0174244146665061,0.0455743619759707,-0.5277572501866971
0.9221934016002112,-0.0182320742051606,0.0475156111732819,-0.5268420620693723
0.9222680585378874,-0.0190426437390415,0.0494413657775096,-0.5258867382404303
0.9223461035540886,-0.0198562452698299,0.0513508563908972,-0.5248913385799446
0.9224275635092274,-0.0206729971420147,0.0532432955497652,-0.5238559360824441
0.9225124659791598,-0.0214930180811431,0.0551178874266881,-0.5227806128390985
0.9226008394310458,-0.0223164291358354,0.0569738321484786,-0.5216654578398823
0.9226927123484396,-0.0231433459532625,0.0588103084497135,-0.5205105779956927
0.9227881138473932,-0.023973885343747,0.06062648893319,-0.5193160902528522
0.9228870734280632,-0.0248081634592479,0.0624215361548979,-0.5180821246250681
0.9229896207888276,-0.0256462948266584,0.0641946009240717,-0.516808826352212
0.9230957858548082,-0.026488393245815,0.0659448247114997,-0.515496355328
0.9232055982861364,-0.027334568601992,0.0676713336567925,-0.514144891895704
0.9233190877713696,-0.0281849300212778,0.069373245949108,-0.5127546328486312
0.9234362836042708,-0.0290395833835416,0.0710496675835175,-0.511325796210341
0.9235572145004236,-0.0298986309171935,0.07269969273592,-0.509858622925149
0.923681908652036,-0.0307621724968154,0.0743224074832362,-0.508353375570452
0.9238103932318732,-0.0316303030885148,0.0759168862780047,-0.5068103436424426
0.9239426941095508,-0.0325031119506523,0.077482192263343,-0.5052298460775512
0.924078836080573,-0.0333806852179921,0.0790173837323516,-0.5036122275355805
0.9242188421509911,-0.0342631022631264,0.0805215095118191,-0.5019578658461256
0.924362733265852,-0.0351504352389468,0.0819936106082356,-0.5002671739175895
0.9245105279250708,-0.036042748003505,0.0834327210885392,-0.4985406027874347
0.924662242080517,-0.0369400968158991,0.0848378720807134,-0.4967786411970644
0.924817888694817,-0.037842528998393,0.0862080926190155,-0.4949818189551184
0.9249774773916926,-0.0387500822550325,0.0875424118927297,-0.493150709007713
0.925141013652618,-0.0396627815389533,0.0888398583353562,-0.4912859344564393
0.9253084989290457,-0.0405806412045486,0.0900994668216225,-0.489388164829643
0.9254799299095148,-0.0415036623893629,0.0913202790926927,-0.4874581218281106
0.9256552984158828,-0.0424318339277353,0.0925013494069722,-0.4854965776848556
0.9258345906200436,-0.043365129620676,0.0936417455800213,-0.4835043609579768
0.926017786979391,-0.0443035093686848,0.0947405552871625,-0.4814823540308488
0.926204861655781,-0.0452469175538295,0.0957968890002261,-0.4794314961963623
0.9263957824468296,-0.0461952840282006,0.0968098861062503,-0.4773527809029788
0.9265905104878668,-0.0471485238284657,0.0977787194024845,-0.4752472554350502
0.9267890001906248,-0.0481065379729894,0.0987026006140324,-0.4731160179341815
0.9269911989220548,-0.0490692128840906,0.099580784337979,-0.470960217177738
0.9271970472165948,-0.0500364222618865,0.100412574082841,-0.4687810466247776
0.927406478961512,-0.0510080286038253,0.1011973272913289,-0.4665797388968691
0.9276194218595644,-0.0519838857919953,0.1019344604918759,-0.4643575575322537
0.9278357971459829,-0.0529638380609692,0.1026234509993771,-0.462115796734452
0.9280555204030956,-0.053947723848653,0.1032638417906792,-0.4598557698465655
0.928278501886966,-0.0549353771713529,0.1038552435502375,-0.4575788032698284
0.9285046475085406,-0.055926631706095,0.1043973374909141,-0.45528622403973
0.928733858928524,-0.0569213207501681,0.1048898747713571,-0.4529793568517948
0.9289660342040452,-0.057919279508056,0.1053326767128135,-0.4506595157669226
0.9292010688368232,-0.0589203489244615,0.1057256347058614,-0.4483279923626331
0.9294388559551002,-0.0599243756596488,0.1060687075748769,-0.4459860529635992
0.92967928746701,-0.0609312161190093,0.106361919907178,-0.4436349266053053
0.9299222540165424,-0.0619407353463466,0.1066053579615077,-0.4412758051782472
0.9301676458724124,-0.0629528098271556,0.1067991664970567,-0.4389098346915197
0.9304153531007407,-0.0639673272804262,0.1069435443773764,-0.4365381138214133
0.9306652661410396,-0.0649841881382373,0.1070387403452042,-0.4341616887827009
0.9309172760783802,-0.0660033057937531,0.1070850483572843,-0.4317815513478991
0.931171274748628,-0.0670246062288551,0.1070828029075355,-0.4293986385788661
0.9314271550020548,-0.0680480283464759,0.1070323744668021,-0.4270138311616749
0.9316848129220896,-0.0690735321192891,0.106934163978491,-0.4246279338142226
0.931944143356445,-0.0701010801533788,0.1067885995902562,-0.4222417178172097
0.9322050424576346,-0.0711306474031526,0.1065961326497588,-0.4198558980874884
0.9324674072900128,-0.0721622191812448,0.1063572341092523,-0.4174711377137513
0.9327311358436844,-0.0731957908658726,0.1060723910699864,-0.4150880486812999
0.9329961269569964,-0.0742313673148621,0.1057421036137204,-0.4127071934009761
0.9332622802009,-0.0752689621975245,0.1053668819297069,-0.4103290865279446
0.9335294955792636,-0.0763085966747217,0.1049472439996899,-0.4079541983466906
0.933797673579011,-0.0773502995014827,0.1044837130569134,-0.405582954953516
0.934066714778439,-0.0783941054622279,0.1039768159642665,-0.4032157422947375
0.9343365197722472,-0.0794400550870562,0.1034270813694774,-0.4008529072994803
0.9346069890783556,-0.0804881943371563,0.1028350380333202,-0.3984947591159267
0.9348780227836304,-0.0815385733161844,0.1022012139226225,-0.3961415725479363
0.9351495204430644,-0.082591245996764,0.1015261350066236,-0.3937935891883101
0.9354213809690576,-0.0836462699366011,0.1008103241904402,-0.3914510185795423
0.93569350230928,-0.0847037051985776,0.1000543009595255,-0.3891140411270141
0.9359657814509402,-0.0857636145575984,0.0992585803272293,-0.3867828081293373
0.9362381141010584,-0.0868260624661228,0.0984236727861927,-0.3844574445346439
0.9365103945867076,-0.0878911148868046,0.0975500837962485,-0.3821380497445713
0.9367825158649576,-0.0889588395699126,0.0966383129578454,-0.3798246974402029
0.9370543691021012,-0.09002930465415,0.0956888546817966,-0.3775174390228867
0.9373258436560598,-0.0911025788479894,0.0947021976875212,-0.3752163035700055
0.93759682702798,-0.0921787315033648,0.0936788245938159,-0.3729212980187452
0.9378672045370776,-0.0932578315958227,0.0926192126099024,-0.3706324096539243
0.938136859455476,-0.0943399485336074,0.0915238325542973,-0.3683496046621389
0.9384056726124343,-0.095425150854277,0.0903931499749936,-0.3660728311452512
0.9386735223954308,-0.0965135064988336,0.0892276248008568,-0.3638020187442056
0.9389402847530766,-0.0976050831089752,0.0880277109264072,-0.3615370782165746
0.9392058328746948,-0.0986999470061199,0.0867938572584674,-0.3592779037294833
0.9394700372973822,-0.0997981639122245,0.0855265069026672,-0.3570243715003132
0.93973276552442,-0.1008997976533852,0.0842260986432991,-0.3547763425740842
0.9399938822353544,-0.1020049113128735,0.0828930656409002,-0.3525336605382971
0.940253248929934,-0.103113566021606,0.0815278368888395,-0.3502961540534022
0.9405107240151196,-0.1042258216025342,0.0801308364979175,-0.348063635574559
0.9407661626236546,-0.1053417360801811,0.0787024843467749,-0.3458359023588493
0.9410194165216568,-0.1064613655558879,0.0772431963163135,-0.3436127366999409
0.9412703340394054,-0.1075847641806525,0.0757533844027733,-0.3413939059468658
0.9415187599629736,-0.1087119839495683,0.0742334570679795,-0.3391791628553404
0.9417645355280656,-0.1098430749556586,0.0726838189724469,-0.336968245015785
0.9420074982413932,-0.1109780848583576,0.0711048717664462,-0.3347608758051402
0.9422474818020748,-0.1121170587849922,0.0694970143211871,-0.3325567644568735
0.9424843159454308,-0.1132600388472757,0.0678606435133923,-0.3303556068514121
0.9427178267395758,-0.1144070658528691,0.0661961518453952,-0.3281570820695952
0.9429478359637972,-0.1155581765759714,0.0645039314257587,-0.3259608574773732
0.943174161461998,-0.1167134057409412,0.0627843711855126,-0.3237665847218648
0.9433966168684156,-0.1178727849491804,0.0610378584909482,-0.3215739015843705
0.9436150114593422,-0.1190363421544404,0.0592647800172015,-0.3193824327359437
0.9438291503128194,-0.1202041027688419,0.0574655201311356,-0.3171917874042421
0.9440388339944616,-0.1213760882598215,0.0556404630735351,-0.3150015617565864
0.9442438587742636,-0.1225523176257874,0.0537899907102858,-0.3128113358597685
0.944444016193034,-0.1237328052412047,0.0519144859221155,-0.3106206774107176
0.94463909325153,-0.1249175621737767,0.0500143305809448,-0.3084291389604709
0.9448288721870888,-0.1261065951352228,0.048089907234031,-0.3062362595306128
0.945013130616654,-0.1272999076534183,0.0461415972180471,-0.3040415621019044
0.9451916412456784,-0.1284974985535233,0.0441697831043474,-0.3018445560533664
0.9453641719322312,-0.1296993626405841,0.0421748475814072,-0.2996447355191706
0.945530485438932,-0.1309054892641586,0.0401571758182615,-0.2974415816127443
0.9456903397363264,-0.1321158647997407,0.0381171512905296,-0.2952345574701274
0.9458434874645638,-0.1333304690427724,0.0360551617719465,-0.2930231143959982
0.9459896762464296,-0.1345492778168575,0.0339715949072525,-0.2908066866416331
0.9461286484678548,-0.1357722616776164,0.0318668403184333,-0.2885846932902193
0.9462601411467932,-0.136999385060436,0.0297412910085611,-0.2863565393008511
0.946383886018196,-0.1382306073660015,0.0275953414096046,-0.2841216130125101
0.9464996094023232,-0.1394658822031309,0.0254293885771921,-0.2818792869742385
0.9466070320939344,-0.1407051566085229,0.0232438334511446,-0.2796289187916321
0.9467058693852816,-0.1419483716959116,0.0210390795959213,-0.2773698493551728
0.9467958309423704,-0.1431954616990046,0.0188155347491535,-0.2751014039601303
0.9468766207904112,-0.1444463542706456,0.0165736101421568,-0.272822891118897
0.946947937252098,-0.1457009703420829,0.0143137205719408,-0.2705336021413837
0.947009472827459,-0.1469592228027084,0.0120362865952405,-0.2682328128413314
0.9470609141962284,-0.1482210171147399,0.0097417332365571,-0.265919781688626
0.9471019421377276,-0.1494862505125412,0.0074304912273765,-0.2635937505140821
0.9471322314980768,-0.1507548122774808,0.005102996278301,-0.2612539432121544
0.9471514511153444,-0.1520265828298666,0.0027596904926362,-0.2588995665827187
0.9471592637779578,-0.1533014338813295,0.0004010218259272,-0.2565298091871045
0.9471553261645688,-0.1545792276433774,-0.0019725547361839,-0.2541438419118543
0.9471392826481886,-0.1558601716715581,-0.0043612404457528,-0.2517401494217492
0.9471107475015248,-0.1571448308013757,-0.0067659278969194,-0.2493164878432028
0.9470693257745532,-0.1584330429237535,-0.0091861727290131,-0.2468719231595771
0.947014614098192,-0.1597246384905017,-0.0116215281139553,-0.2444054891919961
0.9469462006255444,-0.1610194351935911,-0.014071535314451,-0.2419161960662112
0.94686366493246,-0.1623172374738263,-0.0165357232613975,-0.2394030295746613
0.9467665779443412,-0.1636178356349731,-0.0190136074113852,-0.23686495123928
0.9466545018482128,-0.1649210053281314,-0.0215046893336062,-0.2343008976017089
0.9465269898887866,-0.1662265080845388,-0.0240084583483334,-0.2317097773427008
0.946383586554746,-0.1675340877264229,-0.026524385300904,-0.2290904764881058
0.9462238273730688,-0.1688434714792397,-0.0290519253537904,-0.2264418543086215
0.9460472387756116,-0.1701543696274497,-0.0315905180612314,-0.223762741924228
0.9458533383361184,-0.1714664725500903,-0.0341395824014088,-0.221051946206142
0.9456416345353932,-0.172779451596644,-0.0366985192670749,-0.2183082458209791
0.9454116269179058,-0.1740929570703513,-0.0392667084002624,-0.2155303931037711
0.945162806086447,-0.1754066175330732,-0.0418435079273248,-0.2127171131686802
0.944894654142584,-0.176720036938738,-0.0444282496708839,-0.2098671076451672
0.9446066443873,-0.1780327958242863,-0.0470202424623422,-0.206979049690264
0.9442982419692822,-0.179344447819149,-0.0496187663018724,-0.2040515890558608
0.943968904024529,-0.180654519062041,-0.0522230722626221,-0.2010833509272238
0.9436180802917664,-0.1819625058002435,-0.0548323788355797,-0.198072938836364
0.94324521353875,-0.1832678731650989,-0.0574458706316088,-0.1950189350556178
0.9428497406152784,-0.1845700520798369,-0.0600626933705274,-0.1919199054927505
0.9424310931748416,-0.1858684379361936,-0.0626819524053463,-0.1887744007741061
0.9419886987642496,-0.1871623884366652,-0.0653027095879564,-0.1855809595301091
0.9415219829630366,-0.18845121910803,-0.0679239753772113,-0.1823381179891277
0.9410303705388472,-0.1897342025890379,-0.0705447085243897,-0.1790444109845041
0.940513288283452,-0.1910105640384962,-0.0731638078075315,-0.1756983834296414
0.9399701678211312,-0.1922794780049416,-0.0757801065728824,-0.1722985994287038
0.9394004492279509,-0.1935400646148102,-0.0783923656827296,-0.1688436546565796
0.9388035852924426,-0.1947913858361769,-0.0809992663433813,-0.165332190466751
0.938179046278836,-0.1960324422825372,-0.0835994037172071,-0.1617629087528709
0.9375263266404624,-0.1972621679629148,-0.0861912757857101,-0.1581345955339976
0.9368449523057252,-0.1984794263943013,-0.0887732744188109,-0.1544461445239836
0.9361344890787204,-0.1996830071320629,-0.0913436765793261,-0.1506965837941157
0.9353945525953404,-0.2008716223270352,-0.0939006346551013,-0.1468851075584767
0.93462481953437,-0.2020439042608933,-0.0964421677365755,-0.143011111116744
0.9338250404166162,-0.2031984036557539,-0.0989661531926416,-0.1390742305000701
0.9329950526359296,-0.2043335909699287,-0.101470323168597,-0.135074380117745
0.9321347958279272,-0.2054478577070834,-0.1039522593440165,-0.1310117990285946
0.9312443248043653,-0.2065395241838665,-0.1064094000510629,-0.1268870832959532
0.9303238226070284,-0.2076068493506062,-0.1088390502389736,-0.1227012182611987
0.9293736127359364,-0.2086480435234768,-0.1112383962160954,-0.1184556069899846
0.9283941682532348,-0.2096612858264868,-0.1136045295549011,-0.1141520857259899
0.927386113909186,-0.2106447486373995,-0.1159344863562488,-0.1097929115772616
0.9263502254801568,-0.2115966226503853,-0.118225288082379,-0.1053807431889068
0.9252874229079,-0.2125151447144165,-0.1204739898368232,-0.1009186007046169
0.9241987562153092,-0.2133986274083116,-0.1226777350076161,-0.0964098024335252
0.9230853868741228,-0.2142454864217602,-0.124833808007743,-0.0918578905802404
0.9219485657457214,-0.2150542641612303,-0.1269396819721787,-0.0872665506039596
0.9207896079531712,-0.2158236489921256,-0.1289930605089126,-0.0826395251510283
0.91960986575309,-0.2165524892554725,-0.1309919117120811,-0.0779805261201621
0.9184107053673216,-0.2172397988746787,-0.1329344855432299,-0.0732931671036767
0.9171934850657322,-0.2178847577661412,-0.1348193220753226,-0.0685809033988778
0.9159595377820622,-0.2184867063233896,-0.1366452474512199,-0.0638469908960446
0.9147101574706592,-0.2190451359209967,-0.1384113614900221,-0.0590944591326014
0.9134465873716928,-0.2195596773378097,-0.1401170214170897,-0.0543260904852528
0.9121700163953396,-0.2200300854833141,-0.1417618148724191,-0.0495444281794847
0.9108815738236296,-0.2204562255922721,-0.1433455373089509,-0.0447517753315039
0.909582330150306,-0.2208380581284025,-0.1448681638500887,-0.039950214413227
0.9082732980973446,-0.2211756252319653,-0.1463298242181245,-0.0351416245908662
0.906955433101552,-0.2214690386860792,-0.1477307811059817,-0.0303276947314282
0.9056296393495622,-0.2217184680469946,-0.1490714054342719,-0.0255099545212369
0.9042967704345952,-0.2219241315880966,-0.1503521603376927,-0.0206897838995015
0.902957633945582,-0.222086287638634,-0.1515735833635292,-0.0158684352354185
0.901612995582018,-0.2222052274161808,-0.1527362716548672,-0.0110470522855172
0.9002635810504397,-0.2222812691796421,-0.1538408710585525,-0.006226680022169
0.898910080234176,-0.2223147530629045,-0.1548880648511011,-0.0014082816960999
0.8975531501594033,-0.2223060369317342,-0.1558785650770262,0.0034072492214077
0.8961932056657574,-0.222255481859994,-0.1568132466130347,0.0082198279970258
0.8948300263415495,-0.2221633846361258,-0.1576933447648278,0.0130315550092674
0.8934641616869854,-0.2220300432203803,-0.1585195093582173,0.0178417512970255
0.8920961454378972,-0.2218557629891884,-0.1592923939248767,0.0226497514555735
0.8907264943534782,-0.221640855649163,-0.1600126550318039,0.0274549083704067
0.8893557093773016,-0.2213856384236122,-0.160680950283186,0.0322565896503612
0.8879842768662899,-0.2210904334629798,-0.161297936615876,0.0370541739058103
0.8866126678775423,-0.2207555669632195,-0.1618642696727433,0.0418470538708547
0.8852413392838906,-0.220381368677208,-0.1623806023880437,0.0466346331502524
0.8838707334695032,-0.2199681711574727,-0.1628475842916584,0.0514163279577515
0.8825012791855478,-0.2195163093296156,-0.1632658604231078,0.0561915648197522
0.8811333935123344,-0.2190261206047093,-0.1636360701484299,0.060959774441557
0.8797674784575498,-0.2184979431525441,-0.1639588475509609,0.0657204042775933
0.8784039232421358,-0.2179321160130418,-0.1642348200597335,0.0704729112743912
0.8770431056911179,-0.217328979160399,-0.1644646076710083,0.0752167577424445
0.8756853911164874,-0.216688872556672,-0.1646488227277303,0.0799514159654442
0.8743311326096044,-0.2160121357105154,-0.1647880693331322,0.0846763678958296
0.8729806720617349,-0.2152991076491641,-0.1648829427613712,0.0893911023056254
0.8716343386144325,-0.2145501255651341,-0.1649340290981358,0.0940951209046669
0.8702924509079221,-0.2137655254402125,-0.1649419045942326,0.0987879311978212
0.868955317199713,-0.2129456416814282,-0.1649071353342656,0.1034690467578947
0.8676232283267834,-0.2120908020473248,-0.1648302763695506,0.1081380125887109
0.8662964703217907,-0.2112013347837368,-0.1647118715522287,0.1127943616606918
0.8649753196629786,-0.2102775655000037,-0.1645524533543031,0.1174376321743997
0.8636600420734623,-0.2093198158260832,-0.1643525423452374,0.1220673724433134
0.8623508942743096,-0.2083284041010097,-0.16411264699546,0.1266831353915551
0.8610481231660702,-0.207303644266907,-0.1638332631799161,0.1312844820791505
0.8597519666379119,-0.2062458459302268,-0.1635148739151692,0.135870979490687
0.8584626538031498,-0.2051553140301031,-0.1631579490409259,0.1404422003264541
0.8571804046670434,-0.2040323480002689,-0.1627629447215387,0.1449977248004494
0.8559054320529595,-0.2028772429067281,-0.1623303036454632,0.1495371344028564
0.8546379390412526,-0.2016902866206726,-0.1618604538105479,0.1540600216006639
0.8533781213310412,-0.2004717613126975,-0.1613538088406757,0.1585659820330818
0.8521261681836241,-0.1992219438962459,-0.1608107680656496,0.1630546116811078
0.8508822608727352,-0.1979411039962443,-0.1602317155359048,0.1675255129549783
0.8496465724863034,-0.1966295030329777,-0.1596170193895248,0.1719782959864358
0.8484192703871358,-0.1952873961634827,-0.1589670325820598,0.1764125703150877
0.8472005152898391,-0.1939150307805698,-0.1582820920860439,0.1808279487074411
0.8459904615641572,-0.1925126462223109,-0.1575625186115242,0.185224046565436
0.8447892578656667,-0.191080473881977,-0.1568086165451219,0.1896004801210631
0.8435970467127666,-0.1896187360789052,-0.1560206732475936,0.1939568684455548
0.8424139661943009,-0.1881276475069035,-0.155198959727868,0.1982928276640501
0.8412401468771549,-0.1866074106765078,-0.1543437280289973,0.2026079827278752
0.8400757166459518,-0.1850582213369937,-0.1534552141092372,0.2069019500999344
0.8389207973666917,-0.1834802635440688,-0.1525336349989688,0.2111743503987824
0.8377755076637462,-0.1818737126316387,-0.1515791904011875,0.2154247985494393
0.8366399607958601,-0.1802387315750531,-0.150592060470224,0.2196529120117139
0.8355142669403951,-0.1785754734046011,-0.1495724071381015,0.2238583026666058
0.8343985331932822,-0.1768840805535374,-0.1485203736755487,0.2280405771080642
0.8332928623704406,-0.1751646822463766,-0.147436082988686,0.2321993414465302
0.832197355633601,-0.1734173976965287,-0.1463196395376272,0.2363341917440859
0.8311121098736102,-0.1716423311685388,-0.145171126135556,0.2404447241323185
0.8300372214401105,-0.1698395770838444,-0.1439906071450291,0.2445305209709059
0.8289727826335378,-0.168009213366386,-0.1427781240960525,0.2485911643612191
0.8279188867154946,-0.1661513089940695,-0.1415337005885602,0.2526262172727066
0.8268756237293845,-0.1642659159463138,-0.1402573369255567,0.2566352396265703
0.8258430842014933,-0.1623530747100754,-0.1389490137385638,0.260617774277822
0.8248213569840213,-0.1604128094181688,-0.1376086886664656,0.264573355399665
0.8238105331249985,-0.15844513414199,-0.1362363006715634,0.2685014935866494
0.8228107012336452,-0.1564500429995429,-0.1348317631780618,0.2724016938517543
0.8218219535189543,-0.154427520864431,-0.1333949715462271,0.2762734321586131
0.8208443831262647,-0.1523775372890789,-0.1319257988958123,0.2801161656811602
0.8198780857728771,-0.1503000488387275,-0.1304240978251368,0.2839293263019475
0.8189231597581732,-0.14819499817569,-0.1288896998611314,0.2877123204097956
0.8179797069297002,-0.1460623151920093,-0.127322416411529,0.291464524884098
0.8170478342452219,-0.1439019197202255,-0.1257220409571543,0.29518528060239
0.816127654458627,-0.1417137225465693,-0.1240883500936277,0.29887388931708
0.8152192861234239,-0.1394976248663982,-0.1224211034591929,0.3025296132164199
0.8143228551336736,-0.1372535215155759,-0.1207200465474112,0.3061516682603024
0.813438497459722,-0.1349813077914549,-0.118984916414276,0.3097392125123549
0.8125663587398444,-0.132680878908383,-0.1172154419625566,0.3132913470395596
0.811706596121334,-0.1303521354403524,-0.115411348898955,0.3168071076389109
0.8108593808423973,-0.1279949916550059,-0.11357236717467,0.3202854533441531
0.8100248983993454,-0.125609378114148,-0.1116982342203819,0.323725264663154
0.8092033518674986,-0.1231952539460194,-0.1097887059855814,0.3271253287372932
0.8083949642493348,-0.1207526180671869,-0.1078435675798935,0.3304843282447796
0.8075999796200187,-0.1182815183353135,-0.10586264265418,0.3338008351284778
0.8068186649219704,-0.1157820641537755,-0.1038458059112519,0.3370733015273393
0.8060513141856229,-0.1132544491527352,-0.1017930042667009,0.3403000403610079
0.8052982480791573,-0.1106989615869236,-0.0997042686844067,0.3434792253219653
0.8045598163458292,-0.1081160064981025,-0.097579736067362,0.3466088787391955
0.8038363996839669,-0.1055061296032081,-0.0954196732770035,0.3496868616862159
0.8031284088762976,-0.1028700348909071,-0.0932244966171372,0.352710875810801
0.8024362831406544,-0.1002086020589755,-0.0909947916759491,0.3556784687599301
0.8017604881909995,-0.0975229056619592,-0.0887313350587333,0.3585870412082494
0.8011015121799114,-0.0948142286658519,-0.0864351118089651,0.3614338634651341
0.8004598572819982,-0.0920840592216801,-0.084107318695487,0.3642161116547889
0.799836032534929,-0.0893340915182616,-0.0817493706683191,0.3669308994768286
0.7992305423168996,-0.0865662056668109,-0.0793628889067345,0.3695753299945544
0.7986438743211395,-0.08378243964158,-0.0769496810314929,0.3721465509492376
0.7980764872091757,-0.0809849521645874,-0.0745117122230778,0.3746418127972675
0.7975287971619582,-0.0781759701074938,-0.0720510613078932,0.3770585328757895
0.7970011669884646,-0.0753577361458535,-0.0695698752481212,0.3793943494772349
0.7964938969697689,-0.0725324525725518,-0.067070318487158,0.3816471691083068
0.7960072190017171,-0.0697022298857943,-0.064554524814898,0.3838151996631611
0.7955412941393162,-0.0668690429372424,-0.0620245545148676,0.3858969686149454
0.7950962129764423,-0.0640346940494787,-0.0594823566151126,0.3878913283537244
0.7946719993472668,-0.0612007893451111,-0.056929742207434,0.3897974461567633
0.7942686168026448,-0.0583687295420681,-0.0543683704484047,0.3916147809317519
0.7938859757720956,-0.0555397050430518,-0.0517997384531739,0.393343055950003
0.7935239420572519,-0.0527147022001957,-0.0492251815370407,0.3949822246146247
0.793182345577193,-0.0498945161409231,-0.0466458798838606,0.3965324341152086
0.7928609883259853,-0.0470797633762054,-0.0440628655684731,0.3979939917515395
0.7925596528684984,-0.0442709064928641,-0.0414770412642572,0.3993673280048586
0.7922781082748057,-0.0414682645415138,-0.0388891864500881,0.400652970568304
0.7920161168282072,-0.0386720380286928,-0.0362999776101139,0.4018515142992108
0.7917734385602148,-0.0358823211121587,-0.0337099971812253,0.4029636006304174
0.7915498355970179,-0.0330991185100483,-0.0311197472979653,0.4039898975069361
0.7913450757384529,-0.0303223616432534,-0.0285296632545945,0.4049310825724324
0.7911589349254222,-0.0275519176717932,-0.0259401206943366,0.4057878312737414
0.7909911995088653,-0.0247876013196799,-0.0233514456674808,0.4065608057586167
0.790841667933218,-0.0220291841085285,-0.0207639225116202,0.4072506463914681
0.7907101520068629,-0.0192764019580988,-0.0181778003934586,0.4078579651368203
0.7905964778794049,-0.016528962131795,-0.0155932993903501,0.4083833402895852
0.790500486645304,-0.0137865458663215,-0.013010612633464,0.4088273129484167
0.7904220350215465,-0.0110488165344574,-0.0104299137535492,0.4091903831803753
0.7903609956484489,-0.0083154224620911,-0.0078513593801395,0.4094730079734707
0.7903172573244764,-0.0055859999333888,-0.0052750918736481,0.4096755995506025
0.7902907251612895,-0.0028601753771524,-0.0027012413308081,0.409798524114435
0.7902813206966703,-0.0001375692674407,-0.000129929245375,0.4098421008531029
0.790281298890382,9.648032698282571e-13,-2.526113053544915e-12,0.4098422018985429
