2.9629830011617706
0.7322055534136751,4.415158394987063e-23,5.239626725385825e-13,0.567837395351093
0.7322073089293063,0.0020442868902723,0.0009752409513002,0.5678260739534015
0.7322183131466291,0.0055112301131065,0.0026291255391461,0.5677551150750696
0.7322394274147969,0.0089792169719743,0.0042833866520326,0.5676190008787525
0.732270671832104,0.0124486935569464,0.0059381621303978,0.5674176729680543
0.7323120734100191,0.0159200045531308,0.0075935434531477,0.5671510626530848
0.7323636662248366,0.0193934900679085,0.009249622737201,0.5668190901742473
0.7324254917750224,0.0228695041929941,0.0109065023896064,0.5664216626537081
0.7324975987229845,0.0263483904052044,0.0125642841754534,0.5659586760588088
0.7325800433632574,0.0298305024905417,0.0142230799816409,0.5654300125467167
0.7326728896574562,0.0333161963133305,0.0158830086720733,0.564835540653914
0.7327762096572451,0.0368058382110315,0.0175442008533684,0.5641751130612608
0.7328900835203298,0.0402997965229731,0.0192067955960521,0.5634485670349196
0.7330146002115214,0.0437984551727219,0.0208709476408279,0.5626557205668377
0.7331498576240103,0.0473022061889414,0.0225368245644315,0.5617963723099221
0.7332959632639429,0.0508114579018854,0.0242046113895513,0.5608702980220297
0.7334530344462298,0.0543266288185733,0.0258745083701958,0.5598772502274808
0.7336211993385432,0.0578481604625884,0.0275467377759475,0.5588169526303037
0.7338005971114231,0.0613765080890777,0.0292215401507317,0.5576891003277815
0.7339913791180027,0.0649121524905363,0.0308991805786787,0.5564933536831889
0.7341937092332096,0.0684555931291267,0.0325799460754242,0.555229337671124
0.7344077645327455,0.0720073482482332,0.0342641462915921,0.5538966392524266
0.7346337374462129,0.0755679769990421,0.0359521246503938,0.5524947958113031
0.73487183504704,0.0791380527265124,0.0376442463289755,0.5510233016642211
0.7351222814323664,0.0827181859485038,0.039340909811899,0.5494815956086226
0.73538531815743,0.0863090146122541,0.041042542943981,0.5478690608540832
0.7356612063879148,0.0899112179611468,0.0427496101948537,0.5461850146993968
0.7359502271454305,0.0935255027756959,0.0444626068597584,0.5444287102678572
0.73625268373773,0.0971526176591492,0.0461820665860669,0.5425993252624399
0.7365689031010395,0.100793350758623,0.047908561094965,0.5406959578409731
0.736899237818134,0.1044485342691422,0.0496427031730198,0.5387176188804864
0.7372440674690912,0.1081190398298786,0.0513851454072919,0.5366632287759555
0.7376038010566496,0.1118057845150061,0.0531365840177769,0.5345316083548247
0.7379788801374265,0.1155097411015158,0.0548977648173478,0.5323214663389764
0.7383697796009845,0.1192319227446512,0.0566694771080488,0.5300314014195292
0.7387770120458084,0.122973401720389,0.0584525638803983,0.5276598838665676
0.7392011294983091,0.1267352995757323,0.0602479185425588,0.5252052536673611
0.7396427255386222,0.1305187808288879,0.0620564834407144,0.5226657170027618
0.7401024414243393,0.1343250785627803,0.0638792637715884,0.520039320733678
0.7405809647600989,0.138155454270461,0.0657173102084565,0.5173239707697643
0.7410790359548931,0.142011222442593,0.0675717326205364,0.514517406741812
0.7415974489166013,0.145893725738253,0.069443690258225,0.5116172106847436
0.7421370519730749,0.1498043139263506,0.0713343837486463,0.5086208150008563
0.7426987488685199,0.1537443248358318,0.0732450480303503,0.5055255105784322
0.7432834975075114,0.1577150514043014,0.07517693844333,0.5023284677413623
0.7438923025356231,0.1617176726898408,0.0771312989159732,0.4990267904231285
0.7445262050742435,0.1657531779916346,0.0791093259636231,0.4956175837582841
0.7451862644023755,0.1698222551742898,0.0811121139013165,0.4920980616130939
0.745873531420712,0.1739251516180471,0.0831405845859459,0.4884656919996083
0.7465890024007198,0.1780614508622736,0.0851953724241987,0.4847184371416738
0.7473335650809442,0.1822298533682814,0.0872767067879371,0.4808550186055265
0.7481079197666999,0.1864278734321308,0.0893842467026164,0.4768752927275505
0.7489124913237768,0.1906515587460487,0.0915169190441771,0.4727806462373287
0.7497473370439713,0.194895260347116,0.0936727736254509,0.4685743829673112
0.7506120715684955,0.1991515517755606,0.0958489059455466,0.4642619945056128
0.7515058396121829,0.2034114144452385,0.0980415109701822,0.4598511701723248
0.7524273553290949,0.2076647179918769,0.1002460898364439,0.4553514733234991
0.7533750182263321,0.2119009703450189,0.102457805417217,0.450773662686787
0.7543470818196634,0.2161101675475052,0.10467190680335,0.4461288019496622
0.7553418318464529,0.2202835299637992,0.106884114921324,0.4414273810961781
0.7563577324604879,0.2244139694220759,0.1090908851740755,0.436678646038045
0.7573935114594168,0.2284962219228016,0.1112895053047043,0.4318902565720857
0.7584481922739984,0.2325267397739076,0.1134780698653578,0.42706821365955
0.7595210766366045,0.2365034064209657,0.1156553581077464,0.4222170177889331
0.7606117076362108,0.2404252173935828,0.1178206882740049,0.4173399079550333
0.761719824015325,0.2442919749633853,0.1199737728029113,0.4124391263976165
0.7628453164076197,0.2481040329809148,0.1221145946065573,0.4075161597109376
0.7639881855083814,0.2518620850739865,0.1242433015453943,0.4025719574146335
0.765148514479601,0.2555670290300978,0.1263601389178958,0.3976070767668886
0.7663264450855354,0.2592198624129285,0.1284653962391593,0.3926218031769162
0.7675221574917452,0.2628216045524287,0.1305593663550367,0.387616248050514
0.7687358570467412,0.266373250505649,0.1326423209833268,0.3825904118754409
0.7699677659738746,0.2698757458428946,0.1347144971194762,0.3775442234336453
0.7712181156349183,0.2733299669467747,0.1367760858404148,0.3724775743098734
0.7724871405105453,0.2767367091321396,0.1388272250854164,0.3673903444156891
0.7737750736423767,0.2800966807030733,0.1408679955449356,0.3622824201502226
0.775082147322312,0.2834105114591613,0.1428984251172667,0.3571536909294624
0.7764085855075048,0.2866787401035097,0.1449184804158872,0.3520040778748729
0.7777546074089798,0.2899018305346634,0.1469280758418618,0.3468335179849582
0.7791204245170101,0.2930801709003561,0.1489270721910211,0.3416419740808513
0.7805062401458677,0.2962140788527866,0.1509152790882044,0.3364294346830616
0.7819122445226812,0.2993037967385866,0.152892451040701,0.3311959303686113
0.7833386210614643,0.3023495116060887,0.1548582993425526,0.325941508100054
0.7847855428626528,0.3053513523755898,0.1568124896446072,0.3206662425535734
0.7862531691904698,0.3083093877959095,0.1587546398896777,0.3153702468207165
0.7877416501293829,0.3112236409541998,0.160684329132057,0.3100536533743038
0.7892511241400172,0.314094088462526,0.1626010965204585,0.3047166211428413
0.7907817172077317,0.3169206630092578,0.1645044424867543,0.2993593366059345
0.7923335426757118,0.3197032570447889,0.1663938307559321,0.2939820124556105
0.7939067033228462,0.3224417300383611,0.1682686929013201,0.2885848786678762
0.7955012867224538,0.3251359036158973,0.1701284247149724,0.2831681968107825
0.7971173695631478,0.3277855723053749,0.1719723932916847,0.2777322435205319
0.7987550152187312,0.3303905021533669,0.1737999359083269,0.2722773173176709
0.8004142697582842,0.3329504274558384,0.1756103574945732,0.2668037501608651
0.8020951715318052,0.3354650683681829,0.177402942915123,0.2613118742066569
0.8037977431252844,0.3379341204716086,0.1791769496000654,0.2558020472524763
0.8055219891157471,0.3403572543958483,0.1809316071146606,0.2502746582606351
0.8072679037402479,0.3427341290996227,0.1826661267052006,0.2447301012528145
0.8090354662600054,0.345064387005749,0.1843796978822427,0.2391687892044876
0.8108246389871724,0.3473476535321828,0.1860714880940753,0.2335911589374315
0.8126353703943939,0.3495835431237397,0.1877406472413055,0.2279976601398595
0.8144675952798618,0.3517716609087742,0.1893863090765197,0.2223887539764068
0.81632123018895,0.353911598814269,0.191007588430954,0.2167649261261302
0.8181961780532583,0.3560029427388054,0.1926035867680836,0.211126671563989
0.8200923242050294,0.3580452693933836,0.194173389990907,0.2054745057644355
0.8220095406427769,0.3600381523681689,0.1957160732987426,0.1998089510773908
0.8239476807734175,0.3619811577659612,0.1972306980674654,0.1941305516158837
0.8259065839239595,0.3638738501638704,0.1987163167088093,0.1884398591599905
0.8278860709927405,0.3657157894140494,0.2001719704444552,0.1827374452177862
0.8298859483864651,0.3675065355628867,0.2015966934441977,0.1770238889470815
0.8319060037297771,0.369245645921602,0.2029895108002903,0.1712997889201783
0.8339460138564359,0.3709326828976808,0.2043494450975766,0.1655657399705277
0.8360057315949675,0.3725672036729558,0.2056755084385737,0.1598223700711705
0.8380848999822447,0.3741487728697198,0.2069667129609635,0.1540702999251612
0.8401832413038735,0.3756769544316291,0.208222064601439,0.148310173305206
0.8423004636103346,0.3771513174786914,0.2094405681814692,0.1425426386051308
0.8444362587002217,0.3785714353234327,0.210621226950579,0.1367683542424766
0.8465903003141011,0.3799368849625536,0.2117630424826692,0.1309879932846098
0.8487622489940818,0.3812472507811114,0.2128650180948028,0.1252022302101323
0.8509517492267299,0.3825021230306394,0.2139261579227294,0.1194117486058222
0.8531584267845079,0.3837010969075889,0.2149454664479856,0.1136172480388183
0.8553818941786219,0.3848437761223505,0.2159219518320799,0.107819429590941
0.8576217496828589,0.3859297724612716,0.2168546258776811,0.1020189986080173
0.8598775759857588,0.3869587053459423,0.217742503956912,0.0962166683076018
0.8621489399430063,0.3879302020666434,0.2185846054966313,0.0904131604595894
0.8644353957855466,0.3888438993761397,0.2193799556388592,0.0846091973164324
0.8667364833273659,0.3896994427477152,0.2201275848716284,0.0788055064416014
0.8690517265935673,0.3904964860688047,0.2208265290076714,0.0730028243160387
0.8713806396078881,0.3912346937259839,0.2214758312470559,0.0672018820462498
0.8737227223801955,0.3919137390368826,0.2220745410250722,0.0614034157914538
0.8760774599935085,0.3925333041117404,0.2226217140811179,0.0556081692135763
0.8784443286194549,0.3930930814058592,0.2231164140041191,0.0498168789458545
0.8808227921033023,0.3935927724613877,0.2235577112732625,0.0440302834393798
0.8832123007328608,0.3940320875712028,0.2239446830840196,0.0382491262358583
0.8856122966147071,0.394410746594529,0.2242764141627755,0.0324741432757029
0.8880222092998925,0.3947284777784969,0.2245519957914063,0.0267060738820317
0.8904414593363625,0.3949850180037802,0.2247705260524685,0.0209456525606376
0.8928694568636596,0.3951801121486848,0.2249311092656468,0.0151936127544958
0.8953056049600652,0.3953135128721034,0.2250328557364752,0.0094506792910514
0.8977492971734119,0.3953849797881688,0.2250748809486247,0.0037175746390166
0.9001999179411991,0.3953942789918459,0.2250563050210418,-0.002004981771939
0.9026568452780775,0.395341182436991,0.2249762519575626,-0.0077162794979155
0.9051234375060798,0.395225229090793,0.2248335673700597,-0.0134248234815123
0.9075998539692508,0.3950458284101384,0.224626996313795,-0.01913163052082
0.9100855486969271,0.3948023883827585,0.2243552798557886,-0.0248361034129092
0.9125799490815184,0.3944943101228125,0.224017141547109,-0.0305376132697352
0.9150824668591084,0.3941209866362944,0.2236112854518276,-0.0362355255918134
0.9175924846083432,0.3936818043806954,0.2231363972230688,-0.0419291703528028
0.9201093670141438,0.3931761415027098,0.2225911415043583,-0.0476178686626348
0.9226324512229188,0.3926033692166231,0.2219741627019096,-0.0533009118927385
0.9251610553285724,0.3919628497297512,0.2212840819741963,-0.058977581920359
0.92769447454737,0.3912539362898092,0.2205194964518056,-0.0646471435307689
0.9302319792572422,0.3904759730794336,0.2196789782233565,-0.0703088411974389
0.9327728192403096,0.3896282930998735,0.2187610710745152,-0.0759619097817029
0.9353162238669754,0.3887102166892791,0.2177642878110805,-0.0816055761581946
0.9378613994757892,0.3877210509106249,0.2166871084198753,-0.0872390547398008
0.9404075344904852,0.3866600857917819,0.2155279746840769,-0.0928615602700042
0.9429537989321602,0.3855265919852668,0.214285286178622,-0.0984723082645011
0.9454993464206036,0.384319816949459,0.2129573944718046,-0.1040705211144978
0.9480433169382078,0.383038979984341,0.2115425958453793,-0.1096554360235591
0.9505848387609956,0.3816832667536092,0.210039123181866,-0.1152263113173554
0.9531230301073362,0.3802518230456645,0.208445136705073,-0.1207824324126974
0.9556570058168898,0.3787437444712019,0.2067587098247314,-0.1263231291283018
0.9581858796997164,0.3771580668436673,0.2049778152613093,-0.1318477839134294
0.9607087706806208,0.3754937524980274,0.2031003060715606,-0.1373558489106403
0.9632248078115628,0.3737496749177001,0.2011238940796187,-0.1428468612064186
0.9657331383784512,0.3719245984431829,0.1990461219147519,-0.1483204656846295
0.9682329364329896,0.3700171539584709,0.1968643294319431,-0.1537764398864056
0.9707234105352858,0.3680258108573975,0.1945756146217513,-0.1592147185337323
0.973203816595778,0.3659488397234017,0.1921767823094246,-0.1646354309594224
0.9756734682967338,0.3637842701468824,0.1896642852797328,-0.1700389355380069
0.9781317518300972,0.3615298367668403,0.1870341493576153,-0.1754258664868306
0.9805781359355428,0.3591829195167377,0.1842818887450971,-0.1807971741424309
0.983012186067808,0.3567404683174265,0.181402399521498,-0.1861541790672808
0.9854335599151388,0.3541989326875053,0.1783898545512836,-0.1914985911206773
0.9878419970356764,0.3515541847863535,0.1752375857858623,-0.1968325225579504
0.9902372541754038,0.3488014912626854,0.1719380196055883,-0.2021583886722411
0.9926189597336176,0.3459355831482341,0.1684827264072903,-0.2074786346352266
0.9949862789503416,0.3429509951833541,0.1648627973022898,-0.2127950381733979
0.997337217833028,0.3398429956523575,0.1610699550647368,-0.2181071766158249
0.9996672704897088,0.3366097234301477,0.1570991931054229,-0.2234093285825223
1.0019671598263955,0.3332563163857626,0.1529539894691136,-0.2286851073525904
1.0042202291775288,0.32980082871907,0.1486539739863558,-0.2339008904879889
1.0064022742936984,0.3262778383781598,0.1442400247220843,-0.2390043707899557
1.008487470809601,0.3227321898917995,0.1397671010841426,-0.2439372001975615
1.010457594295063,0.3192040236324117,0.1352856543077774,-0.2486562689038912
1.012306008542639,0.3157186852111531,0.1308284963859746,-0.2531439441267188
1.0140348634533272,0.3122875439852046,0.1264112186959703,-0.257402632194303
1.0156506237261895,0.3089134235244271,0.1220386514762695,-0.2614449491517069
1.0171610663941024,0.3055950940669871,0.1177103817988506,-0.2652868975462009
1.0185738457365725,0.3023298040683733,0.1134239218415859,-0.2689445137199217
1.019895961233599,0.299114470538344,0.1091762284119758,-0.2724325701775896
1.0211336356060945,0.2959461735064674,0.1049643536214232,-0.2757642322704165
1.0222923586158406,0.2928223132666621,0.1007856667950071,-0.2789511144281117
1.0233769753929494,0.2897406421427561,0.0966379139078939,-0.2820034504396813
1.0243917811144174,0.2866992431003466,0.0925192056911653,-0.2849302874230562
1.02534060890948,0.2836964847053126,0.0884279718232689,-0.2877396718667463
1.0262269017410253,0.2807309831692551,0.0843629222457655,-0.2904388015012847
1.0270537750885371,0.2778015574712202,0.0803229967391231,-0.2930341612664563
1.0278240676753716,0.2749071916291548,0.0763073220129247,-0.2955316339736017
1.0285403811082945,0.2720470093985992,0.0723151841626831,-0.2979365854532974
1.0292051136909768,0.2692202486497093,0.068345999297528,-0.3002539386660398
1.0298204882619255,0.2664262395142944,0.0643992881389336,-0.3024882352039178
1.0303885741450547,0.2636643908938383,0.0604746613686198,-0.3046436825516738
1.0309113061704007,0.2609341763927463,0.0565718034177273,-0.3067241960027409
1.0313905014180302,0.2582351175827348,0.052690451649219,-0.3087334375012283
1.031827870757044,0.255566783511923,0.0488303982168651,-0.3106748381791198
1.032225031114335,0.2529287775153891,0.0449914733347062,-0.3125516273682194
1.0325835146484783,0.2503207327781641,0.0411735406886433,-0.3143668522787128
1.0329047770795108,0.2477423057415775,0.0373764894071424,-0.3161233970130651
1.033190204674518,0.2451931713652984,0.0336002284212519,-0.3178239983169935
1.0334411199041191,0.2426730229349964,0.0298446873472288,-0.3194712567505121
1.0336587869092526,0.2401815681710713,0.0261098117777538,-0.3210676491087578
1.0338444164308362,0.2377185229846181,0.0223955547893156,-0.3226155410622959
1.0339991695668194,0.2352836116127209,0.0187018778018473,-0.3241171946391361
1.0341241611844798,0.2328765677125547,0.0150287528940011,-0.3255747744451128
1.0342204633555254,0.2304971289605124,0.0113761551612315,-0.3269903571576122
1.034289108022301,0.2281450381663009,0.0077440648529875,-0.3283659363505072
1.034331089598,0.2258200384549245,0.0041324603119772,-0.3297034302910615
1.034347367037539,0.2235218798008879,0.0005413284224682,-0.3310046826665174
1.0343388660308122,0.2212503109994574,-0.0030293475535334,-0.3322714713367719
1.03430646378,0.2190042231943008,-0.0065809461769817,-0.3335059793854014
1.0342509509200029,0.2167818242464081,-0.010115969901569,-0.3347106732658197
1.0341730932838538,0.2145829699669614,-0.0136343365555967,-0.3358870473958611
1.0340736362264509,0.2124075258403093,-0.0171359462953311,-0.3370365472439079
1.0339533054591383,0.210255355299276,-0.0206206999964403,-0.3381605777855599
1.0338128077827649,0.2081263178172599,-0.0240885022902377,-0.3392605062939782
1.0336528319724416,0.2060202711066294,-0.0275392579755056,-0.3403376628402415
1.0334740494567036,0.203937070272056,-0.0309728733493036,-0.3413933422713495
1.0332771148289586,0.2018765663570689,-0.0343892586086746,-0.3424288063494641
1.0330626664786997,0.1998386072105306,-0.0377883264700944,-0.3434452846011933
1.0328313272145242,0.1978230382530646,-0.0411699909191188,-0.3444439751455344
1.03258370461725,0.1958297011512441,-0.0445341694683226,-0.3454260464776086
1.0323203913891916,0.1938584332975769,-0.0478807841346637,-0.3463926387595826
1.032041966119822,0.1919090705555141,-0.0512097568685407,-0.347344863449067
1.0317489932321575,0.1899814440217581,-0.0545210151365888,-0.348283805802766
1.031442023802475,0.1880753833277543,-0.0578144863796819,-0.34921052412192
1.0311215953725736,0.1861907133099498,-0.0610901038411153,-0.3501260521835556
1.0307882326731204,0.184327256774168,-0.0643478019237642,-0.3510313986588745
1.0304424476639742,0.1824848330682949,-0.067587518781574,-0.3519275485314801
1.030084739951015,0.1806632590238572,-0.0708091948069614,-0.3528154633274297
1.029715597134317,0.17886234943947,-0.0740127718878832,-0.3536960815318663
1.0293354946123114,0.1770819150481095,-0.0771981971594467,-0.3545703202071321
1.028944896355258,0.1753217653111348,-0.0803654181799699,-0.3554390742257738
1.028544254804192,0.173581706955104,-0.0835143856698288,-0.3563032175590168
1.0281340111681074,0.1718615445211541,-0.0866450526757755,-0.3571636035600709
1.0277145956195264,0.1701610804612283,-0.0897573745410813,-0.3580210654492697
1.0272864274962767,0.1684801152954644,-0.0928513087643895,-0.358876416750883
1.0268499156520567,0.1668184483490031,-0.0959268137805175,-0.3597304514136523
1.0264054583419933,0.1651758767133852,-0.0989838510158612,-0.3605839448230409
1.0259534435318902,0.1635521959237031,-0.1020223837942886,-0.361437653932896
1.0254942492913348,0.1619472008516571,-0.1050423757996199,-0.3622923172510399
1.025028243694063,0.1603606848390877,-0.1080437928263055,-0.363148655736178
1.0245557849725662,0.1587924398261075,-0.1110266026911454,-0.3640073731785122
1.02407722203419,0.1572422576442914,-0.1139907729076277,-0.3648691559207608
1.023592894274249,0.1557099289573116,-0.1169362728196723,-0.3657346738486411
1.0231031317073431,0.1541952433413534,-0.119863073594836,-0.3666045807754479
1.0226082555252758,0.1526979906512718,-0.1227711457115849,-0.3674795140668048
1.022108578062548,0.1512179604979091,-0.1256604600641476,-0.3683600953147337
1.0216044026249715,0.1497549414150087,-0.1285309897114547,-0.3692469312321773
1.0210960240904778,0.1483087223143632,-0.1313827071532914,-0.3701406131805179
1.0205837290333568,0.1468790924710433,-0.1342155844420133,-0.3710417175320307
1.0200677956310815,0.1454658409348344,-0.1370295944416764,-0.371950806404671
1.019548494016184,0.1440687572036092,-0.1398247095907316,-0.3728684276077783
1.0190260863258205,0.142687631044893,-0.1426009023425028,-0.3737951151133772
1.0185008268658056,0.1413222526407029,-0.1453581449611588,-0.3747313893208666
1.0179729623880516,0.1399724130147304,-0.1480964087347908,-0.3756777571120374
1.017442732189571,0.1386379039820618,-0.150815664139271,-0.3766347122144834
1.0169103682303626,0.1373185181582265,-0.1535158808822334,-0.3776027355269322
1.0163760950989056,0.1360140486052731,-0.1561970286927714,-0.3785822957215731
1.0158401304437736,0.1347242896279997,-0.1588590757486129,-0.3795738489931223
1.01530268510758,0.1334490368072472,-0.1615019886443342,-0.3805778393328835
1.014763963315847,0.1321880871643841,-0.1641257320826525,-0.3815946986919394
1.0142241624951065,0.1309412384676865,-0.1667302703516712,-0.3826248478424985
1.0136834735471498,0.1297082896301647,-0.1693155665399844,-0.3836686963893952
1.0131420809717742,0.128489040741722,-0.1718815825001692,-0.384726643058206
1.012600163774115,0.1272832948377081,-0.1744282751332795,-0.3857990744184524
1.0120578944794167,0.1260908554105506,-0.1769556016304843,-0.386886367299057
1.011515439530883,0.1249115270863111,-0.1794635180793258,-0.387988888542676
1.0109729598089108,0.1237451165166964,-0.1819519775751848,-0.3891069944640445
1.010430610762087,0.1225914323948899,-0.1844209301707094,-0.390241031052476
1.0098885422093964,0.1214502847858159,-0.1868703242961898,-0.3913913348672643
1.0093468985627874,0.1203214853716432,-0.1893001062289599,-0.3925582330750903
1.008805819351507,0.1192048483043972,-0.1917102182372716,-0.393742042798464
1.0082654387586762,0.1181001890031136,-0.1941006011455542,-0.3949430725867729
1.0077258861613485,0.1170073250437986,-0.1964711923908307,-0.396161621718148
1.0071872859247812,0.1159260755125779,-0.1988219273921498,-0.3973979811303974
1.0066497579322358,0.1148562618524064,-0.201152737677701,-0.3986524326869547
1.0061134174498456,0.1137977073620656,-0.2034635519302598,-0.3999252499311342
1.0055783753578766,0.1127502374367787,-0.2057542954193457,-0.40121669799901
1.0050447380771097,0.1117136792095121,-0.2080248907383166,-0.4025270342505894
1.0045126078842936,0.1106878619578508,-0.2102752568646865,-0.4038565079598025
1.003982083089037,0.1096726172303174,-0.2125053088258866,-0.4052053602990258
1.003453257744628,0.1086677780872128,-0.2147149593090645,-0.4065738255120624
1.002926222237713,0.1076731800276342,-0.2169041165648465,-0.4079621298522
1.0024010632507363,0.1066886607087896,-0.2190726849580577,-0.4093704920735165
1.0018778635839862,0.1057140594181481,-0.2212205660646236,-0.4107991243382215
1.001356702822894,0.1047492181270304,-0.2233476562814251,-0.4122482308269383
1.0008376568320552,0.1037939803551873,-0.2254538492569193,-0.4137180095203846
1.0003207983817493,0.1028481921436822,-0.2275390336733152,-0.4152086508612093
0.9998061967943508,0.1019117012180321,-0.2296030950161176,-0.4167203391446434
0.9992939182693792,0.1009843574058452,-0.2316459145754963,-0.4182532519940589
0.9987840261604471,0.1000660129565388,-0.2336673686633748,-0.4198075598993467
0.9982765804249124,0.0991565213747733,-0.2356673311004841,-0.4213834282733714
0.9977716387753284,0.0982557393178208,-0.2376456689596042,-0.4229810142860376
0.997269255682574,0.097363524636064,-0.2396022467927104,-0.4246004703014694
0.9967694830936435,0.0964797374934218,-0.2415369240822128,-0.4262419420078543
0.9962723704571692,0.0956042402440659,-0.2434495554302591,-0.4279055686450177
0.9957779645557582,0.0947368969765125,-0.245339991470344,-0.4295914839046826
0.9952863096844138,0.0938775736739497,-0.2472080784263439,-0.431299815701
0.994797447808776,0.0930261383376128,-0.2490536577555387,-0.4330306859649547
0.9943114187598164,0.0921824611728313,-0.2508765656612797,-0.4347842102625529
0.9938282601263672,0.0913464142518497,-0.2526766337399834,-0.4365604984728278
0.9933480071946558,0.0905178712662608,-0.2544536894222531,-0.4383596553502841
0.992870693408766,0.0896967081804547,-0.2562075544804014,-0.4401817791260889
0.9923963500843652,0.0888828025968432,-0.2579380463058686,-0.4420269628618427
0.9919250066714032,0.0880760340717777,-0.2596449771449861,-0.4438952937493065
0.9914566906499128,0.0872762838030064,-0.2613281546747233,-0.4457868538078557
0.9909914277191104,0.0864834348226918,-0.2629873815036685,-0.4477017194290015
0.9905292420398204,0.0856973722805956,-0.2646224545011624,-0.4496399606264242
0.9900701559719912,0.0849179828701427,-0.266233165918008,-0.4516016423650119
0.9896141901554,0.0841451548440524,-0.2678193032577082,-0.4535868245236138
0.9891613638045896,0.0833787783938288,-0.2693806484109471,-0.4555955608785862
0.9887116947712624,0.0826187456354033,-0.270916977620964,-0.457627899018407
0.988265199050472,0.0818649496590697,-0.2724280633212438,-0.4596838828253906
0.9878218915906904,0.0811172857854813,-0.2739136715134972,-0.461763549055693
0.987381785924857,0.080375650830374,-0.2753735631839009,-0.4638669292007775
0.9869448942978506,0.0796399432112507,-0.276807494010946,-0.465994049117629
0.986511227579614,0.0789100626949802,-0.2782152147779869,-0.4681449296792781
0.9860807956259804,0.0781859109011571,-0.2795964703241617,-0.4703195852065541
0.985653607000934,0.0774673907326494,-0.2809510005756178,-0.472518025029549
0.985229669154981,0.0767544065761514,-0.2822785400805987,-0.4747402528075348
0.9848089886112712,0.0760468645175429,-0.283578817548872,-0.4769862657203833
0.9843915708222126,0.0753446720053262,-0.284851556422752,-0.479256055371747
0.983977420193558,0.0746477377977305,-0.2860964749002752,-0.4815496078542496
0.983566540143249,0.073955971970111,-0.2873132858488457,-0.4838669036171076
0.9831589333684252,0.0732692862750602,-0.2885016961191028,-0.4862079161057407
0.9827546014462166,0.0725875933825507,-0.2896614078168465,-0.4885726141779627
0.9823535453247138,0.0719108076212659,-0.2907921169601799,-0.4909609594372613
0.9819557651517424,0.0712388446068049,-0.291893514085761,-0.4933729073150438
0.981561260251858,0.0705716211206719,-0.2929652843945589,-0.4958084073511055
0.9811700290410096,0.069909054884621,-0.2940071080421768,-0.4982674038973889
0.9807820696670904,0.069251065566809,-0.2950186585146838,-0.5007498322075215
0.9803973790048924,0.0685975730015939,-0.2959996053597004,-0.5032556249119936
0.9800159538933992,0.0679484992127457,-0.2969496110376408,-0.5057847042030366
0.9796377902699174,0.0673037668709639,-0.2978683332492909,-0.5083369874806606
0.9792628834128204,0.0666632996319644,-0.2987554243486739,-0.5109123859406765
0.9788912282967208,0.0660270226726908,-0.2996105305773928,-0.5135108022092751
0.9785228190565316,0.0653948617058327,-0.30043329339067,-0.5161321341209323
0.978157649547744,0.0647667438702835,-0.3012233482200507,-0.5187762708996624
0.9777957131530642,0.0641425973350694,-0.301980325008961,-0.5214430945292376
0.9774370026839898,0.0635223510636893,-0.3027038484695022,-0.5241324805603221
0.9770815106118906,0.0629059351483707,-0.3033935376562213,-0.526844296469814
0.976729228998677,0.0622932806285486,-0.3040490061834069,-0.5295784021993316
0.9763801494864528,0.061684319411022,-0.3046698622981373,-0.5323346502872971
0.9760342634612872,0.0610789844954993,-0.3052557086500668,-0.535112884608254
0.9756915618359716,0.0604772095361776,-0.3058061427317481,-0.5379129421250749
0.9753520352822872,0.0598789291895116,-0.3063207565329971,-0.5407346510633304
0.9750156741710998,0.0592840789532789,-0.3067991367132332,-0.5435778313893278
0.9746824685875908,0.0586925951374954,-0.3072408646362999,-0.5464422946950345
0.9743524085422124,0.0581044151857636,-0.3076455161747191,-0.5493278423522775
0.9740254835647052,0.0575194769000032,-0.3080126622967791,-0.5522342690177342
0.973701683147686,0.056937719177338,-0.3083418685728648,-0.5551613587630437
0.9733809964744478,0.056359081472717,-0.3086326955660415,-0.5581088874474398
0.9730634126955428,0.05578350424602,-0.3088846986316129,-0.5610766201739461
0.9727489207066596,0.0552109285127322,-0.3090974282068899,-0.5640643132733808
0.9724375092975888,0.0546412960641835,-0.3092704297541259,-0.5670717128887729
0.9721291672591894,0.0540745496181256,-0.3094032438187705,-0.5700985538417735
0.9718238832395448,0.0535106325110267,-0.3094954062254402,-0.573144560923472
0.9715216457157344,0.0529494885979065,-0.3095464481462256,-0.5762094491476012
0.9712224433236974,0.0523910628204806,-0.3095558961501871,-0.5792929203189244
0.9709262645141792,0.0518353005271013,-0.3095232724028495,-0.5823946663922697
0.970633096505555,0.0512821454416368,-0.3094480943358085,-0.585514380723417
0.9703429275487396,0.0507315438662873,-0.3093298749433501,-0.5886517343124009
0.97005574606692,0.0501834430483791,-0.3091681231278884,-0.5918063843289545
0.9697715408144126,0.0496377914553059,-0.3089623440958782,-0.5949779720566122
0.969490300525995,0.0490945380743527,-0.3087120394270561,-0.5981661264893291
0.969212013917464,0.0485536323732184,-0.3084167072035906,-0.6013704642259465
0.9689366700350914,0.0480150249449771,-0.3080758425976686,-0.6045905852586535
0.9686642579484568,0.0474786668827295,-0.3076889378470994,-0.6078260762434701
0.9683947669341644,0.0469445101073866,-0.3072554827388575,-0.611076508143159
0.9681281864821428,0.046412507355021,-0.3067749649690462,-0.6143414358602383
0.9678645062268988,0.0458826120140906,-0.306246870365414,-0.6176203988052669
0.9676037161447192,0.0453547784975797,-0.3056706836527432,-0.6209129181630523
0.967345806372462,0.0448289618587579,-0.3050458885236174,-0.6242184988224743
0.9670907672728472,0.0443051178998307,-0.3043719681726691,-0.6275366282866031
0.9668385896964076,0.0437832036956607,-0.3036484065174222,-0.6308667728951531
0.9665892646977946,0.0432631770012566,-0.3028746880503062,-0.6342083811076055
0.9663427837497344,0.0427449966835661,-0.3020502990452775,-0.6375608803058602
0.9660991386404014,0.0422286225022911,-0.3011747279266398,-0.6409236777463043
0.9658583215297722,0.0417140152229975,-0.300247466151575,-0.6442961593961892
0.9656203250753768,0.0412011368880131,-0.2992680095093322,-0.6476776877129522
0.9653851423208086,0.0406899505855346,-0.2982358585945189,-0.6510676027168173
0.9651527668314404,0.040180420753236,-0.2971505203363996,-0.6544652195652118
0.9649231926279614,0.0396725130510533,-0.2960115087807784,-0.6578698289828236
0.9646964141674236,0.039166194335888,-0.2948183460739785,-0.6612806970611042
0.964472426530902,0.0386614331049033,-0.2935705646552151,-0.6646970619162075
0.9642512252423812,0.0381581991235556,-0.2922677076424541,-0.6681181358584338
0.9640328064671913,0.0376564639106547,-0.290909331372058,-0.6715431018102064
0.963817166932496,0.0371562006067136,-0.289495006547429,-0.6749711139271303
0.9636043038657756,0.0366573838794806,-0.2880243194512584,-0.678401298041486
0.9633942152013129,0.0361599904640292,-0.2864968751192718,-0.6818327477936246
0.963186899377163,0.0356639987547611,-0.2849122978691039,-0.6852645273311981
0.962982355391157,0.0351693890038533,-0.2832702336206844,-0.6886956699199638
0.9627805829690708,0.0346761438111096,-0.2815703534279143,-0.6921251745819681
0.9625815822885432,0.0341842475453853,-0.2798123535379253,-0.6955520102304296
0.962385354163162,0.0336936868865357,-0.2779959592657025,-0.698975112120375
0.9621919000444964,0.0332044509448589,-0.2761209276745914,-0.7023933813166334
0.9620012216255852,0.0327165303663413,-0.2741870462975055,-0.7058056913659915
0.9618133215738162,0.0322299193184197,-0.2721941431646585,-0.7092108749459625
0.9616282025085088,0.031744612995374,-0.2701420791872454,-0.7126077419610107
0.961445867842576,0.031260609918141,-0.2680307598003734,-0.7159950642303533
0.9612663214015648,0.0307779111052269,-0.2658601341802628,-0.7193715822001119
0.9610895670774589,0.0302965192773216,-0.2636301939581583,-0.7227360115559343
0.9609156091299949,0.0298164397994759,-0.2613409796825806,-0.7260870378118202
0.9607444519948344,0.0293376803133917,-0.2589925815211001,-0.7294233202053481
0.9605761003420786,0.0288602510563645,-0.2565851431486546,-0.7327434909434498
0.960410558522248,0.0283841634352519,-0.2541188567081893,-0.7360461667135272
0.9602478312777262,0.0279094321968286,-0.2515939759246978,-0.7393299353300694
0.9600879229753102,0.0274360733812625,-0.249010807665333,-0.7425933718128837
0.9599308378626656,0.0269641051920465,-0.2463697182617384,-0.7458350343284257
0.9597765796180504,0.0264935467740609,-0.2436711283442117,-0.7490534746627502
0.9596251516599928,0.0260244192499252,-0.2409155200002691,-0.7522472332495369
0.9594765565777928,0.02555674406637,-0.2381034283489893,-0.7554148526710281
0.9593307968114132,0.0250905452070506,-0.2352354556971743,-0.7585548649249355
0.9591878734447598,0.0246258454405851,-0.2323122495025963,-0.7616658190984009
0.9590477872249346,0.0241626696073295,-0.2293345228509489,-0.7647462615071658
0.9589105377105652,0.0237010418993267,-0.2263030376912786,-0.767794756271389
0.9587761236100372,0.0232409869584481,-0.2232186115698154,-0.7708098802321569
0.9586445424135192,0.0227825286087267,-0.2200821088117265,-0.7737902335166328
0.9585157905164884,0.0223256902059638,-0.2168944419478931,-0.7767344393079306
0.9583898633770702,0.0218704951478668,-0.2136565744751996,-0.7796411426763092
0.9582667548462568,0.0214169643645024,-0.2103695018342721,-0.7825090285671625
0.9581464575597436,0.0209651175359658,-0.2070342580320247,-0.7853368155650103
0.9580289632087114,0.0205149739860237,-0.2036519207041726,-0.7881232520225869
0.9579142616448608,0.0200665490796404,-0.2002235821299835,-0.7908671398378839
0.9578023422651386,0.0196198593568913,-0.1967503858495806,-0.7935673040659815
0.9576931928732088,0.0191749179323617,-0.1932334896455651,-0.7962226224409743
0.9575867996316452,0.0187317338771789,-0.1896740571546269,-0.7988320293695405
0.957483148073042,0.0182903160756601,-0.1860732857889225,-0.8013944936277498
0.9573822229346574,0.0178506724318331,-0.1824323987370591,-0.8039090242390784
0.95728400704894,0.0174128047033703,-0.1787525993098254,-0.8063747002864584
0.9571884827591196,0.0169767142493592,-0.1750351152233688,-0.8087906378037248
0.9570956316613126,0.0165424007110198,-0.1712811855625879,-0.8111559977905949
0.9570054341521552,0.0161098595458074,-0.1674920366806217,-0.8134699994570777
0.956917869981996,0.0156790841858296,-0.1636688977272964,-0.8157319078088975
0.9568329182473848,0.0152500656757128,-0.1598129949246907,-0.8179410351943559
0.9567505577087204,0.0148227939616451,-0.1559255607557154,-0.8200967342465059
0.956670766500682,0.0143972561170561,-0.1520078156727766,-0.8221984064787625
0.9565935222219564,0.0139734363701528,-0.1480609655857919,-0.8242455010130084
0.9565188020030018,0.0135513160125819,-0.1440861983319947,-0.826237513728589
0.9564465830778176,0.013130876273219,-0.1400847085568761,-0.8281739727171689
0.956376842387952,0.0127120958413886,-0.1360576726735803,-0.8300544493180986
0.956309556624771,0.0122949506639594,-0.1320062446108563,-0.8318785575387226
0.9562447024399218,0.0118794148001901,-0.1279315619754076,-0.8336459487743103
0.9561822567058186,0.0114654617981316,-0.1238347579790756,-0.8353563049154968
0.9561221962294302,0.0110530625530461,-0.1197169388958237,-0.8370093462780512
0.9560644982115188,0.0106421880918058,-0.1155792102900362,-0.838604819051611
0.9560091398006366,0.0102328061908776,-0.1114226418753488,-0.8401425075541916
0.9559560984305684,0.0098248833177352,-0.1072482854807333,-0.8416222248742279
0.9559053522927814,0.009418388176055,-0.1030572106561201,-0.8430437994371989
0.9558568791532848,0.0090132820532614,-0.0988504043803519,-0.8444071078841501
0.9558106579391976,0.008609531244793,-0.0946288982488309,-0.8457120303546888
0.9557666677065114,0.0082070985587912,-0.0903936801457781,-0.8469584790710886
0.9557248881085684,0.0078059470050976,-0.0861457318779004,-0.8481463848039995
0.9556852990077866,0.0074060357875801,-0.0818859861239516,-0.8492757075217836
0.95564788114202,0.0070073264985391,-0.0776153915810199,-0.8503464170114109
0.9556126158590612,0.0066097807188999,-0.0733348875779309,-0.851358499921958
0.9555794847750776,0.0062133557675256,-0.0690453577884466,-0.8523119691389356
0.9555484704305636,0.0058180118769125,-0.0647477072202723,-0.8532068444876026
0.9555195558751284,0.0054237073547264,-0.0604428099499173,-0.8540431641634234
0.9554927248205846,0.0050304001401577,-0.0561315257498475,-0.8548209798501917
0.9554679616190228,0.0046380472637338,-0.0518146940898557,-0.8555403568684199
0.9554452514345526,0.0042466075048581,-0.0474931634235259,-0.8562013686954864
0.9554245799630492,0.0038560366935767,-0.0431677394849609,-0.856804104631519
0.9554059337124668,0.0034662922247297,-0.0388392351330252,-0.857348661175723
0.9553892998986409,0.0030773314413625,-0.0345084527371172,-0.8578351445896594
0.9553746664452584,0.0026891115827129,-0.0301761837588989,-0.8582636704512989
0.9553620219339573,0.0023015880276571,-0.0258431892734285,-0.8586343646865778
0.9553513557036852,0.0019147163767796,-0.0215102233565273,-0.8589473602420599
0.9553426578973356,0.0015284550670868,-0.0171780627296601,-0.8592027953068344
0.9553359193090964,0.0011427599555949,-0.0128474463646364,-0.8594008174080872
0.9553311314818752,0.0007575876020635,-0.0085191125040713,-0.859541580187683
0.9553282866755032,0.0003728924496879,-0.0041937672857975,-0.8596252439895509
0.9553273779184756,-1.13661783295e-05,0.000127836279211,-0.8596519740116789
0.9553283989284344,-0.0003952325216503,0.0044449929119611,-0.8596219423390112
0.9553313477390096,-0.000779101567067,0.0087609473243682,-0.8595352210096852
0.9553362295033028,-0.0011633247005322,0.013078450425116,-0.8593916995560026
0.9553430500013864,-0.0015479429273254,0.0173967567093149,-0.8591912761813917
0.9553518158104232,-0.0019330021260446,0.0217151695251907,-0.858933852994227
0.9553625341387116,-0.0023185435254629,0.0260329338685106,-0.8586193411379038
0.955375212912558,-0.0027046094726112,0.0303493009259208,-0.8582476585071614
0.95538986078925,-0.0030912430598306,0.0346635235829852,-0.8578187296576298
0.9554064871823006,-0.0034784882712448,0.0389748577275988,-0.8573324853776466
0.955425102014351,-0.0038663846514003,0.043282502756686,-0.8567888702323125
0.9554457160987094,-0.004254976198791,0.0475857003939233,-0.8561878317407261
0.9554683409117424,-0.0046443057645419,0.0518836720605273,-0.8555293273906114
0.9554929884909932,-0.0050344139548354,0.0561756068291236,-0.8548133279521514
0.9555196716383846,-0.0054253428183196,0.0604607020740289,-0.8540398119297105
0.9555484038760508,-0.0058171347957276,0.0647381516266868,-0.8532087672452925
0.955579199140408,-0.0062098288329849,0.0690071034222768,-0.8523202004625213
0.9556120725092228,-0.0066034698797752,0.0732667628452511,-0.8513741161923541
0.955647039161468,-0.0069980958186496,0.0775162507422585,-0.8503705474920353
0.9556841150481312,-0.0073937463237542,0.0817546999695209,-0.8493095368784579
0.9557233167476316,-0.0077904610042383,0.0859812352437453,-0.848191140897764
0.9557646616178104,-0.008188280868398,0.0901949887084575,-0.8470154262050738
0.9558081671629048,-0.0085872423529048,0.0943950369233369,-0.8457824879439914
0.9558538519590812,-0.0089873862777249,0.0985804958926424,-0.8444924238120312
0.9559017343080424,-0.0093887459004401,0.1027503960647109,-0.8431453724854403
0.9559518338440184,-0.0097913611234457,0.1069038313381153,-0.8417414685683046
0.9560041700337288,-0.0101952658780658,0.1110398281816233,-0.8402808851341323
0.9560587630266733,-0.0106004954640158,0.1151574225411756,-0.8387638100487821
0.9561156331794232,-0.0110070829922223,0.1192556239851357,-0.8371904594780702
0.9561748016211034,-0.0114150636285463,0.1233334592816022,-0.835561062417931
0.9562362893066626,-0.0118244680811934,0.1273899077393754,-0.8338758869883954
0.956300117133863,-0.0122353241026929,0.1314239183688878,-0.8321352370106981
0.956366307204096,-0.012647664722535,0.1354344915439516,-0.8303394176735129
0.9564348808017524,-0.0130615154638918,0.1394205546475079,-0.8284887905706319
0.9565058598632896,-0.0134769039683624,0.143381057628681,-0.826583733546355
0.9565792660088476,-0.0138938543052826,0.1473149193040605,-0.8246246666632427
0.9566551210668988,-0.0143123903670777,0.1512210614463045,-0.8226120377496123
0.956733447087428,-0.0147325360019344,0.1550984109223436,-0.8205463218378913
0.956814264814856,-0.0151543071958513,0.1589458296620149,-0.8184280608257557
0.956897595911666,-0.0155777242874715,0.1627622292433394,-0.816257804194299
0.956983461339661,-0.0160028035443677,0.1665464949516764,-0.8140361509925564
0.9570718815132618,-0.0164295584384105,0.170297500153296,-0.8117637447385928
0.9571628765501344,-0.016858001190339,0.1740141222175677,-0.8094412659327155
0.957256465969802,-0.0172881415896107,0.1776952342585279,-0.8070694387176188
0.9573526688322506,-0.0177199879305795,0.1813397154731935,-0.8046490261237004
0.9574515034180489,-0.0181535458342055,0.1849464433791208,-0.8021808368150922
0.9575529871030364,-0.0185888180511336,0.188514294914716,-0.79966572661309
0.9576571366005182,-0.0190258058156429,0.1920421601419587,-0.7971045908091796
0.9577639672578276,-0.0194645061859283,0.1955289233049536,-0.7944983796769499
0.9578734942133778,-0.0199049171168753,0.1989735058931661,-0.7918480682597824
0.9579857312215536,-0.02034703282397,0.2023748317541885,-0.7891546832192393
0.9581006906470476,-0.0207908441664037,0.2057318333835363,-0.7864193005154442
0.95821838427493,-0.0212363420419506,0.209043480109355,-0.7836430238630402
0.9583388221573887,-0.0216835131737617,0.2123087485212506,-0.7808270098507267
0.9584620136450448,-0.0221323442505237,0.2155266555202769,-0.7779724411932855
0.9585879665634012,-0.0225828190387087,0.2186962390437071,-0.7750805436426645
0.9587166877413787,-0.0230349205087861,0.2218165753066045,-0.7721525712182975
0.9588481824159676,-0.0234886288919859,0.2248867669998281,-0.7691898172979101
0.9589824550856916,-0.0239439248053394,0.227905966253263,-0.7661935927529206
0.959119508457233,-0.0244007857560703,0.2308733524190344,-0.7631652471187278
0.9592593446101872,-0.0248591902010679,0.2337881601466741,-0.7601061401041584
0.9594019646918512,-0.0253191165077837,0.2366496726657075,-0.7570176463182098
0.959547368162346,-0.0257805405970366,0.2394572078908731,-0.7539011692033047
0.9596955539830184,-0.0262434398266226,0.2422101430595606,-0.7507581129808777
0.9598465199381796,-0.0267077908190111,0.2449079013045406,-0.74758989518348
0.9600002632326634,-0.0271735713193351,0.2475499625043226,-0.7443979319675225
0.9601567803939164,-0.0276407598273388,0.2501358603397635,-0.7411836384768603
0.9603160669636226,-0.028109334645747,0.252665176454418,-0.7379484333716788
0.9604781184954392,-0.0285792767691822,0.2551375552541076,-0.734693716902335
0.9606429296471692,-0.0290505671206712,0.2575526876779947,-0.7314208880150616
0.9608104950376318,-0.0295231889577027,0.2599103225974444,-0.7281313258342721
0.9609808087499954,-0.0299971263436341,0.2622102573593571,-0.7248263984768081
0.9611538651644091,-0.0304723663666079,0.2644523469443733,-0.721507445903214
0.9613296581849442,-0.0309488968632704,0.2666364909831886,-0.7181757942057335
0.9615081821117965,-0.0314267086920489,0.2687626425102304,-0.714832738277769
0.9616894312911136,-0.0319057946274364,0.2708308005051206,-0.7114795481960923
0.9618733999959852,-0.0323861489370345,0.2728410061121716,-0.7081174709812607
0.9620600831908762,-0.0328677692559326,0.2747933483409953,-0.7047477163997785
0.9622494758800514,-0.0333506547422931,0.2766879539458058,-0.7013714689264425
0.9624415735696537,-0.0338348071534877,0.2785249896445533,-0.6979898793944803
0.96263637215742,-0.0343202304332132,0.2803046581508266,-0.6946040671904107
0.9628338681304376,-0.0348069310836791,0.2820271972720243,-0.6912151170870553
0.9630340583562074,-0.0352949175302676,0.2836928753748981,-0.6878240832172129
0.9632369403128672,-0.0357842005830438,0.2853019908985773,-0.6844319855078228
0.963442512055992,-0.0362747932465744,0.286854869533452,-0.6810398107635306
0.9636507720870404,-0.0367667103132527,0.2883518609347781,-0.67764851532206
0.963861719698423,-0.0372599690927496,0.2897933390238753,-0.674259019954352
0.9640753546341272,-0.0377545885241916,0.2911796973699274,-0.6708722160076392
0.9642916772519996,-0.0382505894875673,0.2925113484024296,-0.6674889633356176
0.9645106885563176,-0.0387479948066739,0.2937887216728076,-0.6641100904394042
0.9647323900761572,-0.0392468289093247,0.2950122613419288,-0.6607363969919566
0.9649567839495704,-0.039747117965595,0.2961824250404639,-0.6573686531522577
0.9651838728370142,-0.0402488896455143,0.2972996818558454,-0.6540076015035841
0.9654136599674548,-0.0407521731813508,0.2983645111567412,-0.6506539569687552
0.9656461491481608,-0.0412569993505373,0.2993774012673436,-0.6473084073072499
0.9658813446407076,-0.0417634001750401,0.3003388476769194,-0.6439716155129087
0.9661192512209882,-0.0422714090292513,0.3012493521981258,-0.6406442195097074
0.9663598741121692,-0.0427810604767106,0.3021094216555928,-0.6373268336622379
0.9666032190272084,-0.0432923903460649,0.3029195670854602,-0.6340200487302327
0.9668492920814258,-0.0438054355356469,0.3036803025402065,-0.6307244336024979
0.9670980998145446,-0.0443202340546848,0.3043921443670188,-0.6274405354948083
0.9673496490866844,-0.0448368248066561,0.305055610180223,-0.6241688818015653
0.9676039473001752,-0.0453552480458273,0.3056712187632085,-0.6209099776838718
0.9678610019297392,-0.0458755444210853,0.3062394882670038,-0.6176643125773981
0.968120820930386,-0.0463977558198605,0.3067609366981077,-0.6144323553334545
0.9683834124859272,-0.0469219248668906,0.3072360808048615,-0.6112145578375896
0.9686487850345636,-0.0474480949926605,0.3076654357113847,-0.6080113550286539
0.9689169473322754,-0.0479763105748541,0.3080495145910602,-0.6048231645008882
0.9691879083380782,-0.0485066167284436,0.3083888280837376,-0.601650388244112
0.9694616771990254,-0.0490390592987593,0.308683883953238,-0.5984934131184867
0.969738263098906,-0.0495736845935981,0.3089351866602335,-0.595352612850013
0.9700176755399194,-0.0501105399557551,0.3091432373808379,-0.5922283450653689
0.9702999241384692,-0.0506496733913092,0.3093085335138394,-0.5891209539283108
0.970585018549933,-0.0511911334566911,0.3094315684404575,-0.5860307711774705
0.9708729685678452,-0.0517349694793352,0.3095128313923994,-0.5829581152433881
0.9711637840352476,-0.0522812314205125,0.3095528072229548,-0.5799032924248039
0.9714574747833196,-0.0528299697948334,0.3095519762568656,-0.5768665976980304
0.9717540508652988,-0.0533812361409913,0.3095108141303163,-0.5738483124875601
0.9720535236702718,-0.0539350851028597,0.3094297911520285,-0.5708486939215905
0.9723559031780782,-0.0544915693675368,0.3093093726144119,-0.5678680028747565
0.9726611992700724,-0.0550507421627626,0.3091500188253602,-0.5649064903771178
0.9729694217214034,-0.0556126572846846,0.3089521850516477,-0.5619643977619398
0.9732805804012498,-0.056177369502575,0.3087163212924774,-0.5590419548739058
0.9735946847651444,-0.0567449336778366,0.3084428725696609,-0.55613938495135
0.9739117444266496,-0.0573154058449153,0.3081322784353177,-0.5532568993220207
0.9742317688912244,-0.0578888427680704,0.30778497305517,-0.5503947000465857
0.9745547673456444,-0.0584653016096664,0.3074013853931265,-0.5475529818425972
0.9748807487923844,-0.0590448402195277,0.3069819390546932,-0.5447319308706745
0.9752097223546284,-0.0596275177204034,0.3065270517971143,-0.5419317222032468
0.9755416964368476,-0.0602133930661249,0.3060371366068168,-0.5391525270548035
0.975876679621305,-0.0608025266793327,0.3055126004363742,-0.5363945051425527
0.97621468010388,-0.0613949795006122,0.3049538449285365,-0.5336578095240005
0.9765557058032168,-0.061990813232795,0.3043612662344592,-0.5309425856596325
0.9768997642035122,-0.0625900901185172,0.3037352552620638,-0.5282489726392156
0.9772468629041354,-0.063192873948727,0.3030761966211831,-0.5255770988961234
0.977597008682006,-0.0637992284834272,0.3023844703008988,-0.5229270895161343
0.9779502081806586,-0.0644092187058222,0.3016604503728901,-0.520299060827103
0.9783064676285832,-0.065022910387345,0.3009045054707214,-0.5176931225651321
0.9786657930709278,-0.0656403705421202,0.3001169982423983,-0.5151093761734576
0.9790281896830494,-0.066261666304248,0.2992982868058189,-0.5125479197122964
0.9793936627091138,-0.0668868665984948,0.2984487226384941,-0.5100088410837664
0.9797622165508324,-0.0675160406361403,0.297568652568603,-0.5074922244637929
0.9801338552631662,-0.0681492588258054,0.2966584176149643,-0.5049981467310387
0.9805085823717008,-0.0687865925223576,0.2957183533549539,-0.5025266786895753
0.980886400711956,-0.0694281138173958,0.2947487902930624,-0.5000778860309301
0.9812673129089446,-0.0700738964177007,0.293750052577041,-0.4976518261548475
0.9816513206030246,-0.0707240143965457,0.292722459936363,-0.4952485530957488
0.98203842516351,-0.0713785434708014,0.2916663257628104,-0.4928681128776613
0.9824286270543204,-0.0720375599946675,0.2905819587380475,-0.4905105474166125
0.9828219261447536,-0.0727011415556791,0.2894696619487048,-0.4881758924628424
0.983218321563846,-0.0733693667994395,0.2883297332219544,-0.4858641783893631
0.9836178120006664,-0.0740423160078455,0.2871624641801868,-0.483575428366614
0.9840203948508444,-0.0747200697350531,0.2859681426541222,-0.4813096631639787
0.9844260671096846,-0.0754027103877762,0.2847470500166826,-0.4790668958781406
0.984834824818284,-0.0760903213691074,0.2834994627208272,-0.4768471349924283
0.9852466632566056,-0.0767829874821744,0.2822256516435812,-0.4746503831702506
0.9856615766075868,-0.0774807944454166,0.2809258830398565,-0.4724766389171645
0.9860795582676696,-0.0781838294967491,0.2796004175023169,-0.470325894767822
0.986500600534882,-0.0788921809524294,0.2782495108475819,-0.4681981387752396
0.9869246949869932,-0.0796059389285967,0.276873412810075,-0.4660933524455519
0.987351831857368,-0.0803251943783058,0.2754723689494808,-0.4640115137280414
0.987782000350742,-0.0810500397114007,0.2740466195474664,-0.4619525952265531
0.9882151886373496,-0.0817805688756134,0.2725963995091362,-0.4599165640887359
0.9886513836658388,-0.0825168771340196,0.2711219388710466,-0.4579033827313749
0.989090571245956,-0.0832590612991172,0.2696234624098614,-0.4559130082711992
0.9895327358721888,-0.084007219531681,0.2681011901198799,-0.4539453931512865
0.9899778607953694,-0.0847614515602829,0.2665553368467557,-0.4520004846198999
0.9904259278184608,-0.0855218584359944,0.2649861128666203,-0.450078225429057
0.9908769173062608,-0.086288542650376,0.2633937237306156,-0.448178553556917
0.9913308084429128,-0.0870616086786753,0.2617783692097665,-0.4463014009337077
0.9917875785688208,-0.0878411619586483,0.2601402454997053,-0.4444466960003235
0.9922472039160182,-0.0886273102528968,0.2584795424499839,-0.4426143604592048
0.9927096586419432,-0.089420162110611,0.2567964468783469,-0.4408043129616171
0.9931749155350692,-0.0902198281860873,0.2550911398750584,-0.4390164660244654
0.9936429457660312,-0.0910264209316955,0.2533637975195635,-0.4372507268314388
0.99411371824098,-0.0918400535998643,0.2516145931060637,-0.4355069994003667
0.994587200523014,-0.0926608419511261,0.2498436935672539,-0.4337851808530799
0.9950633582983328,-0.0934889034604555,0.2480512612449913,-0.4320851632192757
0.9955421549974744,-0.0943243567820122,0.2462374551366846,-0.4304068345004999
0.9960235520724262,-0.0951673223546051,0.2444024296735844,-0.4287500773679625
0.9965075092121422,-0.0960179229129554,0.2425463336823242,-0.4271147681893446
0.9969939836448188,-0.0968762823984772,0.2406693128369042,-0.4255007791500511
0.9974829303828656,-0.097742526519527,0.2387715085233082,-0.4239079770910556
0.997974302386014,-0.0986167831806874,0.2368530569758173,-0.4223362227121268
0.9984680501220806,-0.0994991818465439,0.2349140907485332,-0.420785371720425
0.9989641217021604,-0.1003898539239517,0.2329547379563561,-0.419255274086421
0.9994624622452928,-0.1012889317631449,0.2309751245515714,-0.4177457756743881
0.9999630151719064,-0.1021965511364726,0.2289753689435901,-0.4162567139956826
1.0004657204173792,-0.103112848167117,0.2269555888358186,-0.4147879233109328
1.000970515620791,-0.1040379616292147,0.2249158962344077,-0.4133392307192547
1.0014773353666735,-0.1049720317264582,0.2228564002116621,-0.4119104580747765
1.0019861118011353,-0.1059152013863044,0.2207772041242363,-0.4105014199145754
1.0024967734707977,-0.10686761427793,0.2186784100528951,-0.4091119263760036
1.003009245978704,-0.1078294161791725,0.2165601158554419,-0.4077417809794433
1.0035234522763183,-0.1088007557067885,0.2144224136266007,-0.4063907795638755
1.004039311139571,-0.1097817816138375,0.212265395711302,-0.4050587139620403
1.0045567387192522,-0.1107726458848943,0.2100891479530028,-0.4037453675475627
1.0050756476196454,-0.1117735021792419,0.2078937531826895,-0.4024505173217659
1.0055959464523545,-0.112784505135954,0.2056792927956006,-0.4011739346189192
1.0061175407828258,-0.1138058123853834,0.2034458423957497,-0.3999153823876994
1.0066403318292891,-0.1148375822036259,0.2011934769845908,-0.3986746180067054
1.0071642174088702,-0.1158799755450674,0.198922266562339,-0.3974513906039734
1.00768909145389,-0.116933155296776,0.1966322778118541,-0.3962454418683908
1.0082148434938722,-0.1179972854281046,0.1943235759888774,-0.3950565068410887
1.0087413589665242,-0.1190725317968587,0.1919962232021823,-0.393884312780848
1.0092685192698758,-0.1201590624649915,0.1896502777722424,-0.3927285786743199
1.0097962011767938,-0.1212570467020263,0.187285796420784,-0.3915890161351315
1.010324277168113,-0.1223666558723297,0.1849028323833299,-0.3904653282621631
1.0108526149893318,-0.1234880627215057,0.1825014369735352,-0.389357210191367
1.011381077644852,-0.1246214415645087,0.1800816591960984,-0.3882643486811708
1.0119095234250008,-0.1257669685593055,0.1776435451817399,-0.3871864216445568
1.012437805771408,-0.1269248216452883,0.1751871383407773,-0.3861230980204091
1.012965772816369,-0.1280951797542452,0.172712481047692,-0.3850740382768814
1.013493267608576,-0.1292782235172454,0.1702196131421741,-0.3840388935181309
1.0140201278548964,-0.130474134919983,0.1677085726620617,-0.3830173055689235
1.0145461858843263,-0.1316830974500501,0.1651793955311901,-0.3820089066095758
1.0150712683444785,-0.1329052956326448,0.1626321165238319,-0.3810133193200152
1.0155951963748873,-0.1341409156654634,0.1600667679269737,-0.3800301561057755
1.0161177852994183,-0.135390144952092,0.1574833805044969,-0.3790590192411437
1.016638844500335,-0.1366531720450952,0.1548819835946061,-0.3780995006519516
1.0171581769279017,-0.1379301856863897,0.1522626070501537,-0.3771511823553841
1.0176755799096189,-0.139221377033942,0.1496252766327822,-0.3762136345184786
1.0181908440756011,-0.1405269372888364,0.1469700188559615,-0.3752864169642518
1.0187037537519603,-0.14184705891396,0.1442968584453478,-0.3743690779826686
1.0192140863867978,-0.1431819344261322,0.1416058207432825,-0.3734611548883729
1.019721613200829,-0.1445317583585198,0.1388969276988668,-0.3725621723850586
1.0202260980916,-0.1458967246690574,0.136170203041279,-0.3716716440339955
1.020727297988673,-0.1472770279127379,0.1334256698428694,-0.3707890711306231
1.021224963034285,-0.1486728640570218,0.1306633488512094,-0.369913941898493
1.0217188355809423,-0.15008442798882,0.1278832633680028,-0.3690457327551842
1.0222086510177513,-0.151511916120872,0.1250854340158583,-0.3681839063536066
1.022694136972457,-0.152955524448648,0.1222698825060716,-0.3673279124728276
1.023175013349637,-0.1544154489430539,0.1194366307736316,-0.3664771874317365
1.0236509920675716,-0.1558918850633222,0.1165857018304159,-0.3656311540283435
1.0241217772192408,-0.1573850285801941,0.1137171180802487,-0.3647892207188999
1.0245870648158717,-0.1588950751618531,0.1108309020428126,-0.363950781521595
1.025046542339817,-0.1604222192796785,0.107927078345411,-0.3631152162637578
1.0254998890499571,-0.1619666555661304,0.1050056710258949,-0.3622818894620512
1.0259467753724438,-0.1635285771697201,0.1020667065545421,-0.3614501508492724
1.0263868631263071,-0.1651081769065184,0.0991102115406535,-0.3606193343668256
1.0268198051272994,-0.166705646307515,0.0961362144182007,-0.3597887582859903
1.0272452450998688,-0.1683211757179732,0.0931447451355704,-0.3589577247507359
1.0276628175934712,-0.1699549544661765,0.0901358347280028,-0.358125519283562
1.0280721477104418,-0.1716071703304606,0.0871095161865935,-0.3572914106409478
1.0284728510864345,-0.1732780100132648,0.084065823470857,-0.3564546501432479
1.0288645334798927,-0.1749676580458127,0.0810047933904386,-0.355614471782475
1.029246790617259,-0.1766762966687516,0.0779264656733258,-0.3547700918152737
1.029619208345756,-0.1784041071947944,0.0748308803852884,-0.353920707617424
1.0299813619891005,-0.1801512678433381,0.0717180817056323,-0.3530654982655701
1.0303328165434702,-0.1819179554087693,0.0685881148072152,-0.3522036232085976
1.0306731261581286,-0.1837043436172873,0.065441028660975,-0.3513342225464831
1.0310018341501914,-0.1855106041104084,0.0622768741616833,-0.3504564160014854
1.031318472511896,-0.187336904824089,0.0590957068439685,-0.349569303135609
1.031622562158944,-0.1891834125778189,0.0558975822397081,-0.3486719614961345
1.0319136122520671,-0.1910502905706213,0.0526825601433984,-0.3477634472061407
1.0321911199252638,-0.1929376979519776,0.0494507051957711,-0.3468427945182623
1.0324545702550516,-0.1948457911838454,0.0462020844113345,-0.3459090144641644
1.0327034360444431,-0.1967747246926452,0.0429367659941559,-0.3449610938028546
1.032937177023129,-0.1987246469969707,0.0396548257943017,-0.3439979961528909
1.0331552401909136,-0.2006957058621432,0.0363563384873292,-0.3430186586426577
1.033357058887219,-0.2026880435400958,0.0330413855117044,-0.3420219933917037
1.0335420527947972,-0.2047018000336045,0.0297100495063936,-0.3410068849708719
1.033709627193118,-0.206737109507676,0.0263624201858232,-0.3399721912236548
1.0338591729932638,-0.2087941057181043,0.0229985853185438,-0.3389167394663153
1.033990065759284,-0.2108729161030766,0.0196186404045956,-0.3378393283570803
1.0341016654779196,-0.2129736651271809,0.0162226831174183,-0.3367387249919995
1.034193315906585,-0.2150964729439128,0.0128108154486322,-0.3356136642957103
1.034264344025453,-0.2172414567143654,0.0093831415580498,-0.3344628469258308
1.0343140593257487,-0.219408730288373,0.0059397683033169,-0.3332849379088607
1.0343417530536487,-0.2215984034098807,0.0024808065134721,-0.3320785654273155
1.034346697430142,-0.2238105837945724,-0.0009936322664269,-0.330842317891407
1.0343281447103954,-0.2260453761717057,-0.0044834341783122,-0.3295747424935018
1.0342852810001255,-0.2283047394251325,-0.0079913581370571,-0.3282732648206062
1.0342172342772566,-0.230589360529274,-0.0115181414044422,-0.3269359426873435
1.034123104232758,-0.2328994377784189,-0.015063755191335,-0.3255610481527332
1.034001958861993,-0.2352351734031778,-0.0186281757748046,-0.3241467864343322
1.033852832541935,-0.2375967712085908,-0.0222113805509974,-0.3226912932500845
1.0336747243662798,-0.2399844308831779,-0.0258133391898148,-0.3211926340459657
1.0334665950244737,-0.2423983604534222,-0.0294340322065047,-0.3196487915136389
1.033227364805308,-0.2448387675476107,-0.033073437359047,-0.3180576657029303
1.0329559104804145,-0.2473058636403764,-0.0367315356709336,-0.316417065550599
1.0326510618173026,-0.2497998668040983,-0.0404083150211538,-0.3147247005331942
1.0323115981520183,-0.252321000499612,-0.0441037677856432,-0.3129781742032976
1.0319362438851227,-0.2548694977872466,-0.0478178963959152,-0.3111749732051788
1.0315236639982004,-0.2574456012044233,-0.0515507124020544,-0.3093124582255667
1.0310724575985888,-0.2600495712295713,-0.0553022478530272,-0.3073878475575873
1.0305811522569512,-0.2626816845490424,-0.0590725516665432,-0.3053982064830008
1.0300481963516468,-0.2653422397624223,-0.0628616966222189,-0.3033404296739646
1.0294719500491774,-0.2680315640436432,-0.0666697873933779,-0.3012112206820787
1.028850675475422,-0.2707500174286008,-0.0704969648885131,-0.2990070708080653
1.0281825236868545,-0.2734980045960994,-0.0743434208063041,-0.2967242290155408
1.0274655211159809,-0.2762759804252827,-0.0782094029418495,-0.2943586732031942
1.0266975531910725,-0.2790844589505042,-0.0820952248645259,-0.2919060746719782
1.0258763421493753,-0.2819240335608657,-0.0860012905302893,-0.2893617475066093
1.0249994219898388,-0.2847953937924145,-0.0899281132087994,-0.2867205938075636
1.0240641086890867,-0.2876993439504726,-0.0938763360037465,-0.2839770391200809
1.0230674617331836,-0.2906368324473378,-0.0978467658176277,-0.2811249475483615
1.022006240581718,-0.2936089760944965,-0.1018403990192675,-0.2781575286069906
1.0208768423562773,-0.2966171137352704,-0.1058584848470245,-0.2750671984661522
1.0196752358335237,-0.2996628387130474,-0.1099025579943735,-0.2718454403718252
1.0183968736475824,-0.302748054708334,-0.1139745000671628,-0.2684826149621357
1.0170365846480052,-0.3058750374240374,-0.1180766055692822,-0.2649677293790636
1.015588455071091,-0.3090464739922696,-0.1222116153500925,-0.2612881888005641
1.0140457087691257,-0.3122654567460394,-0.1263826883525294,-0.2574295542742387
1.0124006278651831,-0.3155353549374253,-0.1305932158623698,-0.2533754038215414
1.010644649199753,-0.3188593432889946,-0.1348462029506661,-0.2491076104045687
1.0087689518116183,-0.3222391414824678,-0.1391426719339406,-0.2446077495683014
1.0067662226103418,-0.325672099171762,-0.1434780456550936,-0.2398611668618867
1.0046347717458295,-0.3291454126691956,-0.1478350939274679,-0.2348662532070919
1.0023851689588352,-0.3326284253250247,-0.152174800785044,-0.2296490229407429
1.0000442018499738,-0.3360715231556814,-0.1564357588328047,-0.2242709334383383
0.9976468148295896,-0.339422418676388,-0.1605548900668069,-0.2188094233081206
0.9952209360976304,-0.3426473974085842,-0.1644933448348337,-0.2133237276691779
0.9927815711284338,-0.3457350146434533,-0.1682401495912027,-0.2078428670320008
0.9903344827553496,-0.3486870664372398,-0.1718004532332148,-0.2023750728037461
0.9878809894628996,-0.3515103710527245,-0.1751852160681298,-0.196919044399935
0.985420751094344,-0.3542126810950549,-0.1784061950939752,-0.1914702745376804
0.9829530057374204,-0.3568011655752969,-0.1814741437587667,-0.1860237598365931
0.9804770472848048,-0.3592820043457349,-0.1843983775306275,-0.1805749853891188
0.9779923807830344,-0.3616603905605154,-0.1871868273051366,-0.1751201979188678
0.975498752323639,-0.3639406563232059,-0.189846231276706,-0.1696564142242094
0.972996132810748,-0.3661264194532074,-0.192382342799131,-0.164181340693061
0.9704846850608824,-0.3682207195821614,-0.1948001177465305,-0.1586932667482396
0.9679647326329084,-0.3702261297562927,-0.1971038668042211,-0.1531909702432459
0.9654367289229964,-0.3721448491567412,-0.1992973807079987,-0.1476736296157851
0.96290123162988,-0.3739787764858298,-0.2013840291340785,-0.1421407524201971
0.9603588820918516,-0.3757295680182826,-0.2033668388528834,-0.1365921179777934
0.9578103841276974,-0.3773986866335317,-0.2052485590879359,-0.1310277215688604
0.9552564921566696,-0.3789874370909104,-0.2070317093061968,-0.1254477408573842
0.952697997220058,-0.3804969971778759,-0.2087186208183453,-0.1198524992471272
0.950135714679324,-0.3819284429197258,-0.210311470439036,-0.1142424340339696
0.9475704766034148,-0.3832827672501993,-0.2118123058390706,-0.1086180756776308
0.9450031268766572,-0.3845608945272499,-0.2132230655028187,-0.1029800337288954
0.9424345108017692,-0.385763695500725,-0.2145455985337147,-0.0973289711995627
0.9398654731450083,-0.3868919959277026,-0.2157816769071424,-0.0916655978459206
0.9372968507889388,-0.3879465862395159,-0.2169330084628785,-0.0859906519050127
0.9347294729204512,-0.3889282265666517,-0.2180012444592252,-0.0803048986736664
0.9321641547341812,-0.3898376535031804,-0.218987988747749,-0.0746091149660536
0.9296016950787074,-0.3906755841693968,-0.2198948037567034,-0.0689040823811371
0.9270428770623386,-0.3914427186981736,-0.220723214579714,-0.0631905872858602
0.9244884671764896,-0.3921397429097915,-0.221474713114071,-0.0574694176539333
0.9219392068272309,-0.3927673323550616,-0.2221507635316189,-0.0517413429184248
0.9193958192263136,-0.3933261516197835,-0.2227528025295324,-0.0460071282360721
0.9168590058357716,-0.3938168564183997,-0.2232822424992909,-0.0402675254680855
0.9143294451432278,-0.3942400945942031,-0.2237404734379821,-0.0345232693655784
0.9118077909073952,-0.3945965068443176,-0.2241288645038439,-0.0287750725331945
0.9092946759851458,-0.3948867264628317,-0.2244487644533181,-0.0230236331328926
0.9067907114661626,-0.3951113799102113,-0.2247015029173137,-0.0172696320214966
0.9042964828446408,-0.3952710872799414,-0.224888391548453,-0.0115137230165697
0.90181255595351,-0.3953664618151814,-0.2250107240671473,-0.0057565456248326
0.8993394707299952,-0.3953981102328557,-0.2250697772149829,1.2902539443e-06
0.8968777466431831,-0.3953666322881891,-0.2250668107906255,0.005759192672458
0.8944255911107604,-0.3952725034786375,-0.2250029802637639,0.0115219868649899
0.8919812983086515,-0.3951159653175581,-0.2248792074763362,0.0172943705228017
0.889545482496065,-0.3948972664591512,-0.2246963932096352,0.0230756022858858
0.8871187534941973,-0.3946166638219321,-0.2244554445549595,0.0288649254634469
0.8847017127800847,-0.3942744231569158,-0.2241572755089731,0.0346615767273868
0.8822949508076654,-0.3938708192374144,-0.2238028071585799,0.0404647920844424
0.8798990489000761,-0.3934061365817887,-0.2233929682862921,0.0462738019114477
0.877514577967092,-0.3928806697408684,-0.2229286955608106,0.0520878335716842
0.8751420982199117,-0.3922947236520519,-0.222410933747353,0.0579061116537389
0.8727821589842151,-0.3916486139866183,-0.2218406358776227,0.0637278579657928
0.8704352969980438,-0.390942667002031,-0.2212187629507342,0.069552295294429
0.8681020357119177,-0.3901772194698303,-0.2205462836749967,0.0753786487886427
0.8657828874437369,-0.3893526195495029,-0.2198241750142798,0.0812061402027868
0.8634783486327402,-0.3884692252861327,-0.2190534206252071,0.0870339994305679
0.8611889037029011,-0.3875274059826643,-0.2182350117944859,0.0928614545098417
0.8589150221794752,-0.3865275411629582,-0.217369946245833,0.0986877385877883
0.8566571593028796,-0.385470020735028,-0.2164592279798528,0.1045120881262283
0.8544157546205225,-0.3843552442223182,-0.2155038662928701,0.1103337463196897
0.8521912310499589,-0.3831836199986326,-0.2145048747984254,0.1161519654381196
0.8499839983564322,-0.3819555668661126,-0.2134632724322925,0.1219659976229705
0.8477944480923996,-0.3806715111091712,-0.2123800805891192,0.1277751080419783
0.8456229555735201,-0.3793318870658509,-0.2112563232641547,0.1335785697712211
0.8434698802558842,-0.3779371369737818,-0.2100930265580292,0.1393756627995713
0.841335565503535,-0.376487710439289,-0.2088912178561419,0.1451656746765836
0.8392203364103439,-0.3749840624224898,-0.2076519237861153,0.1509479065585835
0.8371245009660193,-0.3734266533077829,-0.2063761699215016,0.1567216703206023
0.835048349645141,-0.3718159479059822,-0.205064979600019,0.162486289962474
0.8329921572082943,-0.3701524161551447,-0.2037193741257547,0.1682410969008681
0.8309561801849814,-0.3684365304223477,-0.2023403702103099,0.1739854372999717
0.8289406565797133,-0.3666687642279576,-0.2009289786146623,0.179718673448194
0.8269458083544476,-0.3648495934188191,-0.1994862047524487,0.1854401772452169
0.8249718412570367,-0.3629794952327903,-0.1980130475854397,0.1911493311053547
0.8230189430283253,-0.3610589456385131,-0.1965104971891874,0.196845533691631
0.8210872831396799,-0.3590884177961432,-0.1949795332584002,0.2025282014609045
0.8191770145579303,-0.3570683825462795,-0.1934211252082424,0.2081967642846893
0.8172882755124669,-0.3549993092018664,-0.1918362324774298,0.2138506608682774
0.8154211838498902,-0.352881658105846,-0.1902257985520241,0.2194893564453347
0.8135758447982352,-0.3507158877620772,-0.1885907561845066,0.2251123204178328
0.8117523455617169,-0.34850244744626,-0.1869320215220084,0.2307190434868232
0.8099507577018525,-0.3462417783302846,-0.1852504947765402,0.2363090314880374
0.8081711389796354,-0.3439343143491863,-0.183547060655712,0.2418818006115817
0.8064135273248292,-0.3415804726978383,-0.1818225811826835,0.2474368973825054
0.8046779507088255,-0.3391806649606237,-0.1800779037656263,0.252973868824796
0.802964419344074,-0.3367352850662481,-0.1783138522258515,0.2584922881352969
0.8012729301973129,-0.3342447134252607,-0.1765312297561051,0.2639917416349355
0.7996034644647965,-0.33170931126944,-0.1747308147949192,0.2694718381983876
0.7979559910415264,-0.3291294236382183,-0.1729133631450829,0.2749321992932196
0.7963304644395384,-0.3265053740718561,-0.1710796042034287,0.2803724671184542
0.7947268263790768,-0.3238374647095847,-0.1692302410853523,0.2857923007688472
0.7931450064185485,-0.3211259749786535,-0.1673659497637005,0.2911913754799898
0.791584919566932,-0.3183711548574985,-0.1654873745484563,0.2965693922941751
0.7900464713060777,-0.315573230825393,-0.1635951323177613,0.3019260623901031
0.7885295519970069,-0.3127323929997067,-0.1616898039615299,0.3072611279876288
0.787034043631732,-0.3098488043291344,-0.1597719408410833,0.3125743404551611
0.7855598141536054,-0.3069225867292882,-0.1578420557706803,0.3178654819093119
0.7841067223095267,-0.3039538268035421,-0.1559006271867446,0.3231343497698701
0.7826746155853332,-0.3009425681798543,-0.1539480944515698,0.3283807658113949
0.7812633310518001,-0.2978888091570617,-0.1519848567738076,0.3336045749457952
0.7798726974123333,-0.2947925029941796,-0.1500112738427498,0.3388056393956255
0.7785025297010997,-0.2916535415101413,-0.1480276559062688,0.3439838604050724
0.7771526381522885,-0.2884717700306708,-0.1460342738871032,0.3491391469055593
0.7758228209413427,-0.285246965738607,-0.1440313463229133,0.3542714447257418
0.7745128694414483,-0.2819788442106716,-0.1420190442223925,0.3593807185825095
0.7732225674874491,-0.2786670519848022,-0.1399974871472025,0.3644669566243085
0.7719516892018516,-0.2753111543691196,-0.1379667365834106,0.3695301810001983
0.7707000053666995,-0.2719106451222033,-0.1359268026686279,0.3745704244803037
0.7694672801067808,-0.2684649308765891,-0.1338776355586272,0.3795877451625207
0.7682532732023486,-0.2649733296526716,-0.1318191254370102,0.384582218826659
0.7670577426157105,-0.2614350702682972,-0.129751102964557,0.3895539298555069
0.7658804460135782,-0.257849289021202,-0.1276733380353062,0.3945029657749423
0.7647211463180502,-0.2542150390376759,-0.1255855457281827,0.3994293942019528
0.7635796118006883,-0.2505312838313165,-0.1234873828685649,0.4043332618363692
0.7624556253928759,-0.2467969210649983,-0.121378461597314,0.409214553159834
0.7613489932097431,-0.2430108081432957,-0.1192583631065749,0.414073149907441
0.7602595528410799,-0.2391717916124086,-0.117126652603801,0.4189087889893524
0.7591871925355,-0.2352787817986152,-0.1149829181392724,0.4237209686304116
0.7581318689369652,-0.2313308351162014,-0.1128268114936545,0.4285088551304348
0.7570936353504812,-0.2273272916273353,-0.1106581167079246,0.4332711352834347
0.7560726772311755,-0.2232679655970572,-0.1084768435734396,0.4380058259259308
0.7550693526276074,-0.2191533896410638,-0.1062833451830437,0.4427100484320256
0.7540842429131408,-0.2149851450585843,-0.1040784757053936,0.4473797406546855
0.7531181974590743,-0.2107662222546022,-0.1018637573960211,0.4520093811376406
0.7521723711187042,-0.2065014085093388,-0.0996415557093313,0.4565917333391927
0.7512482216830391,-0.202197548641912,-0.0974151835473004,0.4611177746889259
0.7503474565605543,-0.1978635898012285,-0.0951888939856504,0.4655768798215531
0.7494719072681998,-0.1935102459666611,-0.0929676843512096,0.4699573860708124
0.7486233433556178,-0.1891492507591664,-0.0907569049716147,0.4742475103761769
0.747803267293868,-0.1847923307277561,-0.088561746784761,0.4784364271682561
0.747012747568069,-0.1804501681169569,-0.0863867448682639,0.4825152160041133
0.746252332718239,-0.1761316216778126,-0.0842354271865305,0.4864774381895219
0.7455220601975627,-0.1718433755835142,-0.0821101836447932,0.4903192364706356
0.7448215333956271,-0.1675899730701631,-0.0800123238770294,0.494039063892279
0.7441500287663155,-0.1633740907213869,-0.0779422460657353,0.4976372221832843
0.7435066077850759,-0.1591969402993134,-0.0758996586176972,0.501115337368545
0.742890208715781,-0.1550586477170842,-0.0738837812580645,0.5044759096455714
0.742299718517939,-0.1509585932605495,-0.0718935198089737,0.5077219441666637
0.7417340210679056,-0.1468956644781414,-0.069927593109363,0.5108566920292514
0.7411920293124016,-0.1428684487996171,-0.0679846272080351,0.5138834674456678
0.740672703716832,-0.1388753631547971,-0.0660632169224422,0.5168055335502889
0.7401750635154669,-0.1349147532717362,-0.0641619715410703,0.5196260244936789
0.7396981906883217,-0.1309849517763091,-0.0622795400624013,0.5223479067096201
0.7392412304162086,-0.1270843155394,-0.0604146262535935,0.5249739599812784
0.7388033893804733,-0.1232112484984799,-0.0585659967480348,0.527506771431557
0.7383839339113668,-0.119364224607498,-0.0567324893033419,0.5299487313341443
0.7379821851953832,-0.1155417839148221,-0.0549130084091911,0.5323020471718866
0.7375975163639629,-0.1117425431126075,-0.0531065280099617,0.5345687481427609
0.7372293486663326,-0.1079651957271581,-0.051312089486506,0.5367506962238235
0.7368771475645012,-0.1042085083656601,-0.0495287979641994,0.5388495989561966
0.7365404193101341,-0.1004713185729755,-0.0477558195702707,0.5408670205472601
0.736218707927475,-0.0967525342532042,-0.0459923795942509,0.5428043915831161
0.7359115922419345,-0.0930511310145721,-0.0442377598052811,0.5446630194002405
0.7356186821932915,-0.0893661372796255,-0.0424912900974507,0.5464441036986247
0.7353396178616839,-0.0856966496234596,-0.0407523545704152,0.5481487364974057
0.7350740656933036,-0.0820418111332167,-0.0390203801725066,0.5497779197662402
0.7348217173160743,-0.078400819730675,-0.0372948396210806,0.551332567941594
0.7345822877372871,-0.0747729278096892,-0.0355752502697153,0.5528135147024874
0.7343555125546058,-0.0711574239757017,-0.0338611645431612,0.5542215263832884
0.734141146958188,-0.0675536380770625,-0.0321521714485891,0.555557304805946
0.7339389648429496,-0.0639609486799435,-0.0304478992808551,0.5568214897452968
0.7337487563202596,-0.060378760897017,-0.0287480042896197,0.5580146717465844
0.7335703274887234,-0.0568065209326691,-0.027052176774991,0.559137391170213
0.7334034985100717,-0.0532436980597792,-0.0253601317399912,0.5601901481217408
0.7332481032710981,-0.0496897950479369,-0.0236716130494275,0.561173402676774
0.7331039880424217,-0.0461443367901246,-0.0219863872387617,0.5620875816355001
0.7329710108151907,-0.0426068708132355,-0.0203042429609022,0.5629330812034005
0.7328490405205756,-0.0390769634695256,-0.0186249883755255,0.5637102705807868
0.7327379566111774,-0.0355542048132416,-0.0169484526636225,0.564419493397597
0.7326376479843718,-0.0320381913038077,-0.015274476983108,0.5650610734803664
0.732548012946279,-0.0285285377451942,-0.0136029193269098,0.5656353140989739
0.7324689585711666,-0.0250248695647147,-0.0119336500195889,0.5661425011694091
0.7324004002435808,-0.0215268163150005,-0.0102665477845809,0.5665829053857282
0.7323422615282004,-0.0180340178315596,-0.008601501836811,0.5669567823270888
0.7322944737809933,-0.0145461165857737,-0.0069384073951605,0.5672643742948951
0.7322569760216289,-0.0110627616522512,-0.0052771667292902,0.5675059105359322
0.7322297146760011,-0.00758360055189,-0.0036176844267967,0.5676816083597158
0.732212643515467,-0.0041082818076177,-0.0019598677715257,0.5677916730440326
0.7322057235633215,-0.00063645064856,-0.0003036238603498,0.5678362980026044
0.732205553407369,2.8574202899644963e-11,-3.517545141881046e-12,0.5678373953607541
