2.93260450667688
0.6855830466489222,1.1784345036097348e-22,2.1901524871971043e-13,0.670381095388131
0.6855838965180362,0.0024221835925744,0.0004704329677109,0.6703691205952966
0.6855885072157398,0.0061394027508675,0.0011925314153036,0.6703041669166201
0.6855971267459443,0.009857474123935,0.0019151750328703,0.6701827917925239
0.6856097637607959,0.0135766440717692,0.0026386428815273,0.6700049704646363
0.6856264301780308,0.017297136680747,0.0033632114423625,0.6697706776014569
0.6856471412306819,0.021019177458394,0.0040891598037513,0.669479886882023
0.6856719155015651,0.0247429925408304,0.0048167700880829,0.6691325708665855
0.6857007750374703,0.0284688172698426,0.0055463297082911,0.6687286998259412
0.6857337453362496,0.0321968844406412,0.0062781296479399,0.6682682424313299
0.6857708555020668,0.0359274352218058,0.0070124671699205,0.6677511641710521
0.6858121383841559,0.039660721750227,0.0077496469083147,0.6671774260960794
0.6858576305739368,0.0433969965656207,0.0084899793560961,0.6665469856291348
0.6859073726526921,0.0471365246167678,0.0092337838004452,0.6658597939886935
0.6859614093895362,0.050879585941896,0.0099813894407537,0.6651157944340507
0.6860197896962115,0.0546264615254601,0.0107331331379947,0.6643149239746209
0.6860825670304256,0.0583774501008895,0.0114893633354785,0.6634571090240107
0.6861497995541356,0.0621328648048212,0.0122504399816157,0.6625422645905772
0.686221550198292,0.0658930256378693,0.0130167335780313,0.6615702948707042
0.6862978870895794,0.0696582712467701,0.013788628146838,0.6605410890771677
0.6863788836391822,0.0734289509754963,0.0145665202024732,0.6594545220384508
0.6864646189588298,0.0772054328059529,0.0153508209764179,0.658310450563644
0.6865551780992184,0.0809881010610512,0.0161419565651604,0.6571087124218897
0.6866506521889605,0.0847773502556634,0.01694036725318,0.6558491268261586
0.6867511388714512,0.0885735910170694,0.0177465093570069,0.6545314911721618
0.6868567427689938,0.0923772547223592,0.0185608568601255,0.6531555777194858
0.6869675757732995,0.0961887903729322,0.0193839014296995,0.6517211328356901
0.6870837574756323,0.1000086660209785,0.0202161534140248,0.6502278746932181
0.6872054153753546,0.1038373622674893,0.0210581411251013,0.6486754941036943
0.6873326854887976,0.1076753784152844,0.0219104128831476,0.6470636504998316
0.6874657128410373,0.1115232330844673,0.0227735379129346,0.6453919698127061
0.6876046519700475,0.1153814641983078,0.0236481071328291,0.6436600425669391
0.6877496674792074,0.1192506293814031,0.0245347340693291,0.6418674217645747
0.6879009347939425,0.1231313105163141,0.0254340567803698,0.640013618696334
0.6880586404758893,0.1270241056321318,0.0263467369030982,0.6380981046592182
0.6882229830109435,0.1309296326265211,0.0272734614335007,0.6361203072658315
0.6883941738351785,0.1348485365590196,0.0282149454722117,0.6340796045126824
0.6885724380599465,0.1387814878055568,0.0291719329148555,0.631975323137236
0.6887580152377366,0.1427291802722109,0.0301451971829434,0.6298067370549467
0.6889511605432792,0.1466923371379668,0.0311355438745794,0.6275730615989561
0.6891521456032758,0.1506717073067849,0.0321438112288857,0.6252734526415554
0.6893612601750718,0.154668077146691,0.0331708745463524,0.6229069967876008
0.6895788131064536,0.1586822653580082,0.0342176465216383,0.6204727108326709
0.6898051339415214,0.16271512855378,0.0352850804141228,0.6179695348415201
0.6900405745701175,0.1667675647668003,0.0363741728930112,0.6153963259718326
0.6902855112730609,0.1708405208658569,0.0374859681637106,0.6127518493064634
0.6905403466064818,0.1749349939206004,0.0386215607300786,0.6100347719633882
0.6908055117742153,0.1790520374943102,0.0397820997490843,0.6072436535441944
0.6910814691532611,0.1831927665179311,0.0409687933214379,0.6043769368381893
0.6913687161788439,0.1873583779010565,0.0421829177429289,0.6014329266433338
0.6916677881481657,0.1915501491717128,0.0434258210316982,0.5984097825377819
0.6919792619672644,0.1957694464685332,0.0446989295381485,0.5953055045024297
0.6923037616070686,0.2000177492091054,0.0460037602771608,0.5921179048408762
0.6926419628946131,0.2042966573760329,0.0473419289461674,0.5888445909162495
0.6929946003260703,0.2086079167182006,0.0487151643804779,0.5854829326088816
0.6933624744987997,0.2129534405712449,0.0501253232894069,0.5820300296065025
0.693746460212747,0.2173353283322198,0.0515744052749689,0.5784826786930443
0.6941475188639309,0.2217559192326851,0.0530645812700131,0.5748373090450878
0.6945667095600406,0.2262178131660839,0.0545982135048972,0.5710899393796981
0.6950052050539208,0.23072392538229,0.05617788937074,0.5672361024837314
0.6954643112729948,0.2352775527715156,0.0578064630240509,0.5632707526474975
0.6959454892345767,0.2398824340223751,0.0594870991910749,0.559188170003839
0.696450384383345,0.2445428464364054,0.0612233354423432,0.5549818227575928
0.6969808595129223,0.2492636917189738,0.0630191471867839,0.5506442264081282
0.6975390390412964,0.2540506319029467,0.0648790395906443,0.5461667421974572
0.6981273569724301,0.2589101923353271,0.0668081369878647,0.5415393870051896
0.6987486115057298,0.2638498520561019,0.0688122774469491,0.5367506363900103
0.6994060159105318,0.2688780347976766,0.070898076665299,0.5317873059887062
0.7001032206662011,0.274003833490254,0.0730728843109022,0.5266346901781322
0.7008442294585847,0.2792359952794059,0.0753444072910719,0.5212774790388552
0.7016330619909433,0.2845804034195094,0.0777196008757062,0.5157023589531832
0.7024728340539048,0.2900344449902537,0.0802019615177302,0.5099042503929153
0.7033638800610282,0.2955770554038239,0.082786378135975,0.5038979994648466
0.7043013212629194,0.3011584210157403,0.0854530634095969,0.4977318136139412
0.705274659468764,0.3067042874555005,0.0881678957037082,0.4914855824997208
0.706271834479618,0.3121437240492228,0.0908949239234955,0.4852415465580756
0.7072842242591804,0.317435031915549,0.0936099563768061,0.4790534581730046
0.7083078528187009,0.3225664275078594,0.0963026695653714,0.4729426055713302
0.7093418389893196,0.3275431179238068,0.098971379153936,0.4669104063659252
0.7103867506023809,0.3323766351187052,0.1016181281288804,0.4609498876752289
0.7114436618000639,0.3370794982387085,0.1042460309573343,0.4550517980532388
0.7125137464503459,0.3416632529706388,0.1068581942893411,0.4492070486174178
0.7135981142352941,0.3461379073593045,0.1094573260876339,0.4434075682745106
0.7146977670951775,0.3505119637031046,0.1120456657153351,0.4376464316083051
0.7158135896057947,0.3547925831895779,0.1146249990363195,0.4319177990877526
0.7169463643290723,0.3589858194059763,0.1171967285783414,0.4262167394271538
0.7180967803483983,0.3630967913661978,0.1197619219701202,0.420539105084781
0.7192654508260536,0.3671298616453541,0.1223213756434569,0.414881377917679
0.7204529192540323,0.3710887499238653,0.1248756485085159,0.4092405845783242
0.7216596762127481,0.3749766639700351,0.1274251148002894,0.4036141720456691
0.7228861624460423,0.3787963686276571,0.1299699838739464,0.3979999581453347
0.7241327786918637,0.382550265893454,0.1325103321104294,0.3923960567883401
0.7253998882127394,0.386240442490586,0.135046117482187,0.3868008426216036
0.7266878224929756,0.3898687202815973,0.1375771991832593,0.381212905390525
0.7279968855737109,0.3934366961717043,0.1401033529709835,0.3756310144431532
0.7293273566862444,0.3969457723281834,0.1426242820213183,0.3700540936558326
0.7306794911789295,0.4003971783577611,0.1451396237783018,0.3644812056385034
0.7320535257834712,0.4037920015579312,0.1476489641958124,0.3589115198870313
0.7334496747265786,0.4071311914240594,0.1501518344244435,0.3533443200996236
0.7348681365719452,0.4104155890144071,0.1526477267836399,0.3477789689273985
0.7363090936407507,0.4136459356368195,0.1551360965070689,0.3422149043910767
0.7377727111485995,0.4168228802325235,0.1576163629830246,0.3366516376379224
0.7392591398902307,0.4199469935884689,0.1600879168682285,0.331088737677053
0.7407685158506049,0.4230187745416138,0.1625501216021926,0.3255258286981251
0.7423009618513581,0.426038659647827,0.1650023181137014,0.3199625802669856
0.7438565864962235,0.4290070265940198,0.1674438249265516,0.3143987079539758
0.74543548637595,0.4319242034403825,0.1698739433382048,0.3088339624902516
0.7470377424120914,0.4347904663262305,0.1722919533596126,0.3032681400608495
0.7486634270311248,0.437606056509166,0.1746971260962991,0.2977010548994728
0.7503125962391636,0.4403711697419785,0.1770887131133178,0.2921325647999435
0.751985296085202,0.4430859709383407,0.1794659573688158,0.2865625469516728
0.7536815607560492,0.4457505935523286,0.1818280914284825,0.2809909030454007
0.7554014125804819,0.4483651421963048,0.1841743385349514,0.2754175578363145
0.7571448592056196,0.4509296909562491,0.1865039098861086,0.2698424668173161
0.7589119003027535,0.4534442956542984,0.1888160146702521,0.2642655934309917
0.7607025191183098,0.4559089835203188,0.1911098497373263,0.2586869349594619
0.7625166915256857,0.458323767954806,0.1933846123213679,0.2531064929802457
0.7643543789583829,0.4606886403050765,0.1956394916878272,0.2475242947027387
0.7662155315356413,0.4630035758534943,0.1978736739835806,0.2419403823619069
0.7681000881447052,0.4652685352720073,0.2000863430151243,0.2363548123675435
0.7700079766034292,0.4674834660494184,0.2022766810727395,0.2307676543000522
0.7719391113149093,0.4696483010287995,0.2044438669168195,0.2251789972120747
0.773893395354918,0.4717629621193457,0.2065870788992856,0.2195889429076065
0.7758707212056644,0.4738273620456621,0.2087054963012163,0.2139976035079951
0.7778709688266174,0.4758414032353372,0.210798297781925,0.2084051066044792
0.7798940058016587,0.4778049790477703,0.2128646621879972,0.2028115943792308
0.781939689655231,0.4797179768916202,0.2149037714494575,0.197217216905331
0.7840078653440277,0.4815802765407691,0.2169148084807588,0.1916221388784801
0.7860983664570113,0.4833917520753363,0.2188969589001609,0.1860265360659089
0.7882110149469935,0.4851522723310037,0.2208494112149406,0.1804305958653527
0.7903456219209435,0.4868617021929139,0.222771357968009,0.1748345150855568
0.792501986427226,0.4885199021939327,0.2246619950231894,0.169238503049584
0.7946798962872592,0.4901267297881993,0.2265205227273345,0.1636427793023543
0.7968791273744628,0.4916820393640237,0.2283461456699311,0.1580475753999096
0.7990994455026639,0.493185684089572,0.2301380746055467,0.1524531300669926
0.8013406050147655,0.4946375153106964,0.2318955255543711,0.1468596928401114
0.8036023487821701,0.4960373830340601,0.2336177201450112,0.1412675240468434
0.805884407594629,0.4973851360391318,0.2353038855034058,0.1356768962860819
0.8081865032078266,0.4986806240816701,0.2369532567939684,0.1300880870012404
0.8105083483337404,0.4999236979856352,0.2385650772565559,0.1245013787832514
0.8128496416092874,0.5011142072527738,0.2401385949225173,0.1189170715889405
0.8152100722550278,0.5022520030114979,0.2416730661838481,0.1133354715237739
0.8175893201795963,0.5033369381973243,0.2431677559301484,0.1077568908390112
0.8199870536995958,0.5043688667239086,0.2446219362501138,0.1021816534555245
0.8224029317699463,0.5053476447711768,0.2460348880165853,0.0966100898632629
0.8248366031107779,0.5062731305921704,0.2474059004651181,0.0910425393452486
0.8272877075147604,0.5071451852007572,0.2487342720428788,0.0854793471709104
0.8297558755727312,0.5079636723653266,0.2500193102832004,0.0799208654723774
0.8322407259118867,0.5087284579118797,0.2512603305003761,0.0743674596206387
0.8347418696156267,0.5094394113775046,0.2524566581946191,0.0688194984483682
0.8372589111740205,0.5100964061792436,0.2536076293483706,0.063277352520228
0.8397914414891816,0.5106993178646952,0.2547125872238455,0.0577414097796988
0.8423390457337165,0.5112480263571777,0.2557708860565446,0.0522120584054469
0.8449013006747675,0.5117424152223653,0.2567818897190279,0.0466896930165398
0.8474777726796081,0.5121823714167206,0.2577449709715225,0.0411747191626015
0.8500680210387063,0.5125677860388222,0.2586595127863471,0.0356675463646663
0.8526715979100125,0.512898554257956,0.2595249081746207,0.0301685885451653
0.8552880487914813,0.5131745753120062,0.2603405601838361,0.0246782633309727
0.8579169080939764,0.5133957520959507,0.2611058804655725,0.0191970015611262
0.8605577055565663,0.5135619918908506,0.2618202912161445,0.0137252340387751
0.8632099629159405,0.5136732059802314,0.2624832239928621,0.0082633987788722
0.8658731959416543,0.513729309754767,0.2630941201215881,0.002811937034335
0.868546910254266,0.5137302226337441,0.2636524296226712,-0.0026286979279664
0.871230608003678,0.5136758681811163,0.2641576125894678,-0.0080580542697455
0.873929128474557,0.513565901658653,0.2646099789930394,-0.0134863942088692
0.8766420731790149,0.5133999200491224,0.2650086910896034,-0.0189133022593789
0.8793689425693996,0.5131775259891679,0.2653528978886886,-0.0243381736069569
0.8821092185004221,0.5128983275677255,0.2656417521402716,-0.0297603816641825
0.8848623672615539,0.512561938534146,0.2658744111641327,-0.0351792842479548
0.8876278384262444,0.5121679787664328,0.266050037065038,-0.0405942213839517
0.8904050620288361,0.5117160751610559,0.2661677970274055,-0.0460045099221554
0.8931934538959602,0.5112058612846424,0.2662268640451212,-0.0514094540719832
0.8959924085614477,0.5106369790213781,0.2662264170961722,-0.0568083317262228
0.8988013071274441,0.5100090775857135,0.2661656417338163,-0.0622004097970646
0.9016195136452252,0.5093218144907057,0.2660437302760977,-0.0675849372251958
0.9044463724415684,0.5085748566954403,0.2658598823819291,-0.0729611399762804
0.9072812118760172,0.5077678801828062,0.2656133053426199,-0.0783282283145263
0.9101233431641144,0.5069005706332439,0.265303214466012,-0.0836853945956945
0.9129720609205276,0.5059726236659122,0.2649288333644671,-0.0890318143361926
0.9158266418711012,0.5049837456676901,0.2644893944665221,-0.094366643837147
0.91868634802588,0.5039336531008304,0.263984138859579,-0.0996890261507559
0.921550422072138,0.5028220745179446,0.2634123173349335,-0.1049980825075111
0.9244180928283228,0.5016487489379876,0.2627731897059713,-0.1102929224874395
0.9272885717043684,0.5004134275030864,0.2620660256813595,-0.1155726374436845
0.9301610549144316,0.499115872929645,0.2612901046076619,-0.1208363046004309
0.9330347226858569,0.4977558601346117,0.2604447158100466,-0.1260829855879546
0.9359087412044228,0.4963331755838464,0.2595291581338824,-0.1313117299834267
0.9387822586393156,0.4948476195144849,0.2585427412954066,-0.1365215680684464
0.9416544122232412,0.4932990026043332,0.2574847836054576,-0.1417115236832582
0.9445243226849404,0.4916871489421011,0.2563546137515563,-0.1468806040918989
0.9473910992489823,0.4900118934510949,0.255151568840262,-0.1520278089984362
0.9502538358445278,0.4882730840673228,0.2538749956762421,-0.1571521236950849
0.9531116139422092,0.4864705801778957,0.2525242493922994,-0.1622525241612623
0.9559635045138146,0.48460425123884,0.2510986920460967,-0.1673279805296962
0.9588085654138192,0.4826739782543143,0.2495976933274851,-0.1723774524019047
0.961645844488912,0.4806796515156598,0.2480206283873787,-0.1773998943887084
0.9644743790495552,0.4786211705472696,0.2463668772580759,-0.1823942551740061
0.9672931967542464,0.4764984430078861,0.2446358233995194,-0.1873594791083543
0.9701013166914249,0.4743113832503235,0.2428268518691271,-0.192294508159861
0.972897750618414,0.472059910518634,0.2409393470761104,-0.1971982841520381
0.9756815024854364,0.4697439483130725,0.2389726914067042,-0.2020697480194294
0.9784515705882154,0.4673634214339449,0.2369262617939035,-0.2069078437083333
0.9812069480543878,0.4649182540446794,0.2347994269876329,-0.2117115191866619
0.9839466242960976,0.4624083665934271,0.232591543693629,-0.2164797291883674
0.9866695845907136,0.4598336740851598,0.2303019537341872,-0.2212114347545348
0.9893748140144704,0.4571940798814863,0.2279299770640247,-0.2259056104101181
0.9920612954826816,0.4544894745173159,0.2254749090111925,-0.2305612411716378
0.9947280132248332,0.4517197287999053,0.2229360121794793,-0.2351773290921237
0.99737395464287,0.4488846875760195,0.2203125085921128,-0.239752897095565
0.9999981089095408,0.4459841662576963,0.2176035740857503,-0.244286987312253
1.002599471587994,0.4430179400351718,0.2148083255836272,-0.2487786699891994
1.005177043501422,0.4399857382178664,0.2119258126933082,-0.2532270426490877
1.0077298345257044,0.4368872318188307,0.2089550024806491,-0.2576312379837343
1.0102568638964369,0.4337220235816539,0.2058947659567503,-0.2619904260033203
1.0127571647594795,0.4304896309699891,0.2027438571277052,-0.2663038238412489
1.0152297804342003,0.4271894775653553,0.1995008994386076,-0.27057069166537
1.017673772664392,0.4238208665503407,0.1961643538761478,-0.2747903497581401
1.020088219648142,0.4203829642334722,0.1927324957331664,-0.2789621785604673
1.022472218187067,0.4168747747496771,0.1892033814891396,-0.2830856265460413
1.024824886982815,0.4132951084443611,0.1855748078206444,-0.2871602209765909
1.027145364266265,0.4096425534127512,0.181844272033954,-0.2911855699435876
1.029432809772324,0.4059154344877073,0.1780089177620832,-0.2951613732589283
1.031686401817847,0.402111772365499,0.1740654783165181,-0.2990874264950066
1.0339053273957286,0.3982292466665192,0.1700102215002107,-0.3029636147949008
1.0360887712886648,0.3942651527889422,0.1658388851524689,-0.3067899072050615
1.0382358873929542,0.3902163829106579,0.1615466350965083,-0.3105663223961874
1.040345754211221,0.3860794337025083,0.1571280492228354,-0.3142928689563584
1.0424172836385184,0.3818505122386602,0.1525772060475245,-0.3179694048168219
1.044449067156719,0.3775258035991786,0.1478879521269308,-0.3215953841859137
1.0464391101914194,0.3731020620705579,0.1430545352905262,-0.3251693967084451
1.048384372756897,0.3685778267395114,0.1380729561493077,-0.3286883349984068
1.050280061988944,0.363955613081018,0.1329434700503297,-0.3321460577884714
1.05211870639686,0.359245356020732,0.1276746154093738,-0.3355315450685293
1.0538894256571063,0.3544684262275124,0.1222880902967621,-0.3388272341926239
1.055578436668901,0.3496593566744564,0.1168212586095698,-0.3420094565294286
1.0571717802769487,0.3448611551957077,0.1113223942141959,-0.3450530127867531
1.0586592633297618,0.3401146024640566,0.1058386923773405,-0.3479383966502583
1.0600367515401747,0.3354489566652687,0.1004053153254287,-0.3506564485748377
1.061305548096331,0.3308798681617625,0.0950424050938311,-0.3532077548681479
1.0624703041372965,0.3264126415278227,0.0897583326830755,-0.3555991498909316
1.0635371248845795,0.3220464996799931,0.084554333471526,-0.3578403609816786
1.0645124064004556,0.317777726955786,0.0794280295997498,-0.3599418776142729
1.0654022703329684,0.3136014981895495,0.0743755287593214,-0.3619138784828198
1.0662123476003238,0.3095128035332007,0.0693925147652287,-0.3637657947924011
1.066947730893474,0.3055068742264621,0.0644747713427248,-0.3655061890622645
1.0676130019193204,0.3015793423531568,0.0596183969948755,-0.3671427794407336
1.0682122822580864,0.2977262914484843,0.0548198906434252,-0.3686825122743397
1.068749293553564,0.2939442269429956,0.0500761380235214,-0.370131659258361
1.069227411032352,0.2902300417368706,0.0453843895485098,-0.3714959042563373
1.0696497116329406,0.2865809693703826,0.0407422199281384,-0.3727804235009368
1.070019014588503,0.2829945436479886,0.0361474931597607,-0.3739899530954689
1.070337917228636,0.2794685467439601,0.0315983101385,-0.3751288514291072
1.0706088227424693,0.2760009849423923,0.027092989276539,-0.3762011446095823
1.0708339651460366,0.2725900518024904,0.0226300291439621,-0.3772105700761687
1.07101542964131,0.2692341013983859,0.0182080823090207,-0.3781606116213547
1.0711551696466837,0.2659316277999172,0.0138259359387666,-0.3790545283350595
1.071255021386635,0.262681244834561,0.0094824915862019,-0.379895379968045
1.0713167161998465,0.2594816694726936,0.0051767487024538,-0.3806860482971258
1.0713418910009955,0.2563317111993182,0.0009077953282877,-0.3814292545496728
1.0713320973792937,0.2532302551672201,-0.0033252103510251,-0.3821275762755894
1.0712887913860156,0.2501753455597186,-0.007524300626546,-0.3827836507702223
1.0712132800454957,0.2471638182097854,-0.0116932499306057,-0.3834002137309172
1.0711068095225562,0.2441949156598205,-0.0158325775433071,-0.3839793631105965
1.0709705759714276,0.2412679365318969,-0.0199427416134845,-0.3845231080149021
1.0708057297582885,0.2383822228790531,-0.0240241541430141,-0.3850333774661152
1.0706133784002103,0.2355371439430797,-0.0280772018506316,-0.3855120285808012
1.0703945899155882,0.2327320992927115,-0.032102240113965,-0.3859608504965002
1.0701503954109906,0.2299665133768785,-0.0360995991649603,-0.3863815693830821
1.0698817912631051,0.227239830786004,-0.0400695895857838,-0.3867758527834705
1.0695897413503908,0.2245515155944399,-0.0440125020960236,-0.3871453129238296
1.0692751785517025,0.221901045999911,-0.0479286143555336,-0.387491510351076
1.068939006777127,0.2192879161031111,-0.0518181874507415,-0.3878159562751144
1.068582102175223,0.2167116318326445,-0.0556814710781782,-0.388120115459153
1.0682053145030834,0.2141717100425773,-0.0595187041912154,-0.3884054084377335
1.0678094681443988,0.2116676762258051,-0.0633301178278994,-0.3886732136932215
1.0673953632788082,0.2091990642625792,-0.0671159349689063,-0.3889248694184997
1.0669637767262794,0.2067654147975568,-0.0708763725481565,-0.3891616752782004
1.0665154628409574,0.2043662746515306,-0.0746116419684585,-0.3893848939188824
1.0660511545594462,0.2020011974204044,-0.0783219477989769,-0.3895957522604519
1.065571563723347,0.1996697406884256,-0.0820074918116163,-0.3897954429908839
1.065077381831646,0.1973714661079016,-0.0856684726454045,-0.389985125688142
1.0645692807489318,0.1951059394369936,-0.089305085545035,-0.3901659278761443
1.064047913263527,0.1928727300917494,-0.0929175228971052,-0.3903389460520238
1.0635139133072862,0.1906714095663365,-0.0965059766634437,-0.3905052467310093
1.0629678969475564,0.1885015533249686,-0.1000706352210787,-0.3906658671683888
1.0624104625439748,0.1863627392658154,-0.1036116857678079,-0.3908218162981706
1.0618421914101366,0.1842545484288557,-0.1071293130986774,-0.3909740754555073
1.0612636478053918,0.182176563290331,-0.1106237024134671,-0.3911235992358399
1.060675379665322,0.1801283689797096,-0.1140950372979595,-0.3912713161080242
1.0600779188717957,0.1781095528206718,-0.1175435004950359,-0.3914181291198189
1.0594717816139685,0.1761197043094878,-0.1209692739677644,-0.3915649165450624
1.0588574688854322,0.1741584155842657,-0.1243725381203343,-0.3917125324703097
1.058235466585632,0.1722252806599978,-0.1277534731580848,-0.3918618074515042
1.0576062459490407,0.1703198958089322,-0.1311122584939208,-0.3920135490688305
1.0569702639893304,0.1684418599717606,-0.1344490720782507,-0.3921685424584146
1.0563279635652096,0.1665907740728204,-0.1377640916738994,-0.3923275509175418
1.0556797739780883,0.1647662419465803,-0.1410574932778335,-0.392491316364188
1.0550261110376171,0.1629678697247054,-0.1443294522837808,-0.3926605599120477
1.0543673773964226,0.1611952660503871,-0.1475801431819722,-0.3928359823679856
1.0537039630478615,0.1594480427173617,-0.1508097384594407,-0.3930182646708819
1.0530362450961332,0.1577258133979562,-0.1540184110249255,-0.3932080685177987
1.0523645889128432,0.156028196015671,-0.1572063298810089,-0.3934060365946365
1.0516893474383382,0.1543548103090913,-0.1603736647279751,-0.39361279331849
1.051010862156387,0.1527052797218307,-0.1635205825043638,-0.3938289450943865
1.0503294630945748,0.1510792307968066,-0.1666472485793408,-0.3940550808414729
1.0496454690399812,0.1494762931523877,-0.1697538268707542,-0.3942917724546568
1.0489591878026316,0.1478960995844549,-0.1728404797213456,-0.3945395752451398
1.0482709167624282,0.1463382868072931,-0.1759073665053257,-0.3947990282643317
1.047580942923619,0.1448024950463954,-0.1789546444547733,-0.3950706547890759
1.046889542977763,0.1432883677010048,-0.1819824693845227,-0.395354962814294
1.0461969838440424,0.1417955520692788,-0.1849909942993632,-0.3956524453492783
1.0455035228549132,0.1403236992690033,-0.1879803695734135,-0.3959635808366373
1.0448094080277488,0.138872464352997,-0.1909507427361521,-0.3962888335280682
1.0441148780455307,0.1374415058275837,-0.1939022594823072,-0.3966286539932459
1.0434201630032447,0.1360304867635342,-0.196835061403415,-0.3969834792540707
1.0427254840891371,0.1346390737028721,-0.199749288245381,-0.397353733423303
1.0420310540627191,0.1332669372247097,-0.2026450767535798,-0.3977398279560716
1.0413370773785775,0.131913751785454,-0.2055225610098443,-0.3981421620690495
1.0406437509720523,0.1305791968425232,-0.2083818700213452,-0.3985611227577151
1.0399512635574977,0.1292629550895385,-0.2112231314558893,-0.3989970856745689
1.039259796459186,0.1279647136862776,-0.2140464690067703,-0.3994504151136733
1.0385695236992214,0.1266841640338508,-0.2168520028335394,-0.3999214644078192
1.0378806122041844,0.1254210017866386,-0.2196398494955344,-0.4004105762491715
1.0371932218736577,0.1241749266184657,-0.2224101224278687,-0.4009180831040664
1.0365075060176072,0.1229456426655255,-0.2251629309141334,-0.401444307353111
1.0358236113855976,0.1217328582240357,-0.2278983806979551,-0.4019895617111474
1.0351416785113623,0.120536286021066,-0.2306165733117854,-0.4025541494007563
1.0344618414178468,0.1193556423668685,-0.2333176079418262,-0.4031383648467671
1.0337842288105106,0.1181906489070386,-0.2360015773585256,-0.4037424931024682
1.0331089630765884,0.1170410305574415,-0.2386685725586135,-0.4043668111329929
1.0324361610614543,0.1159065165435157,-0.2413186803235573,-0.4050115875893764
1.0317659345646455,0.1147868409168144,-0.2439519819056363,-0.4056770827359184
1.0310983896259496,0.1136817410526446,-0.2465685564550916,-0.4063635495627726
1.03043362767471,0.1125909592741944,-0.2491684771072164,-0.4070712330594067
1.0297717449137358,0.1115142415348986,-0.2517518139905854,-0.4078003712402567
1.0291128329901431,0.1104513382378161,-0.2543186321760649,-0.4085511948409611
1.0284569785447697,0.1094020032297285,-0.2568689939932048,-0.409323928230157
1.0278042643766576,0.1083659953992019,-0.2594029550448155,-0.4101187884533352
1.027154768886314,0.1073430775018975,-0.2619205669135321,-0.4109359862229473
1.0265085656489217,0.1063330152452087,-0.2644218793266502,-0.4117757268937526
1.025865724982931,0.1053355794995173,-0.2669069345838214,-0.4126382088537948
1.0252263125790642,0.1043505439035339,-0.2693757733580598,-0.4135236256744642
1.0245903909588665,0.1033776868869284,-0.271828429535692,-0.4144321645346795
1.023958019088652,0.1024167908184496,-0.274264932181577,-0.4153640070431266
1.023329251694883,0.1014676407421736,-0.2766853086275267,-0.4163193306444308
1.0227041407712516,0.1005300264410151,-0.2790895791072292,-0.417298306757845
1.022082734957839,0.0996037412623413,-0.281477759581089,-0.4183011020002049
1.021465079715276,0.0986885821642106,-0.2838498614831597,-0.4193278782649046
1.0208512171895971,0.0977843493077429,-0.2862058926445909,-0.4203787933103841
1.0202411867525802,0.0968908466519756,-0.2885458556124127,-0.4214540002055659
1.0196350251013506,0.0960078818906456,-0.2908697476522515,-0.4225536474444092
1.0190327662802567,0.0951352662814572,-0.2931775610372991,-0.4236778791960521
1.0184344414445123,0.0942728141120508,-0.2954692843142125,-0.4248268360706209
1.0178400793614042,0.0934203432394963,-0.2977449007319079,-0.426000654506958
1.0172497064959656,0.0925776750242744,-0.3000043882538162,-0.4271994668725654
1.0166633467072363,0.0917446337168545,-0.3022477210491688,-0.4284234023772252
1.0160810213805984,0.0909210464786608,-0.3044748693035591,-0.4296725871635799
1.0155027505468532,0.0901067447906143,-0.3066857952480831,-0.4309471421711396
1.0149285517238118,0.0893015626415462,-0.3088804578896943,-0.432247185843312
1.01435844020163,0.0885053367767072,-0.3110588122073665,-0.4335728338678862
1.0137924297578929,0.0877179075384401,-0.3132208066991986,-0.4349241977972113
1.013230532006408,0.0869391177998863,-0.3153663861413466,-0.436301386809601
1.0126727570488403,0.0861688137207885,-0.3174954893601998,-0.4377045064172405
1.0121191128928568,0.0854068437947089,-0.3196080517062228,-0.4391336601639757
1.0115696064294155,0.0846530600530663,-0.3217040015677854,-0.4405889473906302
1.0110242424453335,0.0839073165656969,-0.3237832643741519,-0.442070466027077
1.0104830249870678,0.0831694711723601,-0.3258457576217594,-0.4435783091743002
1.0099459561105826,0.0824393836376278,-0.3278913958604667,-0.445112568690998
1.009413036522131,0.0817169163997103,-0.3299200884604304,-0.4466733337204588
1.0088842655871817,0.081001934455475,-0.3319317397813414,-0.4482606908807195
1.0083596415619065,0.0802943055493472,-0.3339262484876699,-0.449874723773327
1.0078391617219724,0.0795939002238584,-0.335903507249694,-0.451515512729842
1.0073228220129922,0.0789005912306249,-0.3378634042544844,-0.4531831360742863
1.0068106168554103,0.0782142531579842,-0.3398058241169948,-0.4548776710454064
1.006302539958836,0.0775347634133791,-0.3417306449556103,-0.4565991913706991
1.005798584425401,0.0768620022483712,-0.3436377381679075,-0.4583477669589557
1.005298741806444,0.0761958513927043,-0.3455269721571803,-0.4601234673102828
1.0048030030832646,0.0755361952621671,-0.3473982087668327,-0.4619263583328906
1.0043113583104015,0.0748829203813401,-0.3492513047742821,-0.4637565037144309
1.0038237966152852,0.074235915286306,-0.3510861120267178,-0.4656139651138202
1.0033403064857285,0.0735950708113638,-0.3529024764889,-0.4674988012323632
1.0028608760973177,0.0729602804287595,-0.3547002371461406,-0.4694110665817794
1.0023854915887378,0.0723314378757957,-0.3564792325881301,-0.4713508185478602
1.0019141395006093,0.071708440296896,-0.3582392919733509,-0.473318107855573
1.0014468055147172,0.0710911864876559,-0.3599802398725735,-0.4753129836467522
1.0009834751984,0.0704795777952277,-0.3617018936011578,-0.4773354904287632
1.0005241326099412,0.069873516196391,-0.3634040685046017,-0.4793856742506553
1.0000687621564937,0.0692729066715082,-0.3650865711500828,-0.4814635747137998
0.9996173468915966,0.0686776548813276,-0.366749205727057,-0.483569232666364
0.9991698701726344,0.0680876692786133,-0.3683917680094198,-0.4857026827529878
0.9987263145350396,0.067502859550736,-0.3700140495976931,-0.4878639586536669
0.9982866619709796,0.0669231369166074,-0.3716158369602503,-0.490053091968659
0.997850894324696,0.0663484145790964,-0.3731969100674412,-0.4922701103395014
0.997418992910846,0.0657786071548435,-0.3747570438576085,-0.4945150394005123
0.9969909389844218,0.065213631229116,-0.376296006606995,-0.4967879004205141
0.9965667130140776,0.0646534043335009,-0.3778135626133694,-0.4990887141922167
0.9961462955987768,0.0640978460941006,-0.3793094689624815,-0.501417496230815
0.9957296667469612,0.0635468772197965,-0.3807834781720156,-0.503774260701684
0.9953168064924232,0.0630004202577495,-0.3822353360571249,-0.5061590170618657
0.9949076946363832,0.0624583991964058,-0.3836647827139693,-0.5085717714723297
0.994502310359428,0.0619207388954777,-0.3850715539158953,-0.5110125291925963
0.994100633102052,0.0613873661990496,-0.3864553780912427,-0.5134812893980817
0.9937026417507444,0.0608582088040945,-0.3878159792014516,-0.5159780500769522
0.993308315311202,0.0603331961032788,-0.3891530744637334,-0.518502803936363
0.992917632678182,0.0598122588310161,-0.3904663752057856,-0.5210555397535678
0.9925305722554454,0.0592953285078766,-0.3917555881761064,-0.5236362449188342
0.9921471126455274,0.0587823383133515,-0.3930204132649663,-0.5262449009422194
0.9917672321230396,0.0582732223373667,-0.3942605453066677,-0.5288814869302232
0.9913909090972636,0.0577679161549236,-0.3954756725946257,-0.5315459764274901
0.9910181217177336,0.0572663562546905,-0.3966654782119402,-0.5342383401242521
0.9906488481601328,0.0567684803804301,-0.397829639138926,-0.5369585438431245
0.9902830664816332,0.0562742272957598,-0.3989678267549047,-0.5397065495494449
0.9899207549128074,0.0557835371392249,-0.4000797059713421,-0.5424823131146902
0.9895618913624544,0.0552963507160821,-0.4011649368023378,-0.5452857880282799
0.9892064536800368,0.0548126098135148,-0.4022231735594743,-0.5481169234704389
0.9888544199656304,0.0543322575866496,-0.403254063975711,-0.5509756617620634
0.9885057683100258,0.05385523817152,-0.4042572500470165,-0.5538619402862763
0.9881604765312128,0.0533814962883171,-0.405232368805578,-0.5567756936859098
0.9878185226982912,0.0529109779240615,-0.4061790508435153,-0.5597168494852378
0.9874798847177232,0.0524436297325069,-0.4070969215241111,-0.5626853314997412
0.9871445406367136,0.0519793994188069,-0.4079856001684094,-0.5656810571911203
0.9868124687800902,0.0515182359009873,-0.4088446997752435,-0.5687039362499509
0.9864836468862486,0.0510600880791619,-0.4096738292888312,-0.5717538784050884
0.9861580533426392,0.0506049065213466,-0.4104725904365897,-0.5748307821121031
0.9858356661880066,0.0501526420465106,-0.4112405803148553,-0.5779345436443526
0.9855164638870167,0.0497032467789433,-0.4119773895236135,-0.5810650497039004
0.9852004247065356,0.049256673246985,-0.4126826037114621,-0.5842221832938824
0.9848875269528912,0.0488128746864454,-0.4133558030140093,-0.5874058214347951
0.984577749126391,0.0483718052337607,-0.4139965617670131,-0.5906158334889746
0.9842710698941876,0.047933419864655,-0.4146044486503102,-0.5938520812446333
0.9839674676732836,0.0474976737718825,-0.4151790275415699,-0.5971144232555128
0.9836669215009404,0.0470645235878337,-0.4157198558813366,-0.6004027054583732
0.9833694098570712,0.0466339256685783,-0.4162264869193067,-0.603716773781528
0.9830749120206528,0.0462058380262261,-0.4166984673366437,-0.6070564591689306
0.9827834067785248,0.0457802184388284,-0.417135339519629,-0.6104215917996426
0.9824948733876164,0.0453570258231354,-0.4175366400129474,-0.6138119901759638
0.9822092908537894,0.0449362191596172,-0.4179019006511509,-0.6172274693320504
0.98192663876031,0.0445177586878916,-0.4182306474910144,-0.6206678309243009
0.981646896381484,0.0441016045802012,-0.41852240201143,-0.624132873690192
0.9813700436625028,0.0436877183738366,-0.4187766800743991,-0.6276223813263047
0.9810960598738044,0.0432760609444941,-0.4189929933112407,-0.6311361391635214
0.9808249251559408,0.0428665947950106,-0.4191708477513274,-0.6346739145930097
0.9805566195371028,0.0424592825692582,-0.4193097448276176,-0.6382354692547242
0.9802911230015974,0.0420540871284058,-0.419409181261046,-0.6418205582409359
0.9800284158547856,0.0416509720862877,-0.4194686489446912,-0.6454289251086391
0.9797684783931232,0.0412499012880391,-0.4194876351520289,-0.6490603061735012
0.979511291358572,0.0408508394925881,-0.4194656225714377,-0.6527144240319336
0.979256834817008,0.040453750612839,-0.4194020892578976,-0.6563910033932827
0.979005088995142,0.0400585989781933,-0.4192965084409401,-0.6600897595331857
0.9787560351065622,0.0396653506246758,-0.4191483491501003,-0.6638103857023772
0.97850965413541,0.0392739713787699,-0.4189570759789688,-0.6675525705699847
0.9782659277025648,0.0388844282108039,-0.4187221497412206,-0.6713159850628688
0.9780248371942184,0.038496687836266,-0.4184430269313329,-0.6751002953864371
0.9777863645222288,0.0381107179143034,-0.4181191605513887,-0.6789051511363725
0.9775504915509328,0.0377264861137752,-0.4177499996312855,-0.6827301940311865
0.9773172003262878,0.0373439604633555,-0.4173349895549526,-0.6865750542141403
0.9770864733353478,0.0369631097663659,-0.4168735727384894,-0.6904393456843394
0.976858293060649,0.0365839028575492,-0.4163651880187412,-0.6943226734014043
0.976632642194342,0.0362063089377085,-0.4158092711386696,-0.6982246296151466
0.976409503855543,0.0358302979283521,-0.4152052555412522,-0.7021447897910327
0.9761888611299678,0.0354558396880067,-0.4145525714102848,-0.7060827203609332
0.97597069762583,0.0350829049387709,-0.4138506474208208,-0.7100379686791891
0.9757549970550372,0.0347114645497095,-0.4130989098422932,-0.7140100701235235
0.9755417433197016,0.0343414896689392,-0.4122967829552016,-0.7179985463866398
0.9753309206117928,0.0339729518853029,-0.4114436896662917,-0.7220029033706481
0.9751225134688296,0.0336058233204358,-0.4105390521090925,-0.7260226297619361
0.9749165067659076,0.0332400766124447,-0.4095822920599888,-0.7300571967614633
0.9747128854141472,0.0328756843721178,-0.4085728298635306,-0.7341060637081095
0.974511634918469,0.0325126201699018,-0.4075100874707644,-0.7381686667712999
0.9743127408686072,0.0321508576238716,-0.4063934864213075,-0.7422444286522111
0.9741161893527436,0.0317903711421036,-0.4052224504867213,-0.7463327498838743
0.973921966583398,0.0314311352402065,-0.4039964040812118,-0.7504330161193863
0.9737300592943836,0.0310731252690245,-0.4027147751897448,-0.7545445894784032
0.9735404544914068,0.0307163169595063,-0.4013769945190783,-0.7586668133013232
0.973353139489524,0.0303606864912188,-0.3999824963159835,-0.7627990110021647
0.9731681020776256,0.0300062108096803,-0.3985307203231701,-0.7669404819893404
0.9729853303921284,0.0296528673971748,-0.3970211117177773,-0.7710905039189161
0.97280481290887,0.029300634263349,-0.395453121839008,-0.7752483324524041
0.9726265385767788,0.0289494902165906,-0.3938262102627297,-0.7794131976987692
0.9724504966390788,0.0285994145275087,-0.3921398442230472,-0.7835843078500688
0.9722766768192648,0.0282503873095766,-0.390393501350635,-0.7877608443519712
0.9721050693202418,0.0279023895424507,-0.3885866709827246,-0.7919419612900148
0.9719356647093323,0.0275554028627072,-0.3867188542657366,-0.7961267876199865
0.9717684539532248,0.0272094096544807,-0.3847895657555853,-0.8003144258582896
0.9716034285242712,0.0268643932965218,-0.38279833607515,-0.8045039488866076
0.9714405802826,0.0265203379496947,-0.3807447121114656,-0.8086944023538701
0.9712799016200052,0.0261772288937482,-0.3786282604412228,-0.8128848004606205
0.9711213852953068,0.0258350522174558,-0.376448567013435,-0.8170741296631806
0.9709650245709054,0.0254937951501445,-0.3742052407745384,-0.8212613446182465
0.970810813149098,0.0251534459721564,-0.3718979148355925,-0.8254453693242566
0.970658745127574,0.0248139939632551,-0.3695262478330909,-0.8296250978844362
0.9705088151170832,0.0244754297167487,-0.367089927925927,-0.8337993908410609
0.9703610180184364,0.0241377446939455,-0.3645886715107118,-0.8379670809480101
0.9702153493564905,0.0238009320430713,-0.3620222311673814,-0.8421269634406516
0.9700718048579484,0.0234649856986824,-0.3593903910217778,-0.8462778076164982
0.9699303807913812,0.0231299012321869,-0.356692975255002,-0.8504183469032033
0.9697910735566776,0.022795674955577,-0.3539298430991163,-0.8545472906055284
0.9696538801393012,0.0224623050719405,-0.3511009002657044,-0.8586633104758986
0.9695187977041984,0.0221297907853898,-0.3482060939019188,-0.8627650526152166
0.9693858236982484,0.0217981326178455,-0.3452454172809227,-0.8668511345784462
0.9692549559701252,0.0214673327965409,-0.342218915559036,-0.8709201417548489
0.9691261922296458,0.0211373939702349,-0.3391266761893358,-0.8749706444287967
0.9689995305760656,0.0208083206148809,-0.335968843702328,-0.87900118185827
0.9688749692655768,0.0204801185409502,-0.3327456174902611,-0.883010269872089
0.9687525066142988,0.020152794723469,-0.3294572521737263,-0.8869964045894176
0.9686321406698624,0.0198263564852298,-0.3261040509777463,-0.8909580740599627
0.968513869818417,0.0195008132007358,-0.3226863846957609,-0.8948937393715936
0.968397692255312,0.0191761749569708,-0.3192046799261586,-0.8988018529178543
0.9682836058060108,0.0188524520910895,-0.3156594151264967,-0.9026808658945412
0.9681716084977297,0.0185296568648268,-0.3120511400915068,-0.906529210298748
0.9680616978933428,0.0182078016470857,-0.3083804574082891,-0.9103453229365828
0.9679538711313848,0.0178868990360728,-0.3046480241335635,-0.9141276460144931
0.9678481249250296,0.0175669618679887,-0.3008545521891252,-0.9178746291411816
0.9677444559331612,0.0172480043806494,-0.2970008227603187,-0.9215847179817468
0.9676428603087556,0.0169300409007833,-0.2930876714109218,-0.9252563720352576
0.9675433333495576,0.0166130847202084,-0.2891159737125257,-0.9288880796436176
0.9674458700984054,0.016297149955734,-0.2850866676578235,-0.9324783385970876
0.967350464868746,0.015982250033193,-0.2810007342823142,-0.9360256756502804
0.9672571115927416,0.0156683987918225,-0.276859211036601,-0.9395286360179465
0.9671658034101006,0.0153556090886422,-0.2726631727089204,-0.9429858010346862
0.967076532508204,0.0150438921249119,-0.2684137203452807,-0.94639579699962
0.9669892912414698,0.0147332612915865,-0.2641120322920267,-0.9497572548126032
0.9669040705058785,0.0144237264115999,-0.2597592840403133,-0.9530688744865852
0.9668208606116664,0.0141152966215182,-0.255356684854698,-0.9563293945331068
0.96673965181561,0.0138079823167126,-0.2509055043714138,-0.9595375730958848
0.9666604329350804,0.013501789853935,-0.2464069943930574,-0.9626922447291644
0.9665831929049764,0.0131967273031342,-0.2418624697986395,-0.9657922611762249
0.9665079191697544,0.0128927980550273,-0.2372732118843608,-0.9688365576647392
0.966434599336948,0.0125900071680624,-0.2326405601192113,-0.9718240887113544
0.9663632201935138,0.0122883573382713,-0.2279658496593459,-0.9747538694925174
0.9662937681496028,0.0119878505357992,-0.223250433532693,-0.9776249597027435
0.9662262287882748,0.0116884858729415,-0.2184956465284965,-0.9804364839039632
0.9661605876770518,0.0113902629542725,-0.2137028553003497,-0.983187599507055
0.9660968296765344,0.011093178655394,-0.208873404826364,-0.9858775269233988
0.9660349394041904,0.0107972289852959,-0.2040086453523116,-0.9885055315861536
0.9659749011575436,0.0105024085642556,-0.1991099215878237,-0.9910709283041076
0.9659166990153129,0.010208710925482,-0.1941785752868337,-0.9935730779938772
0.9658603167718032,0.0099161279923402,-0.1892159341392904,-0.9960113914145374
0.9658057378965108,0.0096246496007798,-0.1842233009706735,-0.9983853318292728
0.9657529459957344,0.009334265739653,-0.1792019897799543,-1.0006943956297896
0.965701924688446,0.0090449658407397,-0.1741533122955156,-1.002938118055884
0.9656526570705748,0.0087567354851715,-0.1690785181838733,-1.0051160972851545
0.9656051268688168,0.0084695628314614,-0.1639789057062497,-1.0072279439246887
0.965559317177447,0.0081834310163542,-0.15885568604532,-1.0092733370875082
0.9655152116837248,0.0078983253076355,-0.153710108339756,-1.0112519701523826
0.9654727938945832,0.0076142282070035,-0.1485433709452738,-1.0131635851989351
0.9654320477280928,0.0073311230960419,-0.1433566857723103,-1.0150079464415984
0.965392957172237,0.0070489918856563,-0.1381512345961071,-1.016784855406208
0.9653555062281368,0.0067678142660062,-0.1329281534217482,-1.0184941534566314
0.9653196791897162,0.0064875694548773,-0.1276885632967063,-1.020135708888667
0.965285460974152,0.0062082388406832,-0.1224336193749855,-1.021709401350786
0.965252836344039,0.0059297996858483,-0.1171643921115804,-1.023215157164593
0.9652217905358872,0.0056522298684746,-0.111881955024314,-1.0246529201385932
0.9651923091111114,0.0053755065996798,-0.1065873600484195,-1.0260226579430032
0.9651643783098606,0.0050996098279589,-0.101281702498249,-1.0273243451398173
0.9651379841650344,0.0048245135146309,-0.0959659530342486,-1.0285580039483668
0.9651131135590842,0.0045501958386259,-0.0906411532269599,-1.0297236545235993
0.9650897534214856,0.0042766308424438,-0.0853082539868532,-1.0308213518971594
0.965067891435093,0.0040037961402775,-0.0799682648925854,-1.0318511523386915
0.9650475153533812,0.0037316647685908,-0.0746220950379261,-1.0328131448931253
0.9650286135288584,0.0034602112812516,-0.0692706716976099,-1.0337074259896115
0.9650111749050378,0.0031894122688432,-0.063914951143082,-1.0345340991868268
0.96499518865776,0.0029192409633802,-0.0585558120594069,-1.0352932916124409
0.9649806445618102,0.0026496726775885,-0.0531941629465554,-1.0359851360591077
0.9649675328296868,0.0023806824961065,-0.0478308966400179,-1.036609778082216
0.964955843976229,0.0021122418346399,-0.0424668214817245,-1.037167381948558
0.9649455692151632,0.0018443268814037,-0.0371028298855559,-1.037658111219408
0.9649367001557368,0.0015769127446112,-0.031739781901037,-1.038082142699867
0.9649292287922836,0.0013099719595745,-0.0263784751246912,-1.0384396664758475
0.9649231476169772,0.0010434768044397,-0.0210196911392962,-1.038730880059909
0.9649184497100608,0.0007774048959279,-0.015664308436055,-1.0389559836082227
0.964915128489219,0.0005117278746047,-0.0103130750660098,-1.0391151914911174
0.9649131778996396,0.0002464190982474,-0.0049667635366508,-1.0392087227765008
0.9649125923693188,-1.85472013611e-05,0.0003738458117107,-1.0392368029729908
0.9649133667906056,-0.0002831967824251,0.0057079819487995,-1.0391996645391233
0.9649154999222076,-0.0005478757410293,0.0110413366573924,-1.0390973834244486
0.964918996299671,-0.0008128502473189,0.0163779855782139,-1.0389297874818706
0.964923860882242,-0.0010781484069641,0.0217171982020244,-1.038696713475111
0.9649300990542078,-0.0013437950440912,0.0270581701241,-1.0383980073244317
0.9649377166127276,-0.0016098140002767,0.0324000692926406,-1.0380335250126242
0.964946719897929,-0.0018762323956675,0.0377421213785925,-1.0376031267034729
0.9649571156764356,-0.0021430757770377,0.0430835120432566,-1.037106682681841
0.964968911009966,-0.0024103661643074,0.048423348036835,-1.0365440799878824
0.9649821137472344,-0.0026781332808826,0.0537608814595655,-1.0359151993411362
0.9649967319302988,-0.0029464006507453,0.0590952317232127,-1.0352199438728635
0.9650127740420033,-0.003215192146117,0.0644255166274719,-1.0344582277119894
0.9650302492797056,-0.0034845359064246,0.0697509296090425,-1.0336299634437385
0.9650491670354652,-0.0037544556554341,0.0750705674920629,-1.0327350872365144
0.9650695371196568,-0.0040249750437668,0.0803835169877136,-1.0317735486303772
0.96509136989066,-0.0042961192305619,0.0856888856469797,-1.0307453048750688
0.9651146761704524,-0.0045679134809819,0.0909857740397217,-1.0296503254111506
0.9651394670957426,-0.0048403815448554,0.0962732443253332,-1.0284885993226656
0.965165754261391,-0.0051135475089389,0.1015503566591368,-1.027260129040285
0.9651935495791796,-0.0053874343562789,0.1068161415246249,-1.0259649373995638
0.9652228655933858,-0.0056620671182524,0.1120696605471791,-1.024603053393539
0.965253714789562,-0.005937466377164,0.1173098823414476,-1.023174544748017
0.9652861103268872,-0.006213655353879,0.1225358187767324,-1.0216794842721058
0.9653200654898548,-0.0064906549769884,0.1277464313717623,-1.020117975676313
0.9653555942570804,-0.0067684887098281,0.1329407228614832,-1.0184901277570846
0.965392710640314,-0.0070471771948875,0.1381176368823972,-1.016796085180019
0.9654314288450904,-0.0073267399279221,0.1432760908366087,-1.015036021272537
0.9654717635877708,-0.0076071976376826,0.1484150205352496,-1.0132101238929834
0.9655137298318068,-0.0078885703399414,0.1535333446170638,-1.011318607769085
0.9655573423893186,-0.008170874931165,0.1586299222554699,-1.009361732540374
0.9656026164927224,-0.0084541292280728,0.1637036279975607,-1.0073397770468688
0.9656495676227638,-0.008738350806708,0.16875333123054,-1.0052530472709895
0.965698211389954,-0.0090235563656337,0.1737778858572228,-1.0031018816809398
0.9657485633894382,-0.0093097610562381,0.1787761200241762,-1.0008866575477366
0.965800639093126,-0.0095969781343902,0.1837468320919693,-0.9986077953904006
0.9658544545127992,-0.0098852227439393,0.1886888575508864,-0.9962657297519408
0.965910025489928,-0.0101745080227158,0.1936010025409888,-0.9938609401622712
0.9659673671434632,-0.0104648426282648,0.1984820050034572,-0.991393974236001
0.9660264955288907,-0.0107562394103457,0.2033306830315829,-0.9888653755664132
0.9660874259532176,-0.0110487069038255,0.208145792910855,-0.9862757558416062
0.9661501736311772,-0.0113422529155674,0.2129260920176188,-0.9836257656875148
0.9662147537400786,-0.011636884876657,0.2176703461790634,-0.9809160916421896
0.9662811810235944,-0.0119326081607255,0.2223773044776321,-0.9781474719074342
0.9663494700988232,-0.0122294276599315,0.2270457269021078,-0.9753206823609712
0.966419634641149,-0.0125273444352652,0.2316743341933354,-0.9724365689976132
0.9664916891058832,-0.0128263632268095,0.2362619271710263,-0.969495975719048
0.966565646696293,-0.013126483912549,0.2408072557389124,-0.9664998266346247
0.9666415201388002,-0.0134277050910322,0.2453090779859698,-0.963449092211308
0.966719322167958,-0.0137300260975533,0.24976619212428,-0.9603447682869284
0.9667990645158558,-0.0140334431394958,0.2541773810441498,-0.9571879149131856
0.9668807585337768,-0.0143379519222206,0.2585414539594309,-0.9539796294036548
0.9669644149837104,-0.0146435469610016,0.2628572383362726,-0.9507210527060456
0.96705004401893,-0.014950221643494,0.2671235830116327,-0.9474133680577114
0.9671376551546952,-0.0152579682505624,0.2713393606335398,-0.9440577999359168
0.967227257286974,-0.0155667781384564,0.2755034721919636,-0.9406556110958756
0.967318858856716,-0.015876642388475,0.2796148574169282,-0.9372080941587116
0.9674124672235958,-0.0161875497840648,0.2836724696806187,-0.9337165928585742
0.967508089156632,-0.0164994886130658,0.2876753021518411,-0.9301824809047098
0.967605731303663,-0.0168124482145565,0.2916224083294489,-0.9266071425925736
0.9677053991792184,-0.0171264157395923,0.2955128616638302,-0.9229920078675782
0.9678070980292832,-0.0174413790007733,0.2993457928158711,-0.9193385181872842
0.9679108321926342,-0.0177573244985077,0.3031203659548768,-0.9156481474096168
0.9680166054532888,-0.0180742385835552,0.3068357940237147,-0.9119223866134026
0.9681244213043732,-0.0183921082488858,0.3104913481400955,-0.908162732746765
0.9682342826853244,-0.0187109203304267,0.3140863480788291,-0.9043706959442552
0.968346191919327,-0.0190306613485948,0.3176201607476689,-0.9005477995082473
0.9684601512961868,-0.0193513191659647,0.3210922182507388,-0.8966955580822965
0.9685761625334648,-0.0196728814108007,0.3245019997054015,-0.8928154944278079
0.968694227094249,-0.0199953363608579,0.3278490403590983,-0.888909126892842
0.968814346197238,-0.0203186729283764,0.3311329304135454,-0.8849779676213287
0.9689365208536956,-0.0206428807169736,0.3343533145035304,-0.8810235199643647
0.9690607521509794,-0.020967950714408,0.3375098971374263,-0.877047268170695
0.9691870407690945,-0.0212938739628107,0.3406024281892419,-0.8730506918729222
0.9693153878037172,-0.0216206436400421,0.3436307213416822,-0.8690352389379397
0.969445793976336,-0.0219482529511166,0.3465946322806548,-0.8650023497357664
0.9695782601462476,-0.0222766963913547,0.3494940690326568,-0.8609534401916801
0.969712787557348,-0.0226059702677473,0.3523289942999365,-0.8568898939560111
0.9698493773992936,-0.022936071535095,0.3550994131366234,-0.8528130754930906
0.9699880310919624,-0.0232669984348598,0.3578053766701601,-0.8487243210702404
0.9701287505135688,-0.0235987509557504,0.3604469835834989,-0.8446249320331565
0.970271537670884,-0.0239313299703585,0.3630243708898734,-0.8405161845638828
0.9704163947905882,-0.024264737397337,0.3655377134370901,-0.8363993268779824
0.9705633246572088,-0.024598976910571,0.36798722716142,-0.8322755697767387
0.970712330239311,-0.0249340530091925,0.3703731599673672,-0.8281460975485003
0.9708634148893142,-0.025269971419578,0.3726957928597994,-0.824012062514514
0.9710165824272192,-0.0256067392175246,0.3749554387490282,-0.8198745831407539
0.9711718371831568,-0.0259443648543447,0.377152440520369,-0.8157347434405062
0.9713291836837956,-0.0262828574202897,0.3792871643739253,-0.8115936017979828
0.9714886270656012,-0.0266222274945019,0.3813600036116649,-0.8074521804083464
0.9716501728563016,-0.0269624866189024,0.3833713734475989,-0.8033114716753068
0.9718138270506816,-0.0273036474159446,0.3853217100967965,-0.7991724367799831
0.9719795959724512,-0.0276457232609128,0.3872114673463649,-0.7950360097201397
0.9721474865333756,-0.0279887287822282,0.3890411178782389,-0.7909030913695575
0.9723175060241108,-0.0283326793905295,0.3908111491557148,-0.7867745553622811
0.9724896621353014,-0.0286775912950902,0.3925220622547095,-0.782651248088115
0.9726639630310512,-0.0290234816235396,0.3941743711971539,-0.7785339875097651
0.9728404172834932,-0.0293703682639286,0.3957686009414953,-0.7744235653432728
0.9730190338677908,-0.0297182698335568,0.397305286132747,-0.7703207477356643
0.9731998222297203,-0.0300672057897527,0.3987849705125447,-0.7662262743043264
0.973382792192159,-0.0304171962287674,0.4002082050099106,-0.7621408608794878
0.9735679539552884,-0.030768261873018,0.4015755467966272,-0.7580652000203286
0.9737553180726158,-0.0311204240144664,0.4028875582300052,-0.7539999620538419
0.9739448954821684,-0.0314737045639992,0.4041448062542507,-0.7499457948980593
0.9741366975332296,-0.0318281260908217,0.4053478617521349,-0.7459033240367553
0.9743307359356452,-0.0321837117193456,0.4064972984428389,-0.741873154137953
0.9745270227156554,-0.032540485043684,0.4075936919650355,-0.7378558704445315
0.974725570139854,-0.0328984699897018,0.408637618921544,-0.733852040721406
0.974926390959825,-0.0332576912555675,0.4096296576312581,-0.7298622107428684
0.9751294981797636,-0.0336181738890433,0.4105703863160905,-0.7258869094794486
0.9753349049580892,-0.0339799431200834,0.4114603823106206,-0.7219266513060709
0.9755426250341986,-0.0343430251159848,0.4123002235062972,-0.717981928143067
0.9757526721764996,-0.0347074460117473,0.4130904855436446,-0.714053220498358
0.9759650605201168,-0.0350732325104517,0.4138317429372409,-0.7101409912970922
0.9761798045339484,-0.0354404118266107,0.4145245685132603,-0.7062456869579056
0.97639691876352,-0.0358090112533783,0.4151695322876353,-0.7023677423819082
0.9766164182722046,-0.0361790589217482,0.4157672025610885,-0.6985075733278622
0.9768383181386272,-0.0365505829541784,0.4163181441492555,-0.6946655857237509
0.9770626336611936,-0.0369236118253014,0.4168229188568225,-0.6908421721984657
0.9772893805026444,-0.0372981746098413,0.4172820855511421,-0.687037709944841
0.977518574437692,-0.0376743005721958,0.4176961993838185,-0.6832525653118203
0.9777502314725434,-0.0380520193769982,0.418065811905623,-0.6794870919997315
0.977984367886114,-0.0384313611656977,0.4183914709332788,-0.6757416306849113
0.9782209998918208,-0.038812356021925,0.4186737199615168,-0.6720165146295289
0.9784601443422244,-0.0391950351207795,0.4189130989170899,-0.6683120587548789
0.9787018178989708,-0.0395794294033426,0.4191101430100231,-0.6646285729729362
0.9789460374855896,-0.0399655703216625,0.4192653832133102,-0.6609663551984416
0.9791928202514496,-0.0403534897917341,0.4193793460650203,-0.6573256921854826
0.9794421834962896,-0.0407432200873871,0.4194525535090298,-0.6537068608753296
0.9796941447046846,-0.041134793908818,0.4194855228216284,-0.6501101280778229
0.9799487213423392,-0.0415282440823736,0.4194787665322356,-0.6465357535173848
0.9802059313396496,-0.041923604324287,0.4194327923573878,-0.6429839831843759
0.9804657935547054,-0.0423209099491931,0.4193481027120609,-0.6394550436299921
0.980728325884768,-0.0427201949905604,0.4192251951214865,-0.6359491680105657
0.9809935464434304,-0.0431214940378801,0.419064562158184,-0.6324665796693609
0.981261473564422,-0.0435248422556403,0.4188666913224179,-0.6290074923317178
0.9815321257205714,-0.043930275275766,0.4186320650053472,-0.6255721113693639
0.981805521336266,-0.0443378289356129,0.418361160630058,-0.6221606362747769
0.9820816790441153,-0.0447475396815634,0.4180544504069898,-0.618773257495983
0.9823606176187576,-0.045159444486211,0.417712401318392,-0.6154101574578031
0.9826423559246196,-0.0455735807891209,0.4173354751327853,-0.6120715113341325
0.9829269128352092,-0.0459899863983785,0.4169241284970296,-0.6087574880844364
0.9832143076174163,-0.046408700071436,0.416478812332603,-0.6054682461187444
0.9835045591064429,-0.0468297603310599,0.4159999730537647,-0.6022039429039997
0.9837976867945304,-0.0472532070709589,0.4154880508386237,-0.598964722632759
0.9840937098229988,-0.0476790801118954,0.4149434812269076,-0.5957507277311731
0.9843926477924776,-0.0481074203940044,0.4143666936917204,-0.5925620899775387
0.9846945201612072,-0.048538269130163,0.4137581126820246,-0.5893989372102388
0.9849993462544508,-0.0489716678472649,0.4131181576701576,-0.5862613931225619
0.9853071457765488,-0.0494076591377179,0.412447242068488,-0.583149572040844
0.9856179384693036,-0.0498462861925828,0.4117457738620028,-0.5800635826620889
0.9859317443257342,-0.050287593125573,0.4110141550883986,-0.5770035260517921
0.9862485827434272,-0.0507316238076875,0.410252783810989,-0.5739695039295583
0.9865684737875924,-0.05117842366809,0.4094620511556108,-0.5709616064190934
0.9868914372685496,-0.0516280384221477,0.4086423434461724,-0.5679799211002351
0.9872174933508752,-0.0520805149476014,0.4077940406760462,-0.5650245273596106
0.9875466618243922,-0.0525359002967058,0.4069175183509133,-0.5620955031525782
0.9878789627896816,-0.0529942426755484,0.4060131457032472,-0.5591929188042349
0.9882144162447244,-0.0534555908977257,0.4050812867464376,-0.5563168408179219
0.988553042078534,-0.0539199944059669,0.404122300305284,-0.5534673318914953
0.9888948604801724,-0.0543875038615717,0.4031365388343094,-0.5506444475352926
0.9892398914613484,-0.0548581705179216,0.4021243497328133,-0.5478482401877378
0.9895881550986686,-0.0553320465828901,0.4010860746388299,-0.5450787572220085
0.9899396714621164,-0.0558091851514177,0.4000220496075387,-0.542336041601556
0.990294460355864,-0.0562896398863724,0.3989326058884499,-0.5396201338953501
0.9906525418008776,-0.0567734657059297,0.39781806844048,-0.5369310685532979
0.9910139356736816,-0.0572607183264255,0.3966787570016379,-0.5342688767597101
0.9913786620091916,-0.0577514547049228,0.3955149851130121,-0.5316335842258043
0.9917467406385811,-0.0582457325855575,0.3943270612307368,-0.5290252139051907
0.9921181911031256,-0.0587436104219614,0.3931152890097977,-0.5264437865110885
0.992493033108384,-0.0592451480237663,0.3918799658091664,-0.5238893173253817
0.9928712863356622,-0.0597504063397872,0.3906213832532409,-0.5213618176288485
0.9932529701865735,-0.060259447155726,0.3893398280552278,-0.5188612964141895
0.9936381039425216,-0.0607723333479987,0.38803558147137,-0.5163877592660573
0.9940267069447304,-0.0612891291637869,0.3867089186525324,-0.5139412072419942
0.9944187982474504,-0.0618098998010085,0.3853601097842358,-0.5115216391093486
0.994814396730973,-0.0623347116024543,0.3839894196789201,-0.5091290505737099
0.9952135212301872,-0.0628636322703578,0.3825971072922978,-0.506763433505645
0.9956161900073488,-0.0633967302132702,0.381183427528734,-0.5044247790333343
0.9960224217021344,-0.063934075851068,0.3797486278778922,-0.5021130719468699
0.9964322343279658,-0.0644757403335159,0.3782929518887425,-0.499828296551459
0.99684564581786,-0.0650217963122245,0.3768166372130975,-0.4975704334548155
0.997262673528972,-0.0655723173365156,0.3753199173281115,-0.4953394622469684
0.9976833352024994,-0.0661273791724905,0.3738030180465113,-0.4931353563099609
0.9981076479188724,-0.0666870584765804,0.3722661612053327,-0.4909580884396513
0.9985356282433084,-0.0672514330430894,0.3707095641135179,-0.4888076298745553
0.9989672926167806,-0.067820582375886,0.3691334380805903,-0.4866839482361041
0.9994026573765707,-0.0683945877728242,0.3675379882680993,-0.4845870074853751
0.999841737753723,-0.0689735310630977,0.3659234173061781,-0.4825167726656523
1.0002845493812722,-0.0695574966564615,0.3642899197008995,-0.4804732025856453
1.000731107174201,-0.0701465701289166,0.3626376858709091,-0.4784562551529113
1.0011814250853166,-0.0707408379640693,0.3609669030009295,-0.4764658882203805
1.0016355176522376,-0.0713403896601085,0.3592777492302083,-0.4745020526467385
1.0020933979448263,-0.0719453150885716,0.3575704011884714,-0.4725647013015424
1.0025550794187756,-0.0725557070110541,0.3558450270226238,-0.4706537809385681
1.0030205737800262,-0.073171658328002,0.3541017942805398,-0.4687692410694746
1.0034898930866816,-0.0737932649298646,0.3523408619722991,-0.4669110251014138
1.0039630483161153,-0.0744206238770227,0.3505623858336332,-0.4650790761379385
1.0044400499420507,-0.0750538342397984,0.3487665160690637,-0.4632733345096742
1.0049209083156676,-0.0756929976852944,0.3469533958069696,-0.4614937363315952
1.0054056320457951,-0.0763382164060635,0.3451231670988818,-0.4597402194110442
1.005894229605035,-0.0769895953360425,0.343275964758146,-0.4580127170884651
1.006386708558559,-0.0776472412113337,0.3414119191493491,-0.4563111609976728
1.0068830752154323,-0.0783112621895344,0.3395311573916927,-0.4546354820498395
1.007383336079177,-0.0789817698799758,0.33763379773612,-0.4529856054034206
1.0078874955439947,-0.0796588763526468,0.335719958164384,-0.4513614580657536
1.008395557401611,-0.0803426962462001,0.3337897505446102,-0.4497629636055255
1.0089075253771995,-0.0810333475931591,0.3318432784443257,-0.4481900405094001
1.0094234008828162,-0.0817309488926544,0.3298806455202112,-0.4466426090210039
1.0099431850894118,-0.0824356220038672,0.3279019474897006,-0.4451205845257562
1.0104668774649077,-0.0831474902752209,0.3259072775309606,-0.44362388181333
1.0109944769814008,-0.0838666802889208,0.3238967215208768,-0.4421524113830539
1.01152598060835,-0.0845933199212422,0.3218703636022575,-0.4407060835527243
1.0120613839744754,-0.0853275393485943,0.3198282834861813,-0.4392848062846185
1.0126006822235625,-0.0860694723403847,0.3177705530002747,-0.437888482799139
1.0131438686051415,-0.086819254448034,0.3156972412704477,-0.436517015176281
1.013690934993959,-0.0875770238358611,0.3136084125412998,-0.4351703027380144
1.0142418717519164,-0.088342921215141,0.3115041264965719,-0.4338482422014852
1.014796667427391,-0.0891170895513133,0.309384439194484,-0.4325507281695954
1.0153553092433647,-0.0898996748732573,0.3072494009822483,-0.4312776517537756
1.0159177824796006,-0.0906908255449952,0.3050990586279646,-0.4300289018081734
1.0164840709943288,-0.0914906931343563,0.3029334530904338,-0.4288043635292077
1.0170541561502595,-0.0922994310372102,0.3007526233820413,-0.4276039205642929
1.0176280181308877,-0.0931171964807083,0.2985566012828028,-0.4264274519396774
1.0182056350818822,-0.0939441494623174,0.2963454143626733,-0.4252748337217209
1.0187869823944435,-0.0947804518663192,0.2941190884580251,-0.4241459401364247
1.019372034277754,-0.0956262698729661,0.2918776413742446,-0.4230406402155643
1.019960761866843,-0.0964817713951536,0.2896210898460066,-0.4219588012292537
1.020553134410596,-0.0973471279486924,0.287349444693264,-0.4209002861233046
1.0211491188044628,-0.0982225141460173,0.2850627123071493,-0.4198649541706857
1.021748679101744,-0.0991081071438606,0.2827608962134755,-0.4188526615332138
1.0223517775011015,-0.1000040882729369,0.2804439929601834,-0.417863259313043
1.0229583727023857,-0.1009106407825539,0.2781119980994658,-0.4168965960339408
1.023568421503931,-0.1018279523942225,0.2757648997105671,-0.4159525147370029
1.0241818772189804,-0.1027562131240062,0.2734026841358451,-0.4150308552410296
1.0247986906862805,-0.1036956169872092,0.2710253317332208,-0.4141314522661041
1.0254188094593923,-0.1046463609703403,0.2686328196253116,-0.4132541363808538
1.0260421779309556,-0.1056086454117993,0.2662251208417947,-0.4123987334927015
1.0266687372021557,-0.1065826740024568,0.2638022044323065,-0.4115650647231328
1.0272984250118018,-0.1075686538817748,0.2613640353389767,-0.4107529461932742
1.027931175940821,-0.1085667961761291,0.258910573188872,-0.4099621884719348
1.0285669205328305,-0.109577314834454,0.2564417752769569,-0.409192597380119
1.0292055858237004,-0.1106004276775531,0.2539575940811819,-0.4084439729842481
1.0298470948346266,-0.1116363558185573,0.2514579787849664,-0.4077161098876334
1.0304913672593254,-0.1126853250093512,0.2489428721387331,-0.4070087961375789
1.031138317914308,-0.1137475633690095,0.2464122160316535,-0.4063218146351757
1.0317878575577812,-0.1148233029368495,0.2438659478257655,-0.4056549418415029
1.0324398932368242,-0.1159127805169963,0.2413039984884377,-0.405007947138612
1.0330943265470984,-0.1170162350364677,0.238726298916147,-0.404380594242768
1.0337510553835187,-0.1181339107271126,0.2361327725380891,-0.4037726391140761
1.034409972201886,-0.1192660544676422,0.2335233416265016,-0.4031838312916191
1.0350709646811864,-0.1204129171589213,0.2308979241515664,-0.4026139128802139
1.0357339153612948,-0.1215747533785669,0.2282564346587417,-0.4020626185198492
1.0363987018635097,-0.1227518220543612,0.2255987828163273,-0.4015296748489584
1.0370651963439974,-0.123944385803404,0.2229248750027444,-0.4010148006064023
1.0377332648803472,-0.1251527101101654,0.2202346161841648,-0.400517706705072
1.038402768371938,-0.1263770652357378,0.2175279056933791,-0.4000380951600183
1.0390735618690796,-0.1276177253371319,0.214804639286211,-0.3995756592465774
1.0397454942796107,-0.1288749682400873,0.2120647096913506,-0.399130083320924
1.040418407851343,-0.1301490747720534,0.2093080080826811,-0.3987010427538363
1.0410921390096213,-0.131440330662214,0.2065344199909688,-0.3982882029931786
1.041766517454051,-0.1327490251885575,0.2037438283010772,-0.3978912197719477
1.0424413659796916,-0.1340754511592871,0.2009361133043716,-0.3975097388011533
1.0431165002696356,-0.1354199048392903,0.1981111528609976,-0.3971433954723369
1.0437917293852876,-0.1367826872925813,0.1952688196098731,-0.3967918141954191
1.0444668547483662,-0.1381641027342136,0.1924089844682729,-0.3964546085534427
1.0451416698717069,-0.139564458313296,0.1895315170460384,-0.3961313809932603
1.045815961046549,-0.1409840659100674,0.1866362819456091,-0.3958217220734518
1.046489506589653,-0.1424232410000462,0.1837231411395436,-0.3955252104287096
1.047162076076778,-0.1438823013923889,0.1807919564933947,-0.3952414126675456
1.0478334314292452,-0.1453615699710491,0.1778425842220113,-0.3949698824714998
1.048503325431806,-0.1468613719115685,0.1748748804832065,-0.3947101607958521
1.0491715025221378,-0.14838203684416,0.171888697042754,-0.3944617751090215
1.0498376978628234,-0.1499238972374312,0.1688838844707171,-0.3942242393199212
1.050501637201817,-0.1514872884970851,0.165860291888972,-0.3939970533684769
1.0511630371262062,-0.1530725500367334,0.1628177648699096,-0.393779702691331
1.0518216043873814,-0.1546800241922984,0.1597561475217333,-0.3935716580048788
1.0524770355453923,-0.1563100558286007,0.1566752831762181,-0.3933723749504303
1.0531290172255248,-0.157962993481037,0.153575012176348,-0.3931812935487336
1.053777225676235,-0.1596391888258422,0.1504551728640151,-0.3929978378721693
1.0544213260584516,-0.1613389953870151,0.147315603928789,-0.3928214157665957
1.0550609731572105,-0.1630627709704898,0.1441561398448299,-0.3926514181690678
1.055695810069918,-0.1648108748065403,0.1409766161053096,-0.3924872189769893
1.056325468549353,-0.1665836690400044,0.137776866403348,-0.3923281744497138
1.0569495689590416,-0.168381519322666,0.1345567215447254,-0.392173622718522
1.0575677190929968,-0.1702047921299053,0.1313160142138346,-0.3920228835628408
1.0581795150458095,-0.1720538579807795,0.1280545731530409,-0.3918752576645925
1.058784540001381,-0.1739290886525707,0.1247722280818905,-0.3917300263638647
1.0593823643709233,-0.1758308583377953,0.1214688075759853,-0.3915864510686905
1.0599725456203732,-0.1777595440012608,0.1181441384200409,-0.3914437727266313
1.06055462764986,-0.1797155243158989,0.1147980474183162,-0.3913012113858858
1.0611281405293027,-0.1816991797078849,0.1114303612535141,-0.3911579656540257
1.0616926005070293,-0.1837108934495125,0.1080409045998966,-0.3910132120664429
1.0622475092014168,-0.1857510499682984,0.1046295029664243,-0.3908661046363457
1.062792353522826,-0.1878200357025141,0.1011959812106881,-0.3907157741999488
1.0633266057280053,-0.1899182407332612,0.0977401608539511,-0.3905613276794927
1.0638497220815406,-0.1920460550832344,0.0942618662124967,-0.3904018477088383
1.0643611432878295,-0.1942038718750352,0.0907609191786607,-0.3902363917304209
1.0648602938715397,-0.1963920866331009,0.0872371404320242,-0.3900639913369976
1.0653465815992542,-0.1986110967149225,0.0836903504042373,-0.3898836515727466
1.065819397175523,-0.2008613020491479,0.0801203681490426,-0.3896943500924521
1.0662781137489603,-0.2031431052467081,0.0765270112603349,-0.3894950363208854
1.066722086427086,-0.2054569119457662,0.0729100954454818,-0.3892846305397255
1.0671506515856612,-0.2078031302842033,0.0692694354831386,-0.3890620229978973
1.067563126599597,-0.210182172894572,0.065604842285903,-0.3888260727216419
1.0679588090171157,-0.2125944563315337,0.061916124021879,-0.3885756064795429
1.0683369757180352,-0.2150404004426929,0.0582030872943255,-0.3883094176963785
1.0686968824299676,-0.2175204303327727,0.0544655343980458,-0.3880262650072786
1.0690377630845302,-0.220034978308475,0.0507032607459104,-0.387724870665804
1.069358828587305,-0.222584482324949,0.0469160576095014,-0.3874039192356518
1.069659265858431,-0.2251693865463181,0.0431037116634574,-0.3870620559451317
1.0699382371861328,-0.227790145883676,0.0392659987740302,-0.3866978843414374
1.0701948785338011,-0.2304472227425089,0.0354026893690441,-0.3863099647931421
1.0704282986080602,-0.2331410916023018,0.0315135423477618,-0.3858968117565098
1.0706375774524983,-0.2358722418813086,0.0275983017318516,-0.3854568909629483
1.0708217643315645,-0.2386411735048944,0.0236567038463879,-0.3849886175504529
1.0709798766023484,-0.2414484083616287,0.0196884618635216,-0.3844903513289889
1.0711108969622063,-0.2442944818481581,0.0156932788868527,-0.3839603950357346
1.0712137717783763,-0.2471799566868439,0.0116708296038479,-0.3833969883370162
1.071287408092794,-0.2501054202601303,0.0076207654894821,-0.3827983042466212
1.071330670684331,-0.253071486648643,0.0035427134133912,-0.3821624443369756
1.07134237882086,-0.256078806971786,-0.0005637369276922,-0.3814874315754729
1.0713213022787125,-0.259128069421389,-0.0046990310602748,-0.3807712045982903
1.0712661119589848,-0.2622219359407553,-0.0088662474414212,-0.380011125084337
1.0711753588546693,-0.2653623978402377,-0.0130674816490223,-0.3792045554562867
1.071047520883755,-0.2685504605139133,-0.0173034603215154,-0.378348972227993
1.0708809936998394,-0.2717872038196797,-0.0215749804252522,-0.3774417115226688
1.0706740821711682,-0.2750737882750512,-0.0258829136097889,-0.3764799552418689
1.0704249906579495,-0.2784114641713684,-0.0302282139803684,-0.3754607147873429
1.0701318112444356,-0.2818015891556828,-0.0346119362467803,-0.3743808100929833
1.0697925104940251,-0.285245640905145,-0.03903524659771,-0.3732368474672308
1.0694049131953791,-0.2887452402084565,-0.043499446057654,-0.3720251909967589
1.06896668393404,-0.292302169632422,-0.0480059869580594,-0.3707419315668767
1.068475304081219,-0.2959184057260646,-0.0525565052772665,-0.3693828466009977
1.0679280455907585,-0.2995961461087335,-0.0571528447622289,-0.3679433559552437
1.0673219397548706,-0.3033378428897308,-0.0617970872476697,-0.3664184690376594
1.0666537391740727,-0.3071462462694996,-0.0664915934480259,-0.3648027199065857
1.0659198747699878,-0.311024441049423,-0.0712390324420298,-0.3630900958082746
1.0651164053834423,-0.3149758875017691,-0.0760424140086668,-0.3612739532835999
1.0642389632377798,-0.319004446224443,-0.08090509886386,-0.35934692961582
1.0632827014410762,-0.3231143638015895,-0.0858307598415763,-0.3573008616248464
1.0622422562086131,-0.3273101817491747,-0.0908232516107865,-0.3551267351917232
1.0611117565238706,-0.3315964762335359,-0.0958862844023306,-0.3528147262132665
1.0598849508051096,-0.3359772540808476,-0.1010227080565273,-0.3503544592383771
1.058555575761169,-0.3404547360153196,-0.1062331158166125,-0.3477357048616656
1.057118200946794,-0.3450270617231793,-0.1115132717167601,-0.3449499250454659
1.0555697960445174,-0.3496846494895629,-0.1168501270429763,-0.341993068569876
1.0539120031609996,-0.3544058480308585,-0.1222172374739712,-0.3388695075814359
1.0521530337943956,-0.3591550985262011,-0.1275732427289421,-0.3355950865487326
1.050307031531708,-0.3638882082986868,-0.132868368442651,-0.3321954768833489
1.0483901515701044,-0.3685640690537322,-0.1380577486319491,-0.3286988303944007
1.0464161699245698,-0.373154192590628,-0.1431117096350433,-0.3251280559376776
1.0443946381360203,-0.3776440948786436,-0.1480166881725846,-0.3214979622347165
1.0423313874276896,-0.3820293628572783,-0.152770364756226,-0.3178165704075283
1.0402297863808458,-0.3863111376172444,-0.1573763997976339,-0.3140875947089133
1.03809178872665,-0.3904930409852777,-0.1618409465120681,-0.3103124026821448
1.0359186034290662,-0.3945794831667771,-0.1661707783418815,-0.3064912245766848
1.0337110722910363,-0.3985748530941783,-0.1703724233679313,-0.3026238102605915
1.0314698708181125,-0.4024831788900064,-0.1744518244661457,-0.2987097624349826
1.0291956209984143,-0.4063080016453865,-0.1784142334362879,-0.2947487127639603
1.026888938562191,-0.4100523783334296,-0.1822642412649814,-0.290740384863653
1.0245504618324317,-0.4137189126140601,-0.1860058349135208,-0.2866846279044387
1.022180863789012,-0.4173098053719828,-0.1896424712591636,-0.2825814237380671
1.0197808549949894,-0.4208269098230005,-0.1931771522569119,-0.2784308806564135
1.0173511812930502,-0.4242717847417755,-0.196612494921082,-0.2742332202107412
1.0148926265662828,-0.4276457321795749,-0.1999507829820333,-0.2699887745018829
1.0124060053075383,-0.4309498427987563,-0.2031940238140904,-0.2656979672519891
1.00989216148099,-0.4341850261386373,-0.2063439883171884,-0.2613613068822281
1.0073519664093638,-0.4373520376769768,-0.2094022460644808,-0.2569793788113744
1.0047863126668706,-0.4404515067887603,-0.2123701998576571,-0.2525528316027313
1.0021961154371848,-0.4434839520115084,-0.2152491068225399,-0.2480823765878577
0.9995823043315136,-0.4464498050848038,-0.2180401069080534,-0.2435687715162421
0.9969458259868416,-0.4493494197940775,-0.2207442360357502,-0.2390128232047894
0.9942876388968376,-0.4521830880699543,-0.223362445452011,-0.2344153771097344
0.9916087111235738,-0.4549510509237776,-0.2258956155396545,-0.2297773121331492
0.9889100212610268,-0.457653504774185,-0.2283445648992631,-0.2250995412858275
0.9861925531612842,-0.4602906131110988,-0.2307100638670939,-0.2203830017393215
0.9834572947679352,-0.4628625127257477,-0.2329928426097467,-0.2156286521273373
0.9807052398419284,-0.4653693166122281,-0.2351935959780609,-0.2108374750176192
0.977937382010782,-0.467811123382419,-0.2373129938398845,-0.2060104661482948
0.9751547160774175,-0.4701880191927025,-0.2393516844897874,-0.2011486363665776
0.9723582353291962,-0.4725000828479247,-0.2413103006368215,-0.1962530066816804
0.9695489314412912,-0.4747473881760017,-0.2431894628235869,-0.1913246079049941
0.966727792811769,-0.476930007377904,-0.2449897835100853,-0.1863644776042799
0.9638958033208612,-0.4790480136367566,-0.2467118703525231,-0.1813736578356326
0.9610539412170452,-0.481101483311779,-0.2483563289852763,-0.1763531931286754
0.9582031785098968,-0.4830904975088922,-0.2499237651688773,-0.1713041293940768
0.9553444793110616,-0.4850151441695262,-0.2514147872283481,-0.1662275109911843
0.9524787995933136,-0.4868755189451114,-0.252830007417289,-0.1611243803185765
0.9496070862722152,-0.4886717263997339,-0.2541700434564511,-0.1559957762226841
0.946730277099266,-0.490403880561318,-0.2554355194990026,-0.1508427338671948
0.9438492983381814,-0.4920721066831852,-0.2566270679014901,-0.1456662806402876
0.9409650647252548,-0.4936765414179379,-0.257745329722984,-0.1404674361338383
0.938078479786936,-0.4952173327858959,-0.2587909550557272,-0.1352472127899731
0.9351904341383116,-0.4966946411856948,-0.2597646040254659,-0.130006612910202
0.9323018058044108,-0.4981086392040013,-0.2606669469021638,-0.1247466293099333
0.929413458161202,-0.4994595125530433,-0.2614986648940982,-0.1194682416433551
0.926526240769192,-0.5007474594817849,-0.2622604498977134,-0.1141724179752476
0.9236409884652028,-0.5019726910202749,-0.2629530047544261,-0.1088601131840533
0.9207585221445126,-0.5031354304478879,-0.2635770430217697,-0.1035322704671592
0.917879645942028,-0.5042359142046887,-0.2641332894996948,-0.0981898161932824
0.9150051492085598,-0.5052743907707722,-0.2646224795979215,-0.0928336635881055
0.9121358051390396,-0.5062511209064201,-0.2650453594277048,-0.0874647102363141
0.9092723703938072,-0.5071663774197182,-0.2654026855885337,-0.0820838373933225
0.9064155846673836,-0.5080204449091771,-0.2656952249058902,-0.0766919091801433
0.9035661710624772,-0.5088136192436521,-0.2659237540535371,-0.0712897732857918
0.9007248371701988,-0.5095462069192639,-0.2660890591895428,-0.0658782630351611
0.8978922715087293,-0.5102185256075997,-0.2661919358476776,-0.0604581906110315
0.8950691458584096,-0.510830903051761,-0.2662331883372227,-0.0550303514434757
0.8922561146940761,-0.5113836767927998,-0.2662136293927872,-0.049595523098495
0.8894538151063365,-0.5118771937470845,-0.266134079764674,-0.0441544650807083
0.8866628653887155,-0.5123118099687255,-0.2659953677133162,-0.0387079160137305
0.8838838675982968,-0.5126878897412491,-0.2657983286420758,-0.0332565985401794
0.8811174073717363,-0.5130058052680714,-0.2655438047672342,-0.0278012189412041
0.8783640503811952,-0.5132659366206141,-0.2652326443403918,-0.0223424600582452
0.8756243459421271,-0.5134686707908714,-0.2648657014496365,-0.0168809882695606
0.8728988271213178,-0.5136144013324875,-0.2644438356867071,-0.0114174536525421
0.8701880059344271,-0.5137035281196276,-0.2639679109031683,-0.0059524802158609
0.8674923797002644,-0.5137364564815512,-0.2634387956637557,-0.0004866784692684
0.8648124276348832,-0.5137135969304935,-0.2628573622595935,0.0049793615433706
0.8621463888698216,-0.5136352760637831,-0.2622239352968907,0.010449643422978
0.859491546955149,-0.5135015805339506,-0.2615384071071972,0.0159302456789065
0.8568483850906774,-0.513312594945277,-0.2608013419978839,0.0214207314022246
0.8542173879402399,-0.5130684086306805,-0.2600133163603018,0.0269206513149127
0.8515990276172908,-0.5127691148372046,-0.259174915062985,0.0324295725268547
0.8489937735707435,-0.5124148116258267,-0.25828673450599,0.0379470576288173
0.8464020848891314,-0.5120056011013747,-0.2573493803678943,0.0434726805554241
0.8438244154074503,-0.5115415900899271,-0.2563634694294526,0.0490060155109252
0.84126120881124,-0.5110228893697871,-0.2553296279010307,0.0545466471286089
0.8387129017063732,-0.5104496141382406,-0.25424849260487,0.0600941636537413
0.8361799229268946,-0.5098218839289669,-0.2531207108326141,0.0656481581096878
0.8336626923646616,-0.509139822312874,-0.2519469398928727,0.0712082305711692
0.8311616222777648,-0.508403557205619,-0.2507278477496136,0.0767739850005355
0.8286771141655331,-0.5076132199077011,-0.2494641115287152,0.0823450359176129
0.8262095632307038,-0.5067689463938116,-0.2481564197312154,0.0879209981679187
0.8237593517306817,-0.5058708750501248,-0.2468054687759243,0.0935015016139148
0.8213268572975269,-0.5049191494848041,-0.2454119674256319,0.0990861720295289
0.8189124445811188,-0.5039139154332498,-0.2439766321961093,0.1046746498210636
0.816516470092807,-0.5028553224128686,-0.2425001899606747,0.1102665787435732
0.8141392800464928,-0.5017435227551784,-0.2409833766414469,0.1158616106039013
0.8117812092036251,-0.5005786708188236,-0.2394269362919013,0.1214594078158813
0.809442584929565,-0.4993609248014214,-0.2378316236372676,0.1270596335629334
0.8071237219053324,-0.4980904439630852,-0.2361982004668065,0.1326619641188651
0.8048249247275638,-0.4967673896363367,-0.2345274371389365,0.1382660825258474
0.8025464893642245,-0.4953919259545374,-0.2328201135604108,0.1438716747629486
0.8002886970963685,-0.4939642159730846,-0.2310770144742519,0.1494784444538267
0.7980518216503032,-0.4924844256528348,-0.2292989345501599,0.1550860952002876
0.7958361238182604,-0.4909527202521804,-0.2274866740694148,0.1606943437266229
0.7936418540579298,-0.4893692656312292,-0.2256410406636278,0.1663029133144822
0.7914692517304476,-0.4877342274327244,-0.2237628484602494,0.1719115355809132
0.7893185434646104,-0.4860477694117413,-0.2218529163259525,0.1775199546683664
0.7871899464064464,-0.4843100554990615,-0.2199120703782196,0.1831279187732227
0.7850836649990016,-0.4825212468763626,-0.2179411408171908,0.1887351884720265
0.7829998920121729,-0.4806815022175378,-0.2159409624124116,0.1943415341004307
0.7809388091018571,-0.4787909776654863,-0.213912374652968,0.1999467342687467
0.7789005853324741,-0.4768498249208552,-0.2118562198838794,0.2055505799287998
0.7768853790364859,-0.4748581923398921,-0.2097733446963972,0.2111528694047202
0.774893336003032,-0.4728162225661954,-0.2076645976440264,0.216753413485736
0.7729245905038757,-0.4707240527883439,-0.2055308297768773,0.2223520327770063
0.7709792645966691,-0.4685818132487393,-0.2033728933754445,0.2279485598723992
0.7690574694283319,-0.4663896278580973,-0.2011916428495801,0.2335428358481179
0.7671593029580983,-0.4641476107631353,-0.1989879316110099,0.2391347171369668
0.7652848527341024,-0.461855868575378,-0.19676261462864,0.2447240677703055
0.7634341942338286,-0.4595144975165806,-0.1945165459499279,0.2503107645409086
0.7616073895666927,-0.457123580551306,-0.1922505763838886,0.2558947014665528
0.759804491219049,-0.4546831910174201,-0.1899655573991601,0.2614757789127727
0.7580255376726287,-0.4521933856174802,-0.1876623349645396,0.2670539175399644
0.7562705568977689,-0.4496542076721475,-0.1853417531563739,0.2726290481971619
0.7545395658483143,-0.4470656851712386,-0.1830046528510345,0.2782011139863166
0.7528325678054545,-0.4444278251938102,-0.1806518673017476,0.2837700795835793
0.7511495562495394,-0.4417406179730887,-0.1782842264978642,0.2893359196173329
0.749490510953696,-0.439004028974755,-0.1759025508639134,0.2948986323571063
0.7478554016321436,-0.4362180026450862,-0.1735076554113514,0.3004582287188529
0.7462441844138133,-0.4333824543434033,-0.171100343652787,0.3060147452632081
0.7446568059925729,-0.4304972750581143,-0.1686814126525618,0.3115682312965319
0.7430932005267343,-0.4275623235278412,-0.166251647389148,0.3171187607735903
0.7415532887805691,-0.4245774214422502,-0.163811818088377,0.3226664371478512
0.7400369805049474,-0.4215423546119337,-0.1613626826136948,0.3282113867392944
0.7385441732779714,-0.4184568673051697,-0.1589049833462062,0.3337537647403932
0.7370747543003316,-0.4153206622117688,-0.1564394487837987,0.33929375056227
0.735628594358255,-0.4121333832508367,-0.153966781892174,0.344831572968491
0.7342055561007109,-0.4088946284805286,-0.1514876723796187,0.3503674814892616
0.7328054865321135,-0.4056039284459465,-0.1490027822195549,0.355901777931199
0.7314282201079096,-0.4022607467921626,-0.1465127489524007,0.3614348080395458
0.7300735758731025,-0.3988644664903877,-0.144018178424166,0.3669669768199575
0.728741361249437,-0.3954143914583936,-0.141519649414246,0.3724987375333423
0.727431368105059,-0.3919097283024318,-0.1390177040417975,0.3780306123704988
0.7261433711637407,-0.3883495717070387,-0.1365128418164949,0.3835632050821478
0.724877127632983,-0.3847328913753989,-0.1340055156278017,0.3890972094784239
0.7236323793445102,-0.3810585249750575,-0.1314961325816464,0.394633407450061
0.72240884615369,-0.3773251437578826,-0.1289850370047434,0.4001727065713681
0.721206229039641,-0.3735312435454452,-0.1264725122208401,0.4057161365588788
0.7200242029428591,-0.3696751014882288,-0.1239587607277041,0.4112648937509741
0.718862419259687,-0.3657547587335,-0.1214439035324953,0.4168203437722882
0.7177204979476512,-0.3617679648010504,-0.1189279565912128,0.4223840753084042
0.7165980268126472,-0.3577121389952801,-0.1164108212128448,0.4279579237910368
0.7154945541017089,-0.3535843011121347,-0.1138922583308593,0.4335440316800691
0.7144095855841731,-0.3493810082982367,-0.1113718708405557,0.4391448920805979
0.7133425749942328,-0.3450982551504824,-0.1088490685537405,0.4447634323965184
0.7122929145073572,-0.3407313566598712,-0.1063230298060895,0.450403107472813
0.7112599307079964,-0.3362748348746003,-0.1037926728594578,0.4560679732317957
0.7102428668226285,-0.3317222241140824,-0.1012565899962594,0.4617628465783637
0.7092408736985354,-0.3270658805265752,-0.0987129970765536,0.46749343462593
0.7082530087635666,-0.3222967958589853,-0.0961596985272776,0.473266432946494
0.7072782402282519,-0.3174044045877409,-0.0935940622543362,0.4790896046071714
0.7063155036003527,-0.3123766348668806,-0.0910131326955917,0.4849715462921793
0.7053638456178881,-0.3072004712455066,-0.0884139964534581,0.4909208683949226
0.7044228160519667,-0.3018641109828737,-0.0857948844151553,0.4969436514206564
0.7034933298901782,-0.2963625470107354,-0.0831577478801165,0.503037404123805
0.7025793133508146,-0.2907096218282657,-0.0805134292775184,0.5091787747124188
0.7016895470425351,-0.2849546567991721,-0.0778880387929243,0.5153080183982122
0.7008367890380348,-0.2791845076626232,-0.0753217967264679,0.5213306812723977
0.7000319492183458,-0.2734891501763321,-0.0728522694808106,0.5271563277362179
0.6992790501876895,-0.2679221495064317,-0.0704979567149157,0.5327377885612536
0.6985761989769066,-0.2624979091098824,-0.0682593745013545,0.5380698392294895
0.6979189678236947,-0.2572098146398299,-0.0661283859998082,0.5431679346522283
0.6973025692798172,-0.2520443972953812,-0.0640947199707057,0.5480530089539206
0.6967226671379091,-0.2469876326222027,-0.0621486244165191,0.5527451662346116
0.6961755473173414,-0.2420269881733133,-0.0602815893422835,0.557261887215154
0.6956580708181758,-0.2371517810054023,-0.0584863597089079,0.5616179247183462
0.6951675827386294,-0.2323530517256126,-0.0567567725925559,0.5658256326375172
0.6947018200711018,-0.2276232796800828,-0.0550875571558435,0.5698953991502883
0.6942588363005698,-0.2229561184438487,-0.0534741641490047,0.5738360211440776
0.6938369411198186,-0.2183461660265128,-0.0519126259200809,0.5776550145325983
0.6934346544305493,-0.2137887913127282,-0.050399450094368,0.5813588500979922
0.6930506695567417,-0.209279987671952,-0.0489315332534494,0.5849531461820449
0.6926838240549742,-0.2048162532913897,-0.0475060920193918,0.5884428230750673
0.6923330770722494,-0.2003945014084826,-0.0461206104234857,0.5918322206934813
0.691997492053876,-0.196011999705338,-0.0447728013760297,0.5951251840918769
0.6916762211854568,-0.191666302131527,-0.0434605695683157,0.5983251472387109
0.6913684940262665,-0.1873552104783928,-0.0421819866772482,0.6014351880370048
0.6910736070088757,-0.1830767278900006,-0.0409352665147377,0.6044580844615877
0.6907909159104564,-0.178829037099835,-0.0397187494844265,0.6073963487732189
0.6905198284248852,-0.1746104666137096,-0.0385308850219884,0.6102522671826125
0.6902597992957142,-0.17041948378547,-0.037370222974802,0.6130279183507575
0.690010324914785,-0.1662546706768371,-0.0362354010148921,0.6157252018424467
0.6897709388256673,-0.1621147046046146,-0.0351251343674677,0.6183458611440916
0.6895412083086342,-0.1579983490141338,-0.0340382090916364,0.620891498351922
0.6893207316415285,-0.1539044506401819,-0.0329734775041962,0.6233635840492178
0.6891091347649981,-0.1498319203200031,-0.0319298497773424,0.6257634762291333
0.6889060694728477,-0.145779736800506,-0.0309062919653131,0.6280924243075837
0.6887112102649341,-0.1417469199910115,-0.0299018165873936,0.6303515902055008
0.6885242538886825,-0.1377325538990223,-0.0289154860578468,0.63254204021534
0.688344916784334,-0.1337357647069924,-0.0279464049993619,0.6346647622535352
0.6881729335899547,-0.1297557160540789,-0.0269937172129408,0.6367206723401502
0.6880080562427204,-0.1257916155818268,-0.0260566054895746,0.6387106150104583
0.687850052260127,-0.1218427000767616,-0.0251342864414642,0.6406353745032317
0.687698704097967,-0.1179082435002993,-0.0242260109276396,0.642495673933261
0.6875538081714552,-0.113987555947652,-0.0233310623704064,0.644292179204181
0.6874151735355221,-0.1100799707429654,-0.0224487525041369,0.6460255079615579
0.6872826213086635,-0.1061848488204574,-0.0215784212196839,0.6476962300859535
0.6871559841011179,-0.1023015829373959,-0.0207194363632451,0.649304868605172
0.6870351048481612,-0.0984295820759365,-0.0198711892159215,0.650851908719277
0.6869198367105409,-0.0945682866044562,-0.0190330968598873,0.6523377938133297
0.6868100422783566,-0.0907171615489819,-0.0182045997138226,0.6537629307273314
0.6867055929014643,-0.0868756912583168,-0.0173851594843553,0.655127693927978
0.6866063683680957,-0.0830433849707983,-0.0165742595038825,0.6564324255590237
0.6865122562379251,-0.079219768578006,-0.0157714021531171,0.6576774403633907
0.6864231516697631,-0.0754043942253472,-0.0149761100921895,0.6588630244474722
0.6863389568451774,-0.0715968333373669,-0.0141879240084732,0.6599894396697725
0.6862595805337257,-0.0677966729287038,-0.0134064011203037,0.6610569264958859
0.6861849378921057,-0.0640035216962418,-0.0126311157174407,0.6620657039816052
0.6861149499842482,-0.0602170019041885,-0.011861656791109,0.6630159737492545
0.6860495436953435,-0.0564367603031606,-0.0110976295690876,0.6639079188729003
0.6859886511767301,-0.0526624527662746,-0.0103386517194777,0.6647417093427176
0.6859322098222699,-0.0488937572983778,-0.0095843553213581,0.6655175005013847
0.6858801617918061,-0.0451303586149258,-0.0088343831155881,0.6662354378495247
0.685832454001659,-0.0413719614119931,-0.0080883905229089,0.6668956556148524
0.6857890378279033,-0.037618284631075,-0.0073460438512515,0.6674982794128956
0.685749868797766,-0.0338690493848523,-0.0066070172869556,0.6680434292422116
0.6857149066488074,-0.0301239983665986,-0.0058709961090986,0.6685312174984765
0.6856841149364321,-0.0263828719509491,-0.0051376713613001,0.668961753386617
0.6856574610891235,-0.0226454268080548,-0.0044067429015789,0.6693351412094547
0.6856349161617029,-0.0189114202465116,-0.0036779157196168,0.6696514829692907
0.6856164548305399,-0.015180624204753,-0.0029509020636614,0.6699108776808019
0.6856020551847954,-0.0114528028591543,-0.0022254164672874,0.6701134236326023
0.6855916987681271,-0.0077277335018351,-0.0015011792170666,0.6702592172150652
0.6855853704428918,-0.0040051848052537,-0.0007779115207962,0.6703483543199441
0.6855830584057622,-0.0002849337897274,-5.53382085629e-05,0.6703809296856645
0.6855830466454901,2.5504751630968378e-11,-6.0259759421948944e-12,0.6703810953943561
