2.96400626450751
0.733522624621975,-4.753973259038177e-23,5.096286375060112e-13,0.5649341977267104
0.7335244029207049,0.0020330264038461,0.000988290373206,0.5649228816728353
0.7335356016025201,0.0054918140169197,0.0026696188005257,0.564851627589201
0.7335571064930979,0.0089516274297972,0.0043513087450933,0.5647148356254535
0.7335889382121599,0.012412940445284,0.0060335055147793,0.5645124458173707
0.7336311244450326,0.0158761029634134,0.0077162961946373,0.5642443875745943
0.7336837002815686,0.0193414690007834,0.009399772685975,0.5639105777297253
0.733746708273931,0.0228093929845768,0.011084030708885,0.5635109204262378
0.7338201984896302,0.0262802280755742,0.0127691697871462,0.5630453070869464
0.7339042288052108,0.0297543344119115,0.0144552980425316,0.5625136149115627
0.733998864985436,0.033232074105947,0.0161425305464575,0.5619157067936762
0.7341041810049983,0.0367138161808823,0.0178309924865053,0.5612514297659185
0.7342202594807309,0.0401999415687935,0.0195208223455406,0.5605206128246895
0.7343471918607781,0.0436908387478636,0.0212121705273678,0.5597230663693593
0.7344850787982093,0.0471869053195826,0.0229052008512387,0.5588585805624736
0.734634030791394,0.0506885544712848,0.0246000943953569,0.5579269221185605
0.7347941685942107,0.0541962134962798,0.0262970494767633,0.5569278326542041
0.734965623970041,0.0577103291557537,0.027996284928681,0.5558610250165388
0.7351485399146582,0.0612313606810941,0.0296980373873242,0.5547261830602789
0.7353430722442624,0.0647597986293752,0.0314025710656107,0.5535229531034817
0.7355493890236267,0.0682961410925174,0.0331101669071944,0.5522509489552921
0.7357676730968716,0.0718409256584957,0.0348211386709419,0.5509097379423172
0.7359981217927994,0.0753947088721627,0.0365358236518367,0.54949884463188
0.7362409483306823,0.0789580751338416,0.0382545876253341,0.5480177442835491
0.7364963833726813,0.0825316444924857,0.0399778292587626,0.5464658557288045
0.7367646754562746,0.0861160629824976,0.0417059761175826,0.5448425413749107
0.7370460930347198,0.0897120147056678,0.0434394911794499,0.5431470977509686
0.7373409254980577,0.0933202178627474,0.0451788716349496,0.5413787526277415
0.7376494853783484,0.0969414344122813,0.0469246542941916,0.539536655416554
0.7379721091272541,0.1005764607021709,0.0486774118652462,0.5376198765797628
0.7383091592203279,0.1042261332420764,0.0504377565833001,0.5356273995431449
0.7386610268940036,0.10789133854026,0.0522063458654737,0.5335581094731044
0.7390281337319234,0.1115730082231154,0.0539838809444478,0.5314107894917764
0.7394109340875773,0.1152721217612496,0.0557711092553256,0.5291841125784771
0.7398099172987103,0.1189897052739495,0.0575688250248311,0.5268766353943404
0.7402256107808766,0.1227268367869276,0.0593778730873062,0.5244867877766849
0.7406585826888101,0.1264846450576298,0.0611991497147134,0.5220128656162049
0.7411094439896971,0.1302643019534945,0.0630336004413725,0.5194530279275988
0.7415788527783057,0.1340670322492461,0.064882226466974,0.51680528207814
0.7420675148066912,0.1378940902885851,0.0667460751017586,0.5140674914454443
0.7425761889066799,0.1417467753737534,0.0686262491519755,0.5112373564044795
0.743105684620059,0.1456263857705629,0.0705238864904028,0.5083124398196606
0.743656865714248,0.1495342200786115,0.0724401627011946,0.5052901601497781
0.7442306474295232,0.1534715337922906,0.0743762717661238,0.5021678196993244
0.7448279907645186,0.1574394824053326,0.0763333997949159,0.4989426483748948
0.7454498955531847,0.1614390656999819,0.0783126987669197,0.4956118525887156
0.7460973829827253,0.1654710165614941,0.0803152319176454,0.4921727182298722
0.7467714732177866,0.1695356812378367,0.0823419132232733,0.4886227344424976
0.7474731481650464,0.1736328379590786,0.0843934137994668,0.484959788037914
0.7482032991102148,0.1777614688128974,0.0864700412301006,0.4811824245544294
0.7489626633915832,0.1819195220049419,0.0885716090777707,0.4772901489681562
0.7497517399675655,0.186103619405326,0.0906972724802355,0.4732838127557175
0.7505707059146407,0.1903088390586511,0.0928453941724315,0.4691659689774436
0.7514193381114365,0.1945285843084435,0.0950134473867188,0.4649411739326011
0.7522969702782364,0.1987546689792454,0.0971980239475578,0.4606160891661424
0.7532025074885447,0.2029776757227467,0.0993949822436263,0.4561992896589269
0.7541345113045788,0.2071875843308822,0.101599740915554,0.4517007369740806
0.7550913415141628,0.2113745435995415,0.103807660126098,0.4471310110298349
0.756071324740523,0.2155296202150909,0.1060144280377132,0.4425004618762815
0.7570729057014647,0.2196453381668556,0.1082163543141479,0.4378184970255815
0.7580947507916159,0.2237159234814822,0.1104105205952427,0.433093136830802
0.7591357985406298,0.2277372887085637,0.1125947991221332,0.4283308443569465
0.7601952609056707,0.2317068233155557,0.1147677681411476,0.4235365917979405
0.761272595396789,0.2356231021117811,0.1169285796957716,0.4187140562901377
0.7623674664699133,0.2394855950279535,0.119076822914699,0.4138658534552507
0.7634797015155838,0.2432943991727409,0.1212123937421914,0.4089937817981131
0.7646092509246589,0.2470500228771323,0.1233353879599451,0.4040990355500582
0.7657561596540445,0.2507532378362109,0.1254460278434578,0.3991823560474789
0.7669205375457901,0.2544049487384136,0.1275445950972699,0.394244179530074
0.768102541473481,0.2580061178298135,0.1296313921845323,0.3892847267421344
0.7693023602106546,0.2615577085159619,0.1317067126624455,0.3843040759757355
0.7705202043146784,0.2650606516637584,0.1337708232415806,0.3793022112465623
0.7717562948090709,0.2685158137297217,0.1358239458371547,0.374279072441052
0.7730108610245531,0.2719239945644689,0.1378662564012416,0.369234565768443
0.7742841341575575,0.2752859145593513,0.1398978770896599,0.3641685905472093
0.7755763440111333,0.2786022121715598,0.1419188742605442,0.3590810518779311
0.7768877174006616,0.2818734462972775,0.1439292592643099,0.3539718660719488
0.7782184749633312,0.2851000948347194,0.1459289868202795,0.3488409718514723
0.7795688329009759,0.2882825653692614,0.1479179608500247,0.3436883221107275
0.7809389964994621,0.2914211859668096,0.1498960279614021,0.3385139070534331
0.7823291654771097,0.2945162238734294,0.1518629883636546,0.3333177319040484
0.7837395297749448,0.2975678812147897,0.1538185924974897,0.3280998311253276
0.7851702675931093,0.3005762964356349,0.1557625411838874,0.3228602735725747
0.7866215501818778,0.3035415595468109,0.1576944947892263,0.3175991429484915
0.7880935330166655,0.306463698599098,0.1596140638472541,0.3123165680268568
0.7895863656890891,0.3093427043558924,0.1615208245975095,0.3070126848955385
0.7911001870177283,0.3121785239565509,0.1634143144897003,0.3016876531508348
0.7926351202256658,0.3149710560153648,0.1652940284150316,0.296341670903879
0.7941912781151909,0.3177201643140202,0.1671594274102421,0.2909749545902335
0.7957687634734668,0.3204256814800929,0.1690099408997531,0.285587736152432
0.7973676628158591,0.3230874013645353,0.1708449612085717,0.2801802828098809
0.7989880520967316,0.3257050920652453,0.1726638522040046,0.274752875803453
0.800629995935867,0.3282784970024903,0.1744659499400621,0.269305811762719
0.8022935417960995,0.3308073284590897,0.1762505579784043,0.2638394205171434
0.8039787255382753,0.3332912790379839,0.1780169552708649,0.258354045055926
0.805685569200786,0.3357300204354277,0.179764395274444,0.2528500475720884
0.8074140801479188,0.3381232045023852,0.1814921066687647,0.2473278108349662
0.8091642520482012,0.3404704667628865,0.1831992958869641,0.2417877337378695
0.8109360623766929,0.3427714250691168,0.184885146170102,0.2362302379603679
0.8127294765527936,0.3450256869301371,0.1865488229899745,0.2306557537596916
0.8145444419391451,0.347232843542286,0.1881894697733482,0.2250647376379242
0.8163808914040925,0.3493924762001734,0.1898062127251559,0.2194576600272907
0.8182387453223302,0.3515041599637407,0.1913981637678554,0.2138349983534815
0.820117902105525,0.3535674543753258,0.1929644137194963,0.2081972647487054
0.8220182489173691,0.3555819172462006,0.1945040428624595,0.2025449725900183
0.823939654387783,0.3575470978150101,0.1960161160045047,0.1968786576316589
0.8258819728725999,0.3594625426131562,0.1974996871912439,0.1911988644822473
0.8278450409961243,0.3613277931023787,0.1989537981513479,0.1855061560733763
0.8298286782599824,0.3631423876162595,0.2003774800460342,0.1798011110460884
0.831832688309781,0.3649058636462749,0.2017697555384661,0.1740843194290637
0.8338568592597061,0.3666177590047155,0.2031296400236533,0.1683563812124575
0.835900959218325,0.3682776090383698,0.2044561397136189,0.1626179184395891
0.8379647423192756,0.3698849526762563,0.2057482567536342,0.1568695576189155
0.8400479457278603,0.3714393306284695,0.2070049881323185,0.1511119378297422
0.8421502872212966,0.3729402845223949,0.2082253252919043,0.1453457169193394
0.844271469820592,0.3743873611419425,0.2094082578863076,0.1395715583305159
0.8464111804289247,0.3757801119290803,0.2105527737344169,0.1337901346820502
0.8485690877650942,0.3771180922790799,0.2116578585744351,0.128002133103401
0.8507448463297904,0.3784008646410105,0.2127224989532031,0.122208244361198
0.8529380908499609,0.3796279956771119,0.2137456802097838,0.1164091775645844
0.8551484421727974,0.380799060285671,0.2147263901408807,0.1106056443230343
0.857375507432286,0.3819136417640634,0.2156636194870337,0.1047983584696888
0.8596188729837009,0.3829713286262768,0.2165563595738248,0.0989880544823676
0.861878115141289,0.383971720250722,0.2174036073721496,0.093175459539832
0.8641527903837987,0.38491442245024,0.2182043620639608,0.087361319007812
0.8664424447957393,0.385799051858858,0.2189576290428166,0.0815463722599433
0.8687466062643263,0.3866252327766868,0.2196624175101634,0.0757313728164288
0.8710647913485834,0.3873925999649192,0.2203177431094379,0.0699170710574536
0.8733964997633454,0.3881007967084172,0.2209226265133791,0.064104228363949
0.8757412222025229,0.3887494772887449,0.2214760957532936,0.0582935978001015
0.8780984324108134,0.3893383044662149,0.2219771842636489,0.0524859441752455
0.8804675950536425,0.3898669515550461,0.2224249328205871,0.0466820248240483
0.8828481599042557,0.3903351007321733,0.2228183882428516,0.0408826042768043
0.8852395667239513,0.3907424439536948,0.2231566042799181,0.0350884426028051
0.8876412437750885,0.3910886822683072,0.2234386411040979,0.0293002994296899
0.8900526095718695,0.3913735257089156,0.2236635652497425,0.0235189300810844
0.8924730699723099,0.3915966925443659,0.2238304490017084,0.0177450929036967
0.8949020242926669,0.3917579094657999,0.2239383704664873,0.0119795349958329
0.8973388610862199,0.391856910538759,0.2239864126271439,0.0062230026879868
0.8997829606098764,0.3918934368194192,0.2239736628617029,0.0004762360082702
0.9022336961088387,0.3918672356120784,0.2238992120960272,-0.0052600339665988
0.9046923461522088,0.3917779656822947,0.2237620226340261,-0.0109895315383597
0.9071610275352976,0.3916250310106218,0.2235607806975707,-0.0167178718779621
0.9096391971482636,0.3914078217912661,0.2232942004692001,-0.0224444605504073
0.9121262938887268,0.3911257194925448,0.222960976023694,-0.0281686919085498
0.914621734884766,0.3907780967949441,0.2225597806809828,-0.0338899412346609
0.917124914135412,0.3903643175621127,0.2220892663024352,-0.0396075626251264
0.9196352021615106,0.3898837366895615,0.2215480623977012,-0.0453208892654719
0.9221519442651064,0.3893357001938899,0.2209347754559315,-0.0510292306010912
0.924674467222883,0.3887195432614244,0.2202479859487616,-0.0567318886579539
0.9272020723424824,0.3880345909448869,0.2194862482444543,-0.0624281434380296
0.929734037280228,0.387280157067845,0.2186480884367012,-0.068117258330561
0.932269619040114,0.3864555422456216,0.2177320011212767,-0.0737984881595878
0.9348080519047732,0.3855600330538055,0.2167364473539252,-0.0794710759015378
0.937348552695161,0.3845928984003568,0.2156598493860107,-0.0851342659046728
0.9398903127101892,0.3835533903645601,0.2145005902383164,-0.0907872874859266
0.942432508622904,0.3824407375220662,0.2132570047592605,-0.0964293809531173
0.9449742998545114,0.3812541425276596,0.2119273752275617,-0.1020597935901096
0.9475148321100164,0.3799927765557681,0.2105099232246362,-0.1076777895673942
0.950053239906428,0.3786557731290254,0.2090028005425484,-0.1132826578380563
0.9525886489071616,0.3772422209619422,0.2074040786587539,-0.1188737199103829
0.95512017996357,0.3757511545746749,0.2057117353030953,-0.1244503417665389
0.9576469553702476,0.3741815418008378,0.2039236370153753,-0.1300119511164653
0.9601681018797908,0.3725322711037233,0.2020375208908542,-0.1355580481057634
0.9626827601396888,0.3708021323449828,0.2000509681374172,-0.1410882309158114
0.9651900893910228,0.3689897973591189,0.1979613765023671,-0.1466022118963095
0.967689278414422,0.3670937924605389,0.1957659223374717,-0.1520998486700317
0.9701795543859334,0.3651124674727685,0.1934615172632693,-0.1575811722160854
0.9726601920705352,0.3630439589101636,0.1910447563932549,-0.1630464177077709
0.9751305301390688,0.3608861401250792,0.1885118492740505,-0.1684960736261209
0.9775899778868612,0.3586365706645394,0.1858585472925762,-0.1739309130435729
0.9800380274498414,0.3562924310490444,0.1830800508530227,-0.1793520411987209
0.9824742555419989,0.3538504554918031,0.1801709103234499,-0.1847609251426777
0.9848983117733844,0.3513068662505885,0.1771249246472168,-0.1901593998676713
0.9873098718643982,0.3486573353724045,0.1739350682528393,-0.1955496032340241
0.9897085218130274,0.3458970233061363,0.1705935069816549,-0.2009337626681426
0.9920935012050052,0.343020808060371,0.1670918449736617,-0.2063136667409724
0.9944631640469896,0.3400239503027756,0.1634219132972875,-0.2116894847689186
0.9968139327504107,0.3369036436896029,0.1595776793892729,-0.2170573810127157
0.9991384794386632,0.3336621279153012,0.1555591721990786,-0.222405219007339
1.001423292516928,0.3303116544575563,0.1513788846552949,-0.2277065465836196
1.0036473643974215,0.3268791405026837,0.1470680523559936,-0.2329167151621509
1.0057854598911782,0.3234043950856336,0.1426750493660546,-0.2379793897947791
1.0078162804723405,0.3199286417768348,0.1382513261098217,-0.2428450440597846
1.009728772295905,0.3164822517559801,0.1338357353640365,-0.2474862558247941
1.0115217358999844,0.3130816026389622,0.1294500172454403,-0.2518978587322604
1.0131998512230267,0.3097328880529857,0.1251031686544439,-0.2560883982406614
1.0147701800343203,0.3064367968743384,0.1207971490015309,-0.2600722503364939
1.0162402112263973,0.3031916091174936,0.1165307371624683,-0.2638650960854418
1.017617028215423,0.2999947777565191,0.1123015354011747,-0.267481936246943
1.018907026552915,0.2968436718299693,0.1081069318821583,-0.2709363737812917
1.0201158905613763,0.2937358524903251,0.103944471788567,-0.2742405127105709
1.0212486517591903,0.2906691701244092,0.0998119994667157,-0.2774050569154445
1.0223097738002205,0.2876417732424224,0.0957076847507299,-0.2804394805920644
1.0233032381168417,0.2846520796188777,0.0916299976100995,-0.28335220841605
1.0242326171346996,0.2816987451014685,0.0875776778206188,-0.2861507705204443
1.0251011401162462,0.2787806192501212,0.0835496846154126,-0.2888419466622781
1.02591174244073,0.2758967223816973,0.0795451737778355,-0.2914318706811191
1.0266671115845254,0.273046207548552,0.0755634523602907,-0.2939261335483553
1.0273697205815333,0.2702283430999099,0.0716039604270203,-0.2963298550157657
1.0280218580659453,0.2674424894156338,0.0676662435940555,-0.2986477506977645
1.028625651844044,0.2646880843055968,0.0637499367075065,-0.3008841835592391
1.0291830893837397,0.2619646271019759,0.059854744869298,-0.3030432100207541
1.0296960342698498,0.259271668088807,0.0559804313249466,-0.3051286163370432
1.030166239178451,0.2566088050233517,0.0521268150772352,-0.307143945360271
1.0305953598209157,0.2539756641530701,0.0482937456609829,-0.3090925316217968
1.0309849632874777,0.251371902846619,0.0444811086624925,-0.3109775168330126
1.0313365371040153,0.2487972021188349,0.0406888164222261,-0.3128018708716095
1.0316514967360864,0.2462512614270813,0.0369168017055173,-0.3145684089194622
1.0319311915874825,0.2437337983400443,0.0331650183651048,-0.316279803508837
1.0321769112817345,0.2412445393031186,0.0294334285820096,-0.3179386012374971
1.032389889741741,0.2387832237677282,0.0257220098117182,-0.3195472290918287
1.0325713101268923,0.2363495945904957,0.0220307410444405,-0.3211080089348806
1.0327223077533645,0.2339434058926194,0.0183596152528406,-0.3226231596448132
1.0328439740637398,0.2315644134591008,0.0147086253699378,-0.3240948098324689
1.032937359281454,0.2292123764373816,0.0110777672274925,-0.3255250025190158
1.033003474933989,0.2268870599232861,0.0074670439507969,-0.3269156988888929
1.033043296459596,0.2245882274809321,0.0038764547112375,-0.3282687876037596
1.0330577651226884,0.2223156453098803,0.0003060014056402,-0.3295860865891989
1.0330477899828967,0.2200690805709936,-0.003244313708732,-0.3308693479999484
1.033014228988016,0.2178472890148514,-0.0067761018187341,-0.332120828224
1.0329578578499254,0.2156486703883843,-0.0102915837134778,-0.3333428928296502
1.0328794295011836,0.2134730918673022,-0.0137906656529949,-0.3345370177779083
1.0327796771024518,0.2113204310075238,-0.0172732345925497,-0.3357046302987618
1.032659314729632,0.2091905615857807,-0.020739180618949,-0.3368471187731774
1.032519038135285,0.2070833536503105,-0.0241883968749323,-0.3379658344159308
1.0323595254373443,0.204998673411129,-0.0276207797588922,-0.3390620929149647
1.0321814379028795,0.2029363848749497,-0.0310362262462491,-0.3401371750446383
1.0319854205628476,0.2008963493896012,-0.0344346346210275,-0.3411923282880928
1.0317721023400992,0.1988784214850203,-0.0378159114695881,-0.3422287702387588
1.0315420970090226,0.1968824540063554,-0.0411799632246305,-0.3432476871039513
1.0312960036236138,0.1949082971915645,-0.0445266977153746,-0.3442502352936927
1.0310344065511168,0.1929557955737777,-0.0478560295034825,-0.3452375440105397
1.0307578763068523,0.1910247917103611,-0.0511678736728201,-0.3462107143042216
1.0304669697839437,0.1891151249508808,-0.0544621479917807,-0.3471708205966187
1.0301622303404394,0.1872266299441617,-0.0577387756142726,-0.3481189122700143
1.0298441884829048,0.1853591391791962,-0.0609976808220585,-0.3490560131817163
1.0295133619098171,0.1835124814412471,-0.0642387918149807,-0.349983123190187
1.0291702559488491,0.1816864828721149,-0.0674620389946691,-0.3509012183332203
1.0288153637242827,0.179880966524159,-0.0706673558759254,-0.3518112517269187
1.0284491663605717,0.1780957523001349,-0.0738546793440328,-0.3527141542410473
1.0280721333393217,0.1763306577012309,-0.0770239484698679,-0.3536108347379387
1.027684722749698,0.1745854980178212,-0.0801751042975921,-0.3545021805622841
1.0272873811413574,0.1728600848591336,-0.0833080926538363,-0.355389058860781
1.0268805441968445,0.1711542284257202,-0.0864228602012865,-0.3562723159709189
1.0264646369359849,0.1694677375282129,-0.089519354511093,-0.3571527779237659
1.026040073475324,0.1678004179402876,-0.0925975272251484,-0.3580312518080112
1.025607257585768,0.1661520740913399,-0.0956573311086931,-0.358908525385163
1.0251665827055425,0.1645225085234166,-0.0986987211905436,-0.3597853678512512
1.0247184323181209,0.1629115227733701,-0.1017216532604649,-0.3606625298276481
1.024263179544997,0.1613189154402047,-0.1047260876429215,-0.3615407448714568
1.023801188232511,0.1597444856085915,-0.1077119829070157,-0.3624207280518444
1.0233328125187138,0.1581880308039414,-0.1106792998281588,-0.3633031774880282
1.022858397075812,0.1566493474364612,-0.1136280006939997,-0.3641887745354547
1.0223782771860264,0.1551282306853332,-0.1165580496684701,-0.3650781842790813
1.0218927791434615,0.1536244754184692,-0.1194694111554652,-0.3659720554134089
1.0214022205030706,0.1521378765551309,-0.1223620491978014,-0.3668710204076659
1.020906909769119,0.1506682277577421,-0.1252359301329282,-0.3677756966822662
1.0204071470541516,0.1492153230921483,-0.128091019478579,-0.3686866859946684
1.019903223890406,0.1477789561156865,-0.1309272838154993,-0.3696045753714939
1.019395423399041,0.1463589200748873,-0.1337446905164908,-0.3705299373771908
1.018884020695206,0.1449550087346939,-0.1365432062026151,-0.3714633299482586
1.0183692828782018,0.1435670160222114,-0.1393227975328206,-0.3724052969756715
1.0178514690981035,0.1421947359196053,-0.1420834315109736,-0.3733563687434407
1.017330831204681,0.1408379638819528,-0.14482507270962,-0.3743170612890778
1.0168076128846844,0.1394964942827029,-0.1475476884971203,-0.3752878785409634
1.0162820509947117,0.1381701236055331,-0.1502512426605992,-0.3762693104031294
1.0157543748730402,0.1368586483658174,-0.1529356996711626,-0.3772618345636984
1.0152248070117642,0.1355618665317319,-0.1556010218472603,-0.3782659157736222
1.0146935626276896,0.1342795761895666,-0.1582471721425953,-0.3792820071872197
1.0141608504036637,0.1330115770930755,-0.1608741110110392,-0.3803105494852871
1.013626872179438,0.1317576696416319,-0.1634817985512461,-0.3813519719863449
1.0130918233164636,0.1305176554960182,-0.1660701932725773,-0.3824066924690533
1.0125558930153218,0.1292913380432932,-0.168639251146021,-0.3834751170565818
1.0120192640552943,0.1280785215341043,-0.1711889274277624,-0.3845576412409686
1.01148211312599,0.1268790116005087,-0.1737191756005107,-0.3856546497416925
1.010944611180126,0.1256926157868266,-0.1762299462612722,-0.3867665162861463
1.010406923182968,0.1245191427390116,-0.1787211888370789,-0.3878936046200914
1.009869208283949,0.1233584023572299,-0.1811928512754392,-0.3890362686720389
1.0093316205363076,0.1222102071048922,-0.1836448772510087,-0.3901948515173835
1.008794308419935,0.12107437072296,-0.1860772088859705,-0.3913696868612338
1.0082574149385786,0.1199507082215092,-0.1884897867670821,-0.39256109934255
1.0077210781219872,0.1188390367084138,-0.1908825481537283,-0.3937694039210072
1.007185430991644,0.1177391750769113,-0.1932554276206761,-0.3949949064164809
1.0066506016566394,0.1166509439768374,-0.1956083570933007,-0.3962379037679003
1.0061167135304483,0.1155741660323421,-0.1979412653453534,-0.3974986840023486
1.005583885254153,0.1145086654660407,-0.2002540787772526,-0.3987775268842999
1.005052231373545,0.113454269232957,-0.2025467189139842,-0.4000747027481635
1.0045218614393367,0.1124108050120284,-0.2048191067246247,-0.40139047513012
1.0039928810842662,0.1113781031382577,-0.2070711583780297,-0.4027250986140263
1.003465391847967,0.1103559960307102,-0.2093027864306775,-0.4040788196664842
1.002939491054493,0.1093443177497875,-0.2115139007397024,-0.4054518773954937
1.00241527203951,0.1083429042406645,-0.2137044078764627,-0.4068445034262046
1.0018928244477872,0.1073515937009737,-0.2158742102613059,-0.4082569215446192
1.0013722344013836,0.1063702266930515,-0.2180232058525853,-0.4096893476357886
1.000853584093871,0.1053986451827664,-0.2201512901857248,-0.4111419912127477
1.0003369522637242,0.1044366932476218,-0.2222583547551742,-0.4126150545585116
0.999822414508752,0.1034842174674046,-0.2243442860875926,-0.414108732212458
0.9993100427869772,0.1025410658106962,-0.2264089681079958,-0.415623212802956
0.9987999060164068,0.101607088566558,-0.2284522800240919,-0.4171586777226874
0.9982920701036784,0.1006821382104934,-0.2304740965443887,-0.4187153013969097
0.9977865977754452,0.0997660689204962,-0.2324742888584525,-0.4202932521816133
0.9972835490374108,0.0988587372385423,-0.2344527231121208,-0.4218926913261049
0.9967829807211946,0.0979600010814412,-0.2364092624842949,-0.4235137747768756
0.9962849472975004,0.0970697210388338,-0.2383437642753181,-0.4251566509482308
0.9957895004336552,0.0961877594091925,-0.2402560819266846,-0.4268214624753892
0.9952966891753696,0.0953139803667848,-0.2421460645711611,-0.4285083459927032
0.994806559947857,0.0944482498078301,-0.2440135572774743,-0.4302174325003205
0.9943191570814992,0.0935904361233205,-0.2458583992981664,-0.4319488458709004
0.9938345223193096,0.092740409175008,-0.2476804261947239,-0.4337027048859889
0.9933526953574656,0.0918980410975331,-0.2494794680261442,-0.435479121644427
0.9928737134949052,0.0910632055366967,-0.2512553508957753,-0.437278203146473
0.9923976120323156,0.0902357782041341,-0.2530078956775308,-0.4391000501485403
0.9919244242127756,0.0894156366311018,-0.2547369184576107,-0.440944757671351
0.9914541812206784,0.0886026600291513,-0.25644223073992,-0.442812415317581
0.990986912527101,0.0877967297516697,-0.2581236383929762,-0.4447031061942305
0.9905226455329278,0.0869977285440802,-0.2597809431364161,-0.4466169086184196
0.9900614061641236,0.0862055414395228,-0.261413940592937,-0.4485538939687297
0.9896032183195138,0.0854200546807572,-0.2630224224410954,-0.4505141292308163
0.9891481044446062,0.0846411565815312,-0.2646061745519287,-0.4524976748689375
0.98869608519193,0.0838687368215019,-0.266164978351592,-0.4545045865320019
0.9882471797884308,0.0831026869554348,-0.2676986097006636,-0.4565349137155833
0.987801406102516,0.0823429004087084,-0.2692068388406934,-0.4585886996542301
0.9873587804133936,0.0815892719688524,-0.27068943133307,-0.4606659826033871
0.9869193175393782,0.0808416978926581,-0.2721461477525808,-0.4627667955250917
0.9864830312546022,0.0801000765045139,-0.2735767424515838,-0.4648911643072269
0.9860499337252656,0.0793643071295095,-0.2749809655621799,-0.4670391106804385
0.9856200360740456,0.0786342909475367,-0.2763585612654832,-0.4692106497063689
0.9851933481935956,0.0779099305725679,-0.2777092685372037,-0.4714057908688561
0.9847698787614172,0.0771911299767665,-0.2790328212116687,-0.4736245382183071
0.984349635569649,0.0764777949511135,-0.2803289470703415,-0.4758668888276851
0.9839326251665056,0.0757698323997763,-0.2815973690794515,-0.4781328348440375
0.9835188530447512,0.0750671505649542,-0.2828378048948174,-0.4804223627108226
0.9831083239634092,0.0743696594802767,-0.2840499660110633,-0.4827354515361357
0.9827010414448332,0.0736772700255837,-0.2852335593648106,-0.4850720760499613
0.9822970083661406,0.0729898948426537,-0.2863882856819141,-0.4874322034361217
0.9818962266099736,0.0723074476546103,-0.2875138406015857,-0.4898157954510562
0.9814986972140786,0.071629843434547,-0.2886099143223565,-0.4922228077292421
0.9811044206006198,0.0709569987131176,-0.2896761910668009,-0.4946531885101403
0.9807133961395512,0.0702888307518974,-0.2907123503554506,-0.4971068814406904
0.9803256227431056,0.0696252584776883,-0.2917180654785067,-0.499583822037817
0.979941098457638,0.0689662017071346,-0.2926930046701866,-0.5020839403369546
0.9795598207287332,0.0683115815228861,-0.2936368304830901,-0.5046071593366918
0.97918178651884,0.067661320401557,-0.2945491995969175,-0.5071533942730354
0.978806991929568,0.0670153414907965,-0.2954297638105331,-0.5097225552439445
0.978435432558109,0.0663735691486376,-0.2962781692233438,-0.5123145449514126
0.9780671035051623,0.0657359288874367,-0.2970940563048475,-0.5149292586920992
0.9777019993927828,0.0651023473363451,-0.2978770599373899,-0.5175665842785111
0.9773401143050228,0.0644727520707292,-0.298626809614268,-0.520226402528021
0.9769814417487336,0.0638470714759779,-0.2993429295614294,-0.5229085876548659
0.97662597500022,0.0632252352866072,-0.3000250381028478,-0.5256130047431063
0.976273706826262,0.0626071740372357,-0.3006727483049695,-0.5283395118402193
0.975924629346112,0.0619928187541527,-0.3012856682362411,-0.5310879611600867
0.9755787348480148,0.0613821023303884,-0.3018633995879277,-0.5338581927005832
0.9752360148406648,0.0607749577977006,-0.3024055394260209,-0.5366500417010621
0.9748964604929812,0.0601713190376177,-0.3029116794238048,-0.5394633352905043
0.9745600630166216,0.0595711214062231,-0.3033814053952374,-0.5422978892683561
0.974226813103506,0.0589743006793151,-0.3038142982250763,-0.5451535127300026
0.9738967011772378,0.0583807934414741,-0.3042099335275537,-0.548030006030559
0.9735697173760696,0.0577905370000217,-0.3045678817229064,-0.550927160939134
0.9732458518565396,0.0572034698809325,-0.304887707794077,-0.5538447579034077
0.972925094371798,0.0566195310159406,-0.3051689718318047,-0.5567825697455057
0.9726074345725384,0.0560386602343573,-0.3054112287813812,-0.559740358962011
0.9722928620053916,0.055460798212524,-0.3056140285630941,-0.5627178776439877
0.9719813660114096,0.0548858862388206,-0.3057769162338681,-0.5657148683722337
0.9716729359073716,0.0543138664993028,-0.3058994319727319,-0.5687310624260379
0.9713675607045772,0.0537446815091311,-0.3059811112916271,-0.5717661824595299
0.9710652296384602,0.0531782750511161,-0.3060214849632929,-0.5748199371999019
0.9707659318524984,0.0526145915482593,-0.3060200793122433,-0.5778920243849189
0.9704696561638108,0.0520535755732363,-0.3059764162635195,-0.5809821331544409
0.9701763900354662,0.0514951698279903,-0.3058900128809471,-0.584089955158931
0.9698861225212868,0.0509393206831435,-0.3057603820120029,-0.5872151536217876
0.9695988426798312,0.0503859751585361,-0.3055870325476011,-0.5903573793513356
0.969314539787329,0.0498350812968364,-0.3053694697573702,-0.593516268223731
0.9690332030294504,0.0492865875333383,-0.3051071953087668,-0.5966914443741742
0.9687548216944716,0.0487404430306263,-0.3047997075745665,-0.5998825179243746
0.9684793854002268,0.0481965980943213,-0.3044465021849052,-0.6030890821140558
0.9682068836780756,0.0476550033248836,-0.3040470718343698,-0.6063107178490666
0.9679373063995312,0.0471156104288681,-0.3036009071094102,-0.609546988511595
0.967670643519135,0.0465783716826698,-0.3031074964770676,-0.6127974427040667
0.9674068852621548,0.0460432402813062,-0.3025663269422385,-0.6160616117335842
0.967146022159158,0.0455101703897581,-0.3019768845822865,-0.619339008828135
0.9668880449434396,0.0449791169151562,-0.3013386547926005,-0.6226291300771302
0.9666329446533656,0.0444500356972019,-0.3006511229937465,-0.6259314528193377
0.9663807125585198,0.0439228833394111,-0.2999137749596989,-0.6292454362485201
0.9661313403990588,0.0433976176966104,-0.2991260980930222,-0.6325705179016606
0.9658848202102012,0.0428741975033417,-0.2982875816100031,-0.6359061155232766
0.9656411443718808,0.0423525824702275,-0.2973977173558611,-0.6392516260260294
0.9654003057856976,0.0418327336629556,-0.2964560012408131,-0.6426064226109764
0.9651622977082058,0.0413146131514647,-0.2954619335166069,-0.6459698565691943
0.9649271137923944,0.0407981841023058,-0.2944150197892891,-0.6493412562840417
0.9646947483449924,0.0402834113582225,-0.2933147731975621,-0.6527199230288326
0.9644651959871424,0.0397702607118016,-0.2921607140090566,-0.6561051353121882
0.9642384519513224,0.0392586995835211,-0.2909523721682184,-0.6594961440696862
0.9640145119802788,0.0387486968296785,-0.2896892881416909,-0.662892173569984
0.96379337240053,0.0382402229452831,-0.2883710147241258,-0.6662924197534444
0.9635750300920534,0.0377332500392615,-0.2869971183999178,-0.6696960501168883
0.963359482429298,0.0372277517433305,-0.2855671805412211,-0.6731022041045052
0.963146727501728,0.0367237037835824,-0.2840808005778704,-0.6765099890809693
0.9629367639379236,0.0362210836366623,-0.2825375967593458,-0.6799184825128454
0.9627295909141812,0.0357198706158432,-0.2809372081103646,-0.6833267313394581
0.9625252083433204,0.0352200464086207,-0.2792792980161842,-0.686733748328644
0.9623236165387348,0.0347215943483781,-0.2775635538144278,-0.690138517126088
0.96212481658793,0.0342245004239579,-0.2757896921886105,-0.6935399855541331
0.9619288100183316,0.0337287525615611,-0.2739574588684387,-0.6969370707872388
0.9617355989552352,0.033234341126174,-0.2720666325566954,-0.70032865630697
0.961545186125423,0.0327412590599011,-0.2701170278111829,-0.7037135914400248
0.9613575745032368,0.0322495010908191,-0.2681084942032924,-0.7070906974022649
0.9611727677127384,0.0317590649045671,-0.2660409232756017,-0.7104587599927644
0.9609907696505836,0.0312699503004301,-0.2639142475384738,-0.7138165362535757
0.9608115846610212,0.0307821597976393,-0.2617284453978868,-0.7171627513094065
0.9606352174380092,0.0302956985347744,-0.2594835432551596,-0.7204961002068646
0.9604616727086506,0.0298105735484209,-0.2571796145275311,-0.7238152541431436
0.9602909553864502,0.0293267943349978,-0.254816784419405,-0.7271188580311945
0.9601230704999596,0.0288443728118307,-0.2523952320621384,-0.7304055323347701
0.9599580230206836,0.0283633229811746,-0.2499151910332527,-0.7336738770625091
0.959795817722135,0.0278836606591261,-0.247376949901496,-0.7369224754248032
0.9596364591787262,0.0274054036041271,-0.2447808546880762,-0.7401498948906924
0.9594799515812832,0.0269285710950056,-0.2421273082646857,-0.7433546920791435
0.9593262988365564,0.026453184355617,-0.2394167742141444,-0.7465354120437975
0.959175504384018,0.0259792661245673,-0.2366497759048589,-0.7496905934261258
0.9590275705669806,0.0255068387482812,-0.2338268861950007,-0.7528187833801637
0.958882499372261,0.0250359265627978,-0.2309487419796543,-0.755918523986838
0.9587402921088756,0.0245665549842629,-0.2280160397957583,-0.7589883607507963
0.958600948717933,0.024098748255801,-0.2250295219029296,-0.7620268596459754
0.9584644684059502,0.0236325315149157,-0.2219899888801422,-0.7650325958049975
0.958330849159381,0.0231679291565752,-0.2188982888915935,-0.7680041664089508
0.9582000879750384,0.0227049655717666,-0.2157553218028545,-0.7709401880729313
0.9580721806933282,0.0222436645208785,-0.2125620342417394,-0.7738393029907672
0.9579471214191584,0.0217840469026493,-0.2093194026245521,-0.7767001947718022
0.9578249035737348,0.0213261344279832,-0.2060284571470455,-0.7795215671753482
0.9577055191257554,0.0208699467063435,-0.2026902599489031,-0.7823021641097809
0.9575889586252928,0.0204155011333491,-0.1993059019461463,-0.7850407716225887
0.9574752114741938,0.0199628137126332,-0.1958765066504142,-0.7877362141834183
0.9573642655854044,0.0195118974708251,-0.1924032158667262,-0.7903873652640515
0.9572561078992264,0.0190627642592855,-0.1888872008649692,-0.7929931375455439
0.9571507240357788,0.0186154230888365,-0.1853296470812789,-0.795552493527299
0.9570480987455938,0.0181698817381904,-0.1817317641863946,-0.7980644368699126
0.9569482150996206,0.0177261429222072,-0.1780947523957503,-0.8005280343723719
0.9568510556734836,0.0172842090847455,-0.1744198382524011,-0.8029423890427823
0.9567566020602032,0.0168440800171184,-0.1707082529211318,-0.8053066537787934
0.95666483478951,0.0164057520806169,-0.166961222607358,-0.8076200352270586
0.9565757335149968,0.0159692186370348,-0.1631799690160222,-0.8098817908242092
0.9564892776795216,0.0155344729859042,-0.1593657322942701,-0.8120912132950616
0.956405445464898,0.0151015028036564,-0.1555197200019683,-0.8142476586797629
0.9563242152636788,0.0146702972196736,-0.1516431667956902,-0.8163505098360034
0.9562455640977364,0.0142408382130712,-0.1477372552768819,-0.8183992181996148
0.9561694695701172,0.0138131106261936,-0.1438032037116447,-0.8203932541177525
0.9560959082053724,0.0133870927924006,-0.1398421787467438,-0.8223321507521076
0.9560248569361384,0.0129627644694577,-0.1358553660193908,-0.8242154658028676
0.9559562921285092,0.0125401009143039,-0.1318439133087972,-0.8260428076140263
0.9558901906282536,0.0121190788470277,-0.1278089848729535,-0.8278138077806213
0.9558265285429532,0.0116996684925271,-0.1237516838525791,-0.8295281539458016
0.9557652828385166,0.0112818434446574,-0.1196731452517347,-0.8311855471840077
0.9557064299041892,0.0108655709098345,-0.1155744401351924,-0.8327857406934733
0.9556499469092484,0.0104508205732394,-0.1114566606210906,-0.8343285031189643
0.9555958111265987,0.0100375597869089,-0.1073208718907907,-0.8358136367226419
0.955543999861808,0.0096257524583379,-0.1031680994047155,-0.837240979299869
0.9554944913190624,0.0092153655880945,-0.0989993937332859,-0.8386103801307188
0.9554472636005252,0.0088063610729373,-0.0948157470605471,-0.8399217272670506
0.9554022954169094,0.0083987010383867,-0.0906181460672301,-0.8411749276546394
0.9553595662336412,0.0079923492838263,-0.0864075866950122,-0.8423699026040148
0.9553190556262892,0.0075872650723669,-0.0821850094271304,-0.8435066053978865
0.9552807439356016,0.0071834089287835,-0.0779513586001453,-0.8445850025989704
0.955244611975836,0.006780739632357,-0.0737075508107039,-0.8456050817638927
0.9552106412697948,0.0063792165044209,-0.069454498581338,-0.846566844367131
0.9551788139801224,0.0059787986658309,-0.0651931024798379,-0.8474703072439392
0.9551491128227444,0.0055794437312713,-0.060924237005938,-0.8483155045757432
0.955121521102497,0.0051811077395952,-0.0566487494739348,-0.8491024864215024
0.9550960229783868,0.0047837487819964,-0.0523674988872518,-0.8498313106634219
0.9550726031699178,0.0043873227090483,-0.0480813099148467,-0.850502050890073
0.955051247243654,0.0039917875707141,-0.0437910208094511,-0.851114787724767
0.955031941381714,0.0035970998093497,-0.03949744241751,-0.8516696149778799
0.9550146724242392,0.0032032142812943,-0.0352013583013825,-0.8521666379859923
0.9549994280163436,0.0028100871879232,-0.0309035568012837,-0.8526059689355269
0.9549861964940776,0.0024176734993539,-0.0266048031686834,-0.8529877297036726
0.9549749669999026,0.0020259301727997,-0.0223058750216642,-0.8533120481070342
0.9549657293600752,0.0016348127132424,-0.0180075249410785,-0.8535790610342383
0.954958474151516,0.0012442770571383,-0.0137105013518194,-0.8537889121314521
0.9549531926745326,0.0008542780982086,-0.0094155325870616,-0.8539417522231415
0.9549498769972466,0.0004647727675748,-0.0051233610968182,-0.8540377376782181
0.9549485198987488,7.57146486416e-05,-0.0008346844348313,-0.8540770317266242
0.9549491149274942,-0.0003129397965026,0.0034497758129788,-0.8540598024610507
0.9549516581742974,-0.000701435137712,0.0077315206060012,-0.853986171224141
0.9549561541683717,-0.0010902780149111,0.0120149381789867,-0.8538560418175732
0.9549626085676922,-0.0014795097737175,0.0162992819078258,-0.8536693123382381
0.9549710277473836,-0.0018691734845956,0.0205838184680345,-0.8534258873235063
0.9549814188561686,-0.0022593143909069,0.024867832399252,-0.8531256763661708
0.9549937897217868,-0.0026499755427925,0.0291505778186997,-0.8527685971146294
0.9550081489077742,-0.0030412006547318,0.033431309591701,-0.8523545739139633
0.9550245056361863,-0.0034330319870849,0.0377092599147773,-0.85188354033261
0.9550428699715228,-0.0038255148270327,0.0419836870214679,-0.8513554341814316
0.9550632525082932,-0.0042186903451721,0.0462537970573393,-0.8507702068368534
0.955085664618724,-0.0046126015246649,0.0505188086317734,-0.8501278164504226
0.9551101183889856,-0.0050072914742846,0.0547779341901139,-0.8494282301463133
0.9551366266262894,-0.0054028034980026,0.0590303805835183,-0.8486714241926143
0.955165202732489,-0.0057991793493422,0.0632753302337436,-0.8478573879869766
0.9551958608061192,-0.0061964610208461,0.0675119604147238,-0.8469861215179396
0.9552286154858476,-0.0065946888435924,0.0717394230108993,-0.84605764019562
0.9552634823990928,-0.0069939069671025,0.0759569026610281,-0.8450719625334044
0.9553004774470178,-0.0073941548272135,0.0801635262910163,-0.8440291308045623
0.9553396172086726,-0.0077954724046782,0.0843584192506184,-0.8429291999464247
0.9553809189794782,-0.008197900481432,0.0885407079046366,-0.841772236892853
0.9554244004193936,-0.0086014772883169,0.0927094849675562,-0.8405583308111535
0.955470079912446,-0.0090062422096694,0.0968638483731758,-0.8392875833775668
0.9555179763864092,-0.0094122340681991,0.1010028836562285,-0.8379601141956382
0.955568109078094,-0.0098194893981801,0.1051256469434487,-0.836576067598264
0.9556204977381392,-0.0102280444878202,0.1092311865111593,-0.8351356072207461
0.9556751627395776,-0.0106379362538221,0.1133185519016705,-0.8336389133235158
0.9557321246665994,-0.0110491992421923,0.1173867644870349,-0.8320861943194702
0.955791404213681,-0.0114618653867252,0.1214348164756884,-0.8304776895800947
0.9558530230500832,-0.0118759701972286,0.1254617324083017,-0.8288136461219986
0.9559170023028888,-0.012291542513712,0.1294664698376923,-0.8270943597889718
0.9559833638280656,-0.0127086134659226,0.133448007979449,-0.8253201408355912
0.9560521294313336,-0.0131272114861514,0.1374053003908729,-0.8234913348988947
0.956123321144178,-0.0135473643557422,0.1413372959521303,-0.8216083154487915
0.9561969607398833,-0.0139690966069363,0.1452429159646155,-0.8196714963690721
0.956273070440918,-0.0143924339014818,0.1491210964219698,-0.8176813129957186
0.956351672036381,-0.0148173982089511,0.152970744822228,-0.8156382449664122
0.95643278713745,-0.0152440096685948,0.1567907594961697,-0.8135428088871142
0.9565164375270157,-0.0156722886367884,0.1605800494907881,-0.8113955487734233
0.9566026443424576,-0.0161022516770777,0.1643375005606304,-0.8091970564522422
0.9566914283254048,-0.0165339132732806,0.1680619928982391,-0.8069479641487067
0.9567828097341528,-0.0169672857140237,0.171752402335445,-0.8046489457195479
0.9568768087891206,-0.0174023814328153,0.1754076221588591,-0.802300704465644
0.9569734442191142,-0.0178392065383242,0.1790265108542757,-0.7999040083005311
0.9570727347759824,-0.0182777681863556,0.1826079566580235,-0.7974596504683038
0.9571746984044712,-0.0187180709605763,0.1861508491268269,-0.794968468936547
0.957279351819928,-0.0191601154272589,0.1896540703989996,-0.7924313549640912
0.9573867110526996,-0.0196039008268828,0.1931165195700976,-0.789849237962454
0.9574967909503151,-0.0200494232564549,0.1965371007526723,-0.7872230956869731
0.9576096057325534,-0.0204966782040321,0.1999147450827878,-0.78455393898431
0.9577251684461412,-0.0209456585480118,0.2032483974051735,-0.7818428228549379
0.9578434904233284,-0.0213963528032334,0.2065370062377226,-0.7790908567295302
0.9579645825317928,-0.021848750194161,0.2097795635681183,-0.7762991729190905
0.9580884535822664,-0.0223028348367489,0.2129750647306835,-0.7734689612103461
0.9582151122583998,-0.0227585931146351,0.2161225630407152,-0.7706014220776143
0.958344565051511,-0.023216006270702,0.2192211193770213,-0.7676978114772545
0.9584768175884364,-0.0236750554510961,0.2222698394386616,-0.764759407989365
0.9586118741505542,-0.0241357201087641,0.2252678641443023,-0.7617875212393871
0.9587497378884996,-0.02459797887956,0.2282143768164225,-0.7587834846171608
0.9588904107046043,-0.025061809282393,0.2311086023145843,-0.7557486554075226
0.959033893390458,-0.0255271882669903,0.2339498114349008,-0.7526844093570771
0.9591801859605988,-0.0259940933280383,0.2367373281140213,-0.7495921313123529
0.959329286768262,-0.0264624997167494,0.239470513123165,-0.7464732316651083
0.9594811937514616,-0.0269323844455163,0.2421487881861846,-0.7433291178004198
0.9596359038299122,-0.0274037243381929,0.2447716240203985,-0.7401612048885374
0.9597934131295268,-0.0278764967175387,0.2473385440039243,-0.7369709092479294
0.959953717186621,-0.0283506799719072,0.2498491265631327,-0.7337596424556606
0.96011681114096,-0.0288262540405757,0.252303006601053,-0.7305288059990116
0.960282689354489,-0.0293031992184442,0.2546998681221272,-0.727279797422593
0.9604513461735822,-0.02978149827912,0.2570394537559999,-0.724013994003702
0.9606227754858973,-0.0302611350774404,0.2593215559954974,-0.7207327604409622
0.9607969709834828,-0.0307420952001438,0.2615460188348151,-0.7174374427238901
0.960973926567618,-0.0312243669504243,0.2637127403172047,-0.7141293597766911
0.9611536357189177,-0.0317079394923953,0.2658216620672481,-0.7108098146967189
0.9613360923635588,-0.0321928050862646,0.2678727772927169,-0.7074800780683618
0.961521290557326,-0.0326789580771296,0.269866123911777,-0.7041413936652321
0.9617092247271938,-0.0331663953962035,0.271801784369696,-0.7007949739146732
0.9618998894447748,-0.0336551158360474,0.2736798804326918,-0.6974420039106032
0.9620932798117136,-0.0341451209197701,0.2755005743635398,-0.6940836346113215
0.962289391184744,-0.0346364140687962,0.2772640634459811,-0.6907209878372201
0.9624882195446042,-0.0351290014149264,0.2789705807500304,-0.6873551501161057
0.962689761279702,-0.0356228911356678,0.2806203904711253,-0.6839871767629742
0.962894013463793,-0.0361180940263922,0.2822137876972977,-0.6806180876139385
0.9631009736119762,-0.0366146227944041,0.283751093911005,-0.6772488715851055
0.9633106398973884,-0.0371124924878259,0.2852326563521184,-0.6738804835898132
0.9635230110988978,-0.037611720272209,0.2866588452872829,-0.6705138459925947
0.9637380864223786,-0.0381123249306083,0.2880300507426324,-0.6671498519794418
0.963955865808234,-0.0386143275108099,0.2893466825726707,-0.6637893612679557
0.9641763497935542,-0.0391177509263149,0.2906091675604358,-0.6604332029531987
0.964399539550972,-0.0396226199805027,0.2918179478322119,-0.6570821755576322
0.9646254367088468,-0.0401289609043133,0.2929734782216385,-0.6537370503554393
0.9648540435078126,-0.0406368016652308,0.2940762256223291,-0.6503985696068347
0.965085362783526,-0.0411461718813695,0.2951266673885792,-0.6470674474778678
0.9653193978711896,-0.0416571025726008,0.2961252895314548,-0.6437443720472235
0.9655561526341042,-0.0421696261941018,0.2970725856285283,-0.6404300054787064
0.9657956314765632,-0.042683776637079,0.2979690557011433,-0.637124984446545
0.9660378392018494,-0.0431995889032521,0.2988152046178344,-0.6338299226705143
0.9662827810182756,-0.0437170991085885,0.2996115412301886,-0.6305454113156285
0.9665304626785644,-0.0442363447672533,0.3003585779336067,-0.6272720176526962
0.9667808902950988,-0.0447573643928905,0.3010568292176889,-0.6240102880712483
0.967034070374801,-0.0452801975717731,0.3017068110549618,-0.6207607480823258
0.967290009774139,-0.0458048848714492,0.3023090401015785,-0.6175239033645296
0.967548715646162,-0.0463314677390249,0.3028640329744369,-0.6143002408582247
0.9678101956062614,-0.0468599888460468,0.3033723060264747,-0.6110902271363581
0.968074457271552,-0.0473904911678731,0.3038343739206139,-0.607894314475316
0.9683415087744922,-0.0479230190380302,0.3042507501867106,-0.6047129349055212
0.9686113583591084,-0.0484576173509593,0.3046219460394762,-0.6015465055016035
0.9688840145243994,-0.0489943318710689,0.3049484702696076,-0.5983954269629832
0.969159485994098,-0.0495332091929304,0.3052308288317342,-0.5952600843092216
0.9694377816241468,-0.0500742965838585,0.3054695244315726,-0.5921408482358926
0.9697189104208168,-0.0506176420468896,0.3056650562845995,-0.5890380751634269
0.970002881442106,-0.0511632941593343,0.3058179198114361,-0.585952108564486
0.970289703844502,-0.0517113021951993,0.3059286064759151,-0.5828832786500348
0.970579387008836,-0.0522617163946925,0.3059976035971515,-0.5798319012781158
0.9708719403509458,-0.0528145876324612,0.3060253940523969,-0.5767982802298938
0.9711673732358708,-0.0533699672921361,0.3060124561368872,-0.5737827082514968
0.971465695484194,-0.0539279082506804,0.3059592633481602,-0.5707854621139357
0.9717669176658116,-0.0544884654401853,0.3058662838554645,-0.5678068002413705
0.9720710491496892,-0.0550516922504415,0.3057339808912451,-0.5648469822684348
0.9723780992189444,-0.0556176426724203,0.3055628127026692,-0.5619062576570583
0.9726880772093116,-0.056186371593566,0.3053532323687452,-0.5589848644954567
0.9730009921732394,-0.0567579342219597,0.3051056879210313,-0.5560830327896472
0.9733168532752758,-0.0573323868540658,0.3048206219890573,-0.5532009808377331
0.973635669345449,-0.0579097861024197,0.3044984720751973,-0.5503389194578739
0.9739574491928816,-0.0584901895123686,0.3041396702258969,-0.5474970491673845
0.9742822015192484,-0.0590736554476617,0.3037446430070077,-0.5446755610883474
0.9746099346406184,-0.0596602426380278,0.3033138117914288,-0.5418746394051339
0.9749406566431308,-0.0602500105103141,0.302847592568448,-0.5390944599759726
0.975274375603763,-0.0608430196289429,0.3023463955529645,-0.5363351885491697
0.9756110992590769,-0.0614393311528646,0.3018106255738078,-0.5335969836161931
0.9759508349590964,-0.0620390068075253,0.3012406821435729,-0.5308799967372153
0.9762935899766056,-0.0626421094828716,0.300636958900065,-0.5281843700663063
0.9766393710015832,-0.0632487023943878,0.2999998444216541,-0.5255102403759753
0.976988184593031,-0.0638588499327449,0.2993297214021222,-0.5228577354735827
0.9773400367700352,-0.0644726170007632,0.2986269673560333,-0.5202269773558887
0.9776949334565012,-0.0650900698459714,0.2978919537030955,-0.5176180788359861
0.9780528798217468,-0.0657112749679611,0.2971250470547896,-0.5150311484223272
0.9784138809639952,-0.0663363003655751,0.2963266077563896,-0.5124662852570258
0.9787779412769022,-0.0669652144955447,0.2954969911827975,-0.5099235836808305
0.9791450646629766,-0.0675980867049354,0.2946365472683483,-0.5074031315832995
0.979515254691816,-0.0682349875644156,0.2937456200753369,-0.5049050092851972
0.9798885144097342,-0.0688759886012549,0.2928245481670539,-0.5024292908302513
0.980264846157838,-0.0695211620514607,0.2918736650215165,-0.4999760450970403
0.9806442517616628,-0.070170581251179,0.2908932985271167,-0.4975453344376386
0.9810267323936014,-0.0708243204669628,0.2898837712753641,-0.4951372154955847
0.9814122887497608,-0.0714824552654237,0.2888454000346033,-0.4927517380132203
0.9818009206900492,-0.072145061967112,0.2877784966459855,-0.4903889469970081
0.9821926276461244,-0.0728122184128552,0.2866833668553044,-0.4880488801144075
0.9825874081432447,-0.0734840032199721,0.285560311555058,-0.4857315705128262
0.9829852599921832,-0.0741604961830394,0.2844096262031772,-0.4834370455192738
0.9833861801828714,-0.0748417781675204,0.2832316010586841,-0.4811653271446425
0.9837901649678789,-0.0755279313277337,0.2820265208657914,-0.4789164314865385
0.9841972097638704,-0.0762190390169034,0.28079466506047,-0.4766903691783146
0.984607309113362,-0.076915185801508,0.2795363078065513,-0.474487145468922
0.985020456451145,-0.0776164571457326,0.2782517186421593,-0.4723067613129826
0.9854366446153274,-0.0783229403613941,0.2769411608113722,-0.4701492105156429
0.9858558652007332,-0.0790347235945996,0.2756048931774473,-0.4680144830143855
0.9862781088401756,-0.0797518963890613,0.2742431692650851,-0.4659025632163596
0.9867033651040475,-0.0804745496032719,0.272856237478855,-0.4638134303597347
0.9871316225883988,-0.0812027756498402,0.2714443407080916,-0.4617470579313528
0.9875628686329276,-0.0819366681076646,0.2700077171419471,-0.4597034148790317
0.9879970894847224,-0.0826763220935868,0.2685465996238489,-0.4576824646346623
0.9884342698837106,-0.0834218336511802,0.267061216935556,-0.4556841668522104
0.9888743937833648,-0.0841733010763781,0.26555179123809,-0.4537084739035377
0.9893174434900388,-0.0849308235496372,0.2640185408616952,-0.4517553346459098
0.989763399927722,-0.0856945016871148,0.2624616792988811,-0.4498246929583004
0.990212242601318,-0.0864644375805774,0.2608814152012368,-0.4479164876895911
0.9906639498369528,-0.0872407353159848,0.259277951383094,-0.4460306514569639
0.9911184981841752,-0.0880235000555061,0.257651486783125,-0.4441671129695778
0.9915758627781576,-0.0888128387686014,0.256002215039944,-0.4423257952672664
0.9920360168366492,-0.0896088594758064,0.2543303261495966,-0.4405066175234766
0.9924989323181862,-0.0904116724996192,0.2526360039259603,-0.43870949217815
0.9929645793337136,-0.0912213895659116,0.2509194279547967,-0.4369343270727829
0.9934329260382452,-0.0920381237313219,0.249180773839942,-0.4351810255701867
0.9939039388031076,-0.0928619898020786,0.2474202123995632,-0.433449485624693
0.9943775822697436,-0.0936931045539015,0.2456379092693875,-0.4317395993608336
0.994853818760335,-0.0945315858240736,0.243834026928769,-0.4300512549451762
0.9953326088683254,-0.0953775536747592,0.2420087222873616,-0.4283843341752512
0.9958139111068948,-0.0962311299092503,0.2401621477962999,-0.4267387135001357
0.9962976817325178,-0.0970924378920056,0.2382944519185713,-0.425114264339344
0.9967838746216718,-0.0979616024611894,0.2364057794028435,-0.4235108531792446
0.997272441403882,-0.0988387503014455,0.234496270554777,-0.4219283408197369
0.9977633315757828,-0.0997240102936175,0.2325660605489426,-0.4203665817435069
0.9982564920001472,-0.1006175127594508,0.2306152811493533,-0.4188254254420601
0.9987518670046583,-0.1015193897812725,0.2286440600915843,-0.4173047157631386
0.9992493983334916,-0.1024297752623904,0.2266525210256512,-0.4158042907478472
0.9997490248994064,-0.1033488046231572,0.2246407842549526,-0.4143239830534543
1.0002506830499172,-0.1042766154421056,0.2226089654055629,-0.4128636188312074
1.0007543063812876,-0.1052133472768132,0.2205571758880851,-0.411423017983706
1.0012598252193856,-0.1061591408558313,0.218485524737731,-0.4100019953076124
1.001767167151548,-0.1071141392272185,0.2163941161665599,-0.4086003586223171
1.0022762565996686,-0.1080784871293666,0.214283051007751,-0.4072179096494238
1.0027870148695888,-0.109052331250989,0.2121524262109719,-0.4058544435252155
1.003299359802328,-0.1100358197363233,0.2100023359872621,-0.4045097493783834
1.0038132057066549,-0.1110291022171126,0.2078328717959928,-0.4031836101107671
1.0043284638794656,-0.1120323309954951,0.2056441198186983,-0.4018758006991922
1.004845042100483,-0.1130456602621474,0.2034361627280694,-0.4005860891822612
1.0053628440033504,-0.1140692450365653,0.201209082047739,-0.3993142378342528
1.005881769619713,-0.1151032424046726,0.1989629555005751,-0.3980600013939455
1.006401715308833,-0.1161478115781153,0.1966978569319958,-0.396823126888649
1.0069225736182932,-0.1172031138192326,0.1944138565241456,-0.3956033536141806
1.00744423212528,-0.1182693102722352,0.1921110255244915,-0.3944004154287018
1.0079665752479807,-0.1193465658314324,0.1897894279137466,-0.3932140361244275
1.008489483003283,-0.1204350468392622,0.1874491254335949,-0.3920439319698526
1.009012830444377,-0.1215349200937065,0.1850901797402831,-0.3908898125213265
1.0095364884772644,-0.122646354738778,0.1827126483612722,-0.3897513783689627
1.010060323439607,-0.1237695216039458,0.1803165861467427,-0.3886283216845938
1.010584196947797,-0.1249045930902112,0.1779020455353221,-0.3875203261402147
1.0111079657571902,-0.1260517430806051,0.1754690767612448,-0.3864270667847718
1.0116314811474114,-0.127211145789687,0.1730177302949433,-0.3853482108826096
1.0121545902325866,-0.1283829788725666,0.1705480502708552,-0.3842834147769977
1.0126771344979024,-0.1295674204329605,0.1680600808349907,-0.3832323265041777
1.013198949898665,-0.1307646494257428,0.1655538652716656,-0.3821945851148539
1.0137198671439949,-0.1319748465225503,0.1630294441787745,-0.3811698196635666
1.0142397113878774,-0.1331981936440834,0.1604868564451066,-0.3801576493915757
1.0147583024192977,-0.1344348746581548,0.1579261377952678,-0.3791576829215769
1.0152754536756148,-0.1356850732760257,0.1553473251338643,-0.3781695197165393
1.0157909728845935,-0.1369489747963839,0.1527504528966738,-0.3771927483728117
1.016304661906665,-0.138226766001021,0.1501355532585156,-0.3762269464810231
1.016816315919972,-0.1395186333763523,0.1475026597402232,-0.3752716816968455
1.0173257242612848,-0.1408247654539045,0.1448518023815666,-0.3743265096931237
1.0178326696634534,-0.1421453511701363,0.1421830110597964,-0.3733909751230809
1.018336928123449,-0.143480579756755,0.1394963156496107,-0.3724646113811735
1.018838269060182,-0.1448306414132923,0.1367917446119743,-0.3715469398319493
1.0193364549860644,-0.1461957267143759,0.134069326135661,-0.37063746993051
1.0198312415449688,-0.1475760269938237,0.1313290873115923,-0.3697356986630145
1.0203223769919896,-0.1489717331807437,0.1285710563797339,-0.368841110999197
1.0208096024941609,-0.150383036912391,0.1257952604440521,-0.3679531788420631
1.021292651846936,-0.1518101300480262,0.1230017263719203,-0.36707136103599
1.0217712511468555,-0.1532532040032973,0.1201904820158454,-0.3661951034479661
1.0222451188668324,-0.1547124502661829,0.1173615551131201,-0.3653238383080637
1.0227139656868638,-0.1561880602178884,0.1145149735532309,-0.3644569839865039
1.0231774943009593,-0.157680224869298,0.1116507657981796,-0.363593944806814
1.0236353993075749,-0.1591891348572199,0.1087689607944145,-0.3627341106960842
1.0240873668985535,-0.1607149797718698,0.1058695891540803,-0.3618768572060235
1.0245330749368116,-0.1622579487661094,0.1029526818825298,-0.3610215447951811
1.0249721926411568,-0.1638182298710712,0.1000182715706314,-0.3601675188393907
1.025404380726836,-0.1653960109125594,0.0970663905629893,-0.3593141087491886
1.0258292908559965,-0.1669914779873195,0.0940970737128708,-0.3584606284139027
1.026246565561709,-0.1686048155577391,0.0911103580630186,-0.3576063757333849
1.0266558384664346,-0.1702362077900039,0.0881062802524598,-0.3567506315004807
1.027056733452358,-0.1718858358113842,0.085084881461276,-0.3558926604258333
1.027448865276615,-0.1735538807020962,0.0820462017796251,-0.3550317091345054
1.0278318384969445,-0.1752405196012001,0.078990287201421,-0.3541670077401306
1.0282052483626782,-0.1769459301365919,0.0759171814344333,-0.3532977670991158
1.028568679634905,-0.178670285940343,0.0728269339107797,-0.3524231806380877
1.0289217070167975,-0.1804137592369581,0.0697195949675913,-0.3515424225329816
1.0292638947065866,-0.1821765195615116,0.0665952180279822,-0.3506546478510828
1.0295947960435503,-0.1839587327201492,0.0634538612875492,-0.3497589925392156
1.029913954014252,-0.1857605645097204,0.0602955810287933,-0.3488545710016136
1.030220900089102,-0.1875821755416869,0.0571204406240547,-0.3479404781243293
1.0305151545777214,-0.1894237242305358,0.0539285051314904,-0.347015787169007
1.0307962261634758,-0.1912853653778626,0.0507198436445025,-0.3460795498523188
1.031063611883332,-0.193167251601994,0.0474945267044076,-0.3451307949627705
1.0313167964443606,-0.1950695303821183,0.044252631258071,-0.3441685291508352
1.0315552524639109,-0.1969923476954711,0.0409942343132655,-0.3431917343566147
1.0317784395640883,-0.1989358433000177,0.0377194208512348,-0.3421993694216174
1.031985804856018,-0.2009001574808638,0.0344282723260636,-0.3411903658237045
1.032176781526288,-0.2028854215058642,0.0311208826228239,-0.3401636316814257
1.0323507894166242,-0.2048917662181839,0.0277973435246645,-0.3391180464203732
1.0325072342228334,-0.2069193187706268,0.0244577501546102,-0.3380524614313349
1.032645506824149,-0.2089681990812158,0.0211022066984236,-0.3369657008825792
1.032764983298207,-0.2110385260884596,0.0177308160284457,-0.3358565572929912
1.0328650240797017,-0.2131304136251315,0.0143436864497571,-0.3347237924697558
1.0329449734772946,-0.2152439712190629,0.0109409303187193,-0.3335661357762787
1.0330041590766086,-0.2173793042018384,0.0075226638229599,-0.332382282656872
1.0330418910958108,-0.2195365149850505,0.0040890049264916,-0.3311708923846639
1.0330574615960293,-0.2217157015721169,0.0006400757590548,-0.3299305872097557
1.033050143706652,-0.223916957387785,-0.0028239971307641,-0.3286599506699432
1.033019176584387,-0.2261411088507063,-0.0063042336257961,-0.32735709034422
1.0329637193461991,-0.2283898920362636,-0.0098030414817661,-0.3260194956762083
1.0328829001917588,-0.23066348400024,-0.0133203681609521,-0.3246454914478991
1.032775817372927,-0.2329620702797198,-0.0168561740651145,-0.3232333356799631
1.0326415375367273,-0.2352858359731173,-0.0204104183747144,-0.3217812211441871
1.03247909391359,-0.237634964757138,-0.0239830573797539,-0.3202872719874145
1.0322874840571938,-0.2400096419406513,-0.0275740489329865,-0.3187495374182522
1.0320656678123032,-0.2424100511352088,-0.0311833471580833,-0.3171659890156212
1.0318125642712734,-0.2448363803418869,-0.0348109113499854,-0.3155345114305412
1.031527049255911,-0.2472888182660366,-0.0384567000606606,-0.3138528988618667
1.031207951724098,-0.2497675586205535,-0.0421206771292231,-0.3121188455884476
1.0308540504973356,-0.2522727980668093,-0.0458028081507912,-0.3103299400605679
1.0304640693307718,-0.2548047433429234,-0.0495030704174092,-0.3084836516413966
1.0300366729469128,-0.2573636074332922,-0.0532214466031565,-0.3065773240669327
1.029570459850612,-0.2599496221714181,-0.0569579422950568,-0.3046081556126548
1.029063958361656,-0.2625630271783421,-0.0607125689781034,-0.3025731954491359
1.0285156172286734,-0.2652040854770976,-0.0644853655389361,-0.3004693183044639
1.0279237979546187,-0.2678730829263038,-0.0682763960611567,-0.2982932092102501
1.0272867634109015,-0.2705703397052549,-0.072085764593405,-0.2960413362526815
1.026602668104473,-0.27329620775437,-0.0759136096652229,-0.2937099319000752
1.0258695417434671,-0.2760510893296414,-0.0797601282882879,-0.2912949532946889
1.0250852732707691,-0.2788354433147609,-0.083625582080271,-0.2887920481517846
1.0242475902392103,-0.2816497993284915,-0.0875103137714133,-0.286196508693405
1.0233540351656767,-0.2844947706578243,-0.0914147613774741,-0.283503220076377
1.0224019348209026,-0.2873710768577085,-0.0953394848430384,-0.2807065917028402
1.021388361462897,-0.2902795737522557,-0.0992852015413907,-0.2778004704849665
1.0203100939528458,-0.2932212648813226,-0.1032527952954807,-0.2747780596523886
1.0191635540060522,-0.2961973603599565,-0.1072433881046521,-0.2716317736516771
1.0179447460285584,-0.2992092958289627,-0.1112583558602067,-0.2683531122483734
1.016649167979627,-0.3022587942226893,-0.1152993994785111,-0.2649324639176753
1.0152717165244192,-0.3053479004738615,-0.1193685772176569,-0.2613589048559058
1.0138065756312251,-0.3084790128476167,-0.1234683304619361,-0.2576199636952889
1.0122471056571285,-0.3116548696158718,-0.1276014494119257,-0.2537013950763886
1.010585795836795,-0.3148783761279645,-0.1317708327425941,-0.2495871125197803
1.0088143818872168,-0.3181521311585813,-0.1359788692000414,-0.2452595095039447
1.0069244532240451,-0.3214771928008657,-0.1402258729660611,-0.2407009120654502
1.0049092062669112,-0.3248502874443267,-0.1445066097423372,-0.2358976318776646
1.0027673348041717,-0.3282585382027793,-0.1488038453466779,-0.2308487700475282
1.000509128947174,-0.3316726761440244,-0.1530802666140412,-0.2255796753286198
0.99816007303736,-0.3350462198657836,-0.1572781391789278,-0.2201490831610958
0.995753627362107,-0.3383299367639137,-0.1613378040403123,-0.2146315580232411
0.9933172843356252,-0.341491058643669,-0.1652212471669834,-0.2090858506075433
0.99086648551411,-0.34451748732417,-0.1689164989497374,-0.2035422823016461
0.9884075922297072,-0.3474100371818309,-0.1724274319117523,-0.1980105670270573
0.9859423770081204,-0.3501747533724298,-0.1757640530873482,-0.1924904544888885
0.9834707920766887,-0.3528188713164729,-0.1789375082269424,-0.1869780766783257
0.9809922564844336,-0.3553492283941007,-0.1819581760803798,-0.1814688023964066
0.978506176250857,-0.357771793536159,-0.1848351463510132,-0.1759583312912312
0.9760121292529972,-0.3600916240058733,-0.1875762141267735,-0.170443038870048
0.9735099102578088,-0.3623129652491145,-0.1901880391489044,-0.1649200209604118
0.9709995235040624,-0.3644393816112337,-0.192676333857795,-0.1593870335398196
0.9684811555870312,-0.3664738817200579,-0.1950460378537527,-0.1538423990124763
0.9659551474180652,-0.3684190235815426,-0.1973014624855654,-0.1482849183218192
0.9634219653863983,-0.3702770028014108,-0.1994464108898433,-0.1427137873275406
0.9608821762748092,-0.3720497235247432,-0.2014842741101312,-0.1371285260038157
0.958336425830692,-0.3737388552998054,-0.2034181079352565,-0.1315289191057553
0.9557854216668784,-0.3753458779873221,-0.2052506936299712,-0.125914968941243
0.9532299190434046,-0.3768721178046106,-0.2069845866665985,-0.1202868564396484
0.9506707050928233,-0.3783187785203132,-0.2086221584405904,-0.1146449002717334
0.9481085909660992,-0.3796869632591714,-0.2101656261422484,-0.108989534530477
0.9455444048381788,-0.3809776926384045,-0.2116170775785427,-0.1033212892005993
0.942978979678996,-0.3821919225939389,-0.2129784948860356,-0.0976407597187948
0.940413152081726,-0.3833305541361993,-0.2142517685603287,-0.0919486014672969
0.9378477524640636,-0.384394445447014,-0.2154387136399191,-0.0862455055697431
0.9352836063881106,-0.3853844174037411,-0.2165410781432591,-0.0805321996438805
0.9327215249968112,-0.3863012624694502,-0.2175605549503443,-0.0748094246069503
0.930162309148069,-0.3871457471414008,-0.2184987862461764,-0.0690779421648181
0.9276067406534536,-0.3879186183982138,-0.2193573722047336,-0.0633385136815685
0.9250555849029086,-0.38862060537261,-0.2201378741895146,-0.0575919045933258
0.9225095838458006,-0.3892524234224507,-0.2208418204814482,-0.0518388672546937
0.9199694616862212,-0.3898147741693849,-0.2214707074082973,-0.0460801524767302
0.9174359196900072,-0.3903083482065662,-0.2220260033444212,-0.0403164966088756
0.9149096379814228,-0.390733825694778,-0.2225091502770393,-0.0345486244488706
0.9123912710788868,-0.3910918778757955,-0.2229215663455686,-0.0287772379311794
0.909881453412681,-0.3913831666979916,-0.2232646461847759,-0.0230030276410166
0.907380795560485,-0.391608345876163,-0.2235397628471344,-0.0172266631812557
0.904889884620378,-0.391768061016794,-0.2237482686343254,-0.0114487929807235
0.902409283683544,-0.3918629497001127,-0.2238914958569624,-0.0056700420407252
0.8999395331138624,-0.3918936413642785,-0.223970757321325,0.0001089861021976
0.8974811520912686,-0.3918607572834977,-0.2239873468688226,0.0058877067061945
0.8950323061547719,-0.3917647890676599,-0.2239424681716513,0.0116710763625489
0.8925914214900702,-0.3916060007647878,-0.2238370921005832,0.0174635098511692
0.8901591202602311,-0.3913846647818221,-0.2236721514116737,0.023264245511511
0.8877360188006413,-0.3911010618604214,-0.2234485844425973,0.0290725084053894
0.885322726687553,-0.3907554820069253,-0.2231673360272899,0.0348875119483917
0.8829198431336065,-0.3903482247950822,-0.2228293578182417,0.0407084660498063
0.8805279557195509,-0.3898795995954928,-0.2224356084611556,0.0465345797861135
0.8781476419407545,-0.3893499262725305,-0.2219870541200981,0.0523650572352128
0.8757794678747376,-0.3887595353793788,-0.2214846685488089,0.0581991002691414
0.8734239872642271,-0.3881087682683931,-0.2209294330469106,0.0640359104007835
0.8710817424034544,-0.3873979776323184,-0.2203223367494408,0.0698746861827752
0.8687532591845639,-0.3866275261862643,-0.2196643752979078,0.0757146352009633
0.8664390531050932,-0.3857977886177805,-0.2189565522754616,0.0815549587693439
0.8641396237151938,-0.384909149910549,-0.2181998775203582,0.0873948655051398
0.8618554584531966,-0.383962006766646,-0.2173953680589137,0.0932335613580814
0.859587025686064,-0.3829567647420502,-0.2165440453727571,0.0990702671271089
0.8573347817069488,-0.3818938409721376,-0.2156469374013687,0.1049042004207022
0.8550991666557196,-0.3807736623890886,-0.2147050766947808,0.1107345858884819
0.8528806024958374,-0.3795966643435222,-0.2137194989169216,0.1165606604744599
0.8506794958691484,-0.3783632916546452,-0.2126912433819393,0.1223816659718032
0.8484962373290947,-0.3770739979591234,-0.2116213521420036,0.128196850965625
0.8463311992874561,-0.3757292440849749,-0.2105108682689281,0.1340054763493856
0.8441847368690414,-0.3743294979615795,-0.20936083541821,0.139806813226047
0.8420571875502835,-0.3728752338039227,-0.2081722967886357,0.1456001440708381
0.8399488726702597,-0.3713669325610687,-0.2069462951126713,0.1513847588221922
0.8378600953907093,-0.369805079904246,-0.2056838706360751,0.1571599606802563
0.8357911394505694,-0.3681901644079523,-0.2043860592922426,0.1629250699880208
0.8337422731522828,-0.3665226797713069,-0.2030538941325603,0.1686794135816966
0.8317137448920789,-0.364803120471844,-0.2016884014799641,0.1744223377000044
0.8297057868130682,-0.3630319837522703,-0.200290602177442,0.1801531982810781
0.8277186126943619,-0.3612097669053714,-0.198861509089602,0.1858713674718897
0.8257524180597013,-0.359336966197718,-0.1974021259450358,0.1915762340321575
0.8238073837070802,-0.3574140791752038,-0.1959134488089237,0.197267193744023
0.8218836700032233,-0.3554415980191804,-0.194396460612845,0.2029436667336184
0.819981420979216,-0.3534200121470925,-0.1928521329153962,0.2086050864284996
0.8181007656406275,-0.3513498085066615,-0.19128142582756,0.2142508963721335
0.816241812141262,-0.3492314638075417,-0.1896852818629331,0.2198805686104002
0.8144046572736579,-0.3470654536343341,-0.1880646326083374,0.2254935760882023
0.8125893778224008,-0.3448522412230987,-0.1864203900402762,0.2310894197508869
0.8107960365657259,-0.3425922827887999,-0.1847534503511683,0.2366676113816691
0.8090246811442746,-0.3402860247565261,-0.1830646916879277,0.2422276780166461
0.807275341433658,-0.3379338985403262,-0.181354970191897,0.2477691713940051
0.8055480345672982,-0.3355363252773579,-0.1796251233521568,0.253291653384716
0.8038427623674003,-0.3330937106794421,-0.1778759661440379,0.258794705239649
0.8021595123297938,-0.3306064443804875,-0.1761082905053541,0.2642779257540231
0.800498258126832,-0.3280748986338689,-0.1743228643647618,0.2697409309390292
0.7988589605105384,-0.3254994276118443,-0.1725204311190568,0.2751833523574413
0.7972415642821113,-0.3228803603154512,-0.1707017046996021,0.2806048486279948
0.7956460053256732,-0.3202180094351963,-0.1688673758015026,0.2860050833880979
0.7940722046993235,-0.317512659526675,-0.1670181037245279,0.2913837464170202
0.7925200693345793,-0.3147645650572401,-0.1651545152487305,0.2967405531053833
0.7909894980280922,-0.3119739581925299,-0.16327721008007,0.302075225357779
0.7894803755510564,-0.3091410356273532,-0.1613867520945574,0.3073875133862056
0.787992577856578,-0.306265965004612,-0.1594836738992,0.3126771791697893
0.786525967736119,-0.3033488735187208,-0.1575684695105678,0.3179440133764201
0.7850803968930121,-0.3003898480619785,-0.1556415948577515,0.3231878299193655
0.7836557099719571,-0.297388939925396,-0.1537034711769895,0.3284084529621702
0.7822517401276128,-0.2943461520294564,-0.1517544770767097,0.3336057345928032
0.7808683098075768,-0.2912614359641998,-0.1497949471750271,0.338779553982853
0.7795052349992503,-0.2881346969506339,-0.1478251757541598,0.3439298033160984
0.7781623212925135,-0.2849657804461395,-0.1458454087881962,0.3490564042213261
0.7768393666734636,-0.2817544732986589,-0.143855845310129,0.3541592991198372
0.7755361606659624,-0.278500496272819,-0.1418566333995903,0.3592384563058741
0.7742524865742932,-0.2752035037403229,-0.1398478706764624,0.3642938630433495
0.7729881214031633,-0.2718630775197406,-0.137829601203746,0.3693255274842411
0.7717428347863085,-0.2684787173139218,-0.1358018104588404,0.374333484687737
0.7705163936615859,-0.2650498462186465,-0.1337644294093428,0.3793177795113638
0.7693085614967576,-0.2615758017788783,-0.1317173298332391,0.3842784708701049
0.7681191005182703,-0.2580558348921414,-0.1296603243493207,0.389215623714187
0.7669477731913539,-0.2544891066500838,-0.1275931651563462,0.394129303622104
0.7657943481400291,-0.2508746991490351,-0.1255155507154618,0.3990195521030196
0.7646586026871973,-0.2472116175368908,-0.1234271269990702,0.4038863748603687
0.7635403282856014,-0.2434988023972663,-0.1213274943516669,0.4087297167342293
0.7624393417896038,-0.2397351647811629,-0.1192162265092827,0.4135494093613915
0.7613554935502509,-0.2359196162036208,-0.1170928857439143,0.4183451296648466
0.7602886841421562,-0.2320511355021813,-0.1149570573829915,0.423116317008111
0.7592388832492316,-0.2281288554810498,-0.1128083933435927,0.4278620754100073
0.758206157143982,-0.2241521979171458,-0.1106466797182204,0.4325810303318256
0.757190702175222,-0.220121056000865,-0.1084719267403161,0.4372711488688484
0.7561928837171338,-0.21603603077272,-0.1062844836572552,0.4419295235649695
0.7552132806522429,-0.2118987317145249,-0.1040851829460804,0.4465521173517701
0.7542527293484289,-0.2077121262911231,-0.1018755049274523,0.4511334964745118
0.7533123539460393,-0.2034808853628314,-0.0996577348288731,0.4556666155513347
0.7523935625787787,-0.1992116222311205,-0.0974350606421623,0.4601427599298686
0.7514979943263281,-0.1949129207220348,-0.095211561751935,0.4645517338078694
0.7506274011644127,-0.1905950187136559,-0.092992025739407,0.468882391920743
0.7497834757516828,-0.1862691206631438,-0.0907815875628672,0.4731234846927065
0.7489676613405772,-0.1819464519129819,-0.088585254616421,0.4772646514500678
0.7481809954711134,-0.1776372953330341,-0.0864074410506823,0.4812973006340683
0.747424026746961,-0.1733502540966162,-0.0842516300626968,0.4852151579428889
0.7466968190338784,-0.1690919031337388,-0.0821202376824359,0.4890143784603301
0.7459990183251901,-0.1648667872376708,-0.080014648419311,0.4926933215258167
0.7453299522599647,-0.1606776646426447,-0.0779353666564578,0.496252126741858
0.7446887348077936,-0.1565258713489209,-0.0758822193730957,0.499692229011921
0.744074352129692,-0.1524116628931338,-0.0738545394658277,0.5030159427400336
0.7434857345872103,-0.1483345517164983,-0.0718513403223176,0.5062260956148723
0.7429218033952969,-0.1442935450407415,-0.0698714365146326,0.5093257813239287
0.7423815040842024,-0.140287341643386,-0.0679135411528873,0.5123181724701412
0.7418638237414633,-0.1363144476850075,-0.0659763216124975,0.5152064154303402
0.7413678052122344,-0.1323732934973449,-0.0640584546016757,0.5179935380863945
0.7408925501527102,-0.1284622812426442,-0.0621586468935184,0.5206824176831885
0.7404372199260304,-0.1245798217717231,-0.0602756506363413,0.5232757607057638
0.7400010365274099,-0.1207243769633069,-0.0584082812835874,0.525776082856626
0.7395832783073466,-0.1168944598004337,-0.0565554151123735,0.5281857194485904
0.7391832778952979,-0.1130886523165527,-0.0547159955791142,0.5305068244313114
0.7388004186129414,-0.1093056092806695,-0.0528890329431099,0.5327413791994559
0.7384341298116125,-0.1055440482875872,-0.0510735975206551,0.5348912089485302
0.7380838850103961,-0.1018027649350186,-0.0492688252331393,0.5369579838266463
0.7377491981526989,-0.0980806277227844,-0.0474739135214848,0.5389432320576629
0.7374296195275603,-0.0943765649888135,-0.0456881135785815,0.5408483561608486
0.7371247336686032,-0.0906895703789417,-0.0439107316515131,0.5426746383854628
0.7368341566024996,-0.0870186992220437,-0.0421411260686744,0.5444232507656004
0.736557533143026,-0.0833630623990129,-0.0403787031564963,0.5460952656686816
0.7362945347256649,-0.0797218241421688,-0.0386229151319608,0.5476916637743224
0.7360448573561448,-0.0760941990774031,-0.0368732576970522,0.5492133419524126
0.7358082198677751,-0.0724794514963214,-0.03512926876387,0.5506611197926573
0.7355843619075528,-0.0688768883295276,-0.0333905241848636,0.552035748272361
0.7353730423604682,-0.0652858558636379,-0.0316566353198727,0.5533379161949197
0.7351740380618438,-0.0617057392289383,-0.0299272479650624,0.5545682552325115
0.7349871424128933,-0.0581359584769717,-0.028202039652903,0.5557273458983715
0.7348121643133363,-0.0545759684792546,-0.026480718808703,0.5568157218614559
0.7346489266764648,-0.0510252481724679,-0.0247630187604219,0.5578338771300746
0.7344972658386787,-0.0474833053882456,-0.0230486992816351,0.5587822679170341
0.7343570305672775,-0.043949672437844,-0.021337543663873,0.5596613172017251
0.7342280812320311,-0.0404239029010303,-0.0196293563638789,0.5604714184614226
0.7341102890207198,-0.0369055668340685,-0.0179239598756743,0.5612129392941244
0.7340035354894044,-0.0333942534238049,-0.0162211952026388,0.561886223078705
0.7339077117951361,-0.0298895621339431,-0.0145209167431666,0.5624915927580691
0.7338227184227152,-0.0263911072757989,-0.0128229936766755,0.5630293516190382
0.7337484645832265,-0.0228985089821998,-0.0111273047473594,0.5634997862392476
0.7336848680476373,-0.0194113990595146,-0.0094337402619211,0.5639031667685818
0.7336318546341133,-0.0159294078390881,-0.007742194858534,0.5642397494789394
0.7335893582459092,-0.0124521784551194,-0.0060525735937238,0.5645097758905017
0.7335573204234425,-0.0089793491848309,-0.0043647825165021,0.5647134750421979
0.7335356903436453,-0.0055105595292029,-0.0026787307768915,0.5648510629800761
0.7335244247172386,-0.0020454510148641,-0.0009943301772144,0.564922742946347
0.7335226246161037,2.639653903444006e-11,-3.1253417822479927e-12,0.5649341977356407
