3.1807546492313894
0.8266295336217542,3.723136244947882e-29,2.376703384872354e-15,0.0934767927552867
0.8266302115432104,0.000392319446936,0.0003230439407825,0.0934724947907661
0.8266360007520462,0.0012116322427439,0.0009976140441656,0.0934357905190083
0.8266477037891039,0.0020305955679717,0.0016716849716122,0.0933615854246608
0.8266653128479539,0.0028487377237146,0.0023447257009338,0.093249915919101
0.8266888096986847,0.0036655051641393,0.0030161387701501,0.0931008779232085
0.8267181660655799,0.0044803477716252,0.0036853311045855,0.0929146245476382
0.8267533438898105,0.0052927230641303,0.0043517180702773,0.0926913645402695
0.8267942956640859,0.0061020986589529,0.0050147260634105,0.0924313603132752
0.8268409649223355,0.0069079557643066,0.0056737959025715,0.092134925018986
0.8268932868006287,0.0077097916945756,0.0063283853695476,0.0918024192015368
0.826951188670567,0.0085071220551448,0.0069779714240246,0.0914342470114394
0.8270145908200593,0.0092994824748193,0.0076220519889699,0.0910308521370354
0.827083407173309,0.0100864300281213,0.0082601474211663,0.0905927134992179
0.8271575460288694,0.0108675442726762,0.0088918016056908,0.0901203408383893
0.8272369107671916,0.011642427611003,0.0095165824422906,0.0896142704981127
0.8273214005574057,0.0124107055305126,0.0101340821772025,0.089075061211899
0.8274109109997471,0.0131720262336689,0.0107439171917246,0.0885032902949301
0.8275053347679097,0.0139260603931961,0.0113457278452301,0.0878995498277734
0.8276045621789453,0.0146725004418142,0.0119391779030071,0.0872644432914893
0.8277084816927067,0.0154110595732977,0.012523953700639,0.0865985826408178
0.8278169803821924,0.0161414708220563,0.0130997633436537,0.0859025855501034
0.8279299443578272,0.0168634860833584,0.0136663358362337,0.0851770729395133
0.828047259088589,0.0175768747503925,0.0142234198917718,0.0844226671486946
0.8281688097564034,0.0182814228606672,0.0147707831313207,0.0836399898825219
0.8282944814926527,0.0189769317770659,0.015308210908615,0.0828296609003299
0.8284241596026507,0.0196632170893883,0.0158355053045666,0.0819922967702912
0.8285577297718949,0.0203401076446149,0.0163524842189331,0.0811285097285633
0.8286950782098255,0.0210074444608373,0.0168589803732652,0.0802389069302801
0.828836091786801,0.0216650798136474,0.0173548404496467,0.079324089734207
0.8289806581333812,0.0223128763167115,0.0178399242297211,0.0783846532219703
0.8291286657130124,0.0229507060482249,0.0183141037757211,0.0774211858819371
0.8292800039176458,0.0235784499172408,0.0187772627975317,0.0764342691362748
0.8294345630916786,0.0241959968423366,0.0192292958873126,0.0754244773277256
0.8295922345984964,0.0248032432241329,0.0196701079799629,0.0743923774232446
0.829752910812203,0.0254000922164783,0.0200996136746147,0.0733385292015959
0.8299164851890539,0.0259864533917537,0.020517736850921,0.0722634849151863
0.8300828522092633,0.0265622419997084,0.0209244100013168,0.0711677897988008
0.8302519074850326,0.0271273788890611,0.0213195740443941,0.070051981483166
0.8304235476719904,0.0276817897916875,0.0217031776933531,0.0689165906994615
0.8305976705124025,0.0282254051233464,0.0220751771988448,0.0677621411155479
0.8307741748409286,0.028758159687738,0.022435536028304,0.0665891494163235
0.8309529605479449,0.029279992292183,0.0227842244933947,0.0653981256654709
0.8311339286475488,0.0297908457059532,0.0231212196145285,0.0641895729699734
0.8313169811860968,0.0302906661780382,0.0234465046965093,0.0629639882061327
0.831502021273184,0.0307794033453633,0.0237600691730182,0.0617218619314422
0.8316889531234456,0.0312570101692509,0.0240619084689941,0.0604636782200862
0.8318776819374311,0.0317234424759064,0.0243520236172376,0.0591899155812332
0.8320681140329235,0.0321786591579358,0.024630421299208,0.0579010461932632
0.832260156778956,0.0326226218754482,0.0248971135709918,0.0565975364642991
0.8324537185210648,0.0330552947800968,0.0251521176176889,0.0552798476602884
0.8326487087623835,0.0334766448244388,0.0253954558578948,0.0539484347932038
0.8328450379755454,0.0338866412414391,0.0256271555580763,0.0526037480197916
0.8330426176911567,0.0342852556612478,0.0258472488296829,0.0512462321614144
0.8332413605272104,0.034672462082937,0.026055772536904,0.0498763266210973
0.8334411801002664,0.0350482366219993,0.0262527680867054,0.0484944661162278
0.8336419911230013,0.0354125576308935,0.026438281424327,0.0471010801289293
0.8338437093412965,0.0357654055101414,0.0266123628640002,0.0456965934628577
0.8340462516310441,0.036106762812725,0.0267750670711097,0.0442814256919502
0.8342495358797458,0.0364366139735991,0.0269264528606592,0.042855992107445
0.8344534809893467,0.0367549452732265,0.0270665831214046,0.0414207038288945
0.8346580071141081,0.0370617451485067,0.0271955248837923,0.039975966252818
0.8348630353086551,0.0373570035896768,0.0273133489892625,0.0385221816544403
0.8350684879048398,0.0376407126518969,0.0274201302394525,0.0370597466494743
0.8352742882565598,0.0379128660190989,0.0275159471476691,0.0355890541200875
0.8354803608741711,0.0381734591423346,0.0276008819271573,0.0341104923835069
0.8356866313142597,0.0384224890459883,0.0276750203577657,0.0326244461043882
0.835893026334205,0.0386599544717506,0.0277384517647398,0.0311312953079469
0.8360994738521719,0.0388858557653363,0.0277912689073028,0.0296314157823311
0.8363059029598013,0.039100194832886,0.0278335678920784,0.0281251791031089
0.836512243912245,0.0393029750740613,0.0278654480823479,0.026612952821956
0.8367184280835768,0.0394942012896741,0.0278870120099408,0.0250951009128801
0.8369243880685997,0.0396738797298553,0.0278983653068742,0.0235719831425881
0.8371300577088947,0.0398420180507464,0.0278996166101503,0.0220439549844778
0.8373353719614772,0.0399986251488184,0.0278908774714922,0.0205113687042348
0.8375402671665523,0.0401437113116403,0.0278722622610147,0.0189745714724274
0.8377446806461775,0.0402772878633164,0.0278438881039114,0.0174339084736192
0.8379485511655864,0.0403993674357231,0.0278058747521832,0.0158897195533369
0.8381518186114189,0.0405099636847355,0.0277583445271822,0.0143423417368044
0.8383544242890176,0.04060909139875,0.0277014221660413,0.0127921070710958
0.8385563104923662,0.0406967662138474,0.0276352348402649,0.0112393460047958
0.838757421004476,0.0407730047982669,0.0275599119252454,0.0096843836566572
0.8389577007473918,0.0408378246193034,0.027475585007554,0.0081275425883883
0.8391570959389105,0.0408912439477593,0.0273823877412874,0.0065691416912372
0.8393555540404793,0.0409332817709815,0.0272804557724254,0.0050094966767488
0.8395530237849483,0.0409639577325061,0.0271699266304659,0.0034489199459169
0.8397494552902152,0.0409832920669055,0.0270509395574633,0.0018877197640171
0.8399447998398889,0.0409913054894681,0.0269236355292427,0.0003262020706357
0.840139009911213,0.0409880191479519,0.0267881571574592,-0.0012353296465516
0.8403320736364892,0.0409734509484663,0.026644622191894,-0.0027968538231989
0.8405240282687596,0.0409476030235513,0.026493104588707,-0.0043587490965684
0.8407148278295343,0.0409104767224127,0.0263337369908253,-0.0059207197469089
0.8409044272124686,0.040862073611717,0.0261666539435064,-0.0074824697841098
0.8410927823611237,0.0408023953967068,0.0259919916820983,-0.0090437042574231
0.8412798503994618,0.0407314437946908,0.0258098879157506,-0.0106041302240006
0.8414655893754706,0.040649220539534,0.0256204819759122,-0.0121634545019742
0.8416499583386755,0.0405557273007015,0.025423914669543,-0.0137213841717583
0.8418329176529054,0.0404509654273963,0.0252203278404897,-0.0152776291101087
0.8420144284381825,0.0403349361492962,0.0250098648697793,-0.0168318971499569
0.8421944530281573,0.0402076402439414,0.0247926700796242,-0.0183838978344214
0.8423729546234697,0.0400690781649099,0.0245688890312652,-0.0199333393277648
0.8425498975035078,0.0399192498157544,0.0243386681764877,-0.021479930101969
0.8427252468927635,0.0397581545583707,0.0241021549179238,-0.023023377650011
0.8428989688671605,0.0395857912312359,0.0238594976452305,-0.0245633875068538
0.8430710307002881,0.039402157717695,0.0236108451462262,-0.0260996661769985
0.8432414002392671,0.039207251496217,0.0233563473839494,-0.0276319154386575
0.8434100463925263,0.0390010690695879,0.0230961547067395,-0.0291598365147647
0.8435769387939391,0.0387836062640599,0.0228304182395866,-0.0306831268924462
0.8437420479488107,0.0385548579953948,0.0225592895640939,-0.0322014814550922
0.8439053448997931,0.0383148186818423,0.0222829211713783,-0.0337145892094891
0.844066801603913,0.0380634816848115,0.0220014657503377,-0.0352221365362187
0.844226390426675,0.0378008400390733,0.0217150769592761,-0.0367238022609685
0.8443840843267303,0.0375268862189136,0.0214239090517587,-0.0382192590784907
0.8445398567008113,0.0372416124415059,0.0211281170907653,-0.0397081717948094
0.844693681368546,0.0369450107821374,0.0208278569262003,-0.0411901968497692
0.8448455323673137,0.0366370736968579,0.0205232855548232,-0.0426649799767077
0.8449953838126102,0.0363177945346412,0.0202145614018765,-0.0441321544054448
0.8451432100478932,0.0359871674909546,0.0199018440216468,-0.0455913418609811
0.8452889852102706,0.0356451888876147,0.0195852950266294,-0.04704214779071
0.8454326833279207,0.0352918574308123,0.0192650779582786,-0.0484841617295461
0.8455742779853685,0.0349271755828086,0.0189413591226442,-0.0499169533133471
0.8457137422378935,0.0345511505363404,0.0186143079511401,-0.051340070666677
0.8458510484979416,0.0341637954050264,0.0182840974643162,-0.052753038446351
0.8459861684182746,0.0337651305976177,0.0179509047928369,-0.0541553557817956
0.8461190725409778,0.0333551861290785,0.0176149123534378,-0.0555464916836506
0.8462497302850064,0.0329340032389669,0.017276308288874,-0.0569258838451824
0.8463781097404038,0.0325016368549494,0.0169352874616215,-0.0582929353624218
0.8465041776111535,0.0320581579021153,0.0165920521562711,-0.0596470129420119
0.8466278990484328,0.0316036563131756,0.0162468131633206,-0.0609874438872041
0.8467492377496852,0.0311382434336365,0.0158997902234223,-0.0623135159172984
0.8468681558513773,0.0306620554930256,0.0155512131173779,-0.0636244747781376
0.8469846141867257,0.0301752559897531,0.0152013217823292,-0.0649195258983394
0.8470985724761418,0.029678038503835,0.0148503666292181,-0.0661978354819106
0.8472099896500169,0.0291706291131968,0.0144986084693122,-0.0674585332786531
0.8473188244473179,0.0286532875539092,0.0141463175182422,-0.0687007187870282
0.8474250359687897,0.0281263083454966,0.0137937724045172,-0.0699234673874941
0.8475285844593262,0.0275900204465419,0.0134412582568698,-0.0711258395984559
0.8476294322299601,0.0270447855098327,0.0130890640378983,-0.0723068925801626
0.8477275444517501,0.0264909959294817,0.012737479981601,-0.0734656908241067
0.8478228903210038,0.0259290697338967,0.0123867933197825,-0.0746013219213958
0.8479154437510075,0.0253594467818302,0.0120372852302034,-0.0757129074813393
0.8480051844896703,0.0247825809900593,0.0116892257341896,-0.0767996197983999
0.8480920984491415,0.0241989358450829,0.0113428710661279,-0.0778606896646654
0.8481761783507404,0.0236089766167425,0.0109984594430692,-0.0788954183893079
0.8482574239290871,0.0230131640485573,0.010656208145767,-0.0799031847937795
0.8483358419692354,0.0224119481090997,0.0103163109822062,-0.0808834502804144
0.8484114460497988,0.0218057630479924,0.0099789367826154,-0.0818357602183916
0.848484256056765,0.0211950237875593,0.0096442288322815,-0.0827597422401794
0.8485542976320384,0.0205801227132028,0.0093123046378517,-0.083655103373914
0.8486216015746784,0.0199614268644015,0.0089832559873048,-0.0845216261802629
0.8486862030313667,0.0193392772898349,0.0086571501833852,-0.0853591617213425
0.8487481407098547,0.0187139888832849,0.00833403146201,-0.0861676222840843
0.8488074560599134,0.0180858513852712,0.0080139229166054,-0.0869469731434608
0.8488641925767598,0.0174551300975598,0.0076968281482789,-0.0876972254106068
0.848918395157085,0.0168220669126925,0.0073827329584325,-0.0884184291183578
0.848970109598113,0.0161868805202374,0.0070716065210109,-0.0891106678029773
0.8490193817582464,0.015549771755171,0.0067634049432535,-0.0897740481762078
0.8490662573713511,0.0149109220858832,0.0064580713095996,-0.0904086981952111
0.849110781525936,0.0142704969143256,0.006155537981171,-0.0910147604003088
0.8491529984416151,0.0136286457454683,0.0058557272790211,-0.0915923890382667
0.8491929510912356,0.0129855052404197,0.0055585534408591,-0.0921417449101142
0.849230680970727,0.0123412010401306,0.005263923886628,-0.0926629920685012
0.849266228080801,0.0116958464661179,0.0049717389935465,-0.0931562973411507
0.8492996306347798,0.0110495462559543,0.0046818941223663,-0.0936218259972783
0.849330924938797,0.0104023982848,0.0043942806307056,-0.0940597397107902
0.8493601455097073,0.0097544905806878,0.0041087847625425,-0.0944701978224819
0.8493873248303874,0.0091059058684993,0.0038252898620501,-0.0948533535150591
0.8494124933639072,0.0084567214359526,0.003543676452267,-0.0952093535844288
0.8494356795507843,0.0078070093003479,0.0032638224347167,-0.0955383379841681
0.8494569097826205,0.0071568370994405,0.0029856035835783,-0.0958404390447925
0.8494762083866183,0.0065062690092109,0.0027088940264555,-0.0961157808575069
0.8494935976674199,0.0058553648402118,0.0024335659353899,-0.0963644794943196
0.8495090978613915,0.0052041821122808,0.0021594904729371,-0.0965866420012342
0.8495227271533724,0.0045527765105956,0.0018865380294453,-0.0967823663042794
0.8495345017105269,0.0039012014416795,0.0016145780778375,-0.0969517413906451
0.8495444356993265,0.0032495078576903,0.001343479140944,-0.0970948472783162
0.8495525412817919,0.0025977452061726,0.001073109221851,-0.0972117547158603
0.8495588286267306,0.0019459618455747,0.0008033360031863,-0.0973025251270933
0.8495633059229837,0.001294205359931,0.0005340270006362,-0.0973672106155317
0.8495659793937904,0.0006425223794045,0.0002650495102033,-0.0974058540161798
0.8495668533028106,-9.0407897429e-06,-3.7291116608e-06,-0.0974184888578637
0.8495659299644407,-0.0006604378164078,-0.0002724412857219,-0.0974051394186021
0.8495632094674294,-0.0013116736528749,-0.0005412403790061,-0.0973658166685751
0.8495586894391682,-0.001962747977278,-0.0008102774474767,-0.0973005148461117
0.8495523655591526,-0.0026136148973011,-0.0010796846185235,-0.0972092189074238
0.849544231551139,-0.003264228172918,-0.0013495937266987,-0.0970919044708407
0.8495342791806845,-0.0039145406754088,-0.0016201360708542,-0.0969485378695948
0.8495224982651581,-0.0045645033973484,-0.0018914419791907,-0.0967790764141222
0.849508876610048,-0.0052140682674915,-0.0021636419609726,-0.0965834676245002
0.8494934000770816,-0.0058631836218713,-0.0024368647894292,-0.0963616503889443
0.8494760524922457,-0.006511797929946,-0.0027112390323709,-0.0961135538513718
0.8494568157165164,-0.0071598560325934,-0.0029868914344575,-0.0958390986618736
0.8494356695512731,-0.0078073020020011,-0.0032639480863893,-0.0955381958888525
0.8494125917810451,-0.0084540767806132,-0.0035425333799359,-0.0952107479230446
0.8493875581800174,-0.0091001176370608,-0.0038227697121492,-0.0948566488827176
0.8493605424071549,-0.0097453602975476,-0.0041047783475476,-0.0944757834698336
0.849331516134284,-0.0103897350951357,-0.0043886776740828,-0.0940680291430521
0.8493004489822912,-0.0110331683290317,-0.0046745836967898,-0.093633255588725
0.8492673085396272,-0.0116755814929576,-0.0049626095941926,-0.0931713253705811
0.8492320603328269,-0.0123168915326219,-0.0052528657170673,-0.0926820939201042
0.849194668054805,-0.0129570066487869,-0.0055454575403571,-0.0921654131003935
0.8491550933338995,-0.0135958306333575,-0.005840487448554,-0.0916211283856675
0.8491132960704969,-0.0142332573704172,-0.0061380520168783,-0.091049083879506
0.8490692344759693,-0.0148691711829624,-0.0064382418870646,-0.0904491231486322
0.849022865020932,-0.0155034483102638,-0.0067411421743066,-0.0898210888013551
0.8489741428664016,-0.0161359518585627,-0.0070468297308844,-0.0891648285592541
0.8489230218916228,-0.0167665331023504,-0.0073553733355902,-0.0884801957246404
0.8488694551240406,-0.0173950279215947,-0.0076668314726346,-0.0877670549403419
0.8488133949216254,-0.018021257056562,-0.0079812518689991,-0.087025284437292
0.8487547935336242,-0.0186450225487785,-0.0082986690457281,-0.0862547831038478
0.8486936034121022,-0.0192661078403762,-0.0086191035749256,-0.0854554739710789
0.8486297778693731,-0.0198842748749819,-0.0089425597050682,-0.0846273119449751
0.8485632716551129,-0.0204992630330586,-0.0092690237767961,-0.0837702900889673
0.848494041728059,-0.0211107870923081,-0.0095984619898288,-0.0828844479980712
0.8484220480297371,-0.0217185361924968,-0.0099308185478255,-0.0819698796927122
0.848347254246671,-0.0223221737322632,-0.0102660141874079,-0.0810267408512481
0.848269628759966,-0.0229213365186385,-0.0106039441863891,-0.080055257864555
0.8481891453902042,-0.0235156363100138,-0.010944477614454,-0.0790557337378317
0.848105784379545,-0.0241046600917567,-0.011287455827254,-0.0780285564066324
0.8480195329234024,-0.0246879740542118,-0.0116326930893588,-0.0769742009461548
0.8479303858235305,-0.0252651266313124,-0.0119799767668958,-0.0758932329073669
0.847838345659067,-0.0258356545005471,-0.0123290694491897,-0.0747863054956976
0.8477434230823805,-0.0263990871288798,-0.0126797104616842,-0.0736541581661155
0.8476456364325762,-0.0269549546643629,-0.0130316197561017,-0.0724976070760727
0.8475450111715302,-0.027502795413068,-0.0133845020193624,-0.0713175338029325
0.847441579456929,-0.0280421612067274,-0.0137380498907635,-0.0701148761224446
0.8473353789449057,-0.0285726255014963,-0.0140919494121907,-0.0688906103615853
0.8472264517308136,-0.0290937889871823,-0.0144458843939238,-0.0676457362167104
0.8471148432754791,-0.0296052838467639,-0.014799540321316,-0.0663812622227504
0.8470006012431701,-0.0301067771683147,-0.0151526080707415,-0.065098191052339
0.8468837744095451,-0.0305979729247611,-0.015504786959501,-0.0637975064440845
0.8467644117445551,-0.0310786123608202,-0.0158557868987005,-0.0624801628414623
0.8466425616977528,-0.0315484730222453,-0.0162053296868004,-0.0611470778941242
0.8465182715174375,-0.0320073673545809,-0.016553150024804,-0.0597991258356466
0.846391586852914,-0.0324551400966076,-0.0168989956036273,-0.0584371343537738
0.8462625515084962,-0.0328916652360255,-0.0172426267443916,-0.0570618833450818
0.8461312072777342,-0.0333168429044713,-0.0175838158384728,-0.0556741046802613
0.8459975939631263,-0.0337305959513458,-0.0179223463504601,-0.0542744840076254
0.8458617493715548,-0.0341328669503419,-0.0182580119665853,-0.0528636622938463
0.8457237094987624,-0.0345236149848364,-0.0185906153577014,-0.0514422392942057
0.8455835086135769,-0.0349028131060618,-0.0189199672964285,-0.0500107758878265
0.8454411795589518,-0.0352704455326419,-0.0192458853574226,-0.0485697985320821
0.845296753841563,-0.0356265057652333,-0.01956819322291,-0.0471198014235975
0.8451502619277612,-0.0359709944451623,-0.0198867196009791,-0.0456612506343235
0.8450017334016041,-0.0363039178422831,-0.0202012975509888,-0.0441945867184149
0.8448511971995991,-0.0366252863875531,-0.0205117637174275,-0.0427202279659606
0.8446986817405772,-0.0369351136424318,-0.0208179578559877,-0.0412385725065397
0.8445442151721051,-0.0372334151914981,-0.0211197221803925,-0.0397500014492366
0.8443878253874559,-0.0375202081395559,-0.02141690121845,-0.0382548797047487
0.8442295403634591,-0.0377955101120441,-0.0217093410866776,-0.0367535598145063
0.8440693881093828,-0.0380593390948972,-0.0219968895554112,-0.035246381967223
0.8439073969528996,-0.0383117127535631,-0.0222793955129828,-0.0337336771615615
0.8437435955322875,-0.0385526483356481,-0.0225567090014257,-0.0322157675222342
0.843578012983373,-0.0387821623133259,-0.0228286809274351,-0.0306929683953848
0.8434106787912812,-0.0390002705458683,-0.0230951633477056,-0.0291655873104572
0.8432416231909348,-0.0392069877212394,-0.0233560088694025,-0.0276339279494748
0.8430708769843952,-0.0394023276327668,-0.0236110710187893,-0.0260982887238865
0.8428984718590585,-0.0395863028494062,-0.0238602038367172,-0.0245589658763933
0.8427244400015611,-0.0397589251984774,-0.0241032625262364,-0.0230162502355755
0.8425488146327731,-0.0399202052578353,-0.0243401027613173,-0.0214704321935317
0.8423716297621165,-0.0400701527102278,-0.024570581140012,-0.0199217996812862
0.8421929202870888,-0.0402087763276929,-0.0247945551360526,-0.0183706392207961
0.8420127220163051,-0.0403360840433681,-0.0250118831633515,-0.0168172362826442
0.8418310718375015,-0.0404520829385664,-0.0252224244767915,-0.0152618768721619
0.8416480072913568,-0.0405567796106999,-0.0254260397619568,-0.013704844021102
0.8414635672371692,-0.0406501798493014,-0.025622590462567,-0.0121464236184809
0.8412777914578919,-0.0407322890018366,-0.0258119393459408,-0.0105869011444763
0.841090720670246,-0.0408031120393353,-0.0259939505693849,-0.0090265619039682
0.8409023965738692,-0.0408626536110846,-0.0261684897106639,-0.0074656915784279
0.8407128620782056,-0.0409109180742192,-0.0263354236564664,-0.0059045782211951
0.8405221610447404,-0.0409479096813398,-0.0264946209440235,-0.0043435102289369
0.8403303383105395,-0.0409736326411167,-0.0266459518136238,-0.0027827766739365
0.8401374398399053,-0.0409880911793342,-0.0267892881732715,-0.001222668661603
0.8399435125815365,-0.0409912896472257,-0.0269245038018425,0.0003365217165956
0.8397486044833776,-0.0409832325885709,-0.0270514744123742,0.0018945011324725
0.8395526786611834,-0.0409639139059354,-0.0271701277407601,0.0034516551190391
0.8393557497064629,-0.0409333176957584,-0.0272803507489297,0.0050079546952092
0.8391578671322405,-0.0408914288763306,-0.0273820093611815,0.0065630977191073
0.838959081827921,-0.0408382328902677,-0.0274749712184193,0.0081167777598956
0.8387594456537454,-0.0407737156813681,-0.0275591059716242,0.0096686871915827
0.8385590120113585,-0.0406978639314459,-0.0276342851184534,0.011218512655488
0.8383578352940765,-0.040610664968678,-0.0277003823402812,0.0127659392559914
0.8381559713682551,-0.0405121070253197,-0.0277572734190333,0.014310646751019
0.8379534771540784,-0.0404021791397992,-0.0278048364796191,0.0158523126939705
0.837750410783251,-0.0402808712816358,-0.0278429520199826,0.0173906111170105
0.8375468317100658,-0.0401481744967213,-0.0278715029916127,0.0189252116004754
0.8373428005922552,-0.0400040809205903,-0.0278903749286087,0.0204557800880343
0.8371383792100765,-0.0398485837838368,-0.0278994560431775,0.0219819793894901
0.8369336306011815,-0.0396816775741171,-0.0278986373050888,0.0235034680661763
0.8367286190321791,-0.0395033580973286,-0.0278878125494156,0.0250199005490511
0.8365234097696975,-0.0393136223405248,-0.0278668785527685,0.0265309287228884
0.8363180694700669,-0.0391124688844795,-0.027835735152809,0.0280361989401889
0.8361126656980521,-0.0388998975220642,-0.0277942852890344,0.0295353554536966
0.8359072673447444,-0.0386759097249227,-0.0277424351508739,0.0310280372364015
0.835701944375456,-0.038440508465624,-0.0276800942350853,0.0325138797184732
0.8354967678897077,-0.038193698342718,-0.0276071754481808,0.0339925142331047
0.835291809962756,-0.0379354854479574,-0.0275235951358765,0.0354635690384627
0.8350871439141482,-0.0376658777573074,-0.0274292732737917,0.0369266672662908
0.8348828440250249,-0.0373848848444464,-0.0273241334491954,0.0383814288346212
0.8346789856609593,-0.0370925180932324,-0.0272081029973379,0.0398274694426489
0.8344756452861983,-0.0367887907919225,-0.0270811131109163,0.0412644003529474
0.8342729002885086,-0.0364737179372419,-0.0269430988247856,0.0426918295075612
0.8340708292098723,-0.0361473166471319,-0.0267939992566864,0.0441093597761973
0.8338695114769653,-0.0358096058087951,-0.0266337575194907,0.0455165907309706
0.8336690275994626,-0.0354606064601231,-0.0264623209581358,0.0469131171290727
0.8334694589910984,-0.0351003415584901,-0.0262796411054128,0.0482985300400501
0.8332708880856196,-0.0347288362471074,-0.0260856738754725,0.0496724159120265
0.833073398247534,-0.0343461177681771,-0.0258803795859238,0.0510343570682673
0.8328770737711756,-0.0339522155264632,-0.0256637230526631,0.0523839315868096
0.8326819999584468,-0.0335471613244819,-0.0254356737847335,0.0537207126432005
0.8324882629160518,-0.0331309890251143,-0.0251962058608215,0.0550442697778133
0.8322959497599588,-0.0327037350527587,-0.0249452982755756,0.0563541673696996
0.8321051484892446,-0.0322654382202961,-0.0246829349112468,0.0576499653789064
0.8319159479508917,-0.0318161397271327,-0.0244091045993793,0.05893121945977
0.8317284379329734,-0.0313558834685737,-0.0241238013746417,0.0601974802058562
0.8315427091021032,-0.0308847159979542,-0.023827024524539,0.0614482934539909
0.831358852958553,-0.0304026865157883,-0.0235187786510182,0.0626832004638649
0.831176961898693,-0.0299098471417779,-0.0231990739135718,0.0639017373759865
0.8309971292002266,-0.0294062530123099,-0.0228679261688118,0.0651034351923853
0.8308194489137699,-0.028891962109144,-0.0225253569315266,0.0662878203800452
0.8306440160459929,-0.0283670359271573,-0.0221713938933114,0.0674544135281051
0.8304709263855656,-0.0278315391450893,-0.0218060707861741,0.0686027303900614
0.8303002765372506,-0.0272855398875946,-0.021429427636765,0.0697322815339614
0.8301321639979508,-0.0267291101707229,-0.02104151115761,0.0708425717194866
0.8299666870507502,-0.0261623257919241,-0.0206423747602112,0.0719331004799344
0.8298039448135117,-0.025585266735085,-0.0202320789267213,0.0730033616797729
0.8296440371884292,-0.0249980172762152,-0.0198106913774127,0.0740528437254969
0.829487064863807,-0.0244006662946152,-0.0193782873862788,0.0750810294303862
0.8293331293453468,-0.0237933077521687,-0.0189349502258514,0.0760873956862664
0.8291823328592186,-0.0231760407249432,-0.0184807712920364,0.077071413972725
0.8290347783808898,-0.0225489699615729,-0.0180158506150229,0.0780325500400453
0.8288905696120643,-0.0219122063165005,-0.0175402972875308,0.078970263930311
0.828749810894587,-0.0212658669654423,-0.0170542297339702,0.0798840104045199
0.8286126072165357,-0.0206100760945448,-0.016557776336749,0.080773238765794
0.8284790641555358,-0.0199449654170727,-0.0160510759410504,0.0816373930874267
0.8283492877864169,-0.0192706746035394,-0.0155342782962324,0.0824759126660327
0.8282233846395511,-0.0185873520749614,-0.0150075447771417,0.0832882321408884
0.8281014615981581,-0.0178951556288633,-0.0144710489823524,0.0840737820021393
0.8279836257653704,-0.0171942530245999,-0.0139249773008229,0.084831989286121
0.8278699843954032,-0.0164848231161851,-0.0133695299054506,0.0855622778504914
0.8277606446748788,-0.0157670562931326,-0.0128049212081203,0.0862640696054695
0.8276557135896041,-0.0150411556300013,-0.0122313808648363,0.0869367851858874
0.8275552977093458,-0.0143073377759913,-0.0116491545754383,0.0875798451410078
0.8274595029423495,-0.0135658338838973,-0.0110585049071492,0.0881926713078768
0.8273684342512725,-0.0128168905270664,-0.0104597120984831,0.0887746884210625
0.8272821953615188,-0.012060770882343,-0.0098530750633606,0.0893253257605871
0.8272008883878891,-0.0112977555984073,-0.0092389121287446,0.0898440193115966
0.8271246134310969,-0.0105281437223735,-0.008617561797714,0.0903302141058362
0.8270534681282755,-0.0097522535479078,-0.0079893834247054,0.0907833668470478
0.8269875471760476,-0.0089704235762015,-0.0073547579537238,0.0912029487029613
0.8269269417800968,-0.008183013055183,-0.0067140882820995,0.0915884485585887
0.8268717390747075,-0.0073904024455904,-0.0060677995255224,0.0919393764555196
0.8268220214927154,-0.0065929934417318,-0.0054163388767954,0.0922552673441298
0.8267778661480782,-0.0057912093450768,-0.0047601757055984,0.0925356847563592
0.82673934414129,-0.0049854942026733,-0.0040998005989147,0.0927802249730773
0.8267065199094182,-0.0041763123540326,-0.003435724681272,0.0929885209162587
0.8266794505683469,-0.0033641473803811,-0.0027684783924791,0.0931602461036263
0.8266581852721815,-0.0025495002947167,-0.0020986095881826,0.0932951185118066
0.8266427646363805,-0.0017328876152094,-0.0014266814926776,0.0933929040574073
0.8266332202287081,-0.0009148392858919,-0.0007532704798724,0.0934534196748221
0.8266295741337943,-9.58956744169e-05,-7.89630543486e-05,0.0934765359583087
0.8266295336305595,-3.0940460696987637e-12,2.4510880900895787e-11,0.0934767927446894
