3.10159412140984
0.8060296250912301,1.0525821036246017e-29,1.4948739676626555e-16,0.3106326646729341
0.8060316666333142,0.0011110498127964,0.0011415456117102,0.3106229681631903
0.8060467933600907,0.0032218065091114,0.0033100258175816,0.3105511246773302
0.8060766684516244,0.0053327287697672,0.0054780564086303,0.3104092472681961
0.8061213105607015,0.0074438387524203,0.0076452537803265,0.3101972720295747
0.8061807428257975,0.0095550505177454,0.0098111230488205,0.3099151259383199
0.8062549931312414,0.0116662730290162,0.0119751639820344,0.3095627256085029
0.8063440939871961,0.0137774097852195,0.0141368707377556,0.3091399778387571
0.8064480822733275,0.0158883558825035,0.0162957289816168,0.3086467807924704
0.8065669986699295,0.0179989916971452,0.0184512095887851,0.3080830266429457
0.8067008875445393,0.0201091871906299,0.0206027732428547,0.307448602037955
0.8068497961664856,0.02221879452216,0.0227498631223652,0.3067433917271575
0.8070137743933172,0.0243276502343007,0.0248919074066629,0.3059672799246862
0.8071928738061378,0.0264355700674563,0.0270283143199536,0.3051201542497898
0.8073871468345626,0.0285423459497807,0.0291584694724171,0.3042019096752296
0.807596646010781,0.0306477454913472,0.0312817358070409,0.3032124518197519
0.807821422783139,0.0327515077030048,0.0333974498051487,0.3021517022702907
0.8080615266499666,0.0348533430718625,0.0355049221731636,0.3010196023318491
0.8083170030017757,0.0369529233804965,0.0376034283442165,0.2998161227987895
0.8085878927762209,0.0390498887050448,0.0396922163221217,0.2985412650990404
0.8088742303001804,0.0411438394120172,0.0417704995849199,0.2971950709005859
0.8091760417850477,0.0432343351823548,0.0438374571616132,0.2957776285397788
0.8094933432934084,0.0453208911417827,0.0458922309631871,0.2942890818289899
0.8098261391090933,0.0474029777910704,0.0479339270059221,0.2927296368546446
0.8101744204376523,0.0494800231539289,0.0499616188815949,0.2910995671177298
0.8105381619780834,0.0515514027926776,0.0519743394915604,0.2893992285162711
0.8109173222403139,0.0536164526516059,0.0539710951653758,0.2876290566718335
0.811311840016099,0.0556744594311548,0.0559508579386503,0.2857895821320211
0.8117216346234194,0.0577246721037248,0.0579125783753537,0.2838814278292214
0.8121466034297343,0.0597662983019346,0.059855183759489,0.2819053191418674
0.8125866214130251,0.0617985111039437,0.0617775862797934,0.279862084360234
0.8130415406748,0.0638204544754041,0.0636786897960988,0.277752655319982
0.8135111913398351,0.065831253708361,0.0655574011238391,0.2755780615721839
0.8139953811052323,0.067830018496353,0.0674126341663375,0.2733394308130927
0.8144938969346476,0.0698158540439785,0.0692433213329876,0.2710379793941201
0.8150065055139856,0.0717878655012717,0.0710484184487637,0.2686750086128207
0.8155329562729617,0.0737451711011209,0.07282691735447,0.2662518892395447
0.8160729835050973,0.0756869097252539,0.0745778529378647,0.2637700503393883
0.8166263067400865,0.0776122411404415,0.0763003032627189,0.2612309762352305
0.8171926370494574,0.079520365924248,0.0779934070256891,0.2586361763688496
0.8177716761282582,0.0814105185387975,0.0796563565288343,0.255987188502606
0.8183631223742482,0.0832819833956545,0.0812884108305237,0.2532855500004807
0.8189666697845471,0.0851340862868597,0.0828888868553328,0.2505328021554822
0.8195820120024028,0.0869662022884966,0.0844571648357589,0.2477304710935629
0.8202088455957959,0.0887777599884115,0.0859926901585067,0.2448800523913732
0.8208468688870778,0.0905682325061512,0.087494963848899,0.24198301606584
0.8214957862144677,0.0923371444219804,0.0889635465415726,0.2390407869551237
0.8221553078975979,0.094084066144041,0.0903980517103628,0.2360547447470488
0.8228251497102451,0.0958086077240683,0.0917981386415484,0.2330262262686181
0.823505035625216,0.0975104215527256,0.0931635127325037,0.2299565130234747
0.8241946980193644,0.0991891983189916,0.0944939202279056,0.2268468303004164
0.8248938764103648,0.1008446599629659,0.0957891407516233,0.2236983529131633
0.8256023186120695,0.1024765590393998,0.097048985090359,0.2205122000377018
0.8263197800493453,0.1040846739234289,0.0982732897881462,0.2172894383586651
0.8270460231559433,0.1056688047591042,0.099461912519696,0.2140310848225891
0.8277808191660514,0.107228774885627,0.100614731675924,0.2107380986493726
0.8285239441782736,0.1087644201926096,0.1017316370663361,0.2074113990162726
0.8292751804902009,0.1102755904323491,0.1028125297874996,0.2040518590606557
0.8300343176298202,0.1117621496244418,0.1038573213138834,0.2006603012636846
0.8308011498082188,0.1132239695250983,0.1048659277536947,0.1972375088092079
0.8315754752258997,0.1146609273693462,0.1058382674179087,0.193784228598281
0.8323570981840063,0.1160729088663612,0.1067742619772958,0.1903011617365099
0.8331458254088614,0.1174598005848505,0.107673830513937,0.1867889798002537
0.8339414685658731,0.1188214938706124,0.1085368914084956,0.1832483134742223
0.8347438406856914,0.1201578780691242,0.1093633573062166,0.1796797682738846
0.8355527587599959,0.1214688445895487,0.1101531371204878,0.1760839127682099
0.8363680410191564,0.1227542819923,0.1109061324269627,0.1724612904336712
0.8371895078918952,0.1240140773469991,0.1116222378241947,0.168812415094935
0.8380169815155838,0.1252481151860854,0.1123013398218361,0.1651377727787971
0.8388502851790497,0.126456276462118,0.1129433158070626,0.1614378238291811
0.8396892433583095,0.1276384384365665,0.113548033562327,0.15771300235117
0.8405336799490634,0.1287944720937304,0.1141153495711882,0.1539637236228709
0.8413834212375407,0.1299242461440038,0.1146451106395958,0.150190370429614
0.8422382924087723,0.1310276220735666,0.1151371510513777,0.1463933080484302
0.8430981184034191,0.1321044553310379,0.1155912928762103,0.1425728798834953
0.8439627240513065,0.1331545954036653,0.1160073456494522,0.138729406265194
0.8448319341019124,0.1341778856992085,0.1163851059206455,0.134863183653607
0.8457055734680239,0.1351741636157754,0.1167243568184895,0.1309744828338338
0.8465834652104368,0.1361432580606738,0.1170248667717255,0.1270635571089087
0.8474654315893607,0.137084990578313,0.1172863895638326,0.1231306367930114
0.8483512940995999,0.1379991751658859,0.1175086638015362,0.1191759281487775
0.8492408730432522,0.1388856175763951,0.1176914122221318,0.1151996143130954
0.8501339875574118,0.1397441150867651,0.117834341108397,0.111201854114181
0.8510304548899479,0.140574455518527,0.117937139550429,0.1071827841690648
0.8519300912872859,0.1413764177575385,0.1179994788983228,0.1031425136678909
0.852832710994,0.1421497704385315,0.1180210118836609,0.0990811275101857
0.8537381265268826,0.1428942717949619,0.1180013718635904,0.0949986836194694
0.8546461512327992,0.1436096711385931,0.1179401716829909,0.0908951997786209
0.8555565961241045,0.1442957055200995,0.1178370025009163,0.0867706660983073
0.8564692661628281,0.1449520965703587,0.1176914334670377,0.0826250600300037
0.8573839637119893,0.145578552799782,0.1175030106644261,0.0784583288069625
0.8583004871548157,0.1461747680277465,0.1172712562928919,0.0742703935602429
0.8592186303317526,0.1467404204810039,0.1169956678305031,0.0700611495969009
0.8601381814134434,0.1472751715771216,0.1166757174117538,0.0658304691210172
0.8610589225756059,0.147778665245764,0.1163108510317511,0.0615782001363229
0.8619806275800543,0.1482505261539201,0.1159004886596889,0.0573041748794563
0.862903060147939,0.1486903586677909,0.115444024482494,0.0530082145965141
0.8638259712968618,0.149097745582305,0.1149408280621372,0.0486901391545389
0.8647490952612066,0.1494722467319866,0.114390247032453,0.0443497834763248
0.8656721466346641,0.1498133987822809,0.1137916101151531,0.0399870086049839
0.8665948126986566,0.1501207140181144,0.1131442344735279,0.0356017360610464
0.8675167462383226,0.1503936808838056,0.1124474351645878,0.0311939811444095
0.868437558431209,0.1506317661384161,0.1117005370520699,0.0267638873915467
0.8693568058559247,0.1508344175208109,0.110902894721698,0.0223117914488354
0.8702739766634101,0.1510010694881928,0.1100539182732598,0.0178382955399269
0.8711884727750284,0.1511311521367736,0.1091531090384924,0.0133443639899949
0.8720995918987822,0.1512241050721412,0.1082001034908008,0.0088314270233106
0.8730065066951703,0.1512793966389663,0.1071947293484136,0.0043015066126141
0.8739082436652409,0.1512965499006303,0.1061370730873422,-0.0002426461612092
0.8748036663397286,0.1512751759386152,0.1050275544287099,-0.0047974235617629
0.8756915607255321,0.1512150051008714,0.1038668756718071,-0.0093587485553541
0.8765706377617587,0.1511159095233128,0.1026560580478493,-0.0139220476972229
0.8774394539929621,0.1509779422012435,0.1013966027210498,-0.0184817867169798
0.8782965033704747,0.1508013620326561,0.1000904249176841,-0.0230318830447874
0.8791402661601561,0.1505866481454128,0.0987398231198831,-0.0275659104681264
0.8799692708083262,0.1503344981625832,0.0973474073424946,-0.0320773871430939
0.8807821540713844,0.1500458102037773,0.0959160033094548,-0.0365600756825608
0.8815777122316208,0.1497216507543587,0.094448544066702,-0.0410082591047376
0.8823549372126185,0.1493632130616782,0.0929479635260296,-0.0454169576503986
0.8831130327965735,0.1489717728942514,0.091417108422192,-0.0497820546020469
0.8838514147644331,0.1485486459596093,0.0898586710016016,-0.0541003449961799
0.8845696965428762,0.1480951516594771,0.0882751481833947,-0.0583695083733574
0.8852676641652889,0.1476125861160401,0.0866688275755396,-0.0625880195243063
0.8859452498653707,0.1471022018279603,0.0850417852401318,-0.0667550466333261
0.8866025023843915,0.1465651966203471,0.0833959019833348,-0.070870321996161
0.8872395629863287,0.1460027057357862,0.0817328777439715,-0.0749340384967292
0.887856641472585,0.1454158007519664,0.080054256922591,-0.0789467367661896
0.888453998043372,0.1448054898438906,0.078361448957313,-0.0829092199747661
0.8890319287828067,0.144172719719073,0.0766557473658401,-0.0868224842576097
0.8895907530592732,0.1435183800253761,0.0749383505970699,-0.0906876545753172
0.8901308057983204,0.1428433059505971,0.0732103742938214,-0.0945059475110981
0.8906524301117529,0.142148282978107,0.0714728667172128,-0.0982786319319367
0.891155972213824,0.1414340511428866,0.0697268207533109,-0.1020070013689976
0.8916417787804187,0.1407013075232739,0.067973180278774,-0.105692361124192
0.8921101934843189,0.1399507110594574,0.0662128513324936,-0.1093360068645415
0.8925615562401948,0.1391828842696395,0.0644467051624676,-0.1129392216228733
0.892996201798996,0.1383984164052087,0.0626755844292438,-0.1165032667292423
0.893414458576088,0.1375978668764066,0.0609003096180358,-0.1200293730055178
0.8938166489124588,0.1367817664126532,0.0591216801758321,-0.1235187428046043
0.894203088906951,0.1359506189952262,0.057340477448469,-0.126972548302533
0.894574088170294,0.1351049041239416,0.0555574682822053,-0.1303919285109645
0.8949299499987161,0.134245078311663,0.0537734069305077,-0.1337779895358112
0.8952709717655061,0.1333715759812931,0.0519890357924743,-0.1371318068485553
0.8955974449318459,0.1324848112123144,0.0502050879814029,-0.140454423885848
0.8959096554814966,0.1315851783721977,0.0484222876554327,-0.1437468546912759
0.8962078842058369,0.1306730529516714,0.0466413508837729,-0.1470100853035388
0.8964924068104194,0.1297487928550446,0.044862987463146,-0.1502450732266425
0.8967634941965935,0.128812739130221,0.0430879016677592,-0.153452748712417
0.8970214129382877,0.1278652158151786,0.0413167914287936,-0.1566340186759741
0.8972664253122425,0.1269065311263589,0.0395503501629394,-0.1597897656425914
0.8974987894781933,0.1259369781367192,0.0377892676448577,-0.1629208483223033
0.8977187598047319,0.1249568347106895,0.0360342295953257,-0.1660281043327462
0.8979265869586969,0.1239663642391433,0.0342859188113854,-0.1691123500475427
0.8981225181387328,0.1229658156362291,0.0325450150283787,-0.1721743825924082
0.8983067973336564,0.1219554228995123,0.0308121941490032,-0.1752149828413407
0.8984796651473216,0.1209354068615317,0.0290881313157442,-0.1782349115915925
0.8986413591191593,0.1199059742974939,0.0273734994472232,-0.1812349136510158
0.8987921137719077,0.118867318272141,0.0256689700145786,-0.1842157179277332
0.898932160811036,0.1178196172904748,0.0239752119315701,-0.1871780407826857
0.8990617289203111,0.1167630372333286,0.0222928950491003,-0.1901225813044524
0.8991810440811376,0.1156977294071447,0.0206226873978372,-0.1930500275012023
0.8992903294792489,0.1146238314338622,0.0189652571391317,-0.1959610542553895
0.8993898055813108,0.1135414667211704,0.0173212723182036,-0.1988563251342282
0.8994796901121581,0.112450744731103,0.015691401948618,-0.201736491882937
0.8995601980967691,0.1113517604844756,0.0140763160126931,-0.2046021958530536
0.8996315419508638,0.1102445928030457,0.0124766837959677,-0.2074540724721
0.8996939312637137,0.1091293068481115,0.0108931786008653,-0.2102927444393309
0.8997475729432269,0.1080059514599272,0.0093264749635137,-0.2131188283110864
0.8997926711406186,0.1068745592375901,0.0077772500609694,-0.2159329337625164
0.8998294272122865,0.1057351459609279,0.0062461843050259,-0.218735664411134
0.8998580396587011,0.1045877106295075,0.004733962906567,-0.2215276169880756
0.8998787041081071,0.1034322337629019,0.0032412752886677,-0.2243093846118898
0.8998916132426958,0.1022686767259462,0.0017688161323622,-0.2270815573057936
0.8998969567229194,0.1010969819262483,0.0003172876869595,-0.2298447203043677
0.8998949211342245,0.0999170703419998,-0.0011126010592876,-0.232599458516631
0.8998856898816299,0.0987288398443767,-0.0025201337790786,-0.2353463587358568
0.8998694430250108,0.0975321612007272,-0.0039045884713746,-0.2380860168273128
0.899846357260267,0.0963268848424091,-0.0052652263341653,-0.2408190200137195
0.899816605854697,0.0951128360786461,-0.0066012942072689,-0.2435459557636402
0.8997803585828641,0.0938898138325361,-0.0079120223563262,-0.2462674121251745
0.8997377816307899,0.0926575882242083,-0.0091966230876827,-0.2489839802829032
0.8996890376110477,0.0914159011957362,-0.0104542857560244,-0.2516962500347756
0.8996342855619346,0.0901644651537183,-0.0116841736494132,-0.2544048094171217
0.8995736809948188,0.0889029621243304,-0.0128854199946423,-0.2571102428392917
0.8995073761982992,0.0876310469035166,-0.0140571200306746,-0.2598131203977171
0.899435520473762,0.0863483466848419,-0.0151983266028786,-0.2625139946276916
0.8993582608414984,0.0850544675773146,-0.0163080397606019,-0.2652133825444298
0.8992757430298199,0.0837490025566456,-0.0173851963600933,-0.2679117450876576
0.8991881128972268,0.0824315429501329,-0.0184286584675454,-0.270609459842462
0.8990955188078246,0.0811017001455884,-0.0194371965544108,-0.2733067739884716
0.8989981149098251,0.0797591347033262,-0.0204094721115728,-0.2760037445229519
0.8988960661420355,0.0784036029604937,-0.021344015017077,-0.2787001468884744
0.8987895548981029,0.0770350178907166,-0.0222392024736707,-0.2813953609676907
0.8986787903695445,0.0756535362852143,-0.0230932364868125,-0.2840882134285794
0.898564020485239,0.0742596696367458,-0.023904128856223,-0.2867767858172293
0.8984455460699318,0.0728544148136318,-0.0246697028340196,-0.2894582002269512
0.898323735560344,0.0714393879756872,-0.0253876256567753,-0.292128417841524
0.8981990364733735,0.0700169243975902,-0.0260554902112222,-0.2947821216813678
0.8980719782527243,0.0685900937872257,-0.0266709572298465,-0.2974127722825118
0.8979431605814678,0.0671625772557032,-0.0272319538462409,-0.3000129215761383
0.8978132247260007,0.0657383886974715,-0.0277368942154711,-0.3025747936405667
0.8976828129273331,0.0643214964057116,-0.0281848607546279,-0.3050910070748161
0.8975525255074098,0.0629154393437995,-0.0285756933773407,-0.3075552554778319
0.8974228886269939,0.0615230600818636,-0.0289099596238174,-0.3099627325621188
0.8972943378949155,0.0601463932017509,-0.0291888329436051,-0.3123102532504624
0.8971672182323093,0.0587867044533672,-0.0294139244695799,-0.3145961035673499
0.8970417936372563,0.0574446123117576,-0.0295871175568791,-0.3168197571155198
0.8969182616961962,0.0561202421342194,-0.02971043074386,-0.3189815533748078
0.8967967681046511,0.0548133689910457,-0.0297859185782767,-0.3210824142385394
0.8966774200419102,0.0535235426007308,-0.0298156063158592,-0.3231236078949553
0.896560295935943,0.0522501718552208,-0.0298014521007436,-0.3251065923786643
0.8964454531833752,0.0509925879119991,-0.0297453269079148,-0.3270329033794066
0.8963329336917057,0.0497500854809043,-0.0296490062673278,-0.3289040834553843
0.8962227689689847,0.0485219617009962,-0.0295141705145091,-0.3307216205896649
0.8961149824670703,0.0473075273353205,-0.0293424085232662,-0.3324869323181945
0.8960095917039118,0.0461061175906666,-0.0291352235786261,-0.3342013519151237
0.8959066095450811,0.0449170954123218,-0.0288940395955705,-0.3358661265856208
0.895806045399727,0.0437398554622868,-0.0286202080093736,-0.3374824151718377
0.8957079060657346,0.0425738255974209,-0.0283150145427501,-0.3390512897958748
0.8956121964384411,0.0414184681023722,-0.0279796859802892,-0.3405737380640098
0.8955189193245567,0.0402732711523178,-0.027615393712932,-0.3420506779661255
0.8954280764319518,0.0391377552588662,-0.0272232610667608,-0.3434829526808568
0.8953396681161032,0.0380114654072069,-0.0268043659989478,-0.3448713439545276
0.8952536940117187,0.0368939747607802,-0.0263597471251582,-0.3462165704231951
0.8951701526058204,0.0357848754231444,-0.0258904045220161,-0.3475193016466893
0.89508904198535,0.0346837848084725,-0.0253973061749715,-0.3487801529314289
0.8950103595812172,0.0335903394453507,-0.0248813891511198,-0.3499996951649905
0.8949341022262969,0.0325041930010169,-0.0243435618832609,-0.3511784590858027
0.8948602662832431,0.0314250155665349,-0.0237847067393012,-0.3523169379337358
0.894788847738889,0.0303524928077933,-0.0232056823219672,-0.3534155901533026
0.8947198421725695,0.029286323450944,-0.0226073246083229,-0.3544748436174081
0.8946532449671455,0.0282262206534899,-0.0219904499853258,-0.3554950957498556
0.8945890512142386,0.0271719089266644,-0.0213558556492293,-0.35647671801988
0.8945272557828132,0.0261231236265416,-0.020704321179512,-0.3574200576292912
0.8944678531818508,0.025079606991866,-0.0200366077482312,-0.3583254420809122
0.8944108380457776,0.0240411151621586,-0.0193534641638392,-0.3591931740216202
0.8943562047809113,0.02300741096013,-0.0186556238688478,-0.3600235386785462
0.8943039476606731,0.0219782642026873,-0.017943806398273,-0.3608168042518478
0.8942540609587913,0.0209534531500569,-0.0172187196485112,-0.3615732215728362
0.894206538817382,0.0199327607877259,-0.0164810584642558,-0.3622930276345971
0.8941613754016635,0.0189159768729123,-0.0157315071439786,-0.3629764446352611
0.8941185648988664,0.0179028970705557,-0.0149707398856319,-0.3636236812628112
0.894078101516183,0.0168933220123132,-0.0141994210637802,-0.3642349338783862
0.8940399795618421,0.0158870585073047,-0.0134182070859119,-0.3648103863397928
0.8940041933124611,0.0148839152582,-0.0126277439419015,-0.3653502129567007
0.8939707371772363,0.0138837062151969,-0.0118286705805679,-0.3658545768762469
0.8939396056737944,0.0128862493763181,-0.0110216187786873,-0.3663236312337299
0.8939107934239501,0.0118913659513356,-0.0102072132068158,-0.3667575199271067
0.8938842951511118,0.0108988793746754,-0.0093860713018553,-0.3671563782972305
0.8938601057300882,0.0099086162220374,-0.0085588046736665,-0.367520332955577
0.8938382202219477,0.0089204072520355,-0.0077260206469618,-0.3678495017787293
0.8938186337610734,0.0079340815752651,-0.0068883179640571,-0.3681439960697448
0.893801341764212,0.0069494758314064,-0.006046295137252,-0.3684039178246849
0.8937863397503351,0.0059664250569879,-0.0052005432990963,-0.3686293628026584
0.8937736234323983,0.0049847662633732,-0.0043516497748371,-0.3688204194603139
0.8937631887155094,0.0040043377764358,-0.0035001980652723,-0.3689771692496268
0.8937550317139711,0.003024980467122,-0.0026467694557231,-0.3690996865896824
0.8937491487346797,0.0020465363385493,-0.0017919423194637,-0.3691880393031255
0.8937455362756715,0.001068846764192,-0.0009362910837205,-0.3692422887856966
0.8937441910464663,9.17543186908e-05,-8.03883309031e-05,-0.3692624898103958
0.8937451099639918,-0.0008848975204836,0.0007751949578936,-0.3692486906612295
0.8937482907495304,-0.0018614006346117,0.001630008110726,-0.3692009242045834
0.8937537330135951,-0.0028381104584879,0.0024836564018477,-0.3691191915922173
0.8937614365922498,-0.0038151812623761,0.0033355683314332,-0.3690034871973838
0.893771401508779,-0.004792768422128,0.0041851723552554,-0.3688537991070599
0.8937836279758973,-0.0057710284138379,0.0050318963868511,-0.3686701089688132
0.8937981163309215,-0.0067501148240932,0.0058751638694084,-0.3684523928078476
0.8938148671359226,-0.0077301866057302,0.0067144004208048,-0.3682006193271974
0.8938338810023899,-0.0087113975490327,0.007549024295389,-0.3679147523087969
0.8938551587756686,-0.0096939080222076,0.0083784559455284,-0.3675947475668507
0.8938787013408698,-0.0106778753536895,0.009202109322236,-0.3672405555493667
0.8939045097450112,-0.011663460725029,0.0100193972097795,-0.3668521191412746
0.8939325851206316,-0.0126508263186374,0.0108297282808847,-0.3664293744066236
0.8939629285945888,-0.0136401333432263,0.0116325049944713,-0.3659722515078863
0.8939955414139892,-0.0146315473411615,0.0124271274157266,-0.3654806723041726
0.8940304249003774,-0.0156252369234954,0.0132129915482968,-0.3649545504789202
0.8940675803012901,-0.0166213704008084,0.0139894860965963,-0.3643937931601015
0.8941070089421443,-0.0176201210293383,0.0147559960204944,-0.3637982979490058
0.8941487120419175,-0.0186216629078885,0.0155118987040052,-0.3631679549549867
0.8941926907851623,-0.0196261739014063,0.0162565655902928,-0.3625026448910052
0.8942389462726803,-0.0206338353066838,0.016989361228845,-0.3618022389232475
0.8942874795775825,-0.0216448338867554,0.0177096440050405,-0.3610665968411386
0.8943382915363113,-0.0226593583609614,0.0184167628442769,-0.3602955691524637
0.8943913828249964,-0.0236776022228328,0.0191100584875849,-0.3594889947612683
0.894446753841149,-0.0246997625421332,0.0197888618513854,-0.3586467014908387
0.8945044048778233,-0.0257260442858875,0.0204524960140433,-0.3577685020423199
0.8945643357909149,-0.0267566553555192,0.0211002719686856,-0.3568541975359354
0.8946265463527733,-0.0277918139906748,0.0217314923197234,-0.3559035704569264
0.8946910357206049,-0.0288317409273848,0.0223454452573672,-0.354916390948179
0.894757802683109,-0.0298766651325067,0.0229414070291452,-0.3538924110649633
0.8948268455843911,-0.0309268239166197,0.0235186406709829,-0.3528313637564274
0.8948981622312108,-0.0319824630029984,0.024076394661393,-0.3517329618979884
0.894971749950999,-0.0330438389624778,0.0246139027007027,-0.3505968947675954
0.8950476054066409,-0.0341112181588421,0.0251303814729425,-0.3494228280032416
0.8951257243307916,-0.0351848750189704,0.025625028199097,-0.3482104045470708
0.8952061019492558,-0.036265099968946,0.0260970225063786,-0.3469592345767739
0.8952887323402084,-0.0373521928148748,0.0265455212764611,-0.345668901572168
0.8953736088327328,-0.0384464705404931,0.026969659813931,-0.3443389518219491
0.8954607235926731,-0.0395482643869657,0.0273685480388903,-0.342968896107572
0.8955500675564403,-0.0406579219548056,0.0277412686739624,-0.3415582054561404
0.8956416304704297,-0.0417758108078364,0.028086875476381,-0.3401063045957654
0.8957354004234197,-0.0429023161817269,0.0284043892221905,-0.3386125727436471
0.8958313639877807,-0.0440378466055131,0.0286927958795066,-0.3370763339795584
0.895929505687875,-0.0451828318465643,0.0289510421216871,-0.3354968574260503
0.8960298080774417,-0.0463377286707804,0.0291780325115315,-0.3338733466838711
0.8961322509719805,-0.0475030173689784,0.0293726241632652,-0.3322049417110983
0.8962368114857273,-0.0486792083691422,0.0295336231370761,-0.3304907064127568
0.8963434629080995,-0.0498668364981694,0.0296597783944521,-0.3287296336683137
0.8964521744092003,-0.0510664657157388,0.0297497773199125,-0.326920635272723
0.8965629103170818,-0.0522786900504978,0.0298022401470315,-0.3250625369672291
0.8966756282281241,-0.0535041231190222,0.0298157141488412,-0.3231540911637529
0.896790277977858,-0.0547433986570742,0.029788669373858,-0.3211939735157675
0.8969067993590458,-0.0559971589554087,0.0297194951256015,-0.3191807987723076
0.8970251187002818,-0.0572660328005405,0.0296064999079646,-0.3171131552491132
0.8971451448809568,-0.0585506090195103,0.0294479166580951,-0.31498964937738
0.8972667633301566,-0.0598513895820374,0.0292419174153469,-0.3128089879760274
0.8973898295018469,-0.0611687372792636,0.0289866396281161,-0.310570075679579
0.8975141589791534,-0.0625027856797406,0.028680233932082,-0.308272184157126
0.8976395160403563,-0.0638533278018073,0.0283209388343252,-0.3059151700010236
0.8977656003972749,-0.0652196754858941,0.0279071910557897,-0.3034997585562721
0.8978920351250386,-0.0666005154420786,0.0274377704358108,-0.3010278510930744
0.8980183585070222,-0.067993784588713,0.0269119715814267,-0.2985028141263801
0.8981440259445368,-0.0693966273248486,0.0263297694662269,-0.2959296318257496
0.8982684264453742,-0.070805487492095,0.0256919308117041,-0.2933148101115496
0.8983909160634669,-0.0722163763065446,0.0250000120564795,-0.290665934142042
0.8985108605419044,-0.0736252544804965,0.0242562289287308,-0.2879909717004259
0.898627676811552,-0.0750284365874086,0.0234632208681992,-0.285297485043064
0.8987408609054474,-0.0764228882188992,0.0226237871491478,-0.2825920031310081
0.8988499975745434,-0.0778063554396208,0.021740666352854,-0.2798796913556482
0.8989547545393557,-0.0791773424311035,0.0208163951127477,-0.2771643122720094
0.8990548678718343,-0.080534993727617,0.0198532457687834,-0.2744483851965892
0.8991501248509132,-0.0818789422568919,0.0188532203910124,-0.2717334326389408
0.8992403484297411,-0.0832091666556176,0.0178180739486984,-0.2690202278396167
0.8993253846462146,-0.0845258724688512,0.016749350726563,-0.2663090107256344
0.8994050932851094,-0.0858294025959632,0.0156484221649021,-0.263599656978342
0.8994793414348505,-0.087120175685712,0.0145165191956185,-0.2608917984591213
0.8995479990641424,-0.0883986434713185,0.0133547600805489,-0.2581849101029472
0.8996109360658406,-0.0896652617436336,0.0121641739198645,-0.2554783719930768
0.8996680204416833,-0.0909204730060803,0.0109457183157164,-0.2527715089976629
0.8997191171961422,-0.0921646961962743,0.0097002930769979,-0.2500636165055507
0.8997640877065459,-0.0933983214385201,0.0084287504308398,-0.2473539758431384
0.8998027893007575,-0.0946217051248562,0.0071319056554825,-0.2446418692094854
0.8998350751845215,-0.0958351708396507,0.0058105419291231,-0.2419265817577199
0.8998607943673338,-0.0970390078981032,0.0044654175064013,-0.2392074087102591
0.8998797917656904,-0.0982334743693283,0.0030972677329913,-0.2364836521673872
0.8998919082437198,-0.0994187956381319,0.0017068116451889,-0.2337546276652287
0.8998969807779628,-0.100595168067309,0.0002947524230084,-0.2310196588658591
0.899894842572027,-0.1017627594742463,-0.0011382189834882,-0.2282780791531422
0.8998853231563441,-0.102921714492011,-0.0025914266586067,-0.2255292214226745
0.8998682483803385,-0.1040721571657007,-0.0040642099488366,-0.2227724136687165
0.8998434407412684,-0.1052141774773962,-0.0055559030223623,-0.2200070132026836
0.8998107194996878,-0.1063478434351234,-0.0070658468504255,-0.2172323799951126
0.8997699007699679,-0.1074732022445705,-0.0085933882326026,-0.2144478752909877
0.8997207976664835,-0.1085902799638469,-0.010137876991817,-0.2116528638069064
0.8996632203095117,-0.1096990845649465,-0.0116986680572571,-0.2088467072816772
0.8995969759439694,-0.1107996054014189,-0.0132751189080357,-0.2060287667141626
0.8995218689986877,-0.1118918141779056,-0.0148665892321051,-0.2031984007378801
0.8994377011575149,-0.1129756654398577,-0.0164724400960958,-0.2003549650442169
0.8993442713619592,-0.1140510977320213,-0.0180920342826749,-0.1974978098821302
0.8992413759326159,-0.1151180330916924,-0.0197247343054633,-0.1946262817866119
0.899128808457887,-0.1161763790051373,-0.0213699042833795,-0.1917397185995593
0.8990063600294476,-0.1172260266182339,-0.0230269062130662,-0.1888374544289371
0.8988738189283668,-0.1182668539683397,-0.0246951041619518,-0.1859188107700145
0.8987309710008349,-0.1192987229798569,-0.026373858779301,-0.1829831046479904
0.8985775993410918,-0.1203214821839053,-0.0280625309633375,-0.1800296407596778
0.8984134845017091,-0.1213349651452062,-0.0297604787513015,-0.1770577155021692
0.8982384042795442,-0.1223389918082751,-0.0314670590515905,-0.1740666125409812
0.898052133652552,-0.1233333684719636,-0.0331816272668691,-0.17105560205408
0.8978544449656553,-0.1243178864650389,-0.0349035347054769,-0.1680239438490533
0.8976451075230762,-0.1252923238808452,-0.0366321313431049,-0.1649708810571301
0.8974238878298103,-0.1262564438228453,-0.038366762610714,-0.1618956442912066
0.897190549243229,-0.1272099954573299,-0.0401067711677996,-0.1587974469711431
0.8969448520202083,-0.1281527130784605,-0.0418514952322759,-0.1556754866645706
0.8966865530102961,-0.1290843165494771,-0.0436002694737009,-0.1525289417930382
0.8964154056329641,-0.1300045104661109,-0.0453524236436159,-0.1493569722766578
0.8961311597738523,-0.1309129836295245,-0.0471072818006405,-0.146158719046473
0.8958335613717016,-0.1318094093723811,-0.0488641632700148,-0.142933300272334
0.8955223524827549,-0.1326934442100214,-0.0506223804576184,-0.1396798131799786
0.8951972708768241,-0.133564727867991,-0.0523812393972122,-0.1363973307418138
0.8948580498484547,-0.1344228824832772,-0.0541400387833496,-0.1330849009620487
0.8945044180874313,-0.1352675115977707,-0.0558980686305913,-0.1297415467238725
0.8941360991799155,-0.1360981999391137,-0.0576546106483018,-0.1263662621990122
0.8937528118178911,-0.1369145114342086,-0.0594089350040391,-0.122958015955079
0.8933542689750051,-0.137715989475207,-0.0611603019222231,-0.1195157445850639
0.8929401782447282,-0.1385021545376666,-0.0629079577285876,-0.1160383568580416
0.892510241437179,-0.1392725033842652,-0.0646511343309869,-0.1125247310645031
0.8920641544388304,-0.1400265076246615,-0.066389047405126,-0.1089737146694677
0.8916016074039138,-0.1407636117164608,-0.0681208933336237,-0.1053841263830808
0.8911222849594312,-0.1414832310687814,-0.0698458463385305,-0.101754757853903
0.8906258663452026,-0.1421847503261575,-0.071563056034937,-0.0980843744725193
0.8901120266443042,-0.1428675202737782,-0.0732716415334472,-0.0943717236804191
0.8895804375472913,-0.1435308558266004,-0.0749706879025039,-0.0906155387619832
0.8890307691571168,-0.144174033055025,-0.0766592399199219,-0.0868145491308309
0.8884626928670438,-0.1447962856993535,-0.0783362938064331,-0.0829674964197187
0.8878758843267223,-0.1453968025794004,-0.0800007903845343,-0.0790731491554357
0.8872700292890273,-0.1459747232360104,-0.0816516020629627,-0.0751303342986998
0.8866448291747906,-0.1465291357220859,-0.0832875237184015,-0.071137963548618
0.8860000113218107,-0.1470590722719934,-0.0849072546941141,-0.0670950861201983
0.8853353400131443,-0.1475635075584674,-0.0865093841327652,-0.0630009411251091
0.8846506310441562,-0.1480413577102897,-0.088092373400744,-0.0588550265210309
0.8839457713255848,-0.1484914803487299,-0.0896545342007832,-0.0546571919783813
0.8832207409084981,-0.1489126787550617,-0.0911940104233934,-0.0504077383611325
0.882475638714248,-0.1493037100440065,-0.0927087619065898,-0.0461075311818703
0.8817107129228247,-0.1496632979058252,-0.0941965497317713,-0.0417581328049201
0.8809263871179442,-0.1499901546706282,-0.0956549410955242,-0.0373619029898825
0.8801232880302515,-0.1502830086923814,-0.0970813201547179,-0.0329221040159287
0.8793022602093031,-0.1505406415304167,-0.0984729292685268,-0.0284429314914946
0.8784643700637788,-0.1507619295163845,-0.099826928865379,-0.0239294914637598
0.8776108877136961,-0.1509458883332828,-0.1011404874294364,-0.0193876677000935
0.8767432520264752,-0.1510917127354621,-0.1024108826842488,-0.0148239159951485
0.8758630159906418,-0.1511988069254752,-0.1036356104732605,-0.0102449753109248
0.8749717813830916,-0.1512667998466814,-0.1048124819108903,-0.005657545811912
0.8740711345498363,-0.1512955432160972,-0.1059396917056961,-0.0010679933335026
0.873162585587093,-0.1512850940338561,-0.1070158581833338,0.0035179129945526
0.8722475060891896,-0.1512356833689662,-0.1080400441800031,0.008095258910213
0.8713271311391265,-0.151147679581416,-0.1090116928980849,0.0126599172789012
0.8704026158636873,-0.151021563446665,-0.1099305172933162,0.0172082219548075
0.8694749379795089,-0.1508578890369804,-0.1107965536822939,0.0217374105799829
0.8685449173177694,-0.1506572509289364,-0.111610085498408,0.0262454871627588
0.8676132401737433,-0.1504202595514685,-0.1123715745998127,0.0307310724890509
0.8666804825626367,-0.1501475234963,-0.1130816052155186,0.0351932698170698
0.865747133240104,-0.1498396382193551,-0.1137408384075203,0.0396315398305345
0.8648136092519237,-0.1494971778043766,-0.1143499805443117,0.0440456174705047
0.8638802741451082,-0.149120691766907,-0.1149097564397976,0.0484354206080672
0.8629474490008048,-0.1487107028117973,-0.1154208927286426,0.0528009961153745
0.8620154226223193,-0.1482677066559987,-0.1158841054665975,0.05714247207139
0.8610844580538896,-0.1477921720904461,-0.1163000925734959,0.0614600286178914
0.8601547990040546,-0.1472845423040914,-0.116669528310069,0.0657538701700463
0.8592266758764799,-0.1467452372209912,-0.1169930597289637,0.0700242001333351
0.8583003059614239,-0.146174653273084,-0.1172713063773532,0.0742712228420034
0.8573758982478359,-0.1455731661608045,-0.1175048588464336,0.0784951242622099
0.8564536554574815,-0.1449411325256579,-0.1176942790373634,0.0826960655678758
0.8555337742678704,-0.1442788905735939,-0.1178401010704476,0.0868741848726618
0.8546164473104264,-0.1435867619854407,-0.1179428319278239,0.091029590727133
0.853701863693523,-0.1428650529311569,-0.1180029525521596,0.0951623622044875
0.8527902096690448,-0.142114055200388,-0.1180209189339264,0.0992725481680398
0.8518816688955058,-0.1413340470135374,-0.1179971632164563,0.1033601682005195
0.8509764195249858,-0.1405252908973804,-0.1179320944364019,0.1074252276206908
0.8500746393136347,-0.1396880384465572,-0.1178260994668422,0.1114676962719377
0.849176506685731,-0.1388225321029217,-0.1176795444902363,0.1154875055010825
0.8482821990977922,-0.1379290043410952,-0.1174927760269533,0.1194845570804903
0.8473918935318667,-0.1370076786787684,-0.1172661220062284,0.123458722430202
0.846505763384731,-0.1360587668030627,-0.1169998917153651,0.1274098577970797
0.8456239834202541,-0.1350824740303802,-0.1166943777839715,0.131337783345454
0.8447467272993912,-0.1340789971606834,-0.1163498563702653,0.1352422952997176
0.8438741671824402,-0.133048524220735,-0.11596658754785,0.1391231687224488
0.8430064746866341,-0.1319912357380806,-0.1155448161998171,0.1429801541862408
0.84214382121614,-0.1309073053759679,-0.1150847727650501,0.1468129771765458
0.8412863778442942,-0.1297969000057608,-0.1145866737457417,0.1506213394175899
0.8404343146737994,-0.1286601789975689,-0.1140507217820246,0.1544049224517477
0.8395878025784423,-0.1274972966291223,-0.1134771071548591,0.1581633805871601
0.8387470111055196,-0.1263083993580256,-0.112866006860036,0.1618963508430394
0.8379121112682976,-0.1250936297531555,-0.1122175869283298,0.1656034411339062
0.8370832745941581,-0.1238531253878358,-0.1115320023419595,0.1692842350321658
0.8362606730560583,-0.1225870188369908,-0.1108093974216732,0.1729382925653494
0.8354444790904033,-0.1212954377541959,-0.1100499062326851,0.1765651505915744
0.8346348660452517,-0.119978505620494,-0.1092536533883225,0.1801643212271666
0.8338320091333212,-0.118636343427336,-0.1084207554946046,0.1837352879912677
0.8330360853423723,-0.1172690697715728,-0.1075513217073359,0.1872775065467187
0.8322472738511729,-0.1158768018042493,-0.1066454548328352,0.1907904031596713
0.8314657566702234,-0.1144596566881798,-0.1057032528296538,0.1942733721220599
0.8306917165740909,-0.1130177481158572,-0.1047248070218615,0.1977257852200191
0.8299253411142529,-0.1115511939766514,-0.1037102078002357,0.2011469740713192
0.8291668217712662,-0.110060115565806,-0.1026595448936869,0.2045362340768022
0.8284163526906748,-0.1085446357041645,-0.1015729067549152,0.2078928302323222
0.8276741325427717,-0.1070048830297635,-0.1004503843210218,0.2112159889648566
0.8269403655272001,-0.1054409950876595,-0.0992920741614397,0.2145048937379204
0.8262152607282918,-0.1038531181726734,-0.0980980793441039,0.2177586880175332
0.8254990325730943,-0.1022414095455915,-0.0968685120779243,0.2209764732897464
0.8247919028854651,-0.1006060436585214,-0.0956034995876414,0.2241572998722823
0.824094098562834,-0.0989472087628576,-0.0943031827489278,0.2273001773787208
0.823405852920277,-0.0972651118762517,-0.0929677211460394,0.2304040687109743
0.8227274089649965,-0.0955599894062024,-0.0915973029581137,0.2334678752838856
0.8220590146669525,-0.0938320984763436,-0.0901921396143691,0.2364904583523312
0.8214009270056117,-0.0920817302083877,-0.0887524780508468,0.2394706207537018
0.8207534091313636,-0.0903092060951342,-0.087278599499764,0.2424071197577005
0.8201167323151588,-0.0885148872058476,-0.0857708288434459,0.2452986582832309
0.8194911754275472,-0.0866991776085025,-0.0842295394340675,0.2481438873075227
0.818877021903596,-0.0848625205662135,-0.0826551517639931,0.2509414197851959
0.8182745614697444,-0.0830054087066527,-0.0810481439972824,0.2536898229864535
0.8176840887283907,-0.0811283857899415,-0.0794090555196585,0.2563876251723984
0.8171058999657288,-0.0792320426621169,-0.0777384853045764,0.2590333305102858
0.8165402936426949,-0.0773170248629102,-0.0760371003704775,0.2616254172802463
0.8159875661118036,-0.0753840245976509,-0.0743056303891305,0.2641623580442601
0.8154480123022926,-0.0734337891200085,-0.0725448766881647,0.2666426171949151
0.8149219200670345,-0.0714671066059484,-0.0707557009199253,0.2690646777347835
0.8144095698517996,-0.0694848097927007,-0.0689390293565065,0.2714270437895075
0.8139112308755168,-0.0674877660912021,-0.0670958446797576,0.2737282593107807
0.8134271586380193,-0.065476871015245,-0.0652271803597495,0.2759669208415962
0.8129575931528378,-0.0634530432709356,-0.0633341162405966,0.278141687063224
0.8125027560572051,-0.0614172135966839,-0.0614177679527501,0.2802512936561919
0.8120628482646037,-0.0593703135507455,-0.0594792758050225,0.2822945657751092
0.8116380498352721,-0.0573132726189775,-0.0575198011921831,0.2842704202991539
0.8112285176517217,-0.0552470034878665,-0.0555405115050362,0.2861778783120242
0.8108343858691319,-0.0531723985871624,-0.0535425754411656,0.288016064700776
0.8104557648625823,-0.0510903175650445,-0.0515271494209382,0.2897842147298917
0.8100927426798716,-0.0490015863213088,-0.04949537493628,0.2914816688861563
0.8097453847135534,-0.0469069851843322,-0.0474483652881015,0.2931078759599132
0.8094137363964409,-0.0448072535244425,-0.0453872082413807,0.294662381894388
0.8090978235868619,-0.0427030805413322,-0.0433129552205045,0.2961448293236796
0.808797655072818,-0.0405951087168924,-0.0412266229232486,0.2975549470657768
0.8085132237598683,-0.0384839289237009,-0.0391291868059654,0.2988925456559035
0.8082445083839711,-0.036370078442789,-0.0370215774647633,0.3001575102959837
0.8079914769093054,-0.0342540532325366,-0.0349046913659805,0.3013497857357346
0.8077540869727322,-0.0321362984790582,-0.0327793800892412,0.3024693749253375
0.8075322887564397,-0.0300172193854022,-0.0306464598895418,0.3035163261212227
0.8073260258600888,-0.0278971760796374,-0.0285067054944281,0.3044907293118183
0.807135237828714,-0.0257764954088327,-0.0263608610150447,0.3053927047325181
0.8069598606764715,-0.0236554641889047,-0.0242096322890721,0.3062224007570399
0.8067998288993831,-0.0215343392897468,-0.0220536963358859,0.3069799846772744
0.8066550763173209,-0.0194133465452393,-0.0198936996243932,0.3076656389486253
0.8065255374282021,-0.0172926878404501,-0.0177302647412914,0.3082795549533767
0.806411148133468,-0.0151725417842835,-0.0155639906319621,0.3088219296903113
0.8063118463053983,-0.0130530613288726,-0.0133954497704058,0.3092929631741996
0.8062275731401516,-0.0109343901524774,-0.0112252045937854,0.3096928520718586
0.8061582729456013,-0.0088166489548096,-0.0090537932218008,0.3100217907318825
0.8061038941423275,-0.0066999498570738,-0.0068817439805629,0.3102799664352258
0.8060643893534482,-0.004584390038815,-0.0047095687029105,0.3104675589480737
0.806039715910594,-0.0024700619112409,-0.0025377730208109,0.3105847380823764
0.8060298359285933,-0.0003570480321749,-0.0003668510249839,0.3106316632895686
0.8060296250948376,-1.1847221879739134e-12,8.463401637501256e-12,0.3106326646693633
