3.11135173106267
0.8079717047943549,-6.966338943301077e-28,2.867325403890763e-15,0.2925651754312427
0.8079736469210165,0.0010528458545178,0.0010793357962152,0.2925558380137461
0.8079881414527615,0.0030627666404756,0.0031396246909684,0.2924861526621015
0.8080168025124105,0.00507279251779,0.005199428849663,0.2923483688275882
0.8080596461686418,0.0070828920194984,0.0072583268458362,0.2921424287967938
0.8081166917672499,0.0090929358425437,0.0093157967390242,0.2918682687446552
0.8081879620915684,0.011102788187095,0.0113713098197429,0.2915258179350655
0.8082734831612379,0.0131123059520816,0.0134243299089853,0.2911149996428498
0.8083732841066833,0.0151213397716135,0.0154743145511706,0.2906357316935871
0.8084873968581738,0.0171297310536822,0.0175207121373068,0.2900879278742779
0.8086158555262093,0.0191373061667719,0.0195629561655102,0.2894715008026464
0.8087586961891693,0.0211438792999751,0.0216004683797605,0.2887863628152453
0.8089159564399399,0.0231492507869051,0.0236326573066045,0.2880324279853736
0.809087674317361,0.0251531992816591,0.0256589106225581,0.2872096170573718
0.8092738881846092,0.0271554872320978,0.0276786010555747,0.2863178578041293
0.809474635504521,0.0291558534279385,0.0296910792514264,0.2853570906312687
0.8096899519502039,0.0311540115195418,0.0316956727744565,0.2843272725252944
0.8099198705672528,0.0331496495732093,0.0336916862136372,0.2832283807041341
0.8101644207891961,0.0351424286925405,0.0356784004130693,0.2820604169151289
0.8104236269054699,0.037131978109216,0.0376550682750443,0.2808234142852807
0.8106975068277863,0.0391178940762714,0.0396209144773353,0.2795174426738966
0.810986071137056,0.0410997411331669,0.0415751376115214,0.2781426126168013
0.8112893208720097,0.0430770451675234,0.043516904314344,0.2766990851897773
0.8116072468700344,0.0450492980404852,0.0454453549197809,0.2751870743910197
0.8119398276306918,0.0470159526437483,0.0473595997729261,0.2736068564754101
0.8122870283244649,0.0489764258212209,0.0492587233495065,0.2719587737510315
0.8126487995464415,0.0509300994659996,0.05114178661512,0.2702432395113682
0.8130250748830337,0.0528763156044697,0.0530078236736128,0.2684607485089369
0.8134157713571356,0.0548143869408658,0.054855853344771,0.2666118737029083
0.8138207874061478,0.0567435937300515,0.0566848775539111,0.2646972746405522
0.814240002931649,0.0586631909469619,0.0584938895612604,0.2627176959702152
0.8146732779439826,0.0605724080911748,0.0602818751293349,0.2606739725562765
0.8151204534139632,0.0624704585102806,0.0620478225763846,0.2585670241424089
0.815581351501938,0.0643565445297584,0.0637907286665789,0.2563978529628427
0.8160557771001791,0.0662298668547075,0.0655096082343238,0.2541675351919206
0.8165435169849623,0.0680896233166576,0.0672034937762674,0.2518772236715128
0.8170443421592667,0.0699350195977474,0.0688714458772885,0.2495281356737077
0.8175580100606357,0.0717652775621078,0.0705125610386022,0.2471215413972379
0.8180842656469989,0.0735796382930716,0.0721259744215265,0.2446587578170226
0.8186228433121235,0.0753773673437132,0.0737108643504956,0.2421411387328761
0.8191734705172523,0.0771577645146902,0.0752664604555292,0.2395700569148774
0.819735866910968,0.0789201579216867,0.0767920377388096,0.2369469074420903
0.8203097503695642,0.080663919778609,0.0782869293774075,0.234273078837572
0.8208948352211229,0.0823884566375263,0.0797505170702732,0.2315499607942303
0.8214908362977181,0.0840932176191753,0.0811822368181797,0.2287789248119387
0.8220974693219117,0.085777691084197,0.0825815746158093,0.2259613220142024
0.8227144530547641,0.0874414063905375,0.0839480663713901,0.2230984728462585
0.8233415096203727,0.0890839304832988,0.0852812934493352,0.2201916653164436
0.8239783666036897,0.0907048693208588,0.0865808821560383,0.217242145067481
0.8246247556996517,0.0923038604694045,0.0878464960856913,0.2142511214763571
0.8252804149057062,0.0938805751211014,0.0890778361299006,0.2112197573653395
0.8259450890551412,0.0954347157828943,0.0902746369497295,0.2081491664402008
0.8266185283871651,0.0969660097370272,0.0914366603082693,0.2050404198058408
0.8273004914691275,0.0984742128589542,0.0925636964305412,0.2018945323861906
0.8279907405114239,0.0999590965031487,0.0936555526499888,0.1987124844546565
0.828689045237436,0.1014204539597593,0.0947120569449064,0.1954952036726451
0.8293951812400597,0.102858094673869,0.0957330523049004,0.1922435725634522
0.8301089299414539,0.1042718423387633,0.0967183941281022,0.1889584285678349
0.8308300769355345,0.1056615300676101,0.0976679457170416,0.1856405715198288
0.8315584125481937,0.1070270002973226,0.0985815772398084,0.1822907608872219
0.832293734022656,0.1083681075149742,0.0994591664646823,0.1789097055242252
0.8330358405990032,0.1096847079744105,0.1003005909554084,0.1754980860710902
0.8337845356330916,0.1109766629014075,0.1011057294497781,0.1720565449439793
0.8345396256757063,0.1122438360711762,0.1018744595167229,0.1685856902756757
0.835300921717216,0.1134860951518121,0.1026066575816617,0.1650860898664913
0.8360682358919357,0.1147033056191922,0.1033021945660147,0.1615582859685804
0.836841382974382,0.1158953328466926,0.1039609365735452,0.1580027880075616
0.8376201801562798,0.1170620412401476,0.1045827437484635,0.1544200731660014
0.838404446150216,0.1182032924533552,0.1051674687107326,0.1508105900224089
0.8391940013213964,0.1193189452433425,0.1057149559404651,0.1471747574183235
0.8399886667599065,0.1204088538333535,0.1062250404398465,0.1435129681568606
0.8407882644661915,0.1214728679316246,0.1066975472757617,0.139825587530442
0.8415926171906973,0.1225108322274982,0.1071322908464457,0.1361129533860106
0.84240154788378,0.1235225854074021,0.1075290739713587,0.132375377934574
0.8432148796246624,0.1245079598293785,0.1078876872960187,0.1286131472946517
0.8440324366036034,0.125466782382387,0.1082079090506544,0.1248265160877338
0.8448540400887513,0.1263988694780438,0.1084895028671114,0.1210157251969155
0.8456795129827407,0.1273040321681335,0.1087322190311238,0.1171809796789358
0.8465086758315984,0.1281820712783365,0.1089357924443724,0.1133224662005679
0.847341348974214,0.1290327795433932,0.1090999427399609,0.1094403419175732
0.8481773495929148,0.1298559382713723,0.1092243730608876,0.105534746988432
0.8490164951697392,0.1306513205489164,0.109308770101688,0.1016057871316491
0.8498585992160126,0.1314186867143299,0.1093528028447549,0.0976535521566729
0.8507034725419416,0.1321577854392606,0.1093561223307883,0.0936781085610091
0.851550922173386,0.1328683525213204,0.1093183611266141,0.0896795030341764
0.8524007581957961,0.1335501160444442,0.1092391320753768,0.0856577283438339
0.8532527777259782,0.1342027828571179,0.1091180287397421,0.0816127972086793
0.8541067728936793,0.134826045526544,0.1089546252609441,0.0775447029325993
0.8549625258426229,0.135419578691476,0.1087484772104779,0.073453441339718
0.8558198118858618,0.1359830416148024,0.1084991212522938,0.0693389938997384
0.8566783920854132,0.1365160735740402,0.1082060776343708,0.0652013614505461
0.8575380137480226,0.1370182952576223,0.1078688515398027,0.06104056032116
0.858398404629291,0.1374893066349779,0.1074869371891173,0.0568566490287883
0.859259270904622,0.1379286878860785,0.1070598217576501,0.0526497373446127
0.8601202904327467,0.1383359985935009,0.1065869926831398,0.0484200189686575
0.8609811054857871,0.1387107782107731,0.1060679475803411,0.0441678081535012
0.8618413170792014,0.1390525488317149,0.1055022056679392,0.0398935700406816
0.8627004736574433,0.1393608174691262,0.104889325655043,0.0355979810397088
0.8635580616741751,0.1396350817641259,0.1042289265333727,0.0312819828601947
0.8644134924054258,0.1398748373205773,0.1035207157298002,0.0269468591610901
0.8652660909317574,0.1400795892480609,0.1027645211372835,0.0225943060681507
0.866115082153515,0.1402488666727842,0.1019603316661454,0.0182265234132183
0.8669595826277244,0.1403822426061593,0.1011083390209293,0.0138462827819398
0.8677985931073378,0.1404793573600707,0.1002089844540893,0.0094569986468733
0.868631000236086,0.1405399460820649,0.0992630008647235,0.0050627585698574
0.8694555881992947,0.1405638679509521,0.0982714455425559,0.0006683059788829
0.870271061219525,0.1405511340723674,0.0972357178956765,-0.0037210325113199
0.8710762766891591,0.1405019137669738,0.0961572821042724,-0.0081005722312083
0.8718703754492642,0.1404164909616085,0.095037441779533,-0.0124670058360109
0.8726522150743162,0.1402953069358374,0.0938781142013852,-0.0168152946977646
0.8734207282284123,0.1401389553969944,0.0926813790130206,-0.0211405784833601
0.8741749529919767,0.1399481668270839,0.09144941886555,-0.0254383401687311
0.8749140547145993,0.1397237864033837,0.090184460136762,-0.0297045364396483
0.8756373406275163,0.1394667473197421,0.0888887149327656,-0.0339356986874186
0.8763442621578107,0.1391780437332981,0.0875643371781249,-0.0381289723353266
0.8770344095825611,0.1388587051985934,0.0862133899672692,-0.0422821168001491
0.8777075015478651,0.1385097739059576,0.0848378231764845,-0.0463934774795722
0.8783633694959355,0.1381322866409102,0.0834394643624334,-0.0504619267056095
0.8790019409505506,0.1377272609748767,0.0820200173969032,-0.0544867947984518
0.8796232233815842,0.1372956851325787,0.0805810659397552,-0.0584678005850506
0.8802272890382711,0.1368385112679496,0.0791240809273018,-0.062404983273114
0.880814261144045,0.1363566517091109,0.0776504309630517,-0.0662986379126569
0.881384302181758,0.1358509772308472,0.0761613932850784,-0.0701492593611276
0.8819376042461778,0.1353223167487426,0.0746581644228952,-0.073957495272159
0.8824743813051437,0.1347714579292619,0.0731418699698402,-0.0777241078515179
0.8829948627605272,0.1341991487453741,0.0716135742750572,-0.0814499409221804
0.8834992891640024,0.1336060985282815,0.0700742867572504,-0.0851358991528197
0.8839879077642334,0.1329929805851529,0.068524970912149,-0.0887829235739842
0.8844609699193471,0.1323604338627294,0.0669665495971416,-0.0923919783605699
0.8849187285334483,0.1317090654554183,0.0653999116423813,-0.0959640360426289
0.8853614371226237,0.1310394515814093,0.0638259141411451,-0.0995000737847847
0.8857893479078246,0.1303521404115475,0.0622453888373993,-0.1030010610205095
0.8862027115970882,0.1296476528138718,0.0606591432671433,-0.1064679594906139
0.8866017764666417,0.1289264843799973,0.0590679647727017,-0.1099017170845235
0.8869867876991657,0.1281891073983824,0.0574726241413072,-0.1133032628844296
0.8873579876711444,0.1274359712179803,0.0558738756527949,-0.1166735100008716
0.8877156158458747,0.1266675032412735,0.0542724586163038,-0.1200133550454027
0.8880599081276594,0.1258841112109891,0.0526691015484324,-0.1233236721352531
0.8883910972778494,0.1250861833625354,0.0510645218338224,-0.1266053163508425
0.888709413133196,0.1242740887822414,0.0494594259865173,-0.1298591256866204
0.889015082289822,0.1234481790676733,0.0478545125457691,-0.1330859175445724
0.8893083283750035,0.1226087885738239,0.0462504721489819,-0.1362864909214186
0.8895893722000198,0.1217562348128225,0.0446479880182822,-0.1394616275918189
0.8898584319040787,0.1208908187590381,0.0430477363545566,-0.1426120933489716
0.8901157226943301,0.120012826441135,0.0414503891391478,-0.14573863443393
0.89036145745186,0.1191225276725462,0.0398566117047022,-0.1488419841713327
0.8905958465399293,0.1182201772107349,0.038267064892496,-0.1519228604737614
0.8908190978400252,0.1173060152352294,0.0366824059484391,-0.1549819658004248
0.8910314169913135,0.1163802669079708,0.0351032878903393,-0.1580199900011721
0.8912330074701474,0.1154431423423341,0.0335303597240215,-0.1610376114395947
0.8914240704186301,0.1144948377103404,0.031964268616204,-0.1640354943358881
0.8916048050086249,0.113535533763074,0.030405657803896,-0.1670142942606409
0.8917754083731865,0.1125653961135955,0.0288551676129899,-0.1699746576361873
0.8919360754046075,0.1115845764390154,0.0273134379377547,-0.1729172184671809
0.8920869990573239,0.1105932107486682,0.0257811061064403,-0.1758426038872753
0.8922283703325186,0.1095914190735532,0.0242588072299169,-0.1787514349865906
0.8923603782302979,0.1085793052757941,0.0227471748433964,-0.1816443271317085
0.8924832096005791,0.1075569576875838,0.0212468428508417,-0.184521887846298
0.8925970492946895,0.10652444732877,0.0197584439771745,-0.1873847214453738
0.8927020800217046,0.1054818282182242,0.0182826115020811,-0.1902334274813377
0.8927984825242897,0.1044291344003604,0.0168199764918089,-0.1930686079988743
0.8928864351942335,0.1033663823407088,0.0153711728165454,-0.1958908599097608
0.8929661142679824,0.1022935671904711,0.0139368337477776,-0.1987007838190734
0.8930376936502935,0.1012106624407324,0.012517593619389,-0.201498983305198
0.8931013447812317,0.1001176191397724,0.0111140890715198,-0.2042860652185153
0.8931572366089906,0.0990143628852854,0.0097269577394171,-0.2070626453586395
0.8932055353490015,0.097900793914305,0.0083568412916795,-0.2098293458908247
0.8932464044283802,0.0967767832006019,0.0070043838093915,-0.2125868024885261
0.8932800042624476,0.0956421708794773,0.0056702336230074,-0.2153356651142919
0.8933064920446931,0.0944967640987471,0.0043550448887984,-0.2180765998491343
0.8933260215636194,0.0933403320185886,0.0030594765127195,-0.2208102969914998
0.8933387428884975,0.0921726042152115,0.0017841957489848,-0.2235374703309941
0.8933448020984842,0.0909932651716249,0.0005298781523017,-0.2262588650508177
0.8933443409253355,0.0898019490748089,-0.0007027909975585,-0.2289752639133054
0.8933374963600298,0.0885982367573261,-0.0019131119917368,-0.2316874876593658
0.893324400151263,0.0873816420516484,-0.003100375340078,-0.2343964181691716
0.8933051784498944,0.0861516206389206,-0.004263842703886,-0.2371029700246478
0.8932799513331964,0.0849075552068917,-0.00540275037748,-0.2398081143557699
0.8932488322500671,0.0836487467468314,-0.0065163043056416,-0.2425128868452936
0.8932119275609154,0.0823744098149379,-0.0076036696584642,-0.2452183855089453
0.8931693361932727,0.0810836681923605,-0.0086639586186341,-0.2479257662586084
0.8931211496315793,0.0797755557922684,-0.0096962126549748,-0.2506362261621629
0.8930674525158285,0.078449025754946,-0.0106993782588264,-0.2533509691571496
0.893008324413006,0.0771029758734341,-0.0116722723298851,-0.256071139125625
0.8929438439266401,0.0757363074727534,-0.0126135297585231,-0.2587976891605765
0.8928740965875711,0.0743480340573979,-0.0135215313786054,-0.2615311611699106
0.8927991894566539,0.0729374800648534,-0.0143943013415974,-0.2642713074895374
0.8927192759171967,0.0715046100467793,-0.0152293756525993,-0.2670164956882798
0.8926345943394528,0.0700505281048037,-0.0160236573319044,-0.2697628490242345
0.8925455197627199,0.0685781156926973,-0.0167733223545864,-0.2725032185604544
0.8924526147118206,0.0670925961619826,-0.0174739125111566,-0.2752264049628765
0.8923566453000354,0.0656015680355215,-0.0181207852910014,-0.2779174408734122
0.892258524359404,0.0641140584255089,-0.0187099393425866,-0.2805596178606824
0.8921591845845182,0.0626387682730484,-0.0192388828768419,-0.2831377556508939
0.8920594455237387,0.0611824470755004,-0.0197070445166198,-0.2856409434307543
0.8919599417800872,0.0597492273175352,-0.0201155554083236,-0.2880633859732421
0.8918611235021041,0.0583409152078352,-0.0204666730082172,-0.2904035572629131
0.8917632954913413,0.0569576930251074,-0.0207632064115914,-0.2926627385422206
0.8916666617977951,0.055598787011399,-0.0210081147984885,-0.2948437326109965
0.8915713616172188,0.0542629493584669,-0.0212042812471184,-0.296949982688563
0.8914774933564515,0.0529487478999749,-0.021354409920708,-0.2989850674816934
0.89138513007079,0.0516547294376902,-0.0214609919374357,-0.3009524345183221
0.891294328426513,0.0503794960259859,-0.0215263066124376,-0.3028552885705517
0.8912051347819936,0.0491217475644002,-0.0215524368975533,-0.3046965407835236
0.8911175881872743,0.0478802881435815,-0.0215412908992844,-0.3064788157059853
0.8910317226560939,0.0466540283931369,-0.0214946232906396,-0.3082044643341611
0.8909475679313235,0.0454419716799464,-0.0214140548002448,-0.3098755991288363
0.8908651513910206,0.0442432210337253,-0.0213010906576121,-0.3114940986522895
0.890784497745898,0.0430569580055801,-0.0211571355222206,-0.3130616498558506
0.8907056297023318,0.0418824381261675,-0.0209835068690115,-0.3145797653590704
0.8906285679357054,0.0407189785345244,-0.0207814455383801,-0.3160498096222685
0.8905533314809542,0.0395659535643097,-0.0205521254895765,-0.3174730131976539
0.8904799379280278,0.0384227890530556,-0.0202966621011693,-0.3188504876937063
0.8904084032646693,0.0372889523565327,-0.0200161180840107,-0.3201832447116728
0.8903387422135056,0.0361639509722337,-0.0197115100305634,-0.3214722032752953
0.8902709681535163,0.035047325510443,-0.0193838127346643,-0.3227182032455943
0.8902050934031233,0.0339386491911821,-0.0190339644105028,-0.3239220105019258
0.8901411291273382,0.0328375218395108,-0.01866286968555,-0.3250843277760793
0.8900790853227842,0.0317435654029057,-0.0182714021654368,-0.3262058028815658
0.8900189712744002,0.030656428288479,-0.0178604096892415,-0.3272870275060889
0.8899607952070534,0.0295757760377244,-0.0174307143647462,-0.328328549784089
0.889904564404944,0.0285012901997144,-0.0169831148503281,-0.3293308776506625
0.8898502855104902,0.0274326712085293,-0.016518390174872,-0.3302944784550831
0.889797964336836,0.0263696323629557,-0.0160372996437893,-0.331219786741132
0.8897476059697625,0.0253118993165386,-0.0155405846339144,-0.3321072063828532
0.8896992148993408,0.0242592106022514,-0.0150289707642408,-0.3329571118227895
0.8896527950109524,0.0232113155040199,-0.0145031686797881,-0.3337698514454068
0.8896083495832163,0.0221679720170026,-0.0139638746015001,-0.334545750499715
0.8895658814822012,0.0211289495918181,-0.0134117732051319,-0.3352851103202478
0.8895253929574646,0.0200940226003262,-0.0128475355457829,-0.335988214248983
0.8894868858514198,0.0190629736102218,-0.0122718219332002,-0.3366553261212976
0.8894503616778836,0.0180355942269774,-0.0116852836201796,-0.3372866908566787
0.8894158214376313,0.0170116785476598,-0.0110885601444076,-0.337882539410162
0.8893832658923364,0.015991029420184,-0.0104822838509489,-0.338443085632302
0.889352695420118,0.0149734530155624,-0.0098670776699765,-0.3389685302147268
0.8893241101224212,0.013958760723828,-0.0092435570499356,-0.339459060160302
0.8892975098296032,0.012946768194072,-0.0086123301827699,-0.3399148498789109
0.8892728941393053,0.0119372956194592,-0.0079739989382655,-0.340336061606656
0.8892502624240183,0.0109301670554676,-0.007329159161326,-0.340722846249192
0.8892296137875748,0.0099252070525887,-0.0066783991611235,-0.3410753449983385
0.8892109471992399,0.0089222454695432,-0.0060223034240072,-0.3413936878258103
0.8891942614564351,0.0079211152797959,-0.0053614518504962,-0.3416779948238983
0.889179555155418,0.0069216494842964,-0.0046964182876293,-0.3419283773270261
0.8891668267557805,0.0059236833265577,-0.004027772523742,-0.3421449373611094
0.8891560746212821,0.00492705721845,-0.0033560828195382,-0.3423277674294726
0.8891472969494529,0.0039316104605145,-0.0026819122283869,-0.3424769521236713
0.8891404918273115,0.0029371845510002,-0.0020058213145765,-0.3425925675251343
0.8891356572240933,0.0019436214101393,-0.0013283674494457,-0.3426746816179692
0.8891327910058885,0.0009507641625531,-0.0006501058283877,-0.3427233542707523
0.8891318909370874,-4.15420409828e-05,2.84094845047e-05,-0.3427386373855972
0.8891329546757974,-0.0010334528659214,0.0007066270274226,-0.342720575093934
0.8891359803800132,-0.0020252714242989,0.0013840975471913,-0.3426691935253497
0.8891409671416636,-0.0030172780288674,0.0020603563843931,-0.3425844934314886
0.8891479139194459,-0.0040096255549377,0.0027348513031962,-0.3424664682363337
0.8891568195656614,-0.0050024693194605,0.0034070308435901,-0.3423151034558546
0.8891676827860854,-0.0059959626881718,0.0040763408798128,-0.342130377200789
0.889180502157463,-0.0069902608387291,0.0047422267156647,-0.3419122596448201
0.889195276097218,-0.0079855189497079,0.0054041313977768,-0.3416607132483037
0.8892120028535127,-0.008981892950812,0.0060614957594839,-0.3413756925780165
0.8892306804828122,-0.0099795393964859,0.0067137578717956,-0.341057144279606
0.8892513068808419,-0.0109786180688527,0.0073603542556225,-0.3407050060761832
0.8892738796997309,-0.0119792886520687,0.0080007172057889,-0.3403192076422659
0.8892983963589691,-0.0129817127771106,0.0086342756280839,-0.3398996698098904
0.8893248540287609,-0.0139860543697711,0.0092604547273415,-0.339446304171672
0.8893532495238072,-0.0149924769616888,0.0098786738160665,-0.3389590141442139
0.8893835794770946,-0.0160011511675278,0.0104883503685907,-0.3384376911464997
0.8894158400804829,-0.0170122466087227,0.0110888944533486,-0.3378822181217895
0.8894500272580037,-0.0180259390695913,0.011679712454735,-0.3372924655357964
0.8894861364903577,-0.0190424061068023,0.0122602037765687,-0.3366682932690039
0.889524162776968,-0.0200618276796651,0.0128297606098465,-0.3360095500436189
0.8895641007287182,-0.0210843900539308,0.0133877694141165,-0.3353160704626217
0.8896059443918775,-0.022110282456507,0.0139336082609836,-0.33458767657225
0.8896496873605765,-0.0231397013826299,0.0144666483361065,-0.3338241742758399
0.8896953224840628,-0.0241728451282631,0.0149862501998225,-0.3330253566514183
0.8897428420607321,-0.0252099201411891,0.0154917661870798,-0.3321909986161078
0.8897922377655492,-0.0262511407649668,0.0159825391284757,-0.3313208560294862
0.8898435004184507,-0.0272967260927109,0.0164578997576256,-0.3304146674081675
0.8898966201239725,-0.028346904877946,0.0169171678571089,-0.3294721488778209
0.889951586041752,-0.0294019128659363,0.0173596497424145,-0.3284929953775909
0.8900083865112233,-0.0304619973815071,0.0177846388296925,-0.3274768752981437
0.8900670087602947,-0.031527414040218,0.0181914127071157,-0.3264234322000064
0.8901274389973924,-0.0325984310049765,0.0185792331869409,-0.325332279336426
0.8901896623428028,-0.0336753302488544,0.0189473448010742,-0.3242029966012149
0.8902536626329808,-0.0347584069360431,0.0192949724788923,-0.3230351293190842
0.8903194223041384,-0.0358479706279211,0.0196213197510302,-0.3218281851051416
0.8903869225491828,-0.0369443512202985,0.0199255679786174,-0.3205816250668128
0.8904561428185158,-0.0380478943948607,0.0202068721344431,-0.3192948663512677
0.8905270609599738,-0.0391589680920941,0.0204643595205648,-0.3179672721587517
0.8905996532984063,-0.0402779680800311,0.0206971272903336,-0.316598141752173
0.8906738939402528,-0.0414053121214679,0.0209042370575835,-0.3151867139491784
0.8907497550210333,-0.0425414495398605,0.0210847124569356,-0.3137321516666076
0.890827206484433,-0.0436868641113837,0.0212375342961441,-0.3122335336478805
0.8909062156627607,-0.0448420750148245,0.0213616348640337,-0.3106898483021282
0.8909867474740181,-0.0460076479001991,0.0214558925409965,-0.3090999734004612
0.8910687637031702,-0.0471841937611393,0.021519123869303,-0.3074626710161558
0.8911522227725078,-0.048372376583401,0.0215500755939876,-0.3057765699986675
0.8912370795284956,-0.0495729229340233,0.0215474150472679,-0.3040401442414466
0.8913232846208125,-0.0507866279264949,0.0215097186413729,-0.302251694618688
0.8914107840701057,-0.0520143665717556,0.0214354584237228,-0.3004093215916967
0.8914995177486456,-0.0532570931693095,0.0213229873032778,-0.2985109141290972
0.8915894182144201,-0.0545158497034517,0.0211705225175131,-0.2965541242347922
0.8916804088030509,-0.0557917685421896,0.0209761278137218,-0.2945363487108846
0.891772400807989,-0.0570860678615619,0.0207376958106719,-0.2924547216361097
0.8918652894004612,-0.0584000354399196,0.0204529331613559,-0.2903061259227246
0.8919589465007466,-0.0597349752439855,0.0201193580923963,-0.2880872687889803
0.8920532110399694,-0.0610921204724401,0.0197343183143357,-0.2857948217339045
0.8921478726163536,-0.0624724491631236,0.0192950596863392,-0.2834257418082559
0.8922426484601313,-0.0638763846599166,0.0187988777209544,-0.2809778240341888
0.8923371504846819,-0.0653033023040927,0.0182434157728596,-0.278450648140062
0.8924308479796522,-0.0667508709263477,0.0176271509144894,-0.2758469067289257
0.8925230402230523,-0.0682143798682436,0.0169500425234368,-0.2731738716329873
0.892612871794541,-0.0696865295267616,0.0162141009196277,-0.2704441093381329
0.8926994181559647,-0.07115822702523,0.0154234461338247,-0.2676743259137454
0.8927818245506373,-0.0726203902471264,0.0145835766153733,-0.2648821349364552
0.8928594225638758,-0.0740657799963094,0.0137001951126862,-0.2620824657080806
0.8929317643986125,-0.0754898439942138,0.0127782746843076,-0.2592856259210918
0.8929985843349445,-0.0768904777414451,0.0118217068540989,-0.2564974082137063
0.8930597348921779,-0.0782672856991091,0.0108333875302978,-0.2537202627965148
0.8931151321550668,-0.0796208638110963,0.0098154608873211,-0.2509545532347123
0.8931647197722057,-0.0809522938438522,0.0087695542654307,-0.2481994886790732
0.8932084483667965,-0.0822628366292483,0.007696956221686,-0.2454537167263175
0.8932462650846786,-0.0835537672662352,0.0065987352420781,-0.2427156601356429
0.8932781088686402,-0.0848262946717219,0.0054758153878104,-0.2399836953956907
0.8933039086961675,-0.0860815254636448,0.0043290256888025,-0.2372562453193111
0.8933235833635694,-0.0873204528253756,0.0031591314838093,-0.2345318206656777
0.893337041995841,-0.0885439589587541,0.001966853396034,-0.2318090320291772
0.8933441848040504,-0.0897528218646862,0.0007528805214994,-0.2290865907356531
0.8933449039222411,-0.0909477238480556,-0.000482120238024,-0.2263633041158849
0.8933390842347825,-0.0921292609453348,-0.0017374980635351,-0.2236380668477282
0.8933266040638437,-0.0932979575157918,-0.0030126200777342,-0.2209098383405905
0.8933073358703175,-0.0944542650662901,-0.0043068583511181,-0.2181776549512782
0.8932811468012739,-0.0955985760080376,-0.005619594496466,-0.215440606357721
0.8932478992260183,-0.0967312272886765,-0.0069502149154605,-0.2126978341492766
0.8932074511603416,-0.0978525070612076,-0.0082981106588297,-0.2099485222520085
0.8931596566589415,-0.098962659138121,-0.0096626759027674,-0.2071918916783452
0.893104366194002,-0.100061886435812,-0.0110433061020281,-0.2044271970228386
0.8930414267596662,-0.101150358177389,-0.0124394017725655,-0.2016537127004606
0.8929706823890169,-0.1022282077683916,-0.0138503612643118,-0.198870742030934
0.8928919740500175,-0.1032955410197213,-0.0152755873040275,-0.1960775995483987
0.892805140190401,-0.1043524330570427,-0.016714479417972,-0.19327362184499
0.8927100165730889,-0.1053989350161473,-0.0181664396950022,-0.1904581526241824
0.892606436563322,-0.1064350736119038,-0.0196308695373865,-0.1876305458814482
0.8924942312097787,-0.1074608531366741,-0.0211071699683425,-0.1847901624320084
0.8923732294218032,-0.1084762561349823,-0.0225947403818206,-0.1819363697354827
0.8922432578487126,-0.1094812462969515,-0.0240929808150328,-0.1790685351979072
0.8921041413334385,-0.1104757663931285,-0.0256012871610238,-0.1761860332091206
0.8919557025510364,-0.1114597424596391,-0.0271190558552685,-0.1732882341964186
0.8917977622620354,-0.1124330828193172,-0.0286456811149267,-0.170374508079758
0.8916301392629106,-0.1133956792422365,-0.0301805555327459,-0.1674442214084967
0.8914526506100892,-0.1143474063265805,-0.0317230680114485,-0.1644967396651858
0.8912651113466121,-0.1152881235747905,-0.0332726061412948,-0.1615314211542629
0.8910673347275871,-0.1162176744827182,-0.0348285539345282,-0.1585476198051724
0.8908591321773286,-0.117135887085021,-0.0363902919789824,-0.1555446833951245
0.8906403131012157,-0.1180425748874265,-0.0379571984232695,-0.1525219501761769
0.8904106849699321,-0.1189375364089911,-0.0395286477299016,-0.1494787497804694
0.8901700534752681,-0.1198205545516719,-0.0411040091208909,-0.1464144047495294
0.8899182221989798,-0.1206913977467306,-0.042682648243286,-0.1433282258046847
0.889654992682486,-0.1215498193758908,-0.0442639259171609,-0.1402195127170696
0.8893801643194148,-0.1223955577911342,-0.0458471980082455,-0.1370875529521669
0.8890935343228256,-0.1232283359926606,-0.0474318147523725,-0.133931621330479
0.8887948975512383,-0.1240478616429415,-0.0490171207892477,-0.1307509782091341
0.8884840468359554,-0.1248538256528027,-0.0506024524918901,-0.1275448730259287
0.8881607721241624,-0.125645903865518,-0.0521871414002081,-0.1243125354705283
0.8878248612080426,-0.12642375445593,-0.053770509352605,-0.1210531832947722
0.8874760990770434,-0.1271870188484207,-0.0553518705916967,-0.1177660159258626
0.8871142680566703,-0.1279353205572724,-0.0569305298284736,-0.1144502161618182
0.8867391476854987,-0.1286682646320901,-0.0585057815619227,-0.111104949208539
0.886350514836919,-0.1293854365774126,-0.0600769083288176,-0.107729363878104
0.8859481434092776,-0.1300864020680192,-0.0616431807245064,-0.1043225899099258
0.8855318046610112,-0.1307707054295098,-0.0632038547809102,-0.100883740853405
0.8851012670730793,-0.131437869001265,-0.0647581713012436,-0.0974119126821137
0.884656296985509,-0.1320873912869662,-0.0663053524163686,-0.093906188534354
0.8841966582977075,-0.1327187466324508,-0.0678446016724965,-0.0903656355995866
0.8837221135251564,-0.1333313829800835,-0.0693750995296614,-0.086789312431855
0.8832324240803657,-0.1339247209580442,-0.0708960019068519,-0.0831762695985104
0.8827273517780755,-0.1344981516319464,-0.0724064351967162,-0.0795255589400112
0.8822066599072598,-0.1350510352248255,-0.0739054933530461,-0.075836238642174
0.8816701148831217,-0.1355826995486735,-0.0753922338688734,-0.0721073816916897
0.8811174893924664,-0.1360924375669487,-0.0768656706144487,-0.0683380934823708
0.8805485652161698,-0.1365795062047236,-0.0783247690603963,-0.0645275254241251
0.8799631372907338,-0.1370431249619518,-0.0797684397238905,-0.0606748953214896
0.879361019770421,-0.1374824742493731,-0.0811955287661857,-0.0567795186991371
0.8787420521772347,-0.1378966953954674,-0.0826048111278876,-0.0528408378853041
0.8781061086857149,-0.1382848904314934,-0.0839949794866909,-0.0488584682193144
0.8774531078631268,-0.1386461241733866,-0.0853646362467119,-0.0448322433608642
0.8767830257863285,-0.1389794272094191,-0.086712282757742,-0.0407622777048335
0.8760959097818776,-0.1392838020449326,-0.0880363126290393,-0.0366490281503023
0.8753918952907802,-0.139558231506316,-0.0893350045885405,-0.0324933703846769
0.8746712225406895,-0.1398016913772783,-0.090606521983975,-0.0282966696081789
0.873934253179186,-0.1400131669399609,-0.0918489181331249,-0.0240608476520278
0.8731814849860549,-0.1401916736342693,-0.0930601500786924,-0.019788436763202
0.8724135628910868,-0.1403362813350948,-0.0942381020582262,-0.0154826118597314
0.8716312805825234,-0.1404461416059869,-0.0953806246928646,-0.0111471719938837
0.8708355748315648,-0.1405205147084613,-0.096485582210471,-0.0067864868611364
0.8700275089476406,-0.1405587942821668,-0.0975509089339474,-0.0024053915684402
0.869208244402418,-0.140560526519238,-0.0985746714094504,0.0019909721653493
0.8683790061786871,-0.1405254209416719,-0.0995551249632212,0.0063973361760779
0.8675406245136218,-0.1404533065314018,-0.1004912152825803,0.0108106942117382
0.8666944626868225,-0.1403441792436731,-0.1013814905430784,0.0152253649578395
0.8658418413644655,-0.1401981991148502,-0.1022248105765336,0.0196360574337868
0.8649839801928917,-0.1400156610238462,-0.1030203717485467,0.0240381344641794
0.8641219775246122,-0.1397969630208984,-0.1037676811790518,0.0284276733664305
0.8632568043305768,-0.1395425759990013,-0.1044665159362944,0.0328014564835315
0.8623893080415163,-0.139253017166299,-0.1051168762056894,0.0371569165638561
0.861520220221289,-0.1389288274796061,-0.1057189402239052,0.0414920691465525
0.8606501725215693,-0.1385705557259096,-0.1062730193325573,0.04580540999697
0.8597797078534822,-0.1381787450512767,-0.1067795230779682,0.0500958425799005
0.8589092975153385,-0.1377539257994434,-0.1072389265897553,0.0543625811477302
0.8580393516463465,-0.1372966091107955,-0.1076517476661297,0.0586050911535234
0.8571702330275469,-0.136807285140141,-0.1080185266904773,0.0628230165527648
0.856302264108029,-0.13628642034784,-0.1083398137704318,0.0670161427598604
0.8554357356123774,-0.135734457463422,-0.1086161579359177,0.0711843536447207
0.8545709137479961,-0.135151816388764,-0.1088480995147625,0.0753275967415177
0.8537080439444739,-0.1345388941160335,-0.1090361654454358,0.0794458660571957
0.8528473566610102,-0.1338960669726407,-0.1091808654234143,0.0835391755818325
0.8519890686285815,-0.133223690384695,-0.1092826901631689,0.0876075550064773
0.8511333869229003,-0.1325221011804097,-0.1093421098214775,0.0916510321598022
0.8502805106388156,-0.131791618579663,-0.1093595735137774,0.0956696270056773
0.8494306329690573,-0.1310325458116799,-0.1093355092316833,0.0996633437651557
0.8485839378902102,-0.130245166971114,-0.10927032370678,0.1036321883145471
0.8477406069814784,-0.1294297530215774,-0.1091644027120312,0.1075761379133858
0.8469008202342149,-0.128586563067542,-0.1090181120457872,0.1114951392646619
0.846064756145538,-0.1277158449614228,-0.1088317984643171,0.1153891098017302
0.8452325908918014,-0.1268178348411865,-0.1086057902665258,0.1192579431126462
0.8444044985698472,-0.1258927576163288,-0.1083403979083911,0.1231015092481117
0.8435806529337216,-0.1249408291896867,-0.1080359151854934,0.1269196480064582
0.8427612259527602,-0.1239622551533694,-0.1076926194324686,0.130712176884323
0.84194638935166,-0.1229572328197671,-0.107310772686192,0.1344788850992923
0.8411363152159779,-0.1219259523441067,-0.1068906227245646,0.1382195318874817
0.8403311735362238,-0.1208685938551695,-0.1064324024007701,0.1419338588456534
0.8395311366413837,-0.1197853334020777,-0.1059363326113659,0.1456215703926749
0.8387363763558718,-0.1186763396336351,-0.1054026214888077,0.1492823477614551
0.8379470647246002,-0.1175417749318464,-0.1048314653385792,0.1529158464423267
0.8371633754230359,-0.1163817977070622,-0.1042230502974648,0.1565216904286073
0.8363854824476009,-0.1151965608136777,-0.1035775520655817,0.1600994789266523
0.8356135610379222,-0.113986213134368,-0.1028951372101751,0.1636487827370889
0.8348477873921459,-0.1127508993971305,-0.1021759635630157,0.1671691461429579
0.8340883413263747,-0.1114907648340251,-0.1014201835015889,0.1706600752185708
0.8333354036440859,-0.1102059514099856,-0.1006279423939883,0.1741210504133888
0.8325891567748878,-0.1088965991055609,-0.0997993798538416,0.1775515240639454
0.8318497867707484,-0.1075628498402557,-0.098934632823558,0.1809509116300536
0.8311174823683902,-0.1062048464701968,-0.0980338356740063,0.18431859637997
0.8303924355005383,-0.1048227343087171,-0.0970971218957293,0.1876539273820635
0.829674842209812,-0.103416663616839,-0.0961246265587347,0.1909562156102625
0.8289649024781146,-0.1019867902034697,-0.0951164875874032,0.1942247350061511
0.828262819355738,-0.1005332745460013,-0.0940728459638617,0.1974587267447113
0.8275688021783734,-0.0990562894792353,-0.092993852137298,0.2006573846474562
0.8268830640445205,-0.0975560163630988,-0.0918796643308938,0.2038198670028262
0.8262058242682349,-0.0960326517969197,-0.0907304545342993,0.2069452854453531
0.8255373065359607,-0.0944864052998027,-0.0895464079438291,0.2100327136229972
0.8248777415789637,-0.0929175073344668,-0.0883277302783452,0.2130811750139734
0.8242273650727953,-0.0913262067526924,-0.0870746471728156,0.2160896527666735
0.8235864188142522,-0.089712775989901,-0.0857874095617438,0.2190570844045771
0.8229551517072718,-0.0880775165317287,-0.0844662995370695,0.2219823573911554
0.8223338166608384,-0.0864207541208082,-0.0831116280113616,0.2248643236445549
0.8217226726240969,-0.0847428472235417,-0.0817237430526519,0.2277017902822694
0.8211219849125677,-0.0830441919867193,-0.0803030356659151,0.2304935182729492
0.8205320224688373,-0.0813252188431206,-0.0788499386483108,0.233238235366411
0.8199530573464783,-0.0795863950535367,-0.0773649302577629,0.2359346387676661
0.8193853654628164,-0.0778282315526489,-0.0758485416477246,0.2385813919379383
0.8188292229017063,-0.0760512764916131,-0.0743013528995868,0.2411771421877906
0.8182849070761029,-0.0742561236032017,-0.0727240017112318,0.243720515701174
0.8177526926352693,-0.0724434038906587,-0.0711171775247478,0.2462101371621192
0.8172328513303615,-0.070613789614102,-0.0694816261950175,0.2486446310056998
0.8167256499058055,-0.0687679916777914,-0.0678181487572209,0.2510226319796571
0.8162313458132217,-0.0669067479942771,-0.0661275917399176,0.253342806044515
0.8157501884617181,-0.0650308312163571,-0.0644108546831366,0.2556038454233885
0.8152824153707462,-0.0631410371904167,-0.0626688800460851,0.2578044876466056
0.8148282500278909,-0.061238178024381,-0.060902646865131,0.2599435267206428
0.8143879012317479,-0.0593230801645625,-0.0591131687755423,0.2620198173884295
0.8139615601103174,-0.0573965713845324,-0.0573014814445014,0.264032290410973
0.8135494000165455,-0.0554594784874765,-0.0554686396677241,0.2659799543522931
0.8131515761983956,-0.0535126234895412,-0.053615712916866,0.2678618984387312
0.8127682230414016,-0.0515568063579358,-0.0517437678415218,0.269677306925357
0.8123994563095449,-0.0495928105566727,-0.0498538722393394,0.2714254498225633
0.8120453720670647,-0.0476213915633784,-0.0479470827131816,0.273105689290428
0.8117060479946142,-0.0456432766614174,-0.0460244430113604,0.274717474653092
0.8113815432128819,-0.0436591556793965,-0.0440869735536773,0.2762603444361964
0.8110719003560116,-0.0416696840273457,-0.0421356728593356,0.2777339176511505
0.810777146246441,-0.0396754774101925,-0.0401715109117188,0.2791378916384496
0.8104972934900366,-0.0376771118673588,-0.0381954277466111,0.2804720354503989
0.8102323422526578,-0.035675125633088,-0.036208333935397,0.2817361822720526
0.8099822814152637,-0.0336700169363059,-0.0342111071386876,0.2829302247119817
0.8097470903242983,-0.0316622465181106,-0.0322045934184419,0.2840541071644144
0.809526739804631,-0.0296522345984859,-0.0301896031088268,0.2851078216055626
0.8093211946858452,-0.0276403721461635,-0.0281669211155514,0.2860913960706858
0.8091304140448764,-0.0256270128677451,-0.0261372980197529,0.2870048939696342
0.8089543532485605,-0.0236124826768939,-0.0241014588096829,0.2878484047234782
0.8087929645257276,-0.0215970755948724,-0.0220600980624549,0.2886220413718539
0.8086461985613762,-0.0195810619847334,-0.0200138876635594,0.28932593322588
0.8085140052058255,-0.0175646884108222,-0.0179634761624686,0.2899602227067515
0.8083963342981701,-0.0155481795202488,-0.0159094902358293,0.2905250615908605
0.8082931363569007,-0.0135317388453895,-0.0138525351153069,0.2910206078505155
0.8082043634788558,-0.0115155555540983,-0.0117932011462687,0.2914470214566896
0.8081299696857872,-0.0094998031547527,-0.0097320622034035,0.2918044628011974
0.808069911433171,-0.0074846419906654,-0.0076696780077866,0.2920930903119941
0.8080241480165211,-0.0054702214827689,-0.0056065962293678,0.2923130585355317
0.8079926418955731,-0.0034566826245339,-0.0035433548823591,0.2924645165915329
0.8079753589143281,-0.0014441585693936,-0.0014804827927559,0.2925476071085863
0.8079717047995872,-1.5905349953770909e-12,1.2596948007273512e-11,0.2925651754260434
