3.00731841606295
0.7736578116341173,1.768180434819782e-23,-5.914853755813921e-14,0.4678759661936917
0.7736601533363325,0.0016545971250759,0.0013243206065229,0.4678646348393032
0.7736770400668174,0.0047411716507259,0.0037945605664318,0.4677829282253169
0.7737102414451703,0.0078284883953343,0.0062647607896258,0.4676223201171654
0.7737597966868782,0.0109174130390595,0.0087352019737231,0.4673826933274592
0.773825763114841,0.0140085675585764,0.0112059703534609,0.4670638789909201
0.7739082168006706,0.0171025676707833,0.0136771480045771,0.466665653815159
0.774007252605728,0.0202000236289049,0.0161488137548143,0.4661877403506295
0.7741229842869793,0.0233015408804361,0.0186210439975615,0.465629807062035
0.7742555446321667,0.0264077198940176,0.0210939128563569,0.4649914683735441
0.7744050856272248,0.0295191558025064,0.0235674922200223,0.4642722846745414
0.7745717786943819,0.0326364386456618,0.0260418522722008,0.4634717621026326
0.7747558149699917,0.0357601533132308,0.028517061798469,0.4625893522558002
0.7749574054804328,0.0388908772160404,0.0309931867150857,0.4616244525138951
0.7751767815035419,0.0420291808175951,0.0334702908923836,0.4605764055912966
0.7754141947677485,0.0451756251438303,0.0359484346146401,0.4594444999890385
0.7756699176703521,0.0483307598098279,0.0384276734912063,0.4582279704728985
0.7759442433140669,0.0514951190802236,0.0409080558718973,0.4569259995293093
0.7762374853317523,0.054669216458772,0.0433896191844501,0.4555377199238112
0.7765499776392941,0.0578535397895988,0.0458723867656191,0.4540622176779132
0.7768820735271001,0.0610485411869951,0.0483563607730157,0.4524985382209218
0.7772341446761666,0.0642546289133517,0.0508415167779025,0.4508456928943998
0.7776065787669703,0.0674721494005241,0.0533277909101241,0.4491026720047918
0.77799977675475,0.0707013714457881,0.0558150689866557,0.4472684592509409
0.7784141487118917,0.073942463691612,0.0583031707885814,0.4453420525507022
0.7788501078911846,0.0771954652067035,0.060791829481743,0.4433224926553982
0.7793080631575016,0.0804602526369399,0.0632806689651649,0.4412088985936361
0.7797884086693975,0.0837364979202556,0.0657691746738782,0.4390005147881916
0.7802915112937235,0.0870236229108616,0.0682566628230684,0.4366967671799341
0.7808176950136017,0.0903207479153422,0.0707422459036048,0.4342973312927333
0.7813672227456846,0.0936266390173125,0.0732247981978823,0.4318022097950715
0.7819402758128171,0.0969396567581623,0.0757029232325611,0.4292118179179806
0.7825369331096768,0.1002577178054304,0.0781749317421587,0.4265270670740188
0.7831571511398338,0.103578273294026,0.0806388325302855,0.4237494412106475
0.7838007479684991,0.1068983156991224,0.0830923445296378,0.4208810523821544
0.7844673947925486,0.1102144256623693,0.085532937739586,0.4179246597211357
0.7851566173624729,0.1135228596288765,0.0879579027193448,0.4148836432142894
0.7858678086813652,0.1168196746102049,0.0903644450148826,0.4117619277620521
0.7866002536301591,0.1201008833718738,0.0927497988568407,0.4085638567525441
0.7873531619847453,0.1233626168021624,0.0951113427560799,0.4052940326939888
0.7881257064720234,0.1266012766005523,0.0974467048510249,0.4019571410220767
0.7889170598809481,0.1298136551300007,0.0997538418086298,0.398557783789135
0.7897264274208387,0.132997013568424,0.102031085843907,0.3951003394473711
0.79055307174467,0.1361491166000345,0.1042771596553268,0.3915888589196062
0.791396328339558,0.1392682237399994,0.1064911603674735,0.3880270063736509
0.7922556136111395,0.1423530541026629,0.1086725252888901,0.3844180332540687
0.7931304264133797,0.1454027325201131,0.1108209855899204,0.3807647811081963
0.7940203440551318,0.1484167242824136,0.1129365133305518,0.37706970773242
0.7949250158982114,0.1513947710774219,0.1150192707757013,0.3733349228042421
0.7958441561641512,0.1543368333369345,0.1170695655270385,0.3695622259129684
0.7967775344429313,0.1572430334848001,0.1190878074665969,0.3657531529423179
0.797724968219967,0.1601136131326344,0.1210744764320879,0.3619090129351313
0.7986863168392914,0.162948900285376,0.1230300976091284,0.3580309181004848
0.7996614722108313,0.1657492716831561,0.124955214211847,0.3541198259559364
0.8006503544751605,0.1685151340353792,0.1268503737299411,0.3501765604204399
0.8016529081237445,0.1712469089135654,0.1287161170158349,0.3462018304649495
0.8026690972171874,0.1739450172202939,0.1305529673523669,0.3421962517327554
0.8036988996580958,0.1766098633077668,0.1323614195341862,0.3381603711617427
0.8047423080679007,0.1792418377378043,0.1341419417762806,0.3340946651387245
0.8057993244850967,0.1818413045279883,0.135894967161427,0.329999561611748
0.8068699600151645,0.1844086019089149,0.1376208943305217,0.3258754424470955
0.8079542320777566,0.1869440373977017,0.1393200843655767,0.3217226548949659
0.8090521634308717,0.1894478875803174,0.1409928608769549,0.3175415159258602
0.8101637816592292,0.1919203989672119,0.1426395108053363,0.3133323146716582
0.8112891156531268,0.1943617823058794,0.1442602808724309,0.3090953260853749
0.8124281985622872,0.196772221297368,0.145855383615822,0.3048307999662902
0.8135810628199843,0.1991518639539017,0.1474249918759022,0.3005389797893181
0.8147477441851979,0.2015008331884919,0.1489692460118358,0.296220087609401
0.8159282761067311,0.2038192171832375,0.1504882477466214,0.2918743449921878
0.817122693088605,0.2061070782351735,0.1519820661797767,0.287501960383012
0.8183310287868466,0.2083644506970815,0.1534507365933707,0.2831031360138556
0.81955331575235,0.2105913422375328,0.1548942614297718,0.2786780686321365
0.8207895840377698,0.2127877330006534,0.156312609894401,0.2742269542760067
0.8220398628148147,0.2149535801186179,0.1577057210054149,0.2697499821344604
0.8233041777291106,0.2170888145328873,0.1590735016553316,0.2652473437364985
0.8245825529836643,0.2191933460389706,0.1604158299562392,0.2607192251294441
0.8258750095071954,0.2212670614611151,0.1617325541482537,0.2561658130549373
0.8271815652979531,0.2233098265159736,0.1630234938641168,0.2515872933138111
0.8285022333818596,0.2253214838816657,0.1642884389805171,0.2469838574658134
0.8298370258096139,0.2273018604768556,0.1655271542546482,0.2423556884228636
0.8311859484853527,0.2292507606206676,0.1667393750562559,0.2377029780234537
0.8325490036407476,0.231167970901676,0.1679248104631205,0.233025917882312
0.8339261881598189,0.233053258770679,0.169083142409111,0.2283247046387539
0.8353174951173181,0.2349063756349387,0.1702140276060401,0.2235995341456866
0.8367229121688224,0.236727055499008,0.1713170967015345,0.2188506064335793
0.8381424220866204,0.2385150165352846,0.1723919552286766,0.2140781233151636
0.8395760004581534,0.2402699590303798,0.1734381823622722,0.2092822955167467
0.8410236172112949,0.2419915682165959,0.1744553326171505,0.2044633368773639
0.8424852369823255,0.2436795153829289,0.175442936460175,0.1996214625286488
0.8439608175778716,0.2453334567315171,0.176400499584918,0.1947568933804411
0.8454503086765549,0.2469530327283139,0.1773275025121231,0.1898698596774449
0.8469536544786452,0.2485378717307473,0.1782234026287363,0.1849605915782076
0.8484707887365958,0.2500875853576834,0.1790876315004568,0.1800293346890469
0.8500016395564899,0.2516017742635956,0.1799195980827076,0.1750763336113688
0.8515461256160378,0.2530800248288497,0.1807186867812895,0.1701018435048313
0.8531041568303894,0.2545219105512329,0.1814842581663857,0.1651061270901888
0.8546756338968425,0.2559269922508106,0.1822156490072205,0.1600894552856192
0.8562604480276218,0.2572948184468816,0.1829121723896832,0.1550521072110971
0.8578584786440848,0.2586249240463448,0.1835731169898042,0.1499943766115459
0.8594695972187906,0.259916834217032,0.1841977489397627,0.1449165587631615
0.8610936617666198,0.261170060413022,0.184785309763887,0.1398189669745223
0.862730519332716,0.2623841031354573,0.1853350176817456,0.134701923714168
0.8643800031579996,0.2635584504584788,0.1858460668711765,0.1295657684721091
0.8660419355953919,0.2646925808235175,0.1863176286571324,0.1244108476132148
0.8677161232961503,0.265785960306677,0.1867488502784625,0.1192375282818309
0.8694023598545515,0.2668380452002969,0.187138855962213,0.1140461890526619
0.8711004234453628,0.2678482811463884,0.1874867465439999,0.1088372260984726
0.8728100748302712,0.2688161028061428,0.1877915994451424,0.1036110580767356
0.8745310584666136,0.2697409354147953,0.1880524693200005,0.0983681214616958
0.8762631017413121,0.2706221951366855,0.1882683882390172,0.0931088716354099
0.8780059121373509,0.2714592885073829,0.1884383657416221,0.0878337901835213
0.8797591770520301,0.2722516134380728,0.1885613894233763,0.0825433840468925
0.8815225627262325,0.2729985598035283,0.1886364254528215,0.0772381873468802
0.883295713496781,0.2736995102526319,0.1886624191922449,0.0719187621988826
0.8850782495987032,0.2743538405520135,0.1886382959118058,0.0665857038352495
0.8868697703501385,0.2749609219692001,0.1885629615057316,0.0612396295995245
0.8886698509343187,0.2755201211385297,0.1884353031376607,0.0558811871369657
0.8904780306937273,0.276030798116752,0.1882541913473843,0.0505110876347719
0.892293819135078,0.2764923105998544,0.1880184816243027,0.0451300862100665
0.8941166942499145,0.2769040154279272,0.187727016244416,0.0397389853024209
0.8959460989619734,0.2772652699710767,0.1873786267805568,0.0343386435895423
0.8977814410544686,0.277575434607582,0.1869721364489859,0.0289299746171679
0.8996220887830779,0.2778338746293758,0.1865063636605153,0.023513958203075
0.901467371169668,0.2780399633292329,0.1859801250563616,0.0180916380912954
0.903316573677682,0.2781930847108723,0.1853922401261228,0.0126641332934163
0.9051689372602514,0.2782926370906597,0.1847415355714731,0.0072326396164427
0.9070236560305126,0.2783380368858989,0.184026850601683,0.0017984354012789
0.9088798745967688,0.2783287228801133,0.1832470430901671,-0.0036371115668604
0.910736825756501,0.2782641540739664,0.1824009301079088,-0.0090729477412729
0.9125942531558152,0.2781437599368864,0.1814870529619265,-0.0145095713162852
0.9144511586547464,0.2779669977697152,0.1805042635521763,-0.0199453678826769
0.9163064871534088,0.2777333654358988,0.1794514565655096,-0.0253786162636667
0.9181591193646566,0.2774424089129697,0.178327582530766,-0.0308074668500895
0.920007874413665,0.2770937295271278,0.1771316568023859,-0.0362299481334583
0.921851503680444,0.2766869931872116,0.1758627750543706,-0.0416439469049852
0.9236886926521404,0.2762219391592358,0.1745201253915805,-0.0470472111404489
0.9255180599143552,0.2756983899649811,0.1731030035755116,-0.0524373436192083
0.9273381548401052,0.2751162626449268,0.1716108311155513,-0.0578117906665253
0.9291474632913744,0.27447557837574,0.1700431686197221,-0.0631678534001063
0.9309444042602408,0.2737764755813667,0.168399738032158,-0.0685026710099034
0.932727339058887,0.2730192193291393,0.1666804356849479,-0.0738132398459501
0.9344945720784884,0.2722042140703374,0.164885353885627,-0.0790964061894067
0.9362443592711628,0.2713320136346174,0.1630147965611501,-0.0843488805474731
0.9379749140847308,0.2704033323030083,0.1610692981375228,-0.0895672429596534
0.939684422670664,0.2694190506952436,0.1590496324751467,-0.0947479749104508
0.9413710495564632,0.2683802259289843,0.1569568320605681,-0.0998874613706401
0.9430329571283416,0.2672880929297923,0.1547921902834758,-0.1049820336618862
0.9446683170892806,0.2661440686166629,0.1525572712703477,-0.1100279874165449
0.9462753303841256,0.2649497486016112,0.1502539063770029,-0.1150216261695979
0.947852246468965,0.2637069010486761,0.1478841870332523,-0.1199593034847334
0.9493973805171518,0.2624174587870073,0.1454504558331831,-0.1248374595402173
0.9509091346027664,0.261083504521305,0.1429552859700822,-0.1296526716560259
0.9523860166357836,0.2597072533080331,0.1404014569814267,-0.1344017000940059
0.9538266581522812,0.258291031383422,0.1377919248125077,-0.1390815330831081
0.955229830377089,0.2568372517411418,0.1351297867141809,-0.143689429766124
0.9565944576327682,0.2553483874388944,0.132418242505615,-0.1482229585030132
0.957919624353772,0.2538269473201127,0.1296605603818203,-0.152680018154395
0.9592045826190936,0.2522754474737689,0.126860034750255,-0.157058865104686
0.9604487528205374,0.2506963871561523,0.124019951715482,-0.1613581213445734
0.9616517242692268,0.2490922222237124,0.1211435493586745,-0.1655767861349618
0.9628132460638442,0.2474653494422375,0.1182339966527353,-0.1697142171479699
0.9639332213448478,0.2458180861242948,0.1152943629078046,-0.173770125634701
0.9650116934715144,0.2441526613535487,0.1123276068490665,-0.1777445445897068
0.9660488388995154,0.2424711983349618,0.1093365487677386,-0.1816378223007324
0.967044949104656,0.2407757150113428,0.1063238741923669,-0.1854505761960546
0.968000419472014,0.2390681165117146,0.1032921220286638,-0.1891836717591114
0.9689157346631864,0.237350195844391,0.1002436865249455,-0.1928381874378574
0.9697914570094928,0.2356236321633142,0.097180814200917,-0.1964153899697578
0.9706282129217876,0.2338899957073829,0.0941056120181923,-0.199916700175394
0.9714266821932096,0.2321507504673663,0.0910200510333604,-0.2033436682638545
0.972187588421236,0.2304072572381486,0.0879259703612335,-0.2066979520163672
0.972911688254109,0.2286607823945841,0.0848250910165578,-0.2099812874586108
0.9735997650980116,0.2269124994126485,0.0817190166899552,-0.2131954767460012
0.974252621870032,0.2251634946415973,0.0786092419353665,-0.2163423701729933
0.9748710736671296,0.2234147762298217,0.0754971659035202,-0.2194238450546075
0.975455944089246,0.2216672756066036,0.0723840928226774,-0.2224417999873473
0.9760080604462352,0.2199218535192205,0.0692712405824335,-0.2253981422419838
0.9765282489473602,0.2181793086534819,0.0661597539847637,-0.2282947724185486
0.9770173334911252,0.216440376425151,0.0630507005254746,-0.2311335867387742
0.9774761318227702,0.2147057374740594,0.0599450835560306,-0.2339164637351485
0.977905454205285,0.2129760190557948,0.0568438428502503,-0.2366452634548447
0.9783061010094304,0.2112518015518334,0.0537478644218295,-0.2393218189018023
0.9786788621163972,0.2095336188754319,0.0506579794974436,-0.2419479375689514
0.9790245152261966,0.2078219642387309,0.0475749732008453,-0.2445253948408477
0.9793438252825,0.2061172920745761,0.0444995864343348,-0.2470559336489876
0.979637543787468,0.20442002102971,0.0414325197748042,-0.2495412625968016
0.9799064085773432,0.2027305349596726,0.0383744338459786,-0.2519830570982653
0.9801511430315826,0.2010491879185175,0.0353259569998743,-0.2543829547563649
0.9803724562615396,0.1993763038167318,0.0322876834392564,-0.2567425585358507
0.9805710426441122,0.1977121808145051,0.0292601799963439,-0.2590634331246896
0.9807475823033636,0.1960570887673642,0.0262439803597268,-0.2613471110423649
0.9809027404136708,0.1944112769202181,0.0232395980151494,-0.2635950844142377
0.981037167816078,0.1927749707642146,0.0202475195315499,-0.2658088117893835
0.9811515009318074,0.1911483750295745,0.0172682090712206,-0.2679897163429137
0.9812463618522528,0.1895316760313781,0.0143021117995086,-0.2701391849966286
0.9813223587085248,0.1879250395160293,0.0113496490929419,-0.2722585734483485
0.9813800855573364,0.1863286174745835,0.0084112302564393,-0.2743491992318114
0.9814201228848788,0.1847425435027877,0.0054872432576429,-0.276412349870747
0.9814430376724296,0.1831669364625718,0.0025780607464753,-0.2784492799614647
0.98144938364151,0.1816019006083003,-0.0003159603788301,-0.2804612128547849
0.9814397014871492,0.1800475284044069,-0.0031944743914485,-0.2824493388006032
0.9814144971644287,0.1785028671571698,-0.0060590650379196,-0.2844161297054245
0.9813742359626444,0.176967349080259,-0.0089106015026585,-0.2863635060675856
0.9813193750863006,0.1754410714814013,-0.0117487118313239,-0.288292500047255
0.9812503631778454,0.1739241250769219,-0.0145730262789204,-0.2902041177864739
0.9811676403909496,0.172416591119181,-0.0173831830263199,-0.2920993440290685
0.9810716385314352,0.1709185422868767,-0.0201788268997595,-0.2939791419083467
0.9809627809435456,0.1694300399756221,-0.0229596147968522,-0.2958444572088623
0.9808414828431496,0.1679511386811814,-0.025725207861548,-0.2976962136951713
0.9807081513321378,0.166481884783282,-0.0284752740845015,-0.2995353154420787
0.9805631853930956,0.1650223159516817,-0.0312094897401459,-0.3013626483449446
0.9804069761069384,0.1635724629638618,-0.0339275362945546,-0.3031790785846371
0.9802399067328288,0.1621323497475715,-0.036629100618255,-0.3049854532859864
0.980062352644582,0.1607019924135598,-0.0393138770848852,-0.306782602419191
0.9798746815733786,0.1592814009832466,-0.0419815646022319,-0.3085713372997144
0.9796772537696032,0.1578705800695814,-0.0446318655899717,-0.3103524503664067
0.9794704218232212,0.1564695271830855,-0.0472644894087082,-0.3121267179361953
0.9792545309547546,0.1550782345589791,-0.0498791491647178,-0.31389489850369
0.9790299191683448,0.1536966897189316,-0.0524755608784995,-0.3156577325985356
0.9787969171508292,0.1523248744891898,-0.0550534455449547,-0.317415944592226
0.9785558483025718,0.1509627650370409,-0.0576125292688606,-0.3191702432138784
0.9783070292565386,0.149610334542847,-0.0601525384386579,-0.3209213186397444
0.9780507693801396,0.1482675501062971,-0.0626732057232643,-0.3226698469899827
0.9777873713529563,0.1469343756765444,-0.0651742647432215,-0.3244164870416828
0.9775171308867828,0.145610770310546,-0.0676554535057679,-0.3261618829777331
0.9772403371661208,0.1442966901525281,-0.0701165108481665,-0.3279066622625786
0.9769572726269936,0.1429920870871537,-0.0725571791110206,-0.3296514378698585
0.9766682131385168,0.1416969094235485,-0.074977202992359,-0.3313968078374826
0.9763734282600556,0.1404111028143491,-0.0773763279608661,-0.3331433544606311
0.9760731811015758,0.1391346093901366,-0.0797543019961008,-0.3348916458757525
0.9757677285305256,0.1378673684591087,-0.0821108743945228,-0.3366422355300862
0.975457321169349,0.1366093162850331,-0.0844457962869585,-0.3383956628920755
0.9751422036866266,0.1353603870597927,-0.0867588189299276,-0.3401524524903934
0.97482261456941,0.1341205117736734,-0.0890496958900265,-0.3419131158756801
0.9744987865581493,0.1328896197285537,-0.0913181803226758,-0.3436781498662039
0.974170946512374,0.1316676377820686,-0.0935640264475127,-0.3454480379699619
0.9738393155290124,0.1304544906033126,-0.0957869891399011,-0.3472232503839051
0.9735041091236352,0.1292501011323051,-0.0979868231475566,-0.3490042436692541
0.9731655372152292,0.1280543903116688,-0.1001632836354949,-0.3507914614780956
0.9728238043552662,0.1268672776937413,-0.1023161251254975,-0.3525853339762955
0.9724791095947012,0.1256886807677774,-0.1044451027574189,-0.3543862791732427
0.9721316468325056,0.124518515963499,-0.1065499705013011,-0.3561947017161539
0.9717816046988174,0.1233566980374835,-0.1086304822943544,-0.3580109941226399
0.9714291668802334,0.1222031409534761,-0.110686390481971,-0.359835535702793
0.9710745119316656,0.1210577570485137,-0.1127174473263958,-0.3616686941434758
0.9707178135694188,0.1199204577923064,-0.1147234036574568,-0.3635108245911526
0.970359240638702,0.118791153473352,-0.1167040094329587,-0.3653622704176183
0.9699989573721196,0.1176697538110214,-0.1186590126610388,-0.3672233624765525
0.969637123251075,0.1165561673133312,-0.1205881605181984,-0.3690944204053582
0.9692738932840274,0.115450301941689,-0.1224911981734656,-0.370975751768837
0.9689094180546926,0.1143520650457517,-0.124367868891716,-0.3728676523835435
0.9685438437907696,0.1132613633658315,-0.1262179140100754,-0.3747704065299111
0.9681773123778064,0.112178102875738,-0.1280410731733471,-0.3766842874460765
0.9678099616945128,0.1111021895727484,-0.1298370829729055,-0.3786095561359756
0.96744192536477,0.1100335285414111,-0.1316056784881967,-0.3805464632154433
0.967073333078245,0.1089720246969942,-0.1333465919969139,-0.3824952477822397
0.9667043105537336,0.1079175824767587,-0.1350595534439781,-0.3844561381486482
0.9663349799127446,0.1068701067059843,-0.1367442889941111,-0.3864293503877664
0.9659654592797822,0.1058295012582166,-0.1384005231556252,-0.3884150909857148
0.9655958632857864,0.1047956702901443,-0.1400279767304622,-0.3904135546784936
0.9652263029081803,0.1037685175899881,-0.1416263678043138,-0.3924249258190579
0.964856885772148,0.102747947222252,-0.1431954106792057,-0.3944493772497382
0.96448771606441,0.1017338630893741,-0.1447348165068336,-0.3964870712612353
0.9641188946804958,0.1007261691458438,-0.146244292895005,-0.3985381592771057
0.963750519166495,0.0997247690490604,-0.147723544360203,-0.4006027826679919
0.9633826841484708,0.0987295671373307,-0.1491722708122095,-0.4026810708263819
0.96301548100453,0.0977404673466385,-0.1505901690938557,-0.4047731434657537
0.962648998250021,0.0967573740659857,-0.1519769316596064,-0.4068791089082155
0.9622833214007774,0.0957801915804525,-0.15333224730937,-0.4089990653094734
0.9619185333506184,0.0948088248950099,-0.1546557999751448,-0.4111330989149383
0.9615547140887072,0.0938431787934844,-0.155947269965188,-0.4132812861221401
0.9611919410041097,0.0928831584684643,-0.1572063330233883,-0.4154436921307472
0.9608302888468104,0.0919286692353876,-0.1584326606477395,-0.4176203715803186
0.96046982994705,0.0909796169317407,-0.1596259195092798,-0.4198113676357783
0.9601106341634262,0.0900359076002067,-0.1607857718064014,-0.4220167126794661
0.9597527690417051,0.0890974477294029,-0.1619118749043013,-0.4242364277204032
0.9593962997243878,0.0881641438413006,-0.1630038817711696,-0.4264705233257546
0.9590412893317616,0.0872359033155354,-0.1640614399492246,-0.4287189975988065
0.9586877988150148,0.0863126338309529,-0.165084192190458,-0.430981837413846
0.958335886966705,0.0853942432233658,-0.166071776549434,-0.433259018697876
0.9579856106222124,0.0844806398429363,-0.1670238259363095,-0.4355505054653995
0.957637024787876,0.0835717327206709,-0.1679399679327864,-0.4378562492673569
0.957290182535138,0.0826674311268924,-0.1688198252290589,-0.4401761901683884
0.9569451352577454,0.0817676450784618,-0.1696630151003888,-0.4425102553134075
0.9566019325332438,0.0808722848160374,-0.1704691499072719,-0.4448583601110907
0.9562606224568048,0.0799812615153041,-0.1712378364448422,-0.4472204062058288
0.9559212515263854,0.0790944868306158,-0.1719686764013409,-0.4495962824611849
0.9555838646396112,0.0782118727311619,-0.1726612664971627,-0.4519858652126708
0.9552485054381188,0.0773333322485089,-0.173315197932117,-0.454389016029857
0.9549152160995568,0.0764587787827524,-0.1739300570095348,-0.456805583343994
0.9545840376950108,0.0755881268923484,-0.1745054246515735,-0.4592354000183072
0.954255009948392,0.0747212915188151,-0.1750408770623702,-0.4616782852084506
0.953928171453569,0.0738581884145619,-0.1755359855412787,-0.4641340428992433
0.9536035598740296,0.0729987345330526,-0.1759903164423891,-0.4666024604690711
0.953281211725927,0.0721428473212337,-0.1764034317643298,-0.4690833103784291
0.952961162777895,0.0712904456482246,-0.1767748888885782,-0.4715763471538783
0.9526434478570892,0.0704414491658322,-0.1771042411719261,-0.4740813088650986
0.9523281010575756,0.0695957787412135,-0.1773910380415197,-0.4765979154891614
0.9520151558394944,0.0687533566082085,-0.1776348253151094,-0.479125868049943
0.9517046449578148,0.0679141060654746,-0.1778351456918845,-0.4816648491073726
0.9513966006545784,0.06707795188851,-0.1779915390646872,-0.4842145211019468
0.9510910547594844,0.066244820506713,-0.1781035430159732,-0.4867745253631115
0.9507880386996972,0.0654146399417541,-0.1781706934179265,-0.4893444818363394
0.9504875836246393,0.0645873400674633,-0.1781925250498554,-0.4919239878167424
0.9501897203012448,0.0637628522467952,-0.1781685723042768,-0.4945126186175122
0.949894478338259,0.0629411070903099,-0.1780983695965082,-0.4971099342505598
0.9496018873330574,0.0621220375384592,-0.1779814519482829,-0.4997154693966202
0.9493119779580464,0.0613055818850241,-0.1778173566497247,-0.5023287231940753
0.9490247809376297,0.0604916809277717,-0.1776056243491534,-0.5049491676756235
0.94874032722165,0.059680278447346,-0.1773458003659282,-0.5075762457634309
0.9484586479572898,0.0588713211337343,-0.1770374360037547,-0.5102093710508865
0.948179774562348,0.0580647588137458,-0.1766800900368103,-0.5128479266465956
0.9479037388729048,0.0572605449158161,-0.1762733304653982,-0.5154912632617508
0.9476305730778384,0.0564586363384536,-0.175816736149067,-0.5181386992846297
0.9473603099145996,0.0556589941000302,-0.1753098989711473,-0.520789518335367
0.9470929826403643,0.054861583359087,-0.1747524258568149,-0.5234429689407211
0.9468286250718294,0.0540663736559262,-0.1741439410395833,-0.5260982635517821
0.946567271537837,0.053273338914086,-0.1734840882779698,-0.5287545784437478
0.9463089570753448,0.0524824582035966,-0.172772533843577,-0.5314110511549789
0.946053717490924,0.0516937161429973,-0.1720089695167675,-0.5340667792169357
0.945801589023367,0.0509071020893287,-0.1711931145084302,-0.536720823090152
0.9455526085453758,0.0501226110022468,-0.1703247190083656,-0.5393722036059106
0.9453068136367362,0.049340243963682,-0.1694035677227217,-0.5420199006894727
0.945064242148736,0.0485600071008134,-0.168429481623852,-0.5446628576443558
0.9448249327597772,0.047781913694726,-0.1674023235911637,-0.5472999748216409
0.9445889242045408,0.0470059820590339,-0.1663219989421442,-0.5499301177904743
0.9443562554707532,0.0462322365247603,-0.165188459720898,-0.5525521151752387
0.944126965657766,0.0454607073623149,-0.1640017077402384,-0.5551647602806852
0.943901093847878,0.0446914307545787,-0.1627617976618063,-0.5577668127401318
0.9436786787759486,0.0439244480800758,-0.1614688388497709,-0.560357002690892
0.9434597584315256,0.043159804913984,-0.1601229963568992,-0.5629340360698378
0.9432443705386088,0.0423975530838487,-0.1587244971235863,-0.5654965897875275
0.9430325515628828,0.0416377475812273,-0.1572736270104349,-0.5680433244144629
0.9428243370426312,0.0408804480690772,-0.1557707356496418,-0.5705728815296324
0.942619760658922,0.0401257158355116,-0.1542162323217712,-0.5730838964509267
0.9424188545794292,0.0393736152816683,-0.1526105901937768,-0.5755749958682174
0.9422216489158712,0.0386242121465197,-0.1509543437664947,-0.5780448064470702
0.942028171428792,0.037877572523961,-0.1492480872255878,-0.580491960762361
0.9418384477474366,0.0371337638131356,-0.1474924768424104,-0.5829150969019591
0.9416525004569896,0.0363928512025356,-0.1456882226115306,-0.5853128726375795
0.9414703494241063,0.0356548988471089,-0.1438360901159268,-0.587683964118542
0.9412920113875248,0.0349199680970597,-0.1419368950460098,-0.5900270740618266
0.9411174999586036,0.0341881172577793,-0.1399915009154847,-0.5923409348046516
0.9409468254920762,0.0334594007472418,-0.1380008148714282,-0.5946243131133825
0.9407799949514578,0.0327338681180542,-0.1359657826272348,-0.5968760151588202
0.9406170122850804,0.0320115652334366,-0.1338873891370577,-0.5990948845939947
0.9404578776327248,0.0312925302281492,-0.131766644116381,-0.6012798164718772
0.9403025883234848,0.0305767973015673,-0.1296045896877989,-0.6034297467770687
0.9401511383360804,0.0298643936562753,-0.1274022881585584,-0.6055436627772987
0.940003518872938,0.0291553414374236,-0.1251608244409416,-0.6076205979581922
0.9398597178364894,0.0284496544645635,-0.122881292257474,-0.6096596421415026
0.939719720446442,0.0277473402974495,-0.1205647967697031,-0.611659935515224
0.9395835096751952,0.0270484016298916,-0.1182124557874324,-0.6136206648137814
0.9394510656308274,0.0263528322791501,-0.115825382828118,-0.6155410744628692
0.9393223670169548,0.0256606238866887,-0.1134047064413258,-0.6174204475935992
0.9391973897582666,0.024971757800433,-0.1109515389441449,-0.6192581278980458
0.9390761084312754,0.0242862117574477,-0.1084669962151114,-0.6210535005670051
0.9389584959573026,0.0236039574107404,-0.1059521860663804,-0.6228059982693068
0.9388445239610864,0.0229249614689617,-0.1034082094163021,-0.6245150972196488
0.9387341628240378,0.0222491851316905,-0.1008361554288191,-0.6261803175843899
0.938627382252508,0.0215765867182737,-0.0982371089812462,-0.6278012159398118
0.9385241508488432,0.0209071182077804,-0.0956121350841803,-0.6293773926221282
0.9384244368506182,0.0202407290678781,-0.0929622914142586,-0.6309084812471394
0.9383282078951316,0.0195773639957568,-0.0902886175186191,-0.6323941528720128
0.9382354313300176,0.0189169641682586,-0.0875921378067407,-0.633834111717405
0.9381460745978508,0.0182594693091064,-0.0848738684449751,-0.6352280895219361
0.93806010482837,0.0176048140631943,-0.0821348010041326,-0.6365758521196444
0.9379774894584556,0.0169529318367782,-0.0793759169094416,-0.6378771899295094
0.9378981962186806,0.0163037542432025,-0.0765981841912946,-0.6391319181711669
0.937822192942592,0.015657208888027,-0.0738025469330962,-0.6403398798769165
0.937749448327962,0.0150132252153279,-0.070989949605504,-0.6415009337207573
0.9376799309693008,0.014371725585264,-0.0681612975504523,-0.6426149692769988
0.9376136104897128,0.0137326346278072,-0.0653174970241192,-0.6436818887850508
0.9375504570853008,0.0130958748834438,-0.0624594357659274,-0.64470161415143
0.9374904417845362,0.0124613689011611,-0.0595879919389003,-0.6456740824970022
0.9374335360797134,0.011829034847782,-0.0567040138871905,-0.6465992518288103
0.93737971272062,0.0111987946594211,-0.0538083568925192,-0.6474770878314007
0.9373289449360164,0.0105705650417829,-0.0509018419843125,-0.6483075761666837
0.937281207019426,0.0099442635861865,-0.0479852837093209,-0.6490907125836689
0.9372364741931692,0.0093198069194566,-0.0450594816513776,-0.6498265047482533
0.937194722816679,0.0086971133982972,-0.042125233144486,-0.6505149684277045
0.9371559301173606,0.0080760991154411,-0.0391833146688569,-0.6511561315307492
0.9371200744339684,0.0074566811648308,-0.0362344973301542,-0.651750029716276
0.9370871350959328,0.0068387755464479,-0.0332795371423972,-0.6522967080047596
0.9370570923932952,0.0062222958001927,-0.0303191685800716,-0.6527962209147067
0.937029927923092,0.0056071597543773,-0.0273541372249099,-0.6532486263372734
0.9370056241802645,0.0049932810043266,-0.02438515915816,-0.6536539919790394
0.9369841648691144,0.0043805752855316,-0.02141295191521,-0.6540123898365854
0.9369655348079368,0.0037689586316276,-0.0184382260228528,-0.6543238974497153
0.936949719908511,0.0031583465925387,-0.0154616815596411,-0.6545885979296517
0.9369367071717076,0.0025486532101086,-0.0124840035007107,-0.654806579735151
0.9369264847697836,0.0019397940838586,-0.0095058770693974,-0.6549779350114608
0.936919042022448,0.0013316872413858,-0.0065279924747386,-0.6551027597241494
0.9369143693046968,0.0007242458936706,-0.0035510098533029,-0.6551811549586938
0.9369124581645716,0.0001173859483542,-0.0005755964684238,-0.6552132247179556
0.9369133012662206,-0.0004889748637975,0.0023975770980132,-0.6551990766679717
0.9369168941880156,-0.0010951413962315,0.0053689362530504,-0.6551387917815155
0.9369232411275744,-0.0017016928602926,0.0083402509687751,-0.6550323285452917
0.9369323478401544,-0.0023087136423021,0.0113108616221719,-0.6548796415559942
0.9369442210899844,-0.0029162829225124,0.0142800794779485,-0.6546806908530247
0.9369588689078784,-0.0035244890076816,0.0172472563564439,-0.6544354377465558
0.9369763002236128,-0.0041334108040863,0.0202116937075574,-0.6541438511392533
0.936996525137936,-0.0047431316025005,0.023172709589848,-0.6538059031471408
0.9370195548461197,-0.0053537347655829,0.0261296171945459,-0.6534215705771017
0.9370454016082952,-0.0059653031191723,0.0290817215388667,-0.6529908356332792
0.9370740787706354,-0.0065779197302426,0.0320283228946912,-0.6525136857891775
0.9371056005894324,-0.0071916646257643,0.0349687007484986,-0.6519901169486677
0.9371399826247052,-0.0078066228505409,0.0379021521617742,-0.6514201271544011
0.937177241210999,-0.0084228743192893,0.0408279428806887,-0.6508037256376122
0.9372173938345676,-0.0090405012673478,0.0437453427650193,-0.6501409268240973
0.9372604589892306,-0.0096595856221865,0.0466536129624627,-0.6494317530072259
0.9373064561794158,-0.0102802092508103,0.0495520068836868,-0.6486762345834598
0.9373554056933966,-0.0109024512938643,0.0524397576882619,-0.6478744140557765
0.9374073289996168,-0.0115263936486183,0.0553161037406282,-0.6470263398164232
0.9374622483599234,-0.0121521161011992,0.0581802658558711,-0.6461320727804797
0.9375201868308596,-0.0127796969751608,0.0610314504922039,-0.6451916866188211
0.9375811685592842,-0.0134092165786586,0.0638688654431769,-0.6442052632353162
0.9376452181646427,-0.0140407509444268,0.066691691600266,-0.6431729030388067
0.9377123612142856,-0.0146743772548503,0.0694991077341373,-0.642094717475076
0.9377826241288308,-0.0153101729092843,0.072290286280456,-0.6409708308213483
0.9378560337989458,-0.0159482123568933,0.0750643797029956,-0.6398013865297671
0.937932617856467,-0.0165885700150718,0.07782053378592,-0.6385865430501779
0.9380124044313584,-0.0172313184988907,0.0805578803580036,-0.6373264778502103
0.9380954220188829,-0.0178765280680634,0.0832755356528029,-0.6360213895885142
0.93818169981692,-0.0185242696627737,0.0859726137575793,-0.6346714928689918
0.9382712670442088,-0.0191746100776452,0.0886482070801341,-0.6332770289537606
0.9383641533400237,-0.0198276155330742,0.0913014022315926,-0.6318382594250075
0.938460388523939,-0.0204833503086732,0.0939312752137226,-0.6303554698404596
0.938560002141906,-0.0211418742324957,0.0965368825963755,-0.6288289765071924
0.9386630241686714,-0.0218032479229558,0.0991172836316409,-0.627259115415218
0.9387694838374916,-0.0224675256417656,0.1016715134005476,-0.6256462597878755
0.9388794105814886,-0.0231347619505498,0.1041986103445347,-0.623990805262199
0.9389928328291324,-0.0238050048119369,0.1066975914185145,-0.622293187554184
0.939109778924858,-0.0244783018269097,0.1091674775558141,-0.6205538678986047
0.939230275762514,-0.0251546928683489,0.1116072682970377,-0.6187733526464902
0.9393543498252288,-0.0258342168021774,0.11401596870604,-0.6169521768098343
0.939482026534955,-0.0265169083303065,0.1163925797618603,-0.6150909127200376
0.9396133295080344,-0.0272027947828658,0.1187360898227622,-0.6131901795989841
0.9397482812567124,-0.0278919006384565,0.1210454930578927,-0.6112506319003459
0.9398869025016472,-0.0285842445901261,0.1233197819189526,-0.6092729677694467
0.9400292119090232,-0.0292798390350645,0.1255579485374436,-0.6072579310189626
0.9401752265983174,-0.029978693272335,0.1277589979289225,-0.6052063020839382
0.9403249607831226,-0.0306808076420226,0.1299219323154713,-0.6031189151757127
0.9404784267487082,-0.0313861789833644,0.1320457715856912,-0.6009966422908294
0.9406356338025316,-0.0320947964045297,0.1341295433350161,-0.5988404055075902
0.9407965888246046,-0.0328066445278213,0.1361722958731195,-0.5966511668500654
0.9409612957277694,-0.033521701677108,0.1381730958615694,-0.5944299331213677
0.9411297548853104,-0.034239938109299,0.1401310268144293,-0.5921777607581884
0.9413019644300322,-0.0349613221862427,0.1420452091111571,-0.5898957355555978
0.9414779185716842,-0.035685813729066,0.1439147846493056,-0.5875849922679914
0.9416576086741456,-0.0364133691018025,0.1457389333118823,-0.5852466972447702
0.9418410225817988,-0.0371439388645706,0.1475168693070498,-0.5828820542962384
0.9420281453642834,-0.0378774711499071,0.149247851739714,-0.5804922920449991
0.9422189586694546,-0.0386139093793811,0.1509311808503782,-0.578078669351514
0.9424134410220052,-0.039353193738959,0.1525662033237398,-0.5756424684989189
0.9426115685198644,-0.0400952639859487,0.1541523196145748,-0.5731849837168039
0.9428133142663812,-0.0408400573671338,0.1556889799891581,-0.5707075257069743
0.9430186487538949,-0.0415875101386599,0.1571756883932276,-0.5682114142903141
0.9432275401533236,-0.0423375586130723,0.1586120046253361,-0.565697972518251
0.9434399547700292,-0.0430901406978368,0.1599975468044646,-0.5631685190921076
0.9436558569682688,-0.0438451954606798,0.1613319896208774,-0.5606243674189715
0.9438752095059356,-0.044602664130762,0.1626150650462771,-0.5580668199243858
0.944097973768418,-0.045362490679869,0.1638465618343144,-0.5554971638461216
0.9443241104843988,-0.0461246239750417,0.1650263270504867,-0.5529166618079724
0.9445535792093424,-0.0468890157016292,0.1661542605007081,-0.5503265568347442
0.9447863390080412,-0.0476556223586778,0.1672303155681615,-0.5477280637455177
0.9450223487009544,-0.0484244057128099,0.1682544971402497,-0.5451223659144973
0.9452615668189812,-0.0491953322962688,0.1692268581383164,-0.5425106154477363
0.9455039520406122,-0.0499683744758381,0.1701474980570047,-0.5398939282136579
0.9457494633056468,-0.0507435104507879,0.1710165598844111,-0.537273382687492
0.9459980597639766,-0.05152072375024,0.171834226524359,-0.534650020664377
0.9462497010156224,-0.0523000036695488,0.172600718337497,-0.5320248449654295
0.9465043472901068,-0.0530813455099293,0.1733162903588913,-0.5293988179853497
0.946761959449066,-0.0538647502843615,0.1739812290248014,-0.5267728622001948
0.9470224988063076,-0.0546502239057484,0.174595848679273,-0.5241478625405499
0.947285927519256,-0.0554377781312495,0.1751604896561871,-0.5215246630128528
0.9475522083637768,-0.0562274296531219,0.1756755149006992,-0.518904069655431
0.9478213047794508,-0.057019200040282,0.1761413074812731,-0.5162868507446349
0.9480931810237004,-0.0578131160128594,0.1765582683529446,-0.5136737360118384
0.9483678018264244,-0.0586092082759925,0.1769268134645701,-0.5110654206967624
0.9486451326017588,-0.0594075120150335,0.1772473719849941,-0.5084625641811775
0.948925139258731,-0.0602080662396262,0.1775203840562958,-0.505865792473689
0.9492077882522758,-0.06101091384684,0.1777462990337047,-0.5032756983866095
0.9494930464327528,-0.0618161011264546,0.1779255736612586,-0.5006928435662968
0.9497808809379892,-0.0626236774145544,0.178058670506112,-0.4981177600515935
0.9500712593532178,-0.0634336955145295,0.1781460566338341,-0.4955509494130738
0.950364149408664,-0.0642462108347406,0.1781882021706537,-0.4929928860103959
0.9506595189509616,-0.0650612813175278,0.1781855791887285,-0.4904440177107746
0.9509573360717865,-0.0658789678092252,0.1781386606298039,-0.4879047652594788
0.951257570842984,-0.0666993388074185,0.1780479185639429,-0.4853755082769212
0.9515601910640348,-0.0675224588407341,0.1779138241172963,-0.482856621834252
0.951865164483564,-0.068348394663384,0.1777368468019342,-0.4803484575455348
0.952172458561701,-0.0691772146698387,0.1775174539109935,-0.4778513458649698
0.9524820403745312,-0.0700089887111253,0.1772561099949471,-0.475365597110954
0.9527938768114624,-0.0708437887033483,0.1769532761204732,-0.4728915001270307
0.953107933991824,-0.0716816871495661,0.1766094098950339,-0.4704293271402581
0.953424177780122,-0.0725227586132332,0.1762249645245785,-0.467979329833088
0.9537425732049368,-0.0733670782657121,0.1758003890267288,-0.4655417440470391
0.9540630847465856,-0.0742147227580059,0.1753361275446722,-0.4631167876365497
0.954385675937112,-0.0750657692704012,0.1748326195683689,-0.4607046635929954
0.9547103096977352,-0.0759202965185527,0.1742902991436556,-0.4583055575425597
0.9550369479061058,-0.0767783837287579,0.1737095952608227,-0.4559196410163626
0.9553655514956442,-0.0776401110230195,0.173090931480222,-0.4535470706825498
0.9556960803078468,-0.0785055591563991,0.172434725982268,-0.4511879893871216
0.9560284931225144,-0.0793748097244955,0.1717413913116081,-0.4488425258785046
0.95636274762075,-0.0802479451965616,0.1710113342355697,-0.4465107950184285
0.9566988000808596,-0.081125048254677,0.1702449562289607,-0.4441928998112498
0.9570366055293966,-0.0820062023249817,0.1694426530101573,-0.4418889302105775
0.9573761175782544,-0.0828914912904687,0.1686048147580838,-0.4395989641085513
0.957717288403894,-0.0837809995771154,0.1677318260271268,-0.4373230673149909
0.9580600688142812,-0.0846748124706046,0.166824065413345,-0.4350612929589098
0.958404407805114,-0.0855730151034921,0.1658819065818211,-0.4328136842400476
0.9587502528435516,-0.0864756933406966,0.1649057174164371,-0.4305802723275698
0.9590975497236184,-0.0873829335502057,0.1638958602592827,-0.4283610771079035
0.95944624236657,-0.0882948222308292,0.1628526923656438,-0.4261561082261955
0.9597962729739844,-0.0892114465629647,0.1617765653326222,-0.4239653638609499
0.9601475817180276,-0.0901328937506151,0.1606678259039304,-0.4217888324185692
0.9605001067730714,-0.0910592512560993,0.1595268157793759,-0.4196264920357619
0.960853784434594,-0.0919906072681949,0.1583538710865052,-0.4174783095758985
0.9612085487876764,-0.092927049987996,0.1571493233142986,-0.415344242370902
0.9615643317218288,-0.0938686678236739,0.1559134991579433,-0.4132242378012404
0.961921062890966,-0.0948155494431494,0.1546467205229796,-0.4111182332129861
0.9622786696676286,-0.0957677838134411,0.1533493045388125,-0.4090261558635578
0.9626370770585604,-0.0967254601386445,0.152021563707464,-0.4069479230836035
0.9629962075820864,-0.0976886676952404,0.1506638062059916,-0.4048834426389742
0.9633559812200316,-0.0986574958656851,0.1492763359230405,-0.4028326126412251
0.9637163154067192,-0.0996320342740518,0.1478594523381138,-0.4007953212439346
0.964077124898872,-0.1006123726020526,0.1464134508554294,-0.3987714470085624
0.964438321710788,-0.1015986005796582,0.1449386228951273,-0.396760858880713
0.9647998151598473,-0.1025908082799098,0.1434352555177868,-0.3947634155498277
0.9651615114829516,-0.1035890852371369,0.141903632827838,-0.3927789671711505
0.9655233140852182,-0.104593521296159,0.1403440347682925,-0.3908073535726172
0.9658851233865696,-0.1056042063657133,0.1387567375470369,-0.3888484046938266
0.9662468368108348,-0.1066212305665133,0.1371420134565952,-0.3869019402317515
0.9666083482927608,-0.1076446830175223,0.1355001328711086,-0.3849677718593253
0.9669695486471002,-0.1086746530381123,0.133831362421679,-0.3830457007862443
0.9673303256168152,-0.1097112304778836,0.1321359644829215,-0.3811355170844667
0.9676905632486648,-0.1107545041095925,0.1304141998387831,-0.3792370025555335
0.9680501422960738,-0.1118045629572619,0.1286663255768077,-0.3773499281313469
0.96840893979803,-0.1128614952547668,0.1268925968548331,-0.375474055631415
0.9687668293377166,-0.1139253893802324,0.1250932653916224,-0.3736091359359621
0.9691236806374685,-0.1149963328429846,0.1232685812082835,-0.3717549106293017
0.9694793598981886,-0.1160744134808957,0.1214187906330043,-0.3699111097527566
0.9698337291479292,-0.1171597176830646,0.1195441393694414,-0.3680774547005
0.9701866465734328,-0.1182523315604085,0.117644870538616,-0.3662536560023852
0.9705379663746057,-0.119352340692695,0.1157212251315179,-0.3644394135825594
0.970887538651978,-0.1204598299664843,0.1137734423111892,-0.3626344168376278
0.9712352092475984,-0.1215748832539165,0.1118017599993798,-0.3608383449488209
0.9715808198917794,-0.1226975840693757,0.109806413730515,-0.3590508656089929
0.9719242079099476,-0.1238280148239882,0.1077876379733281,-0.357271636014887
0.9722652061218254,-0.1249662566693622,0.1057456664239918,-0.3555003028646061
0.9726036427945538,-0.1261123895144164,0.1036807319846505,-0.353736502074187
0.9729393419202724,-0.1272664931707731,0.1015930646861922,-0.3519798567880725
0.9732721224967144,-0.1284286451030345,0.0994828957322184,-0.3502299805854632
0.973601798808062,-0.1295989215446741,0.0973504554823696,-0.3484864754788178
0.9739281804654588,-0.1307773978549426,0.0951959727715524,-0.3467489311341637
0.9742510721234912,-0.1319641477203675,0.0930196763318896,-0.3450169257990216
0.9745702733556074,-0.1331592428766361,0.0908217952755411,-0.3432900264088936
0.974885578746929,-0.1343627536424663,0.0886025580770524,-0.341567787514368
0.9751967777094122,-0.1355747484342092,0.0863621934179911,-0.339849751689961
0.9755036542340166,-0.1367952929761823,0.0841009316008691,-0.3381354503276154
0.9758059872926356,-0.1380244520858027,0.0818190011869736,-0.3364244008025256
0.9761035503080594,-0.1392622877965776,0.0795166324040323,-0.334716108801164
0.9763961111251036,-0.1405088593859613,0.0771940570332576,-0.3330100679156756
0.9766834321575796,-0.1417642241962387,0.0748515068038694,-0.3313057581698236
0.9769652701831846,-0.1430284370019944,0.0724892144829952,-0.3296026465464952
0.9772413762027138,-0.144301549592708,0.0701074145649066,-0.3279001871847586
0.9775114953723976,-0.1455836106531254,0.0677063433986479,-0.3261978211562334
0.9777753670343964,-0.1468746661293546,0.0652862383965428,-0.3244949755946142
0.9780327245573526,-0.1481747587159683,0.0628473388801817,-0.3227910639885972
0.9782832951802276,-0.149483927283586,0.060389887034272,-0.3210854865212479
0.9785268000486944,-0.1508022072715866,0.0579141270418357,-0.319377629132748
0.978762954150232,-0.152129630623262,0.0554203050679382,-0.3176668631835936
0.9789914661994844,-0.1534662254483113,0.0529086697481495,-0.3159525454559564
0.979212038458958,-0.1548120152387898,0.0503794735089987,-0.3142340187028778
0.9794243667619,-0.1561670192332494,0.0478329717221678,-0.3125106107070456
0.979628140402108,-0.1575312520271112,0.0452694232658521,-0.3107816342962549
0.9798230421319588,-0.1589047239027698,0.042689089724959,-0.3090463864300051
0.980008747842812,-0.1602874389109133,0.0400922388067449,-0.3073041501103331
0.9801849268739324,-0.1616793974317634,0.0374791393311805,-0.3055541906186839
0.9803512415647656,-0.1630805932745753,0.0348500664709874,-0.303795758626885
0.9805073474157556,-0.1644910153015334,0.0322052984848646,-0.3020280875858032
0.9806528927748622,-0.1659106451458583,0.0295451207692657,-0.3002503960015764
0.98078751897574,-0.1673394588360362,0.0268698225718057,-0.2984618847919947
0.9809108602109592,-0.1687774263247607,0.0241796976278814,-0.2966617372502096
0.9810225432995302,-0.1702245094533989,0.021475047707687,-0.2948491209404739
0.981122187784945,-0.1716806636604072,0.0187561791448971,-0.293023184883758
0.9812094057696256,-0.1731458368265833,0.0160234047126198,-0.2911830603005158
0.9812838017927636,-0.1746199681177571,0.0132770454815047,-0.2893278613364181
0.9813449728208562,-0.1761029886646735,0.0105174292362222,-0.2874566834556655
0.9813925081509216,-0.1775948211249227,0.0077448909673538,-0.2855686032035238
0.9814259893149626,-0.1790953791427052,0.0049597735370306,-0.283662678067284
0.9814449899979588,-0.1806045675070685,0.0021624270328774,-0.2817379454149031
0.9814490759299817,-0.1821222786639857,-0.0006467851416809,-0.2797934260607965
0.9814378048618008,-0.1836483973421955,-0.0034674952291211,-0.2778281174388483
0.9814106993355074,-0.1851839827262906,-0.0063015116232489,-0.2758394569957452
0.9813672477720338,-0.1867293594007807,-0.0091492873408821,-0.2738257673269957
0.9813069278396116,-0.1882844123329105,-0.0120104725680073,-0.2717858908781544
0.981229205204699,-0.1898490141460566,-0.0148847055293953,-0.2697186395243221
0.9811335331648936,-0.191423025949832,-0.0177716146003559,-0.2676227917032009
0.9810193526956292,-0.1930062913853126,-0.0206708080107977,-0.2654970985021935
0.9808860920955342,-0.1945986390643224,-0.0235818790115907,-0.2633402785948686
0.980733167043687,-0.1961998787040241,-0.0265043995245157,-0.2611510215309532
0.9805599800507852,-0.1978098044676855,-0.0294379270077406,-0.258927981181378
0.9803659208919212,-0.199428188044331,-0.0323819926374598,-0.2566697831362265
0.9801503660703832,-0.2010547818993302,-0.0353361080999132,-0.2543750181177311
0.9799126785803752,-0.2026893184483146,-0.0382997649698783,-0.2520422407708379
0.9796522087090926,-0.2043315027969731,-0.0412724224991872,-0.2496699776718498
0.9793682930434175,-0.2059810182879977,-0.0442535186947077,-0.2472567170572229
0.9790602554753616,-0.2076375188834669,-0.0472424576000045,-0.2448009173677858
0.9787274067993794,-0.209300630942924,-0.0502386136593778,-0.2423010022427367
0.9783690449197828,-0.2109699511396679,-0.0532413291491798,-0.2397553609996437
0.9779844553073432,-0.2126450436406212,-0.0562499103634155,-0.2371623502769171
0.9775729119188774,-0.2143254360236796,-0.0592636216247406,-0.2345202978077936
0.9771336771520592,-0.2160106197995795,-0.062281687641951,-0.2318274991331007
0.9766660031363316,-0.2177000456834414,-0.0653032865192533,-0.2290822225777996
0.9761691326240252,-0.2193931213443653,-0.0683275473011813,-0.2262827106051111
0.9756423000317566,-0.2210892090578153,-0.0713535474172474,-0.2234271814839196
0.9750847331232836,-0.2227876218586365,-0.0743803075279678,-0.2205138337411369
0.9744956556759058,-0.2244876178025238,-0.0774067830895946,-0.2175408544802031
0.973874287753002,-0.226188402096,-0.0804318700004398,-0.2145064145456274
0.9732198515194582,-0.227889114379925,-0.0834543838803581,-0.2114086904228559
0.9725315713197143,-0.2295888333528889,-0.086473070255826,-0.2082458563919302
0.9718086796159424,-0.2312865666718121,-0.0894865885863945,-0.2050161039878094
0.9710504212289928,-0.2329812473986778,-0.0924935079458554,-0.2017176513078483
0.970256058730449,-0.2346717292607338,-0.0954923005654505,-0.1983487561041785
0.969424877745906,-0.2363567837351662,-0.0984813385452792,-0.1949077271065607
0.968556194010604,-0.2380350951253172,-0.1014588868875103,-0.1913929414001445
0.9676493623495664,-0.2397052541770641,-0.1044230937655357,-0.1878028677995205
0.9667037840708014,-0.2413657570541404,-0.1073719900526617,-0.1841360821315183
0.965718919861165,-0.243014996780426,-0.1103034751404155,-0.1803913025117977
0.9646942970286098,-0.2446512672727363,-0.1132153246805705,-0.1765674010279041
0.9636295224620172,-0.2462727596450025,-0.1161051840776599,-0.1726634364402397
0.9625242955885812,-0.2478775616165945,-0.1189705668333107,-0.1686786851987282
0.9613784200177234,-0.2494636614145362,-0.1218088601291502,-0.1646126667365386
0.9601918159442032,-0.2510289526175522,-0.1246173312297034,-0.1604651711827324
0.9589645341456222,-0.2525712390809827,-0.1273931330256286,-0.1562362924024145
0.9576967637577876,-0.2540882495671261,-0.1301333259483016,-0.1519264397768668
0.956388844465894,-0.2555776476003671,-0.1328348902364197,-0.1475363663913567
0.9550412736861528,-0.257037048307322,-0.1354947496667283,-0.1430671812986666
0.9536547097323304,-0.2584640393192176,-0.1381098016802292,-0.1385203505721469
0.9522299760788304,-0.2598561995684566,-0.140676942776418,-0.1338977045045655
0.9507680568583652,-0.2612111255162982,-0.1431931068156827,-0.1292014189172279
0.9492700930893102,-0.2625264539425195,-0.1456552966272598,-0.1244340022552779
0.9477373743634476,-0.2637998862183707,-0.1480606181821613,-0.1195982712405657
0.9461713235612434,-0.2650292148237203,-0.1504063193077989,-0.1146973078504361
0.9445734869193468,-0.2662123415187341,-0.1526898132542418,-0.1097344363202105
0.9429455112639896,-0.2673473015857927,-0.1549087147998969,-0.104713162747867
0.9412891282825582,-0.2684322781120445,-0.1570608587070365,-0.0996371392825156
0.9396061360662576,-0.2694656146565806,-0.1591443164400089,-0.0945101215513014
0.9378983764275196,-0.2704458266872881,-0.1611574124180606,-0.0893359146284807
0.9361677185689882,-0.2713716055015144,-0.1630987272507796,-0.0841183392883521
0.9344160414572344,-0.2722418202961,-0.1649670990585633,-0.0788611945173398
0.9326452136335084,-0.2730555187745795,-0.1667616240431907,-0.0735682123119877
0.9308570829184832,-0.2738119207477676,-0.1684816441015602,-0.0682430416934788
0.929053460957853,-0.2745104128986396,-0.1701267386366363,-0.0628892163787427
0.9272361153318184,-0.2751505391757433,-0.1716967081716252,-0.057510143970774
0.9254067575568296,-0.2757319921726175,-0.1731915616324943,-0.0521090817375458
0.9235670364466588,-0.2762546019292203,-0.1746114988269322,-0.0466891270485972
0.9217185362585408,-0.2767183235051237,-0.1759568901771797,-0.0412532205466472
0.919862769616736,-0.277123226347284,-0.1772282616406239,-0.0358041326137815
0.9180011777874858,-0.277469482017753,-0.17842627525521,-0.0303444702415146
0.9161351277978196,-0.2777573532926127,-0.1795517134082737,-0.0248766734398478
0.9142659152082636,-0.2779871828715801,-0.1806054609383649,-0.0194030271559736
0.9123947617146208,-0.2781593836580975,-0.1815884919104061,-0.0139256570677181
0.910522821296222,-0.2782744287546472,-0.1825018530501048,-0.0084465495524384
0.908651178685266,-0.2783328431661752,-0.1833466529195422,-0.0029675484275245
0.9067808534498856,-0.2783351956752166,-0.1841240493999149,0.0025096325097267
0.9049128024442004,-0.2782820916812673,-0.1848352393852583,0.0079834022609823
0.903047077684717,-0.2781741054497747,-0.1854817280032054,0.0134547637910379
0.9011845092509968,-0.2780118220189588,-0.1860646821262069,0.0189223855407824
0.8993259120473424,-0.2777958504604724,-0.1865852744370673,0.0243849242818024
0.8974720485016956,-0.2775268183404433,-0.1870446923360752,0.029841135349838
0.8956236355823098,-0.2772053680812339,-0.1874441308859358,0.0352898531921539
0.8937813435009565,-0.276832152769449,-0.1877847887174634,0.0407299965181182
0.8919457987176039,-0.2764078328083532,-0.1880678632613256,0.046160560946316
0.8901175889241579,-0.275933073619547,-0.188294546448198,0.0515806058515813
0.8882972619039671,-0.2754085423170243,-0.18846602187897,0.0569892593836523
0.8864853312654456,-0.2748349064175007,-0.1885834614993801,0.0623857031544489
0.8846822766003232,-0.2742128314711802,-0.1886480234277924,0.0677691734503486
0.8828885461937767,-0.2735429796438468,-0.1886608498272164,0.0731389548683986
0.8811045584017521,-0.2728260081344228,-0.1886230651790015,0.078494377900869
0.8793306956750254,-0.2720625644798045,-0.1885357742939842,0.0838348386807634
0.8775673205443907,-0.2712532911442001,-0.1884000612873478,0.0891597526971046
0.8758147745896475,-0.2703988242205484,-0.1882169891476747,0.0944685593035842
0.8740733761223989,-0.2694997911889852,-0.1879875988680243,0.0997607302074642
0.8723434231712867,-0.268556811156012,-0.1877129090388661,0.1050357619195493
0.8706251918310094,-0.2675704927936102,-0.1873939149291866,0.1102931822515458
0.8689189395931289,-0.2665414349791881,-0.1870315883519013,0.1155325416139056
0.8672249068375214,-0.2654702267374583,-0.1866268775231263,0.120753409792723
0.8655433167570291,-0.2643574462978398,-0.186180706642864,0.1259553774916188
0.8638743758674146,-0.2632036604655948,-0.1856939755629456,0.1311380560677133
0.8622182772383757,-0.2620094259992374,-0.1851675603579979,0.1363010687430161
0.8605751977770807,-0.2607752869260429,-0.184602312201708,0.1414440602379706
0.8589453020906659,-0.2595017765238909,-0.183999058259989,0.1465666858981964
0.8573287418754857,-0.2581894162213106,-0.1833586012815419,0.1516686146781694
0.855725656064222,-0.2568387149562804,-0.1826817193462634,0.1567495297697103
0.8541361723301161,-0.2554501696869377,-0.1819691661876235,0.1618091248964868
0.8525604093343379,-0.2540242667866247,-0.1812216720382843,0.1668470981091168
0.8509984726901676,-0.2525614778038518,-0.1804399415280073,0.1718631656147666
0.8494504583905951,-0.2510622617228344,-0.1796246549050215,0.1768570518287227
0.8479164551909486,-0.2495270667365585,-0.1787764691323211,0.1818284825296506
0.8463965410156534,-0.2479563261376585,-0.1778960157499665,0.1867771973046161
0.8448907869686839,-0.2463504616625016,-0.1769839028059777,0.1917029373924555
0.8433992545478427,-0.244709879965299,-0.1760407129675162,0.1966054555535017
0.8419219977714344,-0.2430349741081513,-0.1750670044219852,0.2014845099421065
0.8404590645581418,-0.2413261245175466,-0.174063311527793,0.2063398602678942
0.8390104957115996,-0.239583697228971,-0.1730301438810579,0.211171271834094
0.837576324644647,-0.2378080427725825,-0.1719679857077198,0.2159785171935254
0.8361565790568405,-0.235999497440336,-0.1708772966676281,0.2207613712421086
0.8347512811516407,-0.234158382891978,-0.1697585116844245,0.2255196111044423
0.833360446576804,-0.2322850039858991,-0.1686120396731294,0.2302530203565529
0.8319840868160584,-0.2303796511311099,-0.1674382650086062,0.2349613815278873
0.8306222077372675,-0.2284425975513661,-0.1662375458877908,0.2396444816056121
0.8292748106129683,-0.226474099790178,-0.1650102146555436,0.244302109129289
0.8279418920217053,-0.2244743966573551,-0.1637565771633316,0.2489340550794452
0.8266234458148142,-0.2224437112786803,-0.1624769140674949,0.25354010654635
0.8253194607407782,-0.2203822465715272,-0.1611714779922653,0.2581200554746397
0.8240299221406623,-0.2182901867252092,-0.1598404944382311,0.2626736932642833
0.8227548118977427,-0.2161676960471003,-0.1584841610314415,0.2672008113986349
0.8214941100550613,-0.2140149205665441,-0.1571026485261692,0.271701196111045
0.8202477924951936,-0.211831982960437,-0.1556960975200228,0.2761746370370827
0.819015832980147,-0.2096189846674127,-0.1542646197487154,0.2806209203632141
0.8177982044412231,-0.2073760070128386,-0.1528082987693453,0.2850398244660095
0.8165948765596278,-0.205103105465026,-0.1513271861731667,0.2894311289693861
0.8154058180208394,-0.2028003122214598,-0.1498213031728656,0.2937946068977906
0.8142309962996356,-0.2004676343124752,-0.1482906392781206,0.2981300256931895
0.8130703782515043,-0.1981050531344028,-0.1467351518861594,0.3024371452572061
0.811923929337997,-0.195712521091176,-0.1451547639509312,0.3067157210313907
0.810791616867505,-0.1932899664882632,-0.1435493670843617,0.3109654920618617
0.8096734070839768,-0.1908372855880736,-0.1419188161691007,0.3151861919360566
0.808569268005406,-0.1883543465829521,-0.1402629318285175,0.3193775382014823
0.8074791680773434,-0.1858409844938052,-0.138581496864779,0.3235392374378883
0.8064030791640001,-0.1832970057216003,-0.1368742591191511,0.3276709737990374
0.8053409755402966,-0.1807221835572565,-0.1351409282923127,0.331772412643377
0.8042928352380934,-0.178116258959637,-0.1333811762711618,0.3358431951217421
0.8032586407043053,-0.1754789397337679,-0.1315946363814109,0.3398829352746084
0.8022383797434652,-0.1728099003744456,-0.1297809030858728,0.3438912159122578
0.801232048276318,-0.1701087868576871,-0.1279395350648653,0.347867577162335
0.8002396491049077,-0.1673752110691466,-0.1260700512703622,0.3518115205470485
0.7992611970673479,-0.1646087626285185,-0.1241719388760224,0.3557224876045071
0.7982967187618091,-0.1618090066512122,-0.1222446517101639,0.3595998596822072
0.7973462558695028,-0.1589754919388498,-0.1202876159034324,0.3634429431598349
0.7964098669904032,-0.1561077558305481,-0.1183002333717066,0.3672509602607108
0.7954876333609886,-0.1532053421217727,-0.1162818945235411,0.3710230236687452
0.7945796613862428,-0.150267811404016,-0.1142319859987369,0.3747581234701181
0.7936860871946586,-0.1472947597444223,-0.1121499045038839,0.3784551053324029
0.7928070845438312,-0.1442858519501219,-0.1100350813161551,0.382112634051684
0.7919428690407537,-0.1412408471624919,-0.1078870020287736,0.3857291714447551
0.7910937055957844,-0.1381596404366649,-0.1057052382287523,0.3893029400103295
0.790259917996407,-0.1350423193818242,-0.1034894907965763,0.3928318765703692
0.7894418951504752,-0.1318892175971197,-0.1012396321208502,0.3963135988332791
0.7886400984720726,-0.1287009819431019,-0.0989557594635478,0.3997453662844821
0.7878550693602995,-0.1254786521598356,-0.0966382587348974,0.4031240398119354
0.7870874294110483,-0.1222237236203938,-0.0942878578429166,0.4064460720800828
0.7863378797036621,-0.1189382169810651,-0.0919056865619651,0.4097075022981134
0.7856071908984054,-0.1156247178934708,-0.0894933161706339,0.4129039919073524
0.784896184479545,-0.1122863803411413,-0.0870527734436786,0.4160309013380898
0.7842057058421287,-0.1089268873287773,-0.0845865234719767,0.419083406260737
0.7835365879699067,-0.1055503510953269,-0.0820974070294068,0.4220566602267259
0.7828896110813073,-0.1021611654248625,-0.0795885402824266,0.4249459810036504
0.782265462370839,-0.0987638205575612,-0.0770631834110591,0.4277470424030841
0.7816647013784367,-0.0953627035715404,-0.0745245942819,0.4304560461798078
0.781087736372683,-0.0919619146282882,-0.0719758896282631,0.4330698482093798
0.7805348143130671,-0.0885651225974614,-0.0694199318656284,0.4355860251278672
0.7800060241428237,-0.0851754732124894,-0.0668592524859652,0.4380028802134575
0.7795013108064469,-0.0817955507347872,-0.064296014080985,0.4403193983781151
0.7790204962475614,-0.0784273851221445,-0.0617320062049765,0.4425351660276941
0.7785633038385662,-0.0750724938008677,-0.05916866783363,0.4446502714059942
0.778129382640996,-0.0717319412670985,-0.0566071243427891,0.4466652019429434
0.7777183298577751,-0.0684064082608879,-0.0540482330544057,0.44858074654634
0.7773297098255703,-0.0650962582124249,-0.0514926280334831,0.4503979110749572
0.776963069898298,-0.0618016015131961,-0.0489407644958804,0.4521178460076169
0.7766179524814125,-0.0585223479448705,-0.0463929552224267,0.4537417903762195
0.7762939043727762,-0.0552582527306241,-0.0438494029892017,0.4552710270976973
0.7759904835324727,-0.0520089535063468,-0.0413102267388858,0.4567068495491611
0.7757072638515718,-0.0487739996061134,-0.0387754823904179,0.4580505370412958
0.7754438383716209,-0.0455528747053379,-0.0362451789443483,0.4593033373065337
0.7751998214612179,-0.0423450155420361,-0.0337192918928542,0.4604664537801435
0.7749748499006205,-0.0391498232738082,-0.0311977711259935,0.461541038037047
0.774768583738522,-0.0359666764358832,-0.028680550311753,0.4625281833544533
0.7745807063510105,-0.0327949363327846,-0.0261675504730203,0.4634289221724348
0.7744109243845307,-0.0296339523435124,-0.023658683602947,0.4642442242371302
0.7742589676046766,-0.026483067520201,-0.0211538566081529,0.4649749953339659
0.7741245885018062,-0.0233416210241444,-0.018652972815684,0.4656220773374012
0.7740075618475526,-0.0202089495388078,-0.016155932714534,0.4661862486524886
0.7739076842791665,-0.0170843890412987,-0.0136626350219217,0.4666682246765991
0.7738247738506512,-0.0139672750464729,-0.0111729765646319,0.4670686585725084
0.7737586696756786,-0.0108569450947837,-0.0086868539790733,0.4673881417462134
0.7737092314825689,-0.0077527364288854,-0.0062041615907956,0.4676272048932524
0.7736763393290648,-0.0046539877313634,-0.0037247925561566,0.467786318412822
0.77365989330656,-0.0015600385082237,-0.0012486381404469,0.4678658930082934
0.7736578116100041,3.668431552451834e-11,-3.0213254207517304e-11,0.4678759662226519
