2.98552794019368
0.7570120522750348,2.6575650294398404e-23,3.128790449483985e-13,0.5113211174538349
0.7570141997865178,0.0018229227543588,0.0012047161078228,0.5113098078682158
0.7570289257137419,0.0051096454242731,0.0033766618013724,0.5112322633365234
0.7570576294225061,0.0083973065427333,0.0055487934222716,0.5110811521020553
0.7571003426026114,0.0116866344672906,0.0077213139659022,0.5108563811305793
0.7571571098672315,0.0149781618543152,0.0098942986121359,0.510557825541542
0.7572279891403811,0.0182724142477316,0.01206782002285,0.5101853268596211
0.7573130519150666,0.0215699203232976,0.0142419557705937,0.5097386920352199
0.7574123833312463,0.0248712074482989,0.0164167860721232,0.5092176935009776
0.757526082316687,0.0281768012411572,0.0185923941688592,0.5086220689862837
0.757654261841134,0.0314872274082863,0.0207688682089264,0.507951520829408
0.7577970495047974,0.0348030191906156,0.0229463068054097,0.5072057136412408
0.7579545876324064,0.0381247102125714,0.0251248149896196,0.5063842746623235
0.7581270339231826,0.0414528404028972,0.0273045087537341,0.5054867913245474
0.7583145621657962,0.0447879596849565,0.0294855181014797,0.5045128086064554
0.7585173626514937,0.0481306246209611,0.0316679854744346,0.5034618280944848
0.7587356429600133,0.0514814012281811,0.033852068213959,0.5023333052486316
0.7589696293672664,0.0548408746977617,0.0360379454876498,0.5011266436286457
0.7592195667561488,0.0582096353557771,0.0382258097252385,0.4998411970332452
0.7594857208462569,0.0615882972162967,0.040415879257936,0.4984762598731372
0.759768378593311,0.0649774884438738,0.0426083926600087,0.4970310672104744
0.7600678494636444,0.0683778535985313,0.0448036107589109,0.4955047905167274
0.7603844669211268,0.071790056616774,0.0470018191014636,0.4938965326161232
0.7607185898075062,0.0752147809941366,0.0492033286003203,0.4922053234674693
0.7610706031431163,0.0786527234521877,0.0514084720085038,0.4904301191677043
0.7614409199835832,0.0821045979509109,0.0536176070694079,0.4885697959100367
0.7618299816405952,0.0855711234210579,0.0558311092599553,0.48662315249341
0.762238258537271,0.0890530188435758,0.0580493693296225,0.484588909869993
0.7626662509475614,0.0925509976097265,0.0602727904417404,0.4824657115363673
0.7631144876564372,0.0960657462510793,0.0625017754785191,0.4802521344246148
0.7635835244905108,0.0995979062014854,0.0647367164590904,0.4779467003897248
0.764073940881551,0.103148044932934,0.0669779774169015,0.4755478972032492
0.7645863349165533,0.1067166225468732,0.0692258746498861,0.4730542064709942
0.7651213144497829,0.1103039394029401,0.0714806453038935,0.4704641498442867
0.7656794855546547,0.113910078176688,0.0737424128109416,0.4677763465739077
0.7662614357902958,0.1175348271033696,0.076011140877953,0.4649895938190743
0.7668677133071478,0.1211775960563129,0.0782865833580783,0.4621029636689256
0.7674987976722927,0.124837305071987,0.0805682172225989,0.4591159352565665
0.7681550677033855,0.1285122825705524,0.0828551818288549,0.4560285352140549
0.7688367640337118,0.1322001609194578,0.0851462165007747,0.45284149612948
0.7695439504884852,0.1358977928898041,0.0874396107715282,0.449556412696702
0.7702764822239339,0.1396012257013022,0.0897331895781774,0.4461758584543632
0.7710339842581904,0.1433057385814252,0.0920243364830475,0.4427034478442521
0.7718158514478155,0.1470059816336894,0.0943100777920567,0.4391437957690916
0.7726212724050842,0.1506962043510041,0.0965872199565626,0.4355023684356813
0.7734492769860092,0.1543705506874582,0.098852525991095,0.4317852329790418
0.774298802059013,0.1580233810342499,0.1011029068362597,0.4279987352433378
0.7751687636784368,0.1616495631836251,0.1033355927035017,0.4241491627260423
0.7760581221153179,0.1652446814142553,0.1055482539774794,0.4202424537511597
0.7769659322832317,0.168805148957148,0.1077390634201107,0.4162839837407378
0.7778913752046287,0.1723282253112701,0.1099067011179867,0.4122784439075634
0.7788337709730838,0.1758119582202392,0.1120503145755768,0.4082298058685358
0.7797925762173267,0.1792550757045153,0.1141694495114199,0.4041413549550566
0.7807673753197966,0.1826568701481846,0.1162639769630566,0.4000157494961328
0.7817578638820283,0.1860170716816294,0.1183340147077788,0.3958551108286369
0.7827638313981599,0.1893357363554951,0.1203798584017654,0.3916611133156716
0.7837851451790552,0.1926131536762725,0.122401925021477,0.3874350657546791
0.7848217367906516,0.195849774580693,0.124400709107247,0.3831779792903398
0.7858735873744224,0.1990461458509131,0.1263767430506054,0.378890637155887
0.7869407177422979,0.2022028675401289,0.128330571571654,0.374573642296675
0.7880231804966654,0.2053205619216326,0.1302627332711363,0.3702274549406125
0.789121053314654,0.2083998498414218,0.1321737466902527,0.3658524239982725
0.7902344317008565,0.2114413288379983,0.1340640973657822,0.3614488192518101
0.7913634257952957,0.2144455649850757,0.1359342333019342,0.3570168463159737
0.7925081556740041,0.2174130819842065,0.1377845586485846,0.3525566668289341
0.7936687524709245,0.2203443663651692,0.1396154373414337,0.3480683953473148
0.7948453504532487,0.2232398499259983,0.1414271824774732,0.3435521309950811
0.7960380894804407,0.2260999194242691,0.1432200626227885,0.3390079483086579
0.797247112796403,0.2289249141681749,0.1449943005310575,0.33443590607133
0.7984725642017908,0.2317151226616963,0.14675007120265,0.3298360580777093
0.799714587856037,0.2344707856398809,0.1484875039064658,0.3252084536578665
0.8009733295955799,0.23719210204112,0.1502066860384355,0.3205531325830724
0.8022489342799791,0.2398792259578952,0.1519076612692796,0.315870134716019
0.8035415450014919,0.2425322679447711,0.1535904303994155,0.3111595024644195
0.8048513020002859,0.2451512957034457,0.1552549517940367,0.3064212841765454
0.8061783462329787,0.247736343772431,0.1569011475331932,0.3016555207252294
0.8075228140197837,0.2502874051750341,0.1585288980845648,0.2968622643525725
0.808884839946531,0.2528044395093016,0.1601380474104629,0.2920415675775418
0.8102645548210183,0.2552873711731122,0.1617284017880489,0.2871934898823784
0.8116620881000602,0.2577360957103062,0.1632997338127517,0.2823180885591172
0.8130775632969903,0.2601504734776342,0.164851778270022,0.2774154341605579
0.8145110999529783,0.2625303351570407,0.1663842355823793,0.2724856027887526
0.8159628149572454,0.2648754855118634,0.1678967741459173,0.267528670910856
0.8174328199009363,0.2671857004959623,0.1693890283794225,0.2625447237812993
0.818921222270565,0.2694607306995913,0.1708606008466951,0.2575338506169403
0.8204281243116038,0.2717003009317581,0.1723110618834122,0.252496147722191
0.8219536218755725,0.2739041099341403,0.173739949297992,0.2474317215261756
0.8234978079504222,0.2760718367255605,0.1751467723696858,0.2423406760940405
0.8250607681390951,0.2782031351494813,0.1765310081952657,0.2372231274118155
0.8266425820971482,0.2802976371683263,0.1778921036979251,0.232079197763275
0.8282433232834284,0.2823549535609425,0.1792294759501892,0.2269090157518506
0.8298630586974417,0.2843746745524028,0.18054251244739,0.2217127163512224
0.8315018487923639,0.2863563706070354,0.1818305714812085,0.2164904403829132
0.8331597463613719,0.2882995919540815,0.1830929816829846,0.2112423372405079
0.8348367962348489,0.2902038691639871,0.1843290422445752,0.2059685649514138
0.8365330361125806,0.2920687149145562,0.1855380239043126,0.2006692866882713
0.8382484950822977,0.2938936230591404,0.1867191681730654,0.1953446745597455
0.8399831958238668,0.2956780716409694,0.1878716891058268,0.1899949019107985
0.8417371493992616,0.297421518110698,0.1889947700215744,0.1846201585488116
0.843510359221727,0.2991234041805039,0.190087566446271,0.1792206375157188
0.845302818391807,0.3007831537345315,0.1911492045565813,0.1737965423494027
0.8471145105657912,0.3024001742797425,0.1921787818937601,0.1683480834680783
0.8489454091258631,0.3039738566946854,0.193175366967597,0.1628754797304161
0.8507954772761246,0.3055035757982933,0.1941379993674072,0.1573789571774957
0.8526646661246099,0.3069886892366864,0.1950656887980373,0.1518587537298458
0.8545529156892929,0.3084285388254069,0.1959574156496476,0.1463151151380596
0.8564601531294848,0.3098224496145449,0.1968121301205939,0.1407482991281896
0.858386294975712,0.3111697319226202,0.1976287531481387,0.1351585678097721
0.860331243295463,0.3124696788918963,0.1984061745652362,0.129546197765595
0.8622948872410248,0.3137215680030335,0.1991432536666905,0.1239114743734211
0.8642771008455109,0.3149246599750653,0.1998388181704526,0.1182546969649036
0.8662777460151605,0.3160782008765357,0.2004916650213158,0.1125761690760548
0.8682966692097508,0.3171814202275862,0.2011005588063127,0.1068762067478832
0.8703337010077766,0.3182335310357824,0.2016642312974716,0.1011551384445995
0.8723886541196094,0.3192337290566918,0.2021813805560431,0.0954133092606247
0.8744613263794736,0.3201811944850984,0.2026506712620429,0.0896510711517421
0.8765514985904761,0.3210750908615428,0.2030707334715252,0.0838687876137371
0.8786589319941012,0.3219145640841394,0.2034401614805618,0.0780668392005675
0.880783369682068,0.3226987431227077,0.2037575134506527,0.0722456180530212
0.8829245351443106,0.3234267394070224,0.2040213103205609,0.0664055303140307
0.8850821334602883,0.3240976471000909,0.2042300349743523,0.060546991248761
0.8872558457967508,0.32471054121368,0.2043821306319501,0.0546704384747414
0.889445331130432,0.3252644782349277,0.2044760001193266,0.0487763253632219
0.8916502292565189,0.3257584965439903,0.2045100046308936,0.042865111085443
0.8938701521856198,0.3261916140229711,0.2044824620379449,0.0369372817437261
0.8961046960865476,0.3265628300750476,0.204391645238402,0.0309933163515022
0.8983534358635779,0.3268711232214621,0.2042357796170938,0.025033699397606
0.9006159052070402,0.3271154480509178,0.2040130427183306,0.0190589712696665
0.9028916061737436,0.3272947373109574,0.2037215628808217,0.0130696999172855
0.9051800127245724,0.3274079018608686,0.2033594168986348,0.007066468808408
0.9074805649159884,0.3274538296769645,0.2029246285520776,0.0010498893627132
0.9097926661129913,0.3274313855172091,0.202415167067946,-0.0049793948836894
0.9121158384208844,0.3273394021339827,0.2018289031683159,-0.0110211152954424
0.9144497711404912,0.3271766520026319,0.2011635660520445,-0.0170755022459163
0.9167937886278,0.326941876121405,0.2004168829634935,-0.0231419080234563
0.919147154768052,0.3266337875052492,0.1995865164678374,-0.0292196068062744
0.921509066514017,0.3262510738819654,0.1986700661520879,-0.0353077829754842
0.9238786363755432,0.3257924035369721,0.1976650760983923,-0.0414054912961932
0.9262548815064676,0.3252564325674904,0.1965690426426243,-0.0475116344963022
0.9286367109254512,0.3246418145230143,0.1953794253705002,-0.053624936199515
0.9310229029258538,0.323947215445306,0.1940936665696774,-0.0597438887336429
0.9334120829256596,0.3231713333279155,0.1927092161796115,-0.0658667019724597
0.9358026952476052,0.3223129247182876,0.1912235670135227,-0.0719912361471661
0.938192969829048,0.321370840017655,0.1896343022968032,-0.078114920726049
0.940580889713444,0.3203440668127516,0.1879391540902509,-0.0842346736779185
0.9429641409428098,0.3192317908673507,0.1861360883456858,-0.0903467731119908
0.9453400773629168,0.3180334635356895,0.1842233976567365,-0.0964467634108872
0.947705663069782,0.3167488941639695,0.1821998322534954,-0.1025292988002084
0.9500574434100408,0.3153783447387012,0.1800647329897298,-0.1085880532617649
0.9523915109212816,0.313922642646977,0.177818193011951,-0.1146156088306358
0.9547035090220836,0.3123832857690221,0.1754612091069859,-0.1206034310100183
0.9569886631845266,0.3107625383022958,0.1729958227129722,-0.1265419045823719
0.9592418650027986,0.3090634905146837,0.1704252116675255,-0.1324204966895608
0.9614578099300234,0.3072900653172537,0.1677537089012843,-0.1382280529164678
0.9636311828624446,0.3054469576464968,0.1649867280742226,-0.1439532172464524
0.965756868506913,0.3035395081755375,0.1621305981856287,-0.149584923124644
0.9678301715269,0.301573511819907,0.1591923061069626,-0.155112924214013
0.9698469946412632,0.2995550038446373,0.1561792082056276,-0.1605282340460381
0.9718039637839756,0.2974900435831614,0.1530987374357837,-0.1658234475580023
0.9736984821571284,0.2953845302120976,0.1499581543581254,-0.1709928941722185
0.9755287266156328,0.2932440575899145,0.14676435061365,-0.1760326535077608
0.9772935892705568,0.2910738250670742,0.1435237293902213,-0.1809404346490042
0.9789925870335272,0.2888785963090373,0.1402421513984211,-0.185715373326494
0.9806257641754964,0.2866626861509521,0.1369249175672878,-0.190357810540881
0.982193592192798,0.2844299743671098,0.1335767880394772,-0.1948690607628605
0.9836968755555576,0.2821839371374074,0.1302020249617891,-0.1992511908663768
0.9851366738484406,0.2799276795739399,0.126804435194576,-0.2035068389066875
0.986514232180817,0.2776639777055249,0.1233874263607457,-0.2076390492834631
0.9878309299688603,0.275395310690864,0.1199540478998317,-0.211651154541122
0.9890882382923292,0.273123893852307,0.1165070333903751,-0.2155466763713468
0.9902876823808084,0.2708517165077923,0.1130488505360149,-0.2193292355228406
0.991430820149074,0.2685805615310058,0.1095817239411103,-0.2230025057256917
0.9925192203952472,0.2663120330612771,0.1061076707811,-0.2265701622878239
0.9935544503602368,0.2640475723416685,0.102628518940285,-0.2300358566228142
0.9945380612073532,0.2617884831720926,0.0991459404640142,-0.233403180437112
0.9954715830965573,0.259535940923331,0.0956614603596369,-0.2366756587825045
0.9963565181975496,0.2572910086054562,0.0921764767096269,-0.2398567341683696
0.9971943354862044,0.2550546519286658,0.0886922798015189,-0.2429497542518629
0.9979864712792136,0.2528277411852229,0.0852100511910607,-0.2459579787777797
0.998734323352623,0.2506110716024731,0.0817308919428953,-0.2488845614312034
0.9994392546232173,0.2484053582723751,0.0782558115237816,-0.2517325665059169
1.000102588821563,0.2462112546783387,0.0747857539690847,-0.2545049539167696
1.000725612573859,0.2440293531735545,0.0713215960696612,-0.2572045881522938
1.0013095763974718,0.241860187909627,0.0678641495460349,-0.2598342431761846
1.0018556932324294,0.239704247199806,0.0644141785055469,-0.2623965956329368
1.0023651413724703,0.2375619700489253,0.060972391924101,-0.2648942370895786
1.0028390639111944,0.2354337555917389,0.0575394568978294,-0.2673296702590497
1.0032785702294862,0.2333199648632537,0.0541159998506373,-0.2697053141478546
1.0036847379741416,0.2312209189927828,0.0507026020151512,-0.2720235125500207
1.004058612084984,0.2291369119415289,0.0472998186622837,-0.27428652599981
1.004401208087874,0.2270682013899763,0.0439081629658478,-0.276496547631938
1.0047135113946073,0.2250150202031519,0.0405281234665252,-0.2786556960370002
1.0049964790550874,0.2229775746621017,0.0371601600957026,-0.2807660223437991
1.0052510407760544,0.2209560458555469,0.0338047053993673,-0.2828295134302962
1.0054780996732895,0.2189505927970353,0.0304621687132988,-0.2848480931009302
1.0056785332927536,0.2169613533420597,0.0271329367879268,-0.2868236252971657
1.0058531946147424,0.2149884441668544,0.0238173728803882,-0.2887579179261585
1.0060029124637095,0.2130319670796329,0.0205158265612628,-0.2906527202661183
1.00612849293058,0.2110920034562136,0.0172286236272134,-0.2925097318058648
1.0062307197907945,0.2091686189363828,0.013956073280451,-0.294330600773465
1.0063103552667505,0.2072618645194528,0.0106984693449208,-0.2961169260749773
1.006368140765702,0.2053717773300301,0.0074560909655101,-0.2978702593655774
1.006404797561881,0.2034983819704899,0.004229204355282,-0.2995921064102511
1.0064210274896703,0.2016416878809166,0.0010180576830805,-0.3012839319374888
1.0064175134557571,0.1998016964712841,-0.0021771071440045,-0.3029471554031399
1.0063949135652086,0.1979780237285224,-0.0053567141710917,-0.3045834907148458
1.0063538175331153,0.1961690038600788,-0.0085234391925537,-0.3061957338114388
1.0062947964869644,0.1943746660405929,-0.0116770124866191,-0.3077851048328669
1.006218409669512,0.1925950432367452,-0.0148171495243408,-0.30935278448164
1.0061252045450917,0.1908301580349836,-0.0179435760092551,-0.3108999279149918
1.0060157170892998,0.189080024395082,-0.0210560251351922,-0.3124276642827469
1.0058904720773676,0.1873446485133424,-0.0241542363666197,-0.3139370970136431
1.0057499832001568,0.1856240275140048,-0.0272379580861468,-0.315429305934007
1.0055947532916374,0.183918150405554,-0.0303069462164435,-0.3169053473559669
1.0054252747891692,0.1822270010138989,-0.0333609592286248,-0.318366252425478
1.0052420295132805,0.1805505537702957,-0.0363997660101692,-0.3198130316044223
1.0050454890597935,0.1788887765605747,-0.0394231410353154,-0.3212466730020613
1.0048361151094598,0.1772416319503064,-0.0424308623934309,-0.3226681420829606
1.0046143594641752,0.1756090761635174,-0.045422713895555,-0.3240783832746988
1.0043806641632094,0.173991059102089,-0.0483984853063528,-0.3254783206461681
1.004135461555019,0.1723875241949979,-0.0513579728913738,-0.326868858709133
1.0038791747563818,0.1707984107367628,-0.0543009753530659,-0.3282508810346884
1.0036122176314632,0.1692236528856745,-0.0572272958965511,-0.329625251730605
1.0033349947131351,0.167663178707851,-0.0601367442492287,-0.3309928168738826
1.0030479016664935,0.166116912396579,-0.0630291327664306,-0.3323544031503554
1.0027513253367364,0.1645847739153459,-0.0659042772984986,-0.3337108187116837
1.002445643853138,0.1630666790621279,-0.068761997277242,-0.3350628536500889
1.0021312266313,0.1615625390979927,-0.0716021166240137,-0.3364112808514899
1.0018084346737532,0.1600722618549369,-0.0744244618640101,-0.3377568555147143
1.0014776206005314,0.1585957514823141,-0.0772288627917547,-0.3391003158643498
1.0011391287154006,0.1571329084344148,-0.0800151526839993,-0.3404423836453013
1.000793295390091,0.1556836308083606,-0.0827831659286104,-0.3417837633595254
1.0004404489628718,0.1542478135364823,-0.0855327397246472,-0.3431251434449528
1.0000809097769563,0.1528253482906174,-0.0882637144369546,-0.3444671968167468
0.999714990375394,0.151416124021583,-0.0909759327264974,-0.3458105808062363
0.999342995773716,0.1500200277272532,-0.0936692382206524,-0.3471559368476132
0.9989652235410847,0.1486369444385978,-0.0963434756741275,-0.3485038908809292
0.9985819635351916,0.1472667560065965,-0.0989984934542081,-0.3498550549426747
0.9981934985102916,0.1459093430873145,-0.1016341398355504,-0.3512100256330909
0.9978001040163332,0.1445645844858888,-0.1042502643870919,-0.3525693851276543
0.9974020484519802,0.1432323571098764,-0.1068467181821058,-0.3539337016096201
0.9969995932254998,0.1419125362914502,-0.1094233532839854,-0.3553035293243862
0.996592992880077,0.140604995970288,-0.1119800224935088,-0.356679408758394
0.9961824953489704,0.1393096092729304,-0.1145165783112611,-0.3580618663790832
0.9957683418230404,0.1380262478498989,-0.1170328743237168,-0.3594514156785088
0.9953507669817632,0.1367547823891648,-0.1195287642840753,-0.3608485569797735
0.9949299990786236,0.1354950826529266,-0.1220041021177096,-0.3622537777338858
0.994506260381478,0.1342470185556454,-0.1244587398732444,-0.3636675516275545
0.9940797663789412,0.1330104575989706,-0.1268925328321127,-0.3650903418029969
0.9936507270193478,0.1317852683063228,-0.1293053328136307,-0.3665225972911711
0.9932193460280524,0.130571317991258,-0.1316969926174485,-0.3679647558531016
0.9927858214096072,0.1293684739875542,-0.1340673636498146,-0.3694172428621272
0.9923503452364122,0.128176602842275,-0.1364162975547128,-0.3708804725671145
0.9919131040850844,0.1269955713152204,-0.1387436442798594,-0.3723548471831646
0.9914742790374862,0.1258252461515974,-0.1410492525545432,-0.3738407574314176
0.9910340458088596,0.124665494208984,-0.1433329696645196,-0.3753385826469991
0.9905925748669172,0.1235161825555496,-0.1455946412789107,-0.3768486909096591
0.9901500312394342,0.122377177767835,-0.147834112845872,-0.3783714402414203
0.9897065749695774,0.1212483469171776,-0.1500512276587973,-0.3799071775878564
0.989262361311041,0.120129557842599,-0.1522458263272661,-0.3814562386587034
0.988817540463766,0.1190206782711691,-0.1544177485044223,-0.3830189493652352
0.988372258022454,0.1179215767443917,-0.1565668310647168,-0.3845956247753396
0.9879266548352396,0.1168321220576346,-0.1586929091939371,-0.3861865701190442
0.987480867179698,0.115752183498561,-0.1607958159071695,-0.387792080681985
0.9870350268475908,0.1146816308560061,-0.1628753820121344,-0.389412442012265
0.9865892614747568,0.1136203350112806,-0.1649314349403937,-0.3910479292199771
0.986143694259266,0.1125681670636876,-0.1669638004206727,-0.392698808496864
0.9856984444251076,0.1115249992397859,-0.1689723006880751,-0.3943653359066595
0.98525362701524,0.1104907042086137,-0.1709567557757149,-0.3960477586338212
0.9848093532241804,0.1094651556701914,-0.1729169823449762,-0.397746314221755
0.9843657304042014,0.1084482281747332,-0.1748527939984019,-0.3994612310128862
0.983922862031348,0.1074397968601132,-0.1767640017353068,-0.401192728759287
0.9834808479831848,0.1064397379038591,-0.178650413044359,-0.4029410180191244
0.983039784768398,0.1054479288515415,-0.1805118312477092,-0.4047062996871097
0.9825997650617324,0.1044642473874049,-0.1823480577627586,-0.4064887673041428
0.982160878434441,0.1034885727987518,-0.1841588892986463,-0.4082886045885397
0.9817232110523948,0.1025207851166087,-0.185944119417013,-0.4101059870777254
0.9812868458664998,0.1015607653660017,-0.1877035380056293,-0.4119410817951967
0.9808518628320442,0.1006083958730943,-0.1894369306631286,-0.4137940467507993
0.9804183387841956,0.0996635598179137,-0.1911440794639619,-0.415665031878441
0.9799863475126986,0.0987261412322348,-0.1928247628905842,-0.4175541791556728
0.9795559600460806,0.0977960254503898,-0.1944787549595057,-0.4194616217818359
0.9791272445812268,0.096873098788906,-0.1961058257392424,-0.4213874848764056
0.9787002666440776,0.0959572487302084,-0.1977057409613543,-0.4233318851598657
0.978275089134176,0.0950483638561908,-0.1992782620787116,-0.4252949311321704
0.9778517723625332,0.0941463337707631,-0.200823146335373,-0.4272767232826409
0.9774303741428124,0.0932510491385935,-0.2023401466314565,-0.429277354047859
0.9770109498267469,0.0923624016067621,-0.2038290115863302,-0.4312969080215371
0.9765935525635764,0.0914802842020779,-0.2052894848090747,-0.4333354610661029
0.976178233096496,0.0906045907494182,-0.2067213058080634,-0.4353930816431516
0.9757650400144412,0.0897352162568324,-0.2081242092788875,-0.4374698299423393
0.9753540197996134,0.0888720568688301,-0.2094979251239044,-0.439565757968589
0.974945216988066,0.0880150100590734,-0.2108421780946269,-0.4416809090353212
0.9745386739237354,0.0871639739729764,-0.2121566887667204,-0.4438153193508735
0.9741344310393992,0.086318847878576,-0.2134411727500906,-0.4459690169073625
0.9737325269435456,0.0854795322102635,-0.214695340569014,-0.4481420213137501
0.9733329983997216,0.0846459283900973,-0.2159188978755548,-0.4503343441975786
0.9729358804883216,0.0838179390322543,-0.2171115450904189,-0.4525459886092352
0.9725412063420774,0.0829954672604869,-0.2182729783205713,-0.45477695078977
0.9721490078497186,0.0821784180456065,-0.219402887396991,-0.4570272164931461
0.971759315013368,0.0813666967388707,-0.2205009579041211,-0.459296764862159
0.9713721564135892,0.0805602099158768,-0.2215668699297106,-0.4615855660559824
0.9709875592667456,0.0797588653727067,-0.2226002980536272,-0.4638935811141902
0.97060554923105,0.0789625716006485,-0.2236009119897348,-0.4662207633452258
0.9702261505868284,0.0781712380420961,-0.2245683761854632,-0.4685670575046166
0.969849386231324,0.077384774961701,-0.2255023499265916,-0.4709324000624383
0.9694752780964894,0.0766030942029217,-0.2264024864154316,-0.4733167167728859
0.9691038465557972,0.0758261078356776,-0.2272684343335219,-0.4757199266063026
0.9687351110080406,0.0750537292633127,-0.228099836507391,-0.4781419382520411
0.9683690897182256,0.0742858727805625,-0.2288963304088417,-0.4805826512824626
0.96800579983736,0.0735224535061585,-0.2296575481945885,-0.4830419562038051
0.967645257449166,0.0727633873733446,-0.2303831166817189,-0.4855197343223385
0.9672874777049576,0.0720085913082944,-0.2310726571594725,-0.4880158569756707
0.966932474883332,0.0712579832536905,-0.2317257853861929,-0.490530185228356
0.9665802623300538,0.0705114819407439,-0.2323421118050237,-0.4930625704084057
0.9662308525353556,0.0697690069523769,-0.2329212414875426,-0.4956128536838809
0.9658842571473736,0.0690304786530805,-0.2334627741982589,-0.4981808660778187
0.9655404870045904,0.0682958181602449,-0.2339663044213759,-0.5007664283421139
0.9651995524301368,0.0675649478791228,-0.234431421043942,-0.5033693488073909
0.9648614628728238,0.0668377906430897,-0.234857707993675,-0.5059894261413876
0.964526227253191,0.066114270363125,-0.2352447438609119,-0.5086264467789389
0.9641938540707152,0.0653943121746504,-0.235592101962004,-0.5112801840416038
0.9638643507821946,0.0646778410027087,-0.2358993511033706,-0.5139504031379658
0.9635377248761068,0.0639647838051703,-0.2361660546163785,-0.5166368525715758
0.9632139831770148,0.063255067984608,-0.2363917712599292,-0.5193392696586625
0.9628931320379248,0.0625486217223782,-0.2365760551640016,-0.522057378985997
0.9625751774647336,0.0618453741727357,-0.2367184559252911,-0.5247908913244704
0.9622601251389776,0.0611452554381583,-0.236818518814048,-0.5275395033506036
0.9619479805025344,0.0604481966852474,-0.2368757849854045,-0.5303028968054232
0.9616387486711696,0.059754129881667,-0.2368897917511603,-0.5330807391431224
0.9613324346153014,0.0590629881320253,-0.2368600728199759,-0.5358726818014525
0.9610290417603252,0.0583747024317722,-0.2367861581872705,-0.5386783730574647
0.9607285740411772,0.0576892062157429,-0.2366675743702111,-0.5414974393819394
0.9604310361697268,0.0570064359506464,-0.2365038453691325,-0.544329482278508
0.9601364326715296,0.0563263289057518,-0.2362944929596573,-0.5471740868617123
0.9598447681616512,0.05564882373403,-0.2360390372729552,-0.5500308190067497
0.9595560474178846,0.0549738606030654,-0.2357369974305928,-0.5528992243025519
0.9592702751177083,0.0543013805409205,-0.2353878918357816,-0.5557788303591017
0.9589874562203128,0.0536313262924331,-0.234991239164835,-0.5586691427066504
0.9587075958579002,0.0529636420394689,-0.2345465589704495,-0.5615696454941458
0.9584306993631584,0.0522982734416933,-0.2340533724508941,-0.5644798008454873
0.958156772395212,0.0516351679221773,-0.2335112034864869,-0.5673990471413729
0.957885820944299,0.0509742746730444,-0.2329195795882771,-0.5703267985153734
0.9576178512609724,0.0503155444795111,-0.2322780327103664,-0.5732624451845251
0.957352870079952,0.0496589302728324,-0.2315861008199449,-0.576205350556978
0.9570908846282692,0.0490043871737299,-0.2308433291809037,-0.5791548505897265
0.956831902510056,0.0483518722310764,-0.2300492713264929,-0.5821102545637317
0.9565759319802768,0.0477013451447993,-0.2292034912725784,-0.5850708414468545
0.9563229816954508,0.04705276768539,-0.2283055642847866,-0.5880358621849509
0.9560730610060258,0.0464061044952982,-0.227355079493309,-0.5910045357620628
0.9558261798110792,0.045761322792158,-0.2263516412142401,-0.5939760503023631
0.955582348676182,0.0451183927584175,-0.2252948713286645,-0.5969495610950861
0.9553415786811308,0.0444772872370442,-0.2241844106855684,-0.5999241918843807
0.9551038817071508,0.0438379826030595,-0.2230199225870229,-0.6028990307906739
0.9548692702307456,0.0432004583477295,-0.2218010942722593,-0.6058731322719821
0.9546377574324948,0.0425646975129528,-0.2205276399669372,-0.6088455152410684
0.9544093569856046,0.0419306862666945,-0.2191993023755788,-0.6118151652956086
0.9541840833046934,0.0412984147558901,-0.2178158568328416,-0.6147810310908188
0.9539619512435829,0.0406678764511216,-0.2163771124544078,-0.6177420278933708
0.9537429762526406,0.0400390687799965,-0.2148829160723095,-0.6206970352330143
0.9535271743141108,0.0394119931632458,-0.2133331550476908,-0.6236448974927213
0.9533145617161648,0.0387866545831978,-0.2117277588991104,-0.6265844268523374
0.9531051550314584,0.0381630617391897,-0.2100667022811935,-0.6295144036288435
0.95289897116376,0.0375412274272127,-0.2083500086796757,-0.632433575722624
0.9526960270099588,0.0369211677723171,-0.2065777509812283,-0.6353406636156362
0.9524963395341286,0.0363029026890937,-0.2047500552612781,-0.6382343597616305
0.95229992552318,0.0356864553781834,-0.2028671018156056,-0.6411133326585876
0.952106801441034,0.0350718521003431,-0.2009291267374475,-0.6439762297608792
0.9519169834197928,0.0344591223795015,-0.1989364247182037,-0.646821678537455
0.9517304869044296,0.0338482980830095,-0.196889348080234,-0.649648292885059
0.9515473265840604,0.0332394133805147,-0.1947883082562493,-0.6524546755457249
0.951367516436928,0.0326325050861152,-0.1926337785313454,-0.6552394188855846
0.951191068879323,0.0320276099366773,-0.1904262855538623,-0.6580011197899639
0.9510179957097936,0.0314247679094405,-0.188166422053376,-0.660738366913359
0.9508483067885556,0.0308240177806228,-0.1858548311769559,-0.6634497634289712
0.9506820107873508,0.030225399748433,-0.1834922162940121,-0.6661339175291676
0.9505191146013404,0.0296289533812105,-0.1810793330909684,-0.6687894541554334
0.9503596232503132,0.0290347171833632,-0.1786169871088076,-0.6714150192357526
0.950203540198622,0.0284427297107673,-0.1761060375509434,-0.6740092770457415
0.9500508664112716,0.0278530258773008,-0.173547380523225,-0.6765709285870608
0.9499016012281742,0.0272656400578018,-0.1709419604840066,-0.6790986999269857
0.949755742061826,0.0266806047795051,-0.1682907631852826,-0.6815913499120827
0.9496132837606308,0.0260979478707426,-0.1655948005426905,-0.6840476839434565
0.949474219452945,0.0255176954956328,-0.1628551218683478,-0.6864665424391442
0.9493385401596236,0.024939870261356,-0.1600728027950612,-0.6888468101932229
0.9492062349059552,0.0243644912722605,-0.1572489427174419,-0.6911874171714624
0.9490772906882036,0.0237915735317675,-0.1543846589282513,-0.6934873417608673
0.948951692513793,0.0232211275963368,-0.1514810816926378,-0.6957456126600857
0.948829423981174,0.0226531617121972,-0.1485393620958404,-0.6979613008503265
0.948710466870395,0.0220876794921002,-0.1455606573327239,-0.7001335291446295
0.9485948013898784,0.0215246804842775,-0.1425461303850038,-0.7022614698907444
0.9484824062095484,0.0209641597443477,-0.1394969445574644,-0.7043443463666506
0.948373258540248,0.0204061075791589,-0.1364142587935391,-0.7063814332016356
0.948267335019198,0.0198505135321639,-0.1332992468769936,-0.7083720414506411
0.9481646106703918,0.01929736050713,-0.1301530621448593,-0.7103155394560825
0.9480650600112356,0.0187466299528543,-0.1269768636433923,-0.7122113334128618
0.9479686565025116,0.0181982983787129,-0.1237717938186867,-0.7140588788828733
0.9478753728438896,0.0176523382789869,-0.1205389809285346,-0.715857676279498
0.9477851815704684,0.0171087210692014,-0.117279554121744,-0.717607260205165
0.9476980545510102,0.0165674136455907,-0.1139946209635637,-0.7193072098037823
0.9476139637016956,0.016028382199445,-0.1106852883451444,-0.7209571354700348
0.9475328802784098,0.0154915872307267,-0.1073526301494225,-0.7225566931482469
0.9474547758245756,0.0149569890615606,-0.1039977192096677,-0.7241055661030706
0.94737962163294,0.014424543819404,-0.1006216008405345,-0.7256034757411773
0.9473073895551756,0.0138942086122326,-0.0972253240460038,-0.7270501656473705
0.9472380512567132,0.0133659358289641,-0.0938099041125822,-0.728445416468461
0.9471715787157478,0.0128396761266218,-0.0903763401362708,-0.7297890359697978
0.9471079444515316,0.0123153798921512,-0.08692562364602,-0.731080854284311
0.9470471213909298,0.0117929959161704,-0.0834587292060575,-0.73232072640459
0.94698908282199,0.0112724705105899,-0.0799766076247262,-0.7335085329334158
0.9469338026575066,0.0107537493599481,-0.0764801974755395,-0.7346441744487994
0.9468812554587428,0.01023677751338,-0.0729704245906791,-0.7357275706800299
0.9468314163519288,0.0097214982430715,-0.0694481938305833,-0.736758661882167
0.946784261088454,0.0092078531408772,-0.0659143891549559,-0.737737407244821
0.9467397664415422,0.008695786241498,-0.0623699017608532,-0.7386637762478435
0.946697909626238,0.0081852373990486,-0.0588155842441957,-0.7395377602888271
0.94665866870418,0.0076761462538678,-0.0552522775759811,-0.740359363868314
0.946622022587206,0.0071684521288237,-0.0516808103595582,-0.7411286040625241
0.946587951193056,0.0066620962318512,-0.0481020144403058,-0.7418455067953091
0.9465564350335656,0.0061570154777889,-0.0445166813321552,-0.7425101150540264
0.9465274557017804,0.0056531493520817,-0.0409256107176079,-0.7431224782088034
0.946500995706547,0.0051504377905893,-0.0373295957776685,-0.7436826550418564
0.9464770383548056,0.0046488187489373,-0.033729405936082,-0.744190715819279
0.9464555677387744,0.0041482266186627,-0.030125775416795,-0.7446467421680771
0.9464365691835726,0.0036486022952415,-0.0265194759259724,-0.7450508171636722
0.9464200287242632,0.0031498812352944,-0.0229112310150443,-0.7454030360403721
0.9464059334933084,0.0026520032471768,-0.0193017869712314,-0.7457034975818048
0.9463942714161376,0.002154902963064,-0.0156918441758169,-0.7459523102445583
0.9463850314967698,0.001658519651401,-0.0120821285456182,-0.7461495857307773
0.9463782036365792,0.0011627910600688,-0.0084733472528833,-0.7462954425297788
0.9463737786796668,0.0006676546206786,-0.0048661977813702,-0.746390004649661
0.9463717484185776,0.0001730460672002,-0.0012613582134839,-0.7464334012129727
0.9463721056169484,-0.0003210946826245,0.0023404695225691,-0.7464257657105582
0.9463748448159216,-0.0008149375722576,0.0059393902243452,-0.7463672185260125
0.9463799698902992,-0.0013091465281751,0.0095391092237726,-0.7462577053140579
0.9463874866264904,-0.0018037812773931,0.0131389236150896,-0.7460971557741585
0.9463974017598136,-0.0022989040838157,0.0167381444173402,-0.7458855044031281
0.946409722924196,-0.0027945756805263,0.0203360666218585,-0.7456226917614932
0.9464244586889566,-0.0032908575948672,0.0239319857796066,-0.7453086638984762
0.9464416185800556,-0.0037878122353439,0.0275251982582232,-0.7449433721297918
0.9464612129297144,-0.0042854988171711,0.0311149714976151,-0.7445267764840904
0.9464832531000804,-0.0047839798533562,0.0347005906469172,-0.7440588412044524
0.9465077512930208,-0.0052833159483022,0.0382813206750879,-0.7435395390735317
0.9465347206538088,-0.0057835685009495,0.0418564256053644,-0.7429688495031862
0.946564175100356,-0.0062847966427739,0.0454251464144092,-0.7423467624522907
0.9465961295452902,-0.0067870614792203,0.0489867311521844,-0.7416732740430835
0.946630599658254,-0.0072904221090478,0.0525404064231359,-0.7409483919067555
0.946667602158038,-0.0077949401726333,0.0560854094254967,-0.7401721293701882
0.9467071544365664,-0.0083006744735102,0.0596209498638952,-0.7393445137066892
0.9467492746690016,-0.0088076831258666,0.0631462252370142,-0.738465584141983
0.9467939819946044,-0.0093160257961155,0.0666604363611385,-0.737535388429749
0.9468412963024436,-0.0098257611125743,0.0701627692644285,-0.7365539876849271
0.9468912378809916,-0.0103369434767454,0.0736523736907849,-0.7355214639484885
0.9469438282634542,-0.0108496321545712,0.0771284255380183,-0.7344379030059249
0.9469990894395128,-0.0113638830854384,0.0805900708454287,-0.7333034110463831
0.9470570437776904,-0.0118797489765011,0.084036427334617,-0.7321181164640546
0.9471177146694414,-0.0123972854098563,0.087466625741747,-0.7308821569304885
0.9471811260137404,-0.0129165462076984,0.0908797789232137,-0.72959569024914
0.9472473021624482,-0.0134375834111082,0.0942749824398213,-0.7282588956559346
0.9473162678427136,-0.0139604470969474,0.0976513141890369,-0.7268719755328062
0.9473880485773644,-0.0144851888142288,0.1010078572251306,-0.725435147111346
0.947462669767966,-0.0150118550460427,0.1043436584922846,-0.7239486609732027
0.9475401574898724,-0.0155404934515703,0.1076577698145787,-0.722412785141165
0.9476205379731896,-0.0160711493837989,0.1109492265403877,-0.7208278154609857
0.9477038376885224,-0.016603866862987,0.1142170548027166,-0.7191940738075726
0.9477900827628716,-0.0171386852874136,0.1174602527517715,-0.7175119193391342
0.9478792995781216,-0.0176756437345411,0.1206778184856239,-0.7157817364556878
0.9479715148866428,-0.0182147817542933,0.1238687555651676,-0.7140039323966262
0.94806675457513,-0.0187561324568684,0.127032033457929,-0.7121789607110036
0.9481650443501644,-0.0192997271957387,0.1301666176169795,-0.7103073073256194
0.9482664099910992,-0.0198455972234691,0.1332714803972037,-0.7083894852053143
0.9483708763114576,-0.0203937684075048,0.1363455725755849,-0.7064260533500858
0.9484784677561406,-0.0209442649956382,0.139387847121161,-0.704417604522928
0.9485892080469672,-0.0214971081458131,0.1423972529077375,-0.7023647709538299
0.9487031193844392,-0.0220523125260442,0.1453727189402393,-0.7002682378495282
0.948820224175854,-0.0226098952721602,0.1483132050252368,-0.6981287102085043
0.9489405428574976,-0.0231698657702586,0.1512176492251367,-0.6959469515439267
0.9490640950920578,-0.0237322319710553,0.1540850042337359,-0.693723760255783
0.9491908986879032,-0.0242969958568272,0.1569142166013882,-0.6914599874474732
0.9493209703652437,-0.0248641574418671,0.159704250004853,-0.6891565211882956
0.94945432534241,-0.0254337132939044,0.1624540801593281,-0.6868142920144347
0.9495909770721236,-0.0260056558511004,0.1651626942585826,-0.6844342754181522
0.9497309372188236,-0.026579973794576,0.1678290956367144,-0.6820174899068571
0.9498742155552377,-0.0271566520520066,0.1704523065434845,-0.6795649963693206
0.9500208200725188,-0.027735672631619,0.1730313745463601,-0.6770778936984313
0.9501707566961076,-0.0283170138451939,0.1755653714676538,-0.6745573210775738
0.950324029382698,-0.0289006510468142,0.178053399099772,-0.6720044536572282
0.9504806399612852,-0.0294865563391431,0.1804945901785033,-0.6694205025014617
0.9506405883248842,-0.0300746995818824,0.1828881146874856,-0.6668067086669363
0.9508038724774572,-0.0306650487737411,0.1852331830325578,-0.6641643397886213
0.9509704884850176,-0.0312575700530507,0.187529047438482,-0.6614946882414375
0.9511404304765853,-0.031852227865406,0.1897750038670269,-0.6587990684791897
0.9513136905558872,-0.0324489848044134,0.1919703925452002,-0.6560788157865919
0.9514902594747098,-0.0330478040241934,0.1941146075618793,-0.6533352731975892
0.9516701262928472,-0.0336486480700065,0.19620709263482,-0.6505697946032194
0.9518532785560178,-0.0342514795002093,0.1982473434306835,-0.6477837397317769
0.9520397024545504,-0.0348562613883134,0.2002349090228843,-0.6449784696373964
0.9522293830219616,-0.0354629579059501,0.2021693932039538,-0.6421553418060395
0.9524223045113148,-0.0360715354122569,0.2040504568978504,-0.6393157029113417
0.9526184498421132,-0.0366819605810247,0.2058778111210807,-0.6364608954535631
0.9528178018896988,-0.0372942042961741,0.2076512273815003,-0.633592237551986
0.953020342388642,-0.0379082380593074,0.2093705251355792,-0.6307110378201177
0.9532260532823806,-0.0385240379472471,0.2110355813151314,-0.6278185750262893
0.9534349157008848,-0.039141581308173,0.2126463189293339,-0.6249161119169511
0.953646911078854,-0.0397608499149306,0.2142027134414466,-0.6220048788748362
0.9538620207242692,-0.0403818284506261,0.2157047862480983,-0.6190860796378824
0.9540802262326392,-0.0410045055031967,0.217152604716593,-0.6161608853833587
0.954301509264056,-0.0416288727092892,0.2185462776108376,-0.6132304376585472
0.9545258521396306,-0.0422549262338075,0.2198859558866372,-0.6102958404932352
0.9547532374099508,-0.0428826653367653,0.2211718268496342,-0.607358166336833
0.9549836480701936,-0.0435120927941047,0.2224041126662693,-0.6044184534222712
0.955217067784831,-0.0441432153237188,0.2235830686794309,-0.6014777032580867
0.9554534807162256,-0.044776042937134,0.2247089796668526,-0.5985368832675714
0.9556928717661034,-0.0454105894249257,0.2257821583526804,-0.5955969242584236
0.9559352264390544,-0.0460468718329876,0.22680294213339,-0.5926587227027537
0.956180530952782,-0.0466849106136678,0.2277716911220094,-0.5897231399793332
0.9564287721782716,-0.0473247293385788,0.2286887855565457,-0.5867910037368796
0.9566799375711093,-0.0479663544106481,0.2295546234079702,-0.5838631093227807
0.9569340152721304,-0.0486098152241308,0.2303696187352113,-0.5809402192302114
0.9571909940925636,-0.0492551440335026,0.2311341996830007,-0.5780230639543514
0.957450863425057,-0.0499023756510442,0.2318488064194035,-0.5751123436707569
0.95771361319678,-0.0505515472682903,0.2325138893975517,-0.572208729381118
0.9579792339452298,-0.0512026985907918,0.2331299080403705,-0.5693128626970808
0.9582477167541164,-0.0518558716328082,0.2336973291342641,-0.5664253571927369
0.9585190530817556,-0.0525111102678181,0.234216625188238,-0.5635468008377963
0.9587932348827616,-0.0531684605039534,0.2346882735407497,-0.5606777552378839
0.9590702545109092,-0.0538279702330187,0.2351127550720773,-0.5578187572273696
0.9593501046659514,-0.0544896890980061,0.2354905531398124,-0.5549703199369812
0.9596327783348167,-0.05515366835694,0.2358221526157171,-0.5521329338748553
0.9599182688034746,-0.0558199609203405,0.2361080390921423,-0.5493070672660515
0.9602065695464508,-0.0564886211081985,0.2363486980230061,-0.5464931675896565
0.9604976742550372,-0.0571597047382934,0.2365446140901698,-0.543691661701226
0.9607915767412428,-0.0578332689308719,0.2366962705168785,-0.5409029571507682
0.9610882708537648,-0.0585093719507734,0.2368041484997279,-0.5381274433129895
0.9613877505248052,-0.0591880733535702,0.2368687267537464,-0.5353654912548377
0.9616900097299024,-0.0598694339343742,0.2368904810322649,-0.5326174544275762
0.9619950423831146,-0.0605535155367259,0.2368698837058218,-0.5298836699041284
0.962302843189916,-0.0612403830021098,0.2368074031811457,-0.5271644511375329
0.9626134069406148,-0.0619301026118797,0.2367035032863057,-0.5244600948476007
0.9629267270498008,-0.0626227389155192,0.2365586436404883,-0.5217708937886989
0.9632427968898742,-0.0633183577812113,0.2363732793005268,-0.5190971249745374
0.9635616095511976,-0.0640170259253944,0.236147860597945,-0.5164390519262416
0.9638831577413308,-0.0647188107597876,0.2358828330281896,-0.5137969256133995
0.964207433862754,-0.06542378063135,0.2355786370268198,-0.5111709838934233
0.964534429965776,-0.0661320047888911,0.2352357078246857,-0.5085614520005514
0.9648641375805628,-0.0668435530922665,0.2348544754757113,-0.505968543950021
0.9651965479252804,-0.0675584965371779,0.2344353644898999,-0.5033924609386806
0.9655316515354532,-0.0682769065326969,0.2339787941466618,-0.5008333942812211
0.9658694385850616,-0.0689988556706829,0.2334851779782047,-0.4982915229353518
0.9662098985766806,-0.0697244171404732,0.2329549240656808,-0.4957670158921097
0.966553020336314,-0.0704536648023753,0.2323884349864831,-0.4932600321584039
0.966898792137061,-0.0711866735342427,0.2317861075194214,-0.4907707198245344
0.9672472014288356,-0.0719235187426146,0.2311483330094202,-0.4882992179919665
0.9675982349584754,-0.0726642767053875,0.2304754970966791,-0.4858456558300684
0.9679518787645632,-0.0734090246480194,0.2297679796246869,-0.4834101525733543
0.96830811797588,-0.0741578404084696,0.2290261549552611,-0.4809928188456063
0.9686669369359782,-0.0749108027913031,0.2282503916490472,-0.4785937557067756
0.9690283188687584,-0.0756679909589553,0.2274410531170068,-0.4762130567848996
0.9693922462396436,-0.0764294852843245,0.2265984967728603,-0.4738508057407438
0.9697587004526474,-0.0771953668110942,0.2257230746169978,-0.4715070781675028
0.9701276618154514,-0.0779657172790379,0.2248151332701686,-0.4691819416500988
0.9704991097208108,-0.0787406196016161,0.2238750134489247,-0.4668754544832016
0.9708730221904796,-0.0795201570145899,0.2229030510282523,-0.4645876683706066
0.9712493762895744,-0.0803044140426515,0.2218995759230466,-0.4623186256789953
0.9716281477969592,-0.0810934759153634,0.2208649128427326,-0.4600683613122784
0.9720093112589384,-0.0818874287844022,0.2197993810749475,-0.4578369021945497
0.9723928398287628,-0.0826863594959671,0.2187032948492447,-0.455624268019409
0.9727787052277526,-0.0834903556179322,0.2175769633834191,-0.453430471243366
0.9731668779937388,-0.0842995060672406,0.2164206900600296,-0.4512555154751627
0.9735573269730312,-0.0851139001626633,0.2152347738168056,-0.4490993981448284
0.9739500197334096,-0.0859336285987934,0.2140195078197804,-0.4469621079628362
0.9743449220575404,-0.0867587825039916,0.212775180899132,-0.4448436274854582
0.974741998310691,-0.0875894543242055,0.2115020763095059,-0.4427439308662219
0.9751412111208092,-0.0884257372731634,0.2102004726100398,-0.4406629853475927
0.9755425213453826,-0.0892677253819623,0.2088706436718493,-0.438600751157094
0.9759458881610984,-0.0901155138086064,0.207512858259202,-0.4365571807852568
0.9763512688513954,-0.0909691985156597,0.2061273806034605,-0.4345322198134257
0.9767586187893726,-0.0918288763583451,0.2047144703404181,-0.43252580670866
0.9771678914293972,-0.0926946451934458,0.2032743824015035,-0.4305378725836248
0.977579038416702,-0.0935666042418311,0.2018073664634471,-0.4285683404049322
0.9779920090030476,-0.0944448529809367,0.2003136688728836,-0.4266171275125534
0.9784067504504482,-0.0953294921302933,0.1987935310753782,-0.4246841433515795
0.9788232078175134,-0.0962206233325901,0.1972471902131391,-0.4227692901934802
0.9792413241147788,-0.0971183496239939,0.1956748783670782,-0.4208724621266388
0.9796610396901644,-0.0980227742542578,0.1940768246832879,-0.4189935475388542
0.9800822927676626,-0.0989340019811866,0.1924532531791403,-0.4171324263330109
0.9805050190752392,-0.0998521384143638,0.1908043839502283,-0.4152889712913548
0.9809291517431676,-0.1007772899358838,0.1891304333856201,-0.4134630481670939
0.9813546212427916,-0.1017095637087987,0.1874316142262966,-0.411654515585877
0.9817813556642884,-0.1026490684348708,0.1857081342407727,-0.4098632235279069
0.9822092800969386,-0.1035959131456302,0.1839601984877818,-0.4080890156069626
0.9826383169615102,-0.1045502080813424,0.1821880077717433,-0.406331727295367
0.983068385631254,-0.1055120640036356,0.1803917599704147,-0.4045911871245531
0.9834994027997253,-0.1064815931711758,0.1785716482723575,-0.402867214818677
0.9839312820836954,-0.1074589086152636,0.1767278625710615,-0.401159622550343
0.9843639336627332,-0.1084441234748819,0.1748605907853631,-0.3994682159549992
0.9847972648972572,-0.1094373525565112,0.1729700159643694,-0.3977927913033943
0.9852311796836714,-0.1104387110334474,0.1710563187916788,-0.3961331376482969
0.9856655786870352,-0.1114483151399451,0.1691196763134453,-0.3944890355173426
0.9861003589348648,-0.1124662813953484,0.1671602634675263,-0.3928602580546091
0.9865354141081484,-0.1134927274457807,0.1651782515106377,-0.3912465695074283
0.986970634358998,-0.1145277718165925,0.1631738085237134,-0.3896477255188914
0.9874059059472642,-0.1155715332194531,0.1611471007897406,-0.3880634740451729
0.987841111404762,-0.1166241311071284,0.1590982917564637,-0.3864935543158849
0.9882761296004968,-0.1176856860159505,0.1570275413932362,-0.38493769618968
0.9887108351578382,-0.1187563183264242,0.1549350086319051,-0.3833956218173012
0.989145098849803,-0.119836149399008,0.1528208491765026,-0.3818670437836357
0.9895787873504714,-0.1209253011532537,0.1506852163400489,-0.3803516655646841
0.9900117629655248,-0.122023895571234,0.1485282620348294,-0.3788491820231621
0.990443883683773,-0.1231320549989562,0.1463501361956532,-0.3773592787704879
0.99087500339475,-0.1242499029023472,0.1441509852993228,-0.375881630975595
0.9913049709452552,-0.1253775616160655,0.1419309567963121,-0.3744159061483668
0.991733630983124,-0.1265151547069215,0.1396901944626546,-0.3729617607792345
0.9921608234833312,-0.1276628059501504,0.1374288404077802,-0.3715188415075555
0.9925863835521592,-0.1288206389952153,0.1351470357255076,-0.3700867853119242
0.9930101412235536,-0.1299887769869907,0.1328449212285926,-0.3686652197147703
0.9934319217301044,-0.131167343493921,0.1305226356018667,-0.3672537613928809
0.9938515452181598,-0.1323564619318196,0.1281803165157235,-0.3658520166554089
0.994268826615765,-0.1335562553857032,0.1258181009503725,-0.364459581398075
0.9946835756568144,-0.1347668468796466,0.123436124633085,-0.3630760405315395
0.9950955965913024,-0.1359883587394774,0.1210345232562288,-0.3617009684525443
0.9955046882930016,-0.1372209131066609,0.1186134314246131,-0.3603339281841608
0.9959106439502338,-0.1384646312219578,0.1161729840168747,-0.3589744719033415
0.9963132512472772,-0.1397196341842932,0.1137133146440418,-0.3576221398231565
0.9967122917498324,-0.1409860412504844,0.1112345589251822,-0.3562764617407635
0.997107541652724,-0.1422639723977166,0.1087368494060016,-0.354936953999531
0.9974987709312172,-0.1435535458807809,0.1062203202781019,-0.3536031218130712
0.997885743278752,-0.1448548781779214,0.1036851074011074,-0.3522744589624199
0.9982682164233584,-0.1461680852512633,0.1011313457636396,-0.3509504461785295
0.9986459418399866,-0.1474932818412153,0.0985591707798811,-0.3496305515676287
0.9990186644540082,-0.1488305806485215,0.0959687197856174,-0.3483142310926414
0.9993861229390982,-0.1501800936230805,0.0933601294431426,-0.347000926961255
0.9997480492056022,-0.1515419303754982,0.0907335387185992,-0.345690068852918
1.000104168468769,-0.152916198629948,0.088089087892319,-0.3443810731103152
1.0004541992305866,-0.1543030044203317,0.0854269180700635,-0.3430733422004772
1.0007978531058848,-0.1557024516986656,0.0827471718217715,-0.3417662647308843
1.0011348345891575,-0.1571146416479553,0.0800499943708861,-0.3404592157136408
1.001464841115297,-0.1585396731831322,0.0773355325007364,-0.339151555708702
1.001787562881426,-0.1599776424946544,0.0746039352902516,-0.3378426308564001
1.0021026828435935,-0.1614286433517761,0.0718553533968991,-0.3365317722019047
1.002409876415758,-0.1628927660625768,0.0690899408817187,-0.3352182962269743
1.0027088114806424,-0.1643700978117451,0.0663078544081065,-0.3339015041135469
1.0029991483219611,-0.1658607227085254,0.0635092529940505,-0.3325806812699349
1.0032805394517177,-0.1673647213245484,0.0606942987188918,-0.3312550972979214
1.0035526294140915,-0.1688821700326261,0.0578631577844258,-0.3299240061112356
1.003815054864768,-0.1704131418648184,0.0550159987311092,-0.3285866447047899
1.004067444287703,-0.1719577054214048,0.0521529942923497,-0.3272422336235195
1.0043094178351697,-0.1735159243269548,0.049274322200192,-0.3258899769228449
1.0045405874978246,-0.1750878588924236,0.0463801619160737,-0.3245290602015764
1.0047605565543358,-0.1766735631376294,0.0434706999233876,-0.3231586526414725
1.0049689197945133,-0.1782730868782216,0.0405461256638025,-0.3217779046335166
1.005165263233272,-0.1798864745058331,0.0376066335689079,-0.3203859482492735
1.005349163985804,-0.1815137648292287,0.0346524231235152,-0.3189818967678233
1.0055201901084363,-0.1831549906621076,0.031683699381684,-0.3175648443964453
1.005677900487206,-0.184810178899418,0.028700672589383,-0.3161338655426097
1.005821844660301,-0.1864793500783179,0.0257035587357647,-0.3146880145007902
1.0059515626012376,-0.1881625173635913,0.0226925811166855,-0.3132263256091083
1.0060665847171744,-0.1898596884059651,0.0196679667492377,-0.3117478108776755
1.0061664313959116,-0.1915708611885892,0.0166299535169397,-0.3102514628079511
1.0062506131481574,-0.1932960286210761,0.0135787817073584,-0.3087362495542211
1.0063186301088871,-0.1950351729487733,0.0105147036483521,-0.3072011189387718
1.006369972094476,-0.196788270817088,0.0074379744553718,-0.305644993078819
1.0064041181788923,-0.1985552878896563,0.0043488612146941,-0.3040667721594869
1.0064205365990808,-0.200336183396378,0.0012476346913144,-0.3024653293609101
1.0064186844073106,-0.2021309048657268,-0.001865421781938,-0.3008395144689505
1.0063980040798202,-0.2039395824526061,-0.0049903477982229,-0.29918797460653
1.006357874937256,-0.2057639218080527,-0.00812989194279,-0.2975078567182321
1.0062976530314365,-0.2076038938156357,-0.0112837952759153,-0.2957978269428828
1.0062166772733263,-0.2094594677522031,-0.0144518036569534,-0.294056504208963
1.006114268956286,-0.2113306008290505,-0.0176336501298837,-0.2922824676742518
1.0059897311711563,-0.2132172377346945,-0.0208290546436895,-0.2904742549304824
1.005842348281864,-0.2151193088173155,-0.0240377215035614,-0.2886303613787222
1.0056713853460106,-0.2170367292238492,-0.0272593385029187,-0.286749238584146
1.0054760873018798,-0.2189693998918297,-0.0304935791879787,-0.284829290628276
1.00525567858887,-0.220917203412833,-0.0337400965562049,-0.282868875341401
1.0050093621452023,-0.2228800060473048,-0.0369985271174674,-0.2808662992863814
1.0047363189184102,-0.2248576542898792,-0.0402684858884774,-0.2788198179715952
1.004435706983414,-0.2268499747135611,-0.0435495669205111,-0.2767276325849279
1.0041066606821094,-0.2288567728971911,-0.0468413423414157,-0.2745878873904179
1.0037482899488002,-0.2308778309176024,-0.0501433591102306,-0.2723986684189967
1.0033596796080524,-0.2329129051110194,-0.0534551363193399,-0.2701580017083577
1.0029398877382485,-0.2349617282201558,-0.0567761696922233,-0.2678638463923481
1.002487946158814,-0.2370240004157721,-0.0601059180884129,-0.2655140998289115
1.0020028575943254,-0.2390993963645697,-0.0634438161261199,-0.2631065844826568
1.0014835962574855,-0.2411875555364251,-0.0667892597618376,-0.2606390533109236
1.000929107013222,-0.2432880799121691,-0.070141604046517,-0.2581091867490698
1.0003383024476646,-0.2454005387080887,-0.0735001721286384,-0.2555145806227247
0.9997100637872476,-0.2475244578426433,-0.07686424000104,-0.2528527518729335
0.999043240427272,-0.2496593157759284,-0.080233031704359,-0.2501211367403099
0.9983366465492584,-0.2518045480695987,-0.0836057284047135,-0.2473170771776961
0.9975890630138132,-0.2539595345567488,-0.0869814501749105,-0.2444378289129825
0.996799234423738,-0.2561236017655229,-0.0903592620405713,-0.2414805495090195
0.9959658711043672,-0.258296010835227,-0.093738157487184,-0.2384423052296883
0.995087647177764,-0.2604759568265187,-0.0971170600694553,-0.2353200623516149
0.9941632012571406,-0.2626625607630313,-0.1004948139163945,-0.2321106879290733
0.993191139492033,-0.2648548571263233,-0.1038701675919821,-0.2288109575495346
0.9921700315916028,-0.2670517979567623,-0.1072417838787553,-0.2254175382663214
0.9910984192045345,-0.269252229552526,-0.1106082076980118,-0.2219270127050482
0.9899748172481044,-0.2714548871721135,-0.1139678622347806,-0.2183358773650293
0.988797717935962,-0.273658384778818,-0.1173190377937371,-0.2146405489299652
0.9875656002544112,-0.2758611964975078,-0.1206598684976654,-0.2108373860678055
0.9862769379410116,-0.2780616440909645,-0.1239883186579873,-0.2069227041939155
0.9849302172953884,-0.2802578709986955,-0.1273021492845771,-0.2028928178628224
0.9835239522142588,-0.2824478266923614,-0.1305989007327625,-0.1987440713833663
0.9820567096324766,-0.2846292399577669,-0.1338758590335433,-0.194472897390672
0.9805271451419368,-0.2867995857086108,-0.1371300129136234,-0.1900759007301668
0.9789340443004618,-0.2889560548658681,-0.1403580156490582,-0.1855499536874199
0.977276378813466,-0.2910955169575305,-0.1435561359092172,-0.1808923284157275
0.9755533736481684,-0.2932144851716804,-0.1467202117573723,-0.176100854226955
0.9737645964179285,-0.2953090737784243,-0.1498455920931274,-0.1711741308189097
0.9719100569301862,-0.2973749681646327,-0.1529270948930681,-0.166111763053905
0.969990322518199,-0.2994074034431976,-0.1559589750125004,-0.1609146337842365
0.968006632919214,-0.3014011712998966,-0.1589349295002145,-0.1555851720693324
0.9659610157668824,-0.3033506516817309,-0.1618481339233575,-0.1501276229843249
0.9638563534304738,-0.3052499108369622,-0.1646913705620131,-0.1445481917158224
0.9616964093678796,-0.3070928406136819,-0.1674572108094775,-0.1388550910488404
0.9594857619032592,-0.3088733660208079,-0.1701382933590081,-0.1330583604072236
0.957229658320601,-0.3105856824746357,-0.1727276434330353,-0.1271694966577431
0.9549337875383934,-0.3122245019616671,-0.1752190062568735,-0.1212008940568278
0.9526040192069324,-0.3137852570202664,-0.1776071225751601,-0.1151652161985308
0.9502461383385452,-0.3152642411962796,-0.1798879176882273,-0.1090747693427121
0.9478656234060584,-0.3166586639894637,-0.1820585723385299,-0.1029409933353232
0.9454674952155816,-0.3179666238346021,-0.1841174797985062,-0.0967741324807969
0.9430562413246064,-0.3191870200375293,-0.1860641181355762,-0.0905830925505408
0.9406357910865066,-0.3203194367147257,-0.1878988852250683,-0.0843754167827148
0.9382095432223058,-0.3213640109726103,-0.1896229117913797,-0.0781573852422712
0.9357804182546424,-0.3223213078455023,-0.1912378848160751,-0.0719341675679621
0.9333509115361904,-0.3231922144249971,-0.1927458998400831,-0.0657099689111607
0.9309231585599792,-0.3239778476205223,-0.1941493319469149,-0.0594882010935245
0.9284989946999826,-0.3246794815027761,-0.1954507348046375,-0.0532716351169996
0.9260800035280592,-0.325298492642064,-0.1966527658801456,-0.0470625215584956
0.9236675578604524,-0.3258363186383283,-0.1977581304496903,-0.0408626905913179
0.9212628581218124,-0.3262944264407095,-0.1987695388494756,-0.0346736442215409
0.9188669605832164,-0.3266742902135623,-0.1996896776506383,-0.028496622183036
0.9164808004242678,-0.3269773754325739,-0.2005211895523901,-0.022332654516677
0.9141052119251428,-0.3272051275529493,-0.2012666593611778,-0.0161826069978895
0.9117409449679524,-0.3273589644368479,-0.2019286051033259,-0.0100472174420198
0.9093886788070628,-0.3274402715721958,-0.2025094728404943,-0.0039271254324154
0.9070490272465398,-0.327450399341373,-0.2030116354948675,0.0021771198266422
0.9047225554060552,-0.3273906613005399,-0.2034373902577033,0.0082650210034478
0.9024094320313216,-0.3272623094196435,-0.203789008450935,0.0143370515078574
0.9001101369758535,-0.3270665526507197,-0.2040686095357861,0.0203928090692103
0.8978251748036971,-0.3268045721804898,-0.2042782395198527,0.0264317631482579
0.8955550198171641,-0.3264775219094089,-0.2044198849141819,0.0324534017202894
0.893300115764132,-0.3260865291410932,-0.2044954752994197,0.0384572350693292
0.8910608764568494,-0.3256326951195375,-0.2045068854262881,0.0444427970498332
0.8888376891599862,-0.3251170960798783,-0.2044559371415019,0.0504096387743042
0.8866309002180921,-0.3245407797347436,-0.2043444003838451,0.0563573699698787
0.8844408435383483,-0.3239047720656857,-0.2041739954264166,0.0622855850283894
0.8822678340718131,-0.3232100771800147,-0.2039463953282377,0.0681938823736681
0.8801121638687339,-0.3224576767443401,-0.2036632273781369,0.0740818771554509
0.8779741057527647,-0.3216485315171457,-0.2033260749370955,0.079949193225885
0.8758539128559477,-0.3207835815900485,-0.2029364787961929,0.0857954662302043
0.8737518170053712,-0.319863745848251,-0.2024959379721238,0.0916203498847388
0.8716680346941141,-0.3188899246292629,-0.202005911922007,0.0974235011884458
0.8696027608323781,-0.3178629970281786,-0.2014678201331155,0.1032045994015287
0.8675561751496622,-0.3167838237866278,-0.2008830443499873,0.1089633298549847
0.865528442074076,-0.315653247452338,-0.2002529294867768,0.1146993856883579
0.8635197082255793,-0.3144720909397112,-0.1995787835227081,0.1204124763862956
0.8615301065574559,-0.313241159709949,-0.1988618793480433,0.126102317478167
0.859559755822039,-0.3119612414732494,-0.1981034552212734,0.1317686333297443
0.8576087612222982,-0.3106331064948117,-0.197304715508234,0.1374111565425632
0.8556772122728621,-0.309257505871267,-0.1964668301417068,0.1430296354306633
0.8537651889150545,-0.3078351755530485,-0.1955909375275283,0.1486238175010663
0.8518727549032646,-0.3063668313394531,-0.1946781419304949,0.1541934698856621
0.849999967068224,-0.3048531755782756,-0.1937295180213599,0.1597383533236615
0.8481468664282232,-0.3032948899984172,-0.1927461068088757,0.1652582494015305
0.8463134847656726,-0.3016926404633412,-0.1917289189488861,0.1707529422723427
0.8444998433466777,-0.3000470756588027,-0.1906789342648711,0.1762222234372326
0.8427059532932525,-0.2983588270087413,-0.189597102005628,0.1816658916491662
0.8409318170388143,-0.2966285096407688,-0.1884843417589247,0.1870837494703737
0.8391774265167427,-0.2948567201977664,-0.1873415423212492,0.1924756097471234
0.8374427654638373,-0.2930440385451331,-0.1861695630499621,0.1978412895448888
0.8357278082854412,-0.291191026087382,-0.1849692330196491,0.2031806145658322
0.834032521130431,-0.2892982262510791,-0.1837413515601152,0.2084934167732878
0.8323568637278745,-0.2873661659918395,-0.1824866894522439,0.213779529492529
0.8307007866977528,-0.2853953521410918,-0.1812059867616545,0.2190387967180475
0.8290642343374635,-0.2833862738797075,-0.1798999546368631,0.2242710652150026
0.8274471444542456,-0.2813394019434658,-0.1785692749774001,0.229476185822982
0.8258494468062662,-0.2792551858521687,-0.1772145988062722,0.234654019321966
0.8242710662568742,-0.2771340570953733,-0.1758365485068083,0.2398044270931671
0.8227119215740709,-0.2749764268467061,-0.1744357164939958,0.2449272757336823
0.8211719246273577,-0.2727826838626819,-0.1730126640014891,0.2500224405307872
0.8196509841054976,-0.2705531987907128,-0.1715679240199539,0.2550897939528149
0.8181490018940928,-0.2682883180719854,-0.1701019974773457,0.2601292183522649
0.8166658756545783,-0.2659883665646048,-0.1686153550712587,0.2651405981685754
0.8152014974660882,-0.2636536443429802,-0.1671084353232102,0.2701238252279436
0.8137557558591547,-0.2612844286485006,-0.1655816459587494,0.275078792591213
0.8123285344515493,-0.258880970453883,-0.164035361803058,0.2800053998927318
0.8109197155968355,-0.2564434993091978,-0.1624699280018125,0.2849035414067019
0.8095291759851454,-0.2539722145777683,-0.1608856544793447,0.2897731218646516
0.8081567881026549,-0.2514672861131464,-0.1592828164806974,0.2946140522123787
0.8068024235920377,-0.2489288587890914,-0.1576616575545312,0.2994262383855582
0.8054659497003932,-0.2463570443873798,-0.1560223844367759,0.3042095944081208
0.8041472319310742,-0.2437519246551641,-0.1543651690766317,0.3089640336088443
0.8028461331129345,-0.2411135476234405,-0.1526901463474834,0.3136894724929067
0.8015625132399021,-0.2384419250540865,-0.1509974124802778,0.3183858319443977
0.8002962327807178,-0.2357370371123086,-0.1492870280588633,0.3230530256307662
0.7990471492328329,-0.2329988229056413,-0.1475590120457995,0.3276909730540983
0.7978151198412423,-0.2302271836539804,-0.14581334380097,0.3322995900300304
0.796600001475699,-0.2274219798718885,-0.1440499612878141,0.3368787894736692
0.7954016497989415,-0.2245830265159928,-0.1422687579939751,0.3414284849124834
0.7942199223419365,-0.2217100971152677,-0.1404695854729817,0.3459485791461645
0.7930546775666225,-0.2188029185662414,-0.1386522499909173,0.3504389679048229
0.7919057740929705,-0.2158611656300463,-0.1368165089841882,0.3548995430265036
0.7907730762234353,-0.2128844714554146,-0.1349620774860194,0.3593301710454933
0.7896564494932734,-0.2098724126772156,-0.1330886186440061,0.363730710261715
0.7885557656470136,-0.2068245186296252,-0.1311957492460404,0.3681009910194772
0.787470903960768,-0.2037402716728107,-0.1292830396402834,0.3724408097644816
0.7864017514728887,-0.200619104402154,-0.1273500116807832,0.3767499272600912
0.7853482068124058,-0.1974604073750002,-0.1253961431457484,0.3810280520756308
0.7843101837137879,-0.1942635371694398,-0.1234208722882247,0.3852748246379811
0.7832876136405729,-0.1910278228830166,-0.1214236013654926,0.3894898042869956
0.7822804526931338,-0.1877525877327984,-0.1194037094423069,0.3936724379419225
0.7812886854941217,-0.1844371638920412,-0.1173605609722098,0.397822040118665
0.7803123328615691,-0.1810809227421558,-0.1152935238768071,0.4019377561252933
0.7793514650196748,-0.1776833298009618,-0.1132020028375186,0.4060185001299736
0.7784062080688231,-0.1742439837897591,-0.1110854629047339,0.4100629195835025
0.7774767594987649,-0.1707626960825018,-0.1089434781657644,0.4140693191889124
0.7765634036774787,-0.1672395832726861,-0.1067757888142136,0.4180355819209966
0.7756665274566266,-0.1636751756218873,-0.1045823685316961,0.4219590864896411
0.7747866364111499,-0.160070546305273,-0.1023635054672389,0.4258366189737468
0.7739243676193612,-0.1564274476662549,-0.1001198886398664,0.4296642968098774
0.7730804960890636,-0.1527484421996253,-0.0978526925244183,0.4334375190566213
0.7722559288141677,-0.1490369983512332,-0.0955636416491739,0.4371509717807375
0.7714516829690412,-0.1452975251288171,-0.0932550392380726,0.440798707533766
0.7706688429927478,-0.1415353042213144,-0.0909297341554428,0.4443743268276649
0.769908499426926,-0.1377563087011108,-0.0885910187015413,0.447871253310075
0.7691716747019044,-0.1339669081312053,-0.0862424560502825,0.451283082527869
0.7684592492595507,-0.1301735063757229,-0.0838876646722993,0.4546039441705765
0.7677719006450159,-0.1263821700443914,-0.0815300944944667,0.4578288175486896
0.7671100672525487,-0.1225983187718848,-0.0791728383227068,0.4609537412380445
0.7664739396332223,-0.1188265172533275,-0.0768185033601127,0.4639758968939784
0.7658634781318152,-0.1150703937218624,-0.0744691588167971,0.4668935667309167
0.7652784461242299,-0.111332652726717,-0.0721263405292449,0.4697060107315239
0.7647184520671589,-0.1076151632634448,-0.069791101714839,0.4724132934557672
0.7641829930671376,-0.1039190911370855,-0.0674640912450957,0.475016094636342
0.7636714919130848,-0.1002450267420676,-0.0651456293391274,0.4775155432601052
0.7631833298106222,-0.0965931207476286,-0.0628357888130232,0.4799130658491201
0.762717870863118,-0.0929631954934887,-0.0605344617502148,0.4822102697876521
0.762274479640549,-0.0893548327333519,-0.0582414119091873,0.4844088568827535
0.761852534860606,-0.0857674541247392,-0.0559563231883774,0.4865105535415126
0.7614514367269738,-0.0822003679487121,-0.0536788271913475,0.4885170707588834
0.7610706132708277,-0.0786528201437212,-0.0514085339796141,0.4904300681589458
0.7607095224856841,-0.0751240181755456,-0.0491450458628086,0.4922511385868641
0.7603676541484532,-0.0716131580971491,-0.046887973488683,0.493981794183244
0.7600445294971399,-0.0681194353799775,-0.0446369417387072,0.4956234633430647
0.7597397006527035,-0.0646420549501277,-0.0423915952379009,0.4971774892208901
0.759452750101078,-0.0611802439921344,-0.0401516057729584,0.4986451281991794
0.7591832885950687,-0.0577332470792897,-0.0379166683683281,0.500027556742228
0.7589309540315704,-0.0543003314222291,-0.0356865039236751,0.5013258736301293
0.7586954101642763,-0.0508807902391696,-0.0334608606837942,0.5025411033404976
0.7584763447874243,-0.0474739374785125,-0.0312395100995498,0.5036742024686826
0.7582734685620889,-0.0440791096113206,-0.0290222472810987,0.5047260631344015
0.7580865136023344,-0.0406956622596127,-0.0268088880876415,0.5056975178911324
0.7579152322781179,-0.037322967869157,-0.0245992668848848,0.5065893437594051
0.7577593962362164,-0.0339604153803496,-0.0223932356049294,0.5074022653434862
0.7576187952193262,-0.0306074030495837,-0.0201906583058317,0.5081369591978049
0.757493236596568,-0.0272633444555563,-0.0179914143779037,0.5087940546580035
0.7573825443341139,-0.0239276598912801,-0.0157953921564562,0.5093741377524632
0.7572865584520992,-0.020599775775564,-0.0136024877929591,0.5098777527203902
0.7572051346385628,-0.0172791284868161,-0.0114126070524274,0.5103054028343488
0.7571381435743048,-0.0139651554379616,-0.0092256587085208,0.5106575528618505
0.7570854706489585,-0.0106572950670467,-0.0070415538153247,0.5109346295884865
0.7570470157558199,-0.007354991387682,-0.0048602080079958,0.5111370220310575
0.7570226929490305,-0.0040576880435532,-0.0026815368877682,0.5112650824762954
0.7570124302903967,-0.0007648270549069,-0.0005054545155294,0.5113191266201648
0.7570120522634828,3.0424814902695046e-11,-9.119503112733908e-12,0.5113211174693569
