3.04463467856124
0.7913296308596033,-1.0789540429090284e-27,-1.3261314094391676e-14,0.4051568573223454
0.7913320214209486,0.0014257454696356,0.0013586364661492,0.4051457912367013
0.7913495278639266,0.004113117168442,0.0039192661768639,0.4050647581357715
0.7913840372933625,0.006801005774344,0.0064796636929705,0.4049050507506542
0.7914355844469005,0.009489911941287,0.0090398324108496,0.4046665641021749
0.7915042186867621,0.0121801646829451,0.0115996120332507,0.4043491531793101
0.791590004468932,0.0148720865684763,0.0141588360242426,0.403952630961802
0.791693021070949,0.0175659883016756,0.0167173265146105,0.4034767699282081
0.7918133623911386,0.020262168365197,0.0192748940606063,0.4029213032837783
0.791951136700678,0.0229609113880714,0.0218313362215382,0.4022859264528268
0.792106466061211,0.0256624814591511,0.0243864314001433,0.4015703001532088
0.7922794859472362,0.0283671218381614,0.026939938812844,0.4007740525559233
0.7924703445452125,0.0310750500051745,0.0294915941152224,0.3998967829556685
0.7926792020113764,0.0337864542354496,0.0320411065596561,0.3989380656382607
0.7929062292616339,0.0365014860337741,0.0345881523661216,0.3978974558872731
0.7931516067932373,0.0392202558730782,0.0371323713415617,0.3967744958103469
0.793415522995638,0.0419428253696285,0.0396733603086606,0.3955687224487187
0.7936981722313914,0.0446692001565081,0.042210667381175,0.3942796768454374
0.7939997521802878,0.0473993188159101,0.0447437827931962,0.3929069163430316
0.7943204611824382,0.0501330456387695,0.0472721335548861,0.3914500267018709
0.7946604940734641,0.052870154107404,0.0497950698177152,0.389908640834227
0.795020038791401,0.0556103215243554,0.0523118619025149,0.3882824537190328
0.7953992707182187,0.0583531096969057,0.0548216848412579,0.3865712472037628
0.7957983473667805,0.0610979540148731,0.0573236111086445,0.3847749127471565
0.7962174026300223,0.0638441534532268,0.0598166045964527,0.3828934755946294
0.7966565397244144,0.0665908560938421,0.0622995109410763,0.3809271241895499
0.7971158237426366,0.0693370470622982,0.0647710505287905,0.3788762405861987
0.7975952759634083,0.072081550437569,0.0672298244530653,0.3767414222345659
0.7980948662754859,0.0748230217718584,0.0696743122272846,0.3745235114104861
0.7986145086939067,0.0775599595891846,0.0721028866175014,0.3722236100948982
0.7991540565974022,0.0802907141578315,0.0745138258710616,0.3698430954342806
0.799713302009822,0.0830135148658013,0.0769053420584027,0.3673836167839261
0.8002919754968922,0.0857264956317871,0.0792756069498541,0.3648470897688564
0.8008897496015427,0.0884277316218754,0.0816227869163515,0.3622356747249161
0.8015062448136483,0.0911152800302674,0.0839450801675524,0.3595517443117269
0.802141038912642,0.0937872271466678,0.0862407580227374,0.3567978370079267
0.8027936746099602,0.0964417196468695,0.0885081911440585,0.3539766188197669
0.8034636734156303,0.0990770140118383,0.0907458899466008,0.3510908190216212
0.8041505446377544,0.1016914982500381,0.0929525199583493,0.3481431881828362
0.8048537973783674,0.1042837201508165,0.0951269217352884,0.3451364444356892
0.8055729479274586,0.1068523937748839,0.0972681115958486,0.3420732406509597
0.8063075284809094,0.1093964087571027,0.0993752842849353,0.3389561269214288
0.8070570929453242,0.1119148277372572,0.1014478054498701,0.3357875263771119
0.8078212204447245,0.1144068762035218,0.1034851978946154,0.3325697214067727
0.8085995186915753,0.1168719329868106,0.1054871286007826,0.3293048409515504
0.8093916227635112,0.1193095077686905,0.107453385558266,0.3259948674269448
0.8101971975055937,0.1217192323806973,0.1093838663104928,0.3226416285792026
0.811015935076182,0.1241008390283673,0.1112785564050444,0.3192468097642521
0.8118475534476891,0.1264541441408911,0.11313751299626,0.315811962123987
0.8126917956635582,0.1287790363699804,0.1149608522420874,0.3123385075662063
0.8135484267286094,0.1310754597897782,0.1167487333996907,0.3088277533916882
0.8144172312574708,0.1333434012765149,0.1185013467333017,0.305280903560882
0.8152980128473928,0.1355828838375422,0.1202189064263972,0.301699062754952
0.8161905903194596,0.1377939530237729,0.1219016385052208,0.2980832530479113
0.817094797329291,0.1399766731783078,0.1235497766632966,0.2944344166577871
0.8180104790946199,0.1421311173589809,0.1251635535229116,0.2907534302286271
0.8189374924911113,0.144257366217942,0.1267431989108433,0.2870411053430938
0.8198757027615428,0.1463554994401335,0.1282889327369311,0.2832982025229919
0.8208249826419843,0.14842559352923,0.1298009628285732,0.2795254353351389
0.8217852129804947,0.1504677229796859,0.1312794853112033,0.275723468513243
0.8227562789664309,0.1524819522192307,0.132724678368695,0.2718929334078479
0.8237380713123847,0.1544683385574777,0.1341367041249409,0.2680344236659073
0.8247304835435112,0.1564269270970944,0.1355157047943505,0.2641485062193419
0.8257334128091084,0.1583577530495856,0.1368618041939246,0.2602357183141099
0.8267467571172731,0.1602608370783316,0.1381751043895253,0.2562965784798409
0.8277704174598681,0.1621361901583301,0.139455689022938,0.2523315783508544
0.8288042950549881,0.1639838091302482,0.1407036201929201,0.248341193467453
0.8298482915254858,0.1658036779497059,0.1419189393319053,0.2443258825696787
0.8309023081741392,0.1675957672641558,0.1431016669470007,0.2402860903557308
0.8319662456769552,0.1693600347581574,0.144251802896444,0.2362222485816424
0.8330400030325167,0.171096424288107,0.1453693258933143,0.2321347799580126
0.8341234789778756,0.1728048690164403,0.1464541955946877,0.2280240926179516
0.8352165689673792,0.1744852873823185,0.147506350091283,0.2238905914371862
0.8363191670988189,0.1761375870152506,0.1485257084959152,0.2197346705059797
0.8374311649139166,0.1777616636083931,0.1495121702981911,0.2155567174630101
0.838552449856513,0.1793573995070123,0.1504656146316354,0.2113571190164998
0.8396829072003884,0.1809246673046151,0.1513859025646234,0.2071362534189103
0.840822418742399,0.1824633286301701,0.1522728764423834,0.2028944950933858
0.8419708617736577,0.1839732335110961,0.1531263596466053,0.1986322181350314
0.8431281096442923,0.1854542218945593,0.1539461576055982,0.1943497938525162
0.8442940315628277,0.1869061240417869,0.1547320581193072,0.1900475911632555
0.8454684921952006,0.1883287606618509,0.1554838315410497,0.1857259777073988
0.8466513507911207,0.1897219425174641,0.1562012307039366,0.1813853226646625
0.8478424612735788,0.1910854712315793,0.1568839915010641,0.1770259959954325
0.8490416725130855,0.192419140219001,0.1575318334877665,0.1726483670110385
0.8502488277116829,0.1937227345623774,0.1581444599392184,0.1682528061926476
0.8514637638588927,0.1949960310284701,0.1587215580103946,0.1638396867107535
0.8526863126396871,0.1962387995884024,0.1592627995702114,0.1594093806567585
0.8539162980500251,0.1974508015240107,0.1597678405120257,0.1549622672061299
0.8551535378553089,0.1986317915379456,0.1602363218682866,0.1504987268123693
0.8563978433887162,0.1997815180356611,0.1606678700483455,0.146019141437738
0.8576490188363803,0.2008997229485705,0.1610620969161138,0.1415238966100735
0.8589068597986336,0.2019861410274644,0.1614185997653339,0.1370133860365937
0.8601711558056864,0.2030405025868511,0.1617369624569329,0.1324880020153274
0.8614416875392413,0.2040625315769136,0.1620167549539363,0.1279481448389762
0.8627182276811294,0.2050519468637424,0.1622575339680591,0.1233942191616683
0.8640005413350552,0.2060084630049904,0.1624588433438437,0.1188266319112446
0.8652883845240396,0.2069317895602212,0.1626202141114733,0.1142457970468638
0.8665815047329707,0.2078216320002494,0.1627411649445258,0.1096521330050045
0.8678796401659631,0.2086776916538621,0.1628212024167901,0.1050460647120767
0.8691825210173618,0.2094996669853304,0.1628598213907489,0.1004280184383139
0.8704898662970679,0.2102872520019811,0.1628565052062444,0.0957984324052178
0.8718013871358178,0.2110401387941266,0.1628107261159551,0.0911577444062892
0.8731167897538494,0.2117580192969769,0.1627219450701185,0.0865063806624445
0.8744357646504157,0.2124405795790643,0.1625896124821916,0.0818447933712717
0.8757579915236856,0.2130875034016665,0.162413168734473,0.0771734425718871
0.8770831410177672,0.2136984734903673,0.1621920442654886,0.0724927892641747
0.878410872585961,0.2142731708507443,0.1619256601169504,0.0678033022377283
0.8797408348751913,0.2148112753970667,0.1616134282460461,0.0631054559780083
0.8810726656659801,0.2153124663222391,0.1612547518570949,0.0583997301315482
0.8824059914701203,0.2157764223316273,0.1608490258259708,0.0536866101675996
0.8837404273396303,0.2162028219785179,0.1603956371052523,0.0489665872816626
0.8850755768189316,0.216591344041327,0.1598939650874251,0.0442401577800346
0.8864110320509112,0.216941667917342,0.1593433818868801,0.0395078219037054
0.8877463730725678,0.2172534737911985,0.1587432529525144,0.0347700855081048
0.8890811661740519,0.217526442719052,0.1580929382895461,0.0300274650739384
0.8904149678279817,0.217760257869003,0.1573917910080533,0.0252804729203852
0.8917473195430109,0.2179546038546291,0.1566391602455381,0.020529634644962
0.8930777503687337,0.2181091677296862,0.155834390510067,0.0157754793878942
0.8944057755165739,0.2182236392406015,0.154976823011047,0.0110185439047214
0.89573089579983,0.218297711341997,0.154065796749866,0.0062593737536133
0.8970525968237306,0.2183310807993089,0.1531006499569306,0.0014985254185866
0.8983703479549198,0.2183234489396943,0.1520807219467096,-0.0032634307037289
0.8996837677229668,0.2182745137531515,0.1510052152167776,-0.0080265119038679
0.900992994811504,0.2181839125151059,0.1498728286528431,-0.0127926891663104
0.9022973945067904,0.2180512867670643,0.1486828393433755,-0.0175611932903031
0.9035963009812784,0.2178762928293126,0.1474345494575703,-0.0223311921651841
0.9048890132547652,0.2176586059802502,0.1461272959312239,-0.0271017747819212
0.9061747920672236,0.2173979254897324,0.1447604609641917,-0.0318719377012526
0.9074528562824492,0.2170939807405543,0.1433334847956586,-0.0366405687395648
0.9087223782392184,0.2167465388399342,0.1418458818805391,-0.0414064253823595
0.9099824816595024,0.2163554129489412,0.1402972566531858,-0.0461681211505127
0.9112322354162082,0.215920473296066,0.138687327027641,-0.0509240944683178
0.9124706494402136,0.2154416596266677,0.1370159491190991,-0.0556725830251128
0.913696673196414,0.2149189945880111,0.1352831422038677,-0.0604116052082162
0.9149091930614068,0.2143525993889325,0.1334891188546931,-0.0651389343027861
0.9161070304969622,0.2137427113338146,0.1316343183430922,-0.0698520721372943
0.9172889464874426,0.2130897001959343,0.1297194345454363,-0.0745482435574796
0.9184536467732196,0.2123940852121533,0.1277454452494121,-0.0792243908002089
0.9195997895677382,0.2116565515513654,0.1257136398009849,-0.0838771744687239
0.9207260039934198,0.210877959755929,0.1236256284705382,-0.0885030155528347
0.9218309060091004,0.2100593546817442,0.121483353541265,-0.0930981268022545
0.9229131262787365,0.2092019627871729,0.1192890731662539,-0.0976585942827407
0.9239713355346602,0.2083071856421267,0.1170453408891661,-0.1021804524856301
0.9250042739657856,0.2073765837846847,0.1147549660321593,-0.1066597820243012
0.9260107809298432,0.2064118520909655,0.1124209589965554,-0.1110928171950898
0.9269898194470972,0.2054147911247194,0.1100464724272364,-0.1154760410361778
0.927940499843524,0.2043872704690998,0.1076347280445782,-0.1198062880122429
0.9288620893302828,0.2033311985791952,0.1051889627735704,-0.1240807948814257
0.929754021564623,0.2022484867793857,0.1027123632946161,-0.1282972610952499
0.9306158941983872,0.2011410222050462,0.1002080225933417,-0.1324538623771254
0.9314474636680704,0.200010641875302,0.0976788989243907,-0.136549257176974
0.9322486323302948,0.1988591160654766,0.095127794855761,-0.1405825600158939
0.933019434847393,0.1976881341874137,0.0925573402181273,-0.1445533121185092
0.9337600209063904,0.1964992985455625,0.0899699905445935,-0.1484614327620846
0.9344706396623936,0.1952941191579617,0.0873680257218891,-0.1523071768059199
0.9351516227347024,0.194074014953571,0.0847535605121769,-0.156091080927521
0.9358033704626356,0.1928403138702017,0.0821285508107751,-0.1598139228622795
0.9364263379318744,0.1915942575038685,0.079494808069036,-0.1634766747384008
0.9370210227784228,0.1903370069379741,0.0768540147226231,-0.1670804609144363
0.937587956809946,0.1890696445815659,0.0742077300757324,-0.170626533645579
0.9381276960037896,0.1877931827602188,0.0715574094694226,-0.1741162344993765
0.9386408144439744,0.1865085670105517,0.068904411559699,-0.1775509754273365
0.9391278987177164,0.1852166805594157,0.0662500075693078,-0.1809322196023408
0.9395895424109544,0.183918351142179,0.0635953948875499,-0.1842614590170571
0.940026343250538,0.1826143529337174,0.0609417002822721,-0.1875402071510327
0.9404388994600028,0.1813054121804407,0.058289990481223,-0.190769983618855
0.940827807715387,0.1799922097468217,0.0556412762717981,-0.1939523080471034
0.9411936609640948,0.1786753852587722,0.0529965197343817,-0.197088690920627
0.9415370472419384,0.1773555389716241,0.0503566368085409,-0.2001806306985799
0.941858548143876,0.1760332357501685,0.0477225040638058,-0.2032296064148806
0.9421587383147628,0.1747090059458285,0.045094959239483,-0.2062370779676705
0.9424381843675124,0.1733833491717192,0.0424748075684453,-0.2092044799410912
0.9426974446875334,0.1720567348617283,0.0398628217162445,-0.2121332229815484
0.9429370687273232,0.1707296056160083,0.0372597472584714,-0.2150246890026872
0.9431575970420558,0.169402377258298,0.0346663017013217,-0.2178802337505494
0.943359560916642,0.1680754412077778,0.0320831780998277,-0.2207011842448337
0.9435434823000808,0.1667491654705594,0.0295110459985685,-0.2234888392391876
0.943709873636948,0.1654238965708963,0.0269505542363728,-0.2262444676559653
0.9438592379302566,0.16409996008831,0.0244023310794237,-0.2289693099187528
0.9439920687759972,0.1627776612422092,0.0218669845088663,-0.2316645790520174
0.9441088501923868,0.161457287785335,0.0193451069673828,-0.2343314570257353
0.9442100569085494,0.1601391085321653,0.0168372717681368,-0.2369710999393182
0.9442961542605566,0.1588233758536564,0.0143440371467872,-0.2395846350413247
0.9443675983110724,0.1575103260835208,0.011865946339517,-0.2421731619412522
0.9444248359515712,0.156200179850655,0.0094035275728104,-0.2447377538539809
0.9444683049483438,0.1548931436788741,0.0069572964711141,-0.2472794562846965
0.9444984340801422,0.1535894098237655,0.0045277551735907,-0.2497992891083689
0.9445156432196236,0.1522891572203318,0.0021153935757397,-0.2522982463935794
0.944520343436825,0.1509925519728798,-0.0002793102606126,-0.2547772970572373
0.9445129370975944,0.1496997476592045,-0.0026558900063497,-0.2572373858040528
0.9444938054305472,0.1484102372600078,-0.0050150742414959,-0.2596806600216093
0.944463305446208,0.1471237518508213,-0.0073571252886014,-0.2621087555627107
0.9444217880081238,0.1458404211943702,-0.0096815595888194,-0.2645225093295067
0.9443695975812522,0.1445603686461556,-0.0119878945779044,-0.2669227329906616
0.9443070722287968,0.143283707978943,-0.0142756547685575,-0.2693102199110582
0.9442345436914448,0.142010544435806,-0.0165443701001826,-0.271685744045992
0.94415233747855,0.1407409754284691,-0.0187935749428687,-0.2740500594791784
0.9440607728465464,0.1394750895168729,-0.0210228101294589,-0.2764039031242731
0.9439601629401858,0.1382129680387236,-0.0232316202649632,-0.2787479924540365
0.9438508147787458,0.1369546843525199,-0.0254195552462667,-0.2810830276430089
0.9437330293863904,0.135700305002086,-0.027586168390708,-0.283409690107604
0.9436071017901596,0.1344498892321154,-0.0297310174329875,-0.2857286440800301
0.9434733211358326,0.1332034898267141,-0.0318536632115764,-0.2880405356991034
0.943331970785692,0.1319611535766817,-0.0339536690120563,-0.2903459927623874
0.9431833282451324,0.1307229202774848,-0.0360306023732925,-0.2926456271782244
0.9430276654541296,0.1294888248905553,-0.0380840315428717,-0.294940031520841
0.9428652486146036,0.1282588957327146,-0.0401135286065988,-0.2972297829351831
0.942696338355859,0.127033155565198,-0.0421186677173832,-0.2995154416372601
0.9425211898844108,0.1258116223469782,-0.0440990239295753,-0.3017975500059326
0.9423400529869216,0.1245943088871434,-0.0460541738348158,-0.3040766337015927
0.9421531720671472,0.1233812228162796,-0.0479836956369458,-0.3063532021746153
0.9419607863000408,0.1221723673092081,-0.0498871680209811,-0.3086277477429761
0.941763129543253,0.1209677402395003,-0.0517641714976572,-0.3109007475952349
0.941560430676537,0.119767335993164,-0.0536142855626387,-0.313172660765778
0.941352913433508,0.1185711441168837,-0.0554370908137332,-0.3154439310512211
0.9411407966053994,0.1173791502531469,-0.0572321674809022,-0.3177149855964208
0.9409242940915906,0.1161913361183564,-0.058999095447967,-0.3199862352632563
0.9407036150334128,0.115007679936847,-0.0607374535854942,-0.3222580741084792
0.9404789637110024,0.1138281555978286,-0.062446820951246,-0.3245308812930705
0.9402505398823534,0.1126527341736669,-0.0641267745185304,-0.326805018438553
0.9400185386465346,0.1114813828888267,-0.0657768906324142,-0.3290808318603763
0.9397831507416236,0.1103140663448988,-0.0673967432132685,-0.3313586504250063
0.93954456237541,0.1091507453648995,-0.0689859053242284,-0.3336387880064789
0.9393029555046204,0.1079913780894421,-0.0705439475690107,-0.3359215415447336
0.9390585079184984,0.106835920055277,-0.0720704379507709,-0.3382071910480961
0.9388113932339882,0.1056843238632363,-0.0735649422561578,-0.3404960003930803
0.938561781008643,0.1045365394137892,-0.0750270236616439,-0.342788216990862
0.9383098369408532,0.1033925145191348,-0.0764562418929083,-0.3450840706670378
0.9380557228455092,0.1022521944718256,-0.0778521537274276,-0.3473837745982777
0.9377995968333748,0.1011155225448764,-0.0792143123169115,-0.349687524365018
0.9375416133463012,0.0999824398314655,-0.0805422673425328,-0.3519954983053752
0.9372819232832909,0.0988528854898084,-0.0818355646779357,-0.3543078570296958
0.9370206741909892,0.0977267972522371,-0.083093745793025,-0.356624742357261
0.9367580101972854,0.096604110817567,-0.084316348439073,-0.3589462785180731
0.9364940723398923,0.0954847609445149,-0.0855029054481002,-0.3612725698299823
0.9362289984733004,0.0943686807297775,-0.0866529455657276,-0.3636037020900652
0.9359629235185208,0.0932558023498729,-0.0877659927150724,-0.3659397409122433
0.935695979610116,0.0921460573520916,-0.088841565828383,-0.3682807309534766
0.9354282960736332,0.0910393762426342,-0.0898791793888737,-0.3706266965970555
0.9351599996327372,0.0899356890363612,-0.090878343047639,-0.3729776405901702
0.934891214674678,0.0888349260345487,-0.0918385611625694,-0.37533354214102
0.9346220631381968,0.0877370170550455,-0.0927593337811689,-0.3776943582880865
0.93435266482705,0.086641892416769,-0.0936401561053741,-0.3800600215020628
0.9340831375933034,0.0855494833869326,-0.094480518584982,-0.3824304383840094
0.9338135972754156,0.0844597216444031,-0.0952799078388728,-0.384805490475487
0.933544158134744,0.0833725407731876,-0.0960378061128767,-0.3871850306369931
0.9332749327530192,0.0822878755847063,-0.0967536924938738,-0.3895688841191995
0.933006032438601,0.0812056635108851,-0.0974270427648178,-0.3919568450902467
0.9327375672107784,0.0801258443125321,-0.0980573305738224,-0.3943486768312133
0.9324696460415082,0.0790483608472893,-0.0986440280322663,-0.3967441095943698
0.9322023772116173,0.0779731603223907,-0.0991866063151551,-0.3991428373539716
0.9319358681587824,0.0769001935339617,-0.0996845375221765,-0.4015445190363249
0.931670225950088,0.075829416653289,-0.1001372953982586,-0.4039487740855099
0.9314055572877472,0.0747607911747619,-0.1005443572333495,-0.4063551821399391
0.9311419688927568,0.0736942854334144,-0.100905205333878,-0.408763279213804
0.93087956756759,0.0726298748820487,-0.1012193293102812,-0.4111725566999815
0.930618460201674,0.0715675421877293,-0.1014862285726178,-0.4135824608541579
0.9303587543148032,0.0705072795785955,-0.1017054145302811,-0.4159923872478492
0.9301005580698566,0.0694490891163788,-0.1018764138092345,-0.4184016799992906
0.9298439800518444,0.0683929820736809,-0.1019987717336604,-0.420809633176101
0.929589130081536,0.0673389826437871,-0.1020720555348475,-0.4232154824616709
0.9293361184992514,0.0662871254500884,-0.1020958586917509,-0.4256184111122484
0.9290850569067995,0.0652374591596531,-0.1020698049646552,-0.4280175421804417
0.92883605645816,0.0641900399499679,-0.101993552566774,-0.4304119541290468
0.928589229429412,0.0631449387216763,-0.1018667985182787,-0.4328006652533001
0.9283446897662588,0.0621022442871939,-0.101689284371445,-0.4351826275479207
0.9281025521205488,0.061062060269772,-0.101460801407932,-0.4375567352547608
0.9278629314566204,0.0600245044225521,-0.1011811956759566,-0.4399218281790397
0.927625942548799,0.0589897075067199,-0.1008503726825418,-0.442276696307252
0.9273916995476528,0.0579578124761161,-0.1004683018490274,-0.4446200840134535
0.927160315960093,0.0569289755165543,-0.1000350214968054,-0.4469506903510084
0.9269319035034644,0.0559033621097803,-0.0995506415963663,-0.4492671809131269
0.9267065717812076,0.0548811466396539,-0.0990153471438273,-0.4515681918658388
0.926484427519548,0.0538625099657645,-0.0984294000510404,-0.4538523387719867
0.926265573989154,0.0528476377028991,-0.0977931405749836,-0.4561182239489366
0.9260501099862676,0.0518367162906137,-0.0971069864600417,-0.4583644488175915
0.9258381296850968,0.050829932912198,-0.0963714335541077,-0.4605896176496787
0.9256297215626044,0.049827470873571,-0.095587052498842,-0.4627923513502968
0.9254249680133336,0.0488295079479198,-0.0947544862962326,-0.4649712944654201
0.9252239447429796,0.0478362134105358,-0.0938744459294317,-0.4671251248526301
0.9250267204912136,0.0468477463996929,-0.0929477061127009,-0.4692525601556239
0.9248333567072208,0.0458642537971069,-0.0919750998333363,-0.4713523650017933
0.9246439072154186,0.0448858677640723,-0.0909575116809787,-0.4734233585175183
0.9244584183843676,0.0439127055997217,-0.0898958728493474,-0.4754644164825687
0.9242769290007689,0.042944867893248,-0.088791153969377,-0.4774744767178183
0.924099470685716,0.0419824393502577,-0.0876443605335629,-0.4794525384731926
0.9239260675854616,0.041025485566336,-0.0864565233658856,-0.4813976697930531
0.923756737367305,0.0400740567532517,-0.0852286972409924,-0.4833090002081371
0.9235914910152055,0.0391281848582046,-0.0839619515880032,-0.4851857266405588
0.9234303337325616,0.0381878867921522,-0.0826573689988987,-0.4870271066506919
0.9232732649606588,0.0372531626563438,-0.0813160374207048,-0.4888324614408768
0.9231202790696492,0.0363239978141648,-0.0799390477019552,-0.4906011709794473
0.9229713660293546,0.0354003650457765,-0.0785274919441117,-0.4923326690003514
0.922826511522899,0.0344822233739952,-0.0770824572325768,-0.4940264441864936
0.922685697685618,0.0335695207948263,-0.0756050255685541,-0.4956820338502834
0.922548903311919,0.0326621937940634,-0.0740962692420684,-0.497299023547878
0.9224161042574458,0.0317601681174534,-0.072557248371209,-0.4988770442013192
0.9222872745802234,0.0308633648514134,-0.0709890181797533,-0.5004157601352959
0.922162385710578,0.029971693188005,-0.0693926138155895,-0.5019148803401563
0.922041407597172,0.0290850567084257,-0.0677690585260793,-0.5033741460587619
0.9219243091316872,0.0282033552033786,-0.0661193650687771,-0.5047933266571699
0.9218110577618952,0.0273264804457738,-0.0644445259863845,-0.5061722251890284
0.9217016202725326,0.0264543206718653,-0.0627455201470774,-0.5075106697089367
0.9215959630297436,0.0255867614301146,-0.0610233131478048,-0.5088085108717583
0.9214940520130974,0.0247236847874808,-0.059278854645396,-0.5100656220272743
0.9213958528644796,0.0238649685529729,-0.0575130756441772,-0.5112818990457155
0.9213013314494214,0.0230104900777043,-0.0557268953696593,-0.512457253695537
0.9212104536320762,0.0221601234049998,-0.0539212147687188,-0.5135916166499085
0.9211231856898644,0.0213137421355724,-0.0520969219345112,-0.5146849324913422
0.9210394941619008,0.0204712171760839,-0.0502548868901288,-0.515737161700131
0.9209593463623112,0.0196324210737621,-0.0483959707226589,-0.516748274250802
0.920882709947746,0.018797222954522,-0.0465210143152452,-0.5177182550429554
0.9208095534629386,0.0179654935208628,-0.0446308492718431,-0.5186470969785864
0.920739846149116,0.0171371025068184,-0.0427262922831352,-0.5195348032915048
0.9206735580685634,0.0163119194585287,-0.040808146901392,-0.5203813858618664
0.9206106602256782,0.015489814742783,-0.0388772060227838,-0.5211868635341302
0.920551124372241,0.0146706564571375,-0.0369342447828859,-0.5219512644590943
0.9204949234097662,0.0138543152371725,-0.0349800320687041,-0.5226746207698529
0.9204420312425636,0.0130406621485055,-0.0330153259233901,-0.5233569702702168
0.9203924226101078,0.0122295654506228,-0.0310408659441225,-0.5239983584145349
0.9203460736310876,0.0114208989007875,-0.0290573937662311,-0.5245988310808632
0.9203029612614768,0.0106145327493658,-0.0270656315645956,-0.5251584413687468
0.9202630636583232,0.0098103394107894,-0.0250662962481368,-0.5256772446901393
0.9202263600289918,0.0090081904306985,-0.0230600924018723,-0.526155300517972
0.9201928307434252,0.0082079583270481,-0.021047717266518,-0.5265926707237931
0.9201624573441104,0.007409516830046,-0.0190298618340312,-0.5269894192433244
0.920135222520377,0.0066127402448165,-0.0170072097323908,-0.5273456122138586
0.920111110066406,0.0058175017821313,-0.0149804334385035,-0.5276613183340397
0.9200901050143986,0.0050236775223014,-0.0129502048468183,-0.5279366069368647
0.9200721934793904,0.0042311409494873,-0.0109171818224031,-0.5281715498446604
0.9200573628145404,0.0034397685196713,-0.0088820229317686,-0.5283662191655879
0.920045601499832,0.0026494347201727,-0.0068453752873799,-0.5285206885928274
0.9200368992444728,0.0018600182154438,-0.0048078908801273,-0.5286350319098552
0.920031246868122,0.0010713932048058,-0.0027702048156932,-0.5287093244097635
0.920028636404411,0.000283437962389,-0.0007329578621331,-0.5287436414048559
0.9200290610428612,-0.0005039717499978,0.0013032200376485,-0.5287380588697497
0.920032515710322,-0.0012910466744739,0.0033379263084288,-0.5286926456893188
0.9200390025045576,-0.002078454929499,0.0053719416067504,-0.5286073921689001
0.9200485254046042,-0.0028663165672299,0.007404627566444,-0.5284822795999593
0.920061089570676,-0.0036547551257062,0.0094353525352344,-0.5283172895123451
0.92007670121985,-0.0044438890294169,0.0114634689193787,-0.5281124053642502
0.9200953678268976,-0.0052338435369322,0.0134883434427624,-0.5278676099725538
0.920117097846006,-0.0060247370599033,0.0155093215150319,-0.5275828892397626
0.9201419009329604,-0.0068166920756879,0.0175257547847634,-0.5272582293223151
0.9201697878479398,-0.0076098306789336,0.0195369892426435,-0.5268936179977081
0.9202007704229144,-0.0084042742547088,0.0215423639673008,-0.5264890451884046
0.92023486155172,-0.0092001438599389,0.0235412116926909,-0.526044503193511
0.9202720753025742,-0.0099975629757705,0.0255328652751597,-0.5255599853320702
0.9203124267820948,-0.0107966543423966,0.0275166492814864,-0.5250354878337625
0.9203559320875668,-0.0115975396858048,0.02949187898086,-0.5244710105733069
0.9204026084352492,-0.0124003425075626,0.0314578668732772,-0.5238665555233243
0.9204524740313584,-0.0132051858717071,0.0334139168269931,-0.5232221285518417
0.9205055480334458,-0.014012192302899,0.0353593235462497,-0.5225377400369898
0.9205618506573408,-0.0148214857790527,0.0372933770676487,-0.5218134036042696
0.9206214029493714,-0.015633188698374,0.0392153551802656,-0.5210491391733808
0.9206842270239992,-0.0164474256324866,0.0411245321106471,-0.5202449700093813
0.9207503459792536,-0.017264322184584,0.0430201754083537,-0.5194009239259649
0.920819783595528,-0.018084001671426,0.0449015380371846,-0.5185170372224075
0.920892564396166,-0.0189065866636129,0.0467678619752527,-0.5175933539619821
0.9209687139458068,-0.0197322027046299,0.0486183864799504,-0.516629922249721
0.9210482583893164,-0.0205609734382621,0.0504523368646659,-0.5156268001345976
0.9211312246230612,-0.0213930230630709,0.05226893003094,-0.5145840534526859
0.9212176399794368,-0.0222284736649414,0.0540673686636141,-0.5135017597846621
0.9213075325362492,-0.0230674488509825,0.055846849233842,-0.5123800045288539
0.9214009308093686,-0.0239100712163906,0.0576065565741197,-0.5112188846933929
0.9214978637091292,-0.0247564625844427,0.0593456646397691,-0.510018509322191
0.9215983603377724,-0.0256067428999949,0.0610633345791186,-0.5087790018408336
0.9217024499209292,-0.0264610304247285,0.0627587156550531,-0.5075005006713741
0.9218101621026088,-0.0273194447746484,0.0644309516751447,-0.5061831553591427
0.9219215258953852,-0.0281820992014552,0.0660791664491216,-0.5048271391021898
0.9220365704927254,-0.0290491079823455,0.0677024790583124,-0.5034326383829949
0.9221553247074508,-0.0299205827215804,0.0692999973866715,-0.5019998593670475
0.9222778164932244,-0.0307966298190002,0.0708708146444062,-0.500529033078639
0.9224040731624292,-0.0316773531225412,0.0724140155666889,-0.4990204120631081
0.9225341210289304,-0.0325628523459817,0.073928674887776,-0.4974742738973455
0.9226679850990156,-0.033453222035216,0.0754138571887309,-0.4958909239535397
0.9228056888210928,-0.034348551059926,0.0768686179357539,-0.4942706973056903
0.9229472539722314,-0.035248923038075,0.0782920061917327,-0.4926139588883022
0.9230926999216802,-0.0361544128723499,0.0796830614107103,-0.4909211107852536
0.9232420436864932,-0.0370650884911552,0.0810408188928005,-0.489192590031001
0.9233952994862594,-0.0379810094111966,0.0823643103330371,-0.4874288721181132
0.9235524777839018,-0.0389022224741815,0.083652560957912,-0.4856304801296565
0.9237135857129736,-0.0398287659427818,0.0849045990429245,-0.4837979776978167
0.923878626347142,-0.0407606666465426,0.0861194554504306,-0.481931975123789
0.9240475979414156,-0.0416979372489588,0.0872961641892614,-0.4800331354575617
0.924220493669556,-0.0426405764389514,0.0884337672822407,-0.4781021746828017
0.9243973014041618,-0.0435885692820797,0.0895313198059545,-0.4761398612680141
0.9245780030239652,-0.0445418850109177,0.0905878920759402,-0.4741470207794502
0.924762574452271,-0.0455004787298579,0.0916025765404616,-0.4721245321810874
0.9249509842338364,-0.0464642854762722,0.0925744866322672,-0.4700733399871433
0.9251431946087152,-0.0474332272195593,0.0935027694437741,-0.46799443887869
0.9253391604763485,-0.0484072087656928,0.0943866064376552,-0.4658888813745087
0.9255388292772444,-0.0493861183816393,0.0952252192323684,-0.4637577753175581
0.9257421411301272,-0.0503698294996406,0.0960178759273201,-0.4616022786473488
0.9259490287950592,-0.0513582013653358,0.0967638959965461,-0.4594235961114573
0.9261594181809192,-0.0523510820926411,0.0974626564512567,-0.4572229703588531
0.9263732281788578,-0.0533483082806802,0.0981135947247417,-0.4550016803169006
0.9265903709915292,-0.054349706838896,0.0987162127449595,-0.4527610345046495
0.9268107530914288,-0.0553550994558807,0.0992700816243483,-0.4505023581798242
0.9270342753851064,-0.0563643031413147,0.0997748429033821,-0.4482269890744503
0.9272608341529502,-0.0573771341202533,0.1002302108354868,-0.44593626552263
0.9274903213453516,-0.0583934086114521,0.1006359721178684,-0.443631521561014
0.9277226260169537,-0.0594129484955533,0.100991986778996,-0.4413140709799965
0.9279576338120652,-0.0604355782192329,0.1012981847888619,-0.4389852113399117
0.9281952289243072,-0.0614611324802965,0.1015545658723873,-0.4366462036438853
0.92843529397484,-0.062489454670799,0.1017611952966062,-0.4342982731934889
0.928677710654567,-0.0635203986522834,0.1019182004589867,-0.431942603110016
0.9289223606546518,-0.0645538316994622,0.1020257669924225,-0.4295803254262944
0.9291691257297304,-0.0655896337446662,0.1020841338777405,-0.4272125209023591
0.9294178881423664,-0.0666276982932139,0.1020935887557878,-0.4248402153078194
0.9296685309515996,-0.0676679327227124,0.1020544630484038,-0.4224643773894813
0.929920940130329,-0.0687102661750511,0.1019671262408307,-0.4200858997937791
0.9301750013839564,-0.0697546355794706,0.1018319814172623,-0.4177056301971545
0.930430601232945,-0.0708009895494854,0.1016494611933339,-0.4153243617985809
0.9306876273226424,-0.0718492890922275,0.1014200234388651,-0.4129428313119942
0.9309459686086804,-0.0728995078661347,0.1011441470441581,-0.4105617181905339
0.9312055150736724,-0.0739516306100281,0.1008223283358591,-0.4081816481703711
0.9314661576071604,-0.0750056523290217,0.100455077740368,-0.4058031952201258
0.9317277879662288,-0.0760615778828562,0.100042916606498,-0.4034268826947932
0.9319902986530464,-0.0771194213079422,0.0995863743690565,-0.4010531851901471
0.9322535825238852,-0.0781792041264189,0.099085986494754,-0.3986825327354178
0.9325175328328024,-0.0792409554687298,0.0985422919818679,-0.3963153109618763
0.9327820428273698,-0.0803047104456463,0.0979558319323066,-0.3939518652283856
0.933047005756658,-0.0813705102276768,0.0973271475620559,-0.3915925009537596
0.9333123144447252,-0.082438400418371,0.0966567793856139,-0.3892374877517062
0.9335778613484602,-0.0835084314123898,0.0959452654939329,-0.3868870591649099
0.9338435381267236,-0.0845806568178787,0.0951931412205107,-0.3845414166673354
0.9341092356708536,-0.085655133763355,0.0944009377969442,-0.3822007295005143
0.9343748437828922,-0.086731921807327,0.0935691821072651,-0.3798651375596139
0.9346402510122218,-0.0878110825029594,0.0926983961873475,-0.3775347528097545
0.9349053445106884,-0.0888926790525878,0.0917890967839209,-0.3752096604822374
0.9351700099208738,-0.0899767761112128,0.0908417948925808,-0.372889919926433
0.9354341311255436,-0.0910634390317351,0.0898569958874743,-0.3705755666271303
0.9356975901271234,-0.0921527336447817,0.0888351993192884,-0.3682666130341691
0.9359602669380058,-0.0932447260903748,0.0877768987298655,-0.3659630492554613
0.9362220394843408,-0.0943394827131315,0.086682581456461,-0.3636648435910822
0.9364827833908848,-0.0954370694635218,0.0855527289911542,-0.3613719440734779
0.9367423718169396,-0.096537551502676,0.0843878172442497,-0.3590842795309724
0.9370006753792872,-0.0976409931702148,0.0831883164868194,-0.3568017598594533
0.9372575622091264,-0.0987474585364826,0.0819546906463532,-0.354524275073409
0.9375128975484212,-0.099857009981379,0.0806873987998846,-0.3522516984034466
0.9377665437716732,-0.1009697085771002,0.0793868947701301,-0.349983885620774
0.9380183603233172,-0.1020856141204516,0.0780536270825765,-0.3477206750750259
0.9382682035236944,-0.1032047845807225,0.076688039637928,-0.3454618888917678
0.9385159265591976,-0.1043272763543076,0.0752905714510665,-0.3432073325023909
0.938761379337148,-0.1054531439170665,0.0738616571192379,-0.3409567953715881
0.9390044083652932,-0.1065824395700194,0.0724017272132618,-0.3387100515015221
0.9392448567316516,-0.1077152136436067,0.0709112080876573,-0.3364668589983112
0.9394825639352828,-0.1088515140054207,0.0693905225938281,-0.3342269610023953
0.9397173657713834,-0.1099913857928129,0.0678400905408219,-0.331990086135171
0.9399490944591852,-0.1111348723295446,0.0662603275294826,-0.3297559466075285
0.940177578363002,-0.1122820140816584,0.0646516464289962,-0.3275242401650362
0.9404026418211584,-0.1134328480642219,0.0630144583259183,-0.3252946510927161
0.9406241053279196,-0.1145874090391225,0.0613491709265843,-0.3230668477283742
0.940841785252038,-0.1157457283726624,0.0596561902459869,-0.3208404845056676
0.941055493943716,-0.1169078348894749,0.0579359194395071,-0.3186152001148902
0.941265039405588,-0.1180737533977027,0.0561887610343327,-0.3163906201201389
0.9414702254464892,-0.1192435057942891,0.0544151153689535,-0.314166354604068
0.9416708514869352,-0.1204171102847377,0.0526153818046897,-0.3119419994091774
0.9418667125577376,-0.1215945816657002,0.0507899583439783,-0.3097171353296413
0.94205759910588,-0.1227759304597501,0.0489392430093092,-0.307491329457164
0.9422432970630266,-0.123961163605597,0.0470636328127231,-0.3052641335655968
0.9424235876795832,-0.1251502837289993,0.0451635249185159,-0.3030350851582077
0.942598247513096,-0.1263432893530743,0.0432393163310949,-0.30080370672399
0.9427670483235692,-0.1275401745055362,0.0412914045288141,-0.2985695061078713
0.9429297570402296,-0.1287409287948382,0.0393201873378112,-0.2963319759825714
0.9430861356669252,-0.1299455370534514,0.0373260634973538,-0.2940905941093282
0.943235941242814,-0.131153979372482,0.0353094325769509,-0.2918448228477606
0.9433789257208348,-0.1323662304727847,0.033270695988505,-0.2895941098783406
0.9435148359470668,-0.1335822598396185,0.0312102567252438,-0.2873378874831291
0.9436434136255512,-0.1348020318153843,0.0291285191380795,-0.2850755718853638
0.943764395174676,-0.1360255046630158,0.0270258904571425,-0.2828065644750607
0.943877511779998,-0.1372526314992666,0.0249027791092428,-0.2805302495423568
0.9439824891385848,-0.1384833580120061,0.0227595985647321,-0.2782459979526495
0.9440790476425432,-0.139717624884044,0.0205967630377645,-0.2759531620664015
0.9441669021217728,-0.140955365330342,0.018414691642801,-0.2736510797000105
0.9442457618997232,-0.1421965062321227,0.0162138062848119,-0.2713390713842332
0.9443153307180924,-0.1434409679124379,0.0139945318807702,-0.2690164401098619
0.944375306566537,-0.1446886618015011,0.0117573003626225,-0.2666824749913916
0.9444253817807964,-0.1459394927793873,0.0095025463322043,-0.2643364461756671
0.9444652429168598,-0.1471933579576057,0.0072307090214164,-0.2619776063514575
0.9444945706633388,-0.1484501451017583,0.0049422349469053,-0.2596051929313376
0.9445130398542122,-0.1497097342813623,0.002637574698203,-0.2572184241282476
0.944520319375718,-0.1509719963999499,0.0003171853549371,-0.2548165008606026
0.944516072126358,-0.1522367926838645,-0.002018468826984,-0.2523986068359219
0.944499948478548,-0.1535043465584362,-0.0043696079700957,-0.2499631912160031
0.9444715706236392,-0.1547751518087836,-0.0067369802058219,-0.2475081251253647
0.9444305520719912,-0.1560490444626706,-0.0091201324806184,-0.2450324897123826
0.944376498200674,-0.1573258520824375,-0.0115186074412347,-0.2425353362829022
0.9443090061588963,-0.1586053901778016,-0.0139319372592085,-0.240015691671363
0.9442276647863844,-0.1598874610992519,-0.0163596420463198,-0.2374725588315336
0.9441320544975348,-0.1611718537860129,-0.0188012299017739,-0.2349049156911517
0.9440217472174754,-0.1624583426931647,-0.0212561954352042,-0.2323117155653945
0.9438963063588804,-0.1637466866183206,-0.0237240181090202,-0.2296918877479828
0.943755286682113,-0.1650366288723136,-0.0262041631810782,-0.2270443353185612
0.9435982341344192,-0.1663278971384381,-0.0286960821175471,-0.2243679334250154
0.9434246861049308,-0.1676202000522375,-0.0311992067038143,-0.2216615343067845
0.943234171067175,-0.1689132291031521,-0.0337129534457966,-0.2189239612618831
0.9430262088221756,-0.1702066557028711,-0.0362367186798083,-0.2161540125692621
0.942800310388786,-0.1715001311428215,-0.0387698793040387,-0.2133504593329611
0.9425559780689504,-0.172793285334185,-0.0413117911934743,-0.2105120458060574
0.942292705459936,-0.1740857259618731,-0.0438617884653321,-0.2076374887582075
0.9420099778838736,-0.1753770357791976,-0.0464191791095634,-0.2047254809584225
0.9417072722267826,-0.1766667730332038,-0.0489832468287805,-0.2017746876947521
0.9413840575439693,-0.1779544684484662,-0.051553246115021,-0.1987837509894802
0.941039795331395,-0.1792396241700273,-0.0541284012222638,-0.1957512895042581
0.9406739400453644,-0.1805217119289936,-0.0567079036263548,-0.1926759002815022
0.9402859396123634,-0.1818001715677948,-0.0592909102307227,-0.189556159746587
0.9398752367283648,-0.1830744073957849,-0.0618765371946789,-0.1863906302293452
0.9394412696398632,-0.1843437869619469,-0.0644638586131844,-0.1831778610303695
0.938983473384168,-0.1856076387898087,-0.0670519031004813,-0.1799163923252101
0.9385012818519888,-0.1868652485645834,-0.0696396471482319,-0.1766047636776262
0.9379941299736848,-0.188115856098102,-0.0722260099486656,-0.1732415215638604
0.9374614563512194,-0.1893586521958529,-0.0748098478790971,-0.1698252282465321
0.9369027056928104,-0.1905927769755265,-0.0773899518477625,-0.1663544678587939
0.93631733489198,-0.1918173114357196,-0.0799650302771675,-0.162827873181994
0.9357048161843382,-0.193031277530335,-0.0825337094300701,-0.1592441312328579
0.9350646439623383,-0.1942336320951014,-0.0850945204347205,-0.1556020088780474
0.9343963417018548,-0.1954232631242609,-0.0876458905849194,-0.1519003755597665
0.9336994702636878,-0.1965989859461771,-0.0901861336569059,-0.1481382306593952
0.9329736384123404,-0.197759538460528,-0.0927134371875571,-0.1443147393927286
0.9322185136402386,-0.1989035791352943,-0.0952258544706462,-0.1404292664902431
0.9314338357448702,-0.2000296840315837,-0.0977212929762419,-0.1364814206148223
0.9306194293650074,-0.2011363489113194,-0.1001975122593577,-0.1324710898932099
0.929775221290026,-0.2022219881380869,-0.1026521128236266,-0.1283984981187537
0.9289012531210696,-0.2032849434662882,-0.105082544968272,-0.1242642352008441
0.9279976970362168,-0.2043234913909334,-0.1074861124393518,-0.1200693014912519
0.9270648676639855,-0.2053358576221568,-0.1098599902954586,-0.1158151331017979
0.9261032331321916,-0.2063202336929686,-0.1122012460441046,-0.1115036246097721
0.92511341756041,-0.2072748025439198,-0.1145068808574191,-0.1071371159380161
0.9240962014888576,-0.2081977640133917,-0.1167738707007383,-0.1027183754332765
0.9230525153227962,-0.2090873638736776,-0.1189992169276302,-0.0982505584529697
0.9219834246713527,-0.2099419251143112,-0.121180004882952,-0.0937371388245758
0.9208901094726284,-0.2107598778303789,-0.1233134631537287,-0.0891818228715942
0.9197738419068846,-0.2115397830005202,-0.1253970123268257,-0.0845884670379831
0.9186359553937816,-0.212280355449016,-0.1274283178408183,-0.0799609665587815
0.9174778214188688,-0.2129804741651389,-0.1294053158427009,-0.0753031832697034
0.9163008190183622,-0.2136391914614866,-0.1313262422517957,-0.0706188483508832
0.91510631621367,-0.214255729760717,-0.1331896331882063,-0.0659115164517984
0.9138956479523824,-0.2148294771284924,-0.1349943263889761,-0.061184506862821
0.9126701030984916,-0.2153599756178904,-0.1367394451302407,-0.0564408803517232
0.9114309162461024,-0.2158469067594508,-0.1384243749076465,-0.0516834329872349
0.9101792593701103,-0.2162900771742184,-0.1400487413480815,-0.0469146869951509
0.908916241419041,-0.2166894017541701,-0.1416123793360761,-0.042136909391812
0.9076429092790924,-0.2170448880625762,-0.143115303939013,-0.0373521325767037
0.906360246316733,-0.2173566229230822,-0.1445576873718146,-0.0325621629772076
0.9050691788818156,-0.2176247584071889,-0.1459398298176129,-0.0277686169564395
0.90377057923251,-0.2178495007732638,-0.1472621381251056,-0.0229729406948767
0.9024652677819142,-0.2180311009127606,-0.148525107875268,-0.0181764256085318
0.9011540193274616,-0.2181698455664997,-0.1497293040796309,-0.0133802367048808
0.8998375667631369,-0.2182660504537851,-0.1508753470575178,-0.0085854300834918
0.8985166029684074,-0.2183200545780966,-0.1519639017864447,-0.0037929626509532
0.8971917856731935,-0.2183322152334472,-0.1529956662960339,0.0009962882632303
0.8958637401475985,-0.2183029040923452,-0.1539713635329543,0.005781514022183
0.8945323707991871,-0.2182324568401459,-0.1548921977556845,0.0105644436705634
0.8931979378544139,-0.2181211716553807,-0.1557590295454571,0.01534545934013
0.8918609647260627,-0.2179693545222735,-0.1565725109788385,0.020123949511127
0.8905219581847716,-0.2177773164122467,-0.1573332958908104,0.0248993194347012
0.8891814102394631,-0.2175453726501452,-0.158042037541928,0.0296709850368033
0.8878397971071897,-0.2172738419815116,-0.1586993881458367,0.0344383772649864
0.8864975813313161,-0.2169630462264285,-0.1593059968275482,0.0392009352596108
0.8851552126322801,-0.2166133099428575,-0.159862508585527,0.0439581040936292
0.8838131264611724,-0.2162249595210844,-0.1603695642708223,0.0487093406607512
0.8824717455621165,-0.2157983230080356,-0.1608277992745956,0.0534541088960446
0.8811314805499092,-0.215333729822797,-0.1612378428344545,0.0581918785049516
0.8797927289434476,-0.2148315099442385,-0.1616003178409573,0.0629221291471011
0.878455877623516,-0.2142919943373829,-0.1619158396769539,0.0676443425122941
0.877121300316643,-0.2137155135514019,-0.162185016465569,0.0723580119671844
0.8757893599853841,-0.2131023981876052,-0.1624084480392563,0.0770626348592115
0.8744604080824725,-0.2124529781667093,-0.1625867257408252,0.0817577158923834
0.8731347854837509,-0.2117675827292811,-0.1627204319054836,0.086442764562542
0.8718128210407796,-0.2110465392303969,-0.1628101396231631,0.0911173009956637
0.8704948339155532,-0.2102901738782351,-0.1628564121158399,0.095780848410942
0.8691811331475076,-0.209498811130248,-0.1628598025052199,0.1004329353489274
0.8678720160268096,-0.2086727722103663,-0.1628208534075406,0.1050731021295909
0.8665677664021516,-0.2078123732658373,-0.1627400961769092,0.1097009075744286
0.8652686614084536,-0.2069179291100019,-0.1626180507191776,0.1143159058484893
0.863974971271171,-0.2059897530233016,-0.1624552255802896,0.1189176477683072
0.8626869547094973,-0.2050281531371735,-0.1622521171917895,0.1235056977807283
0.8614048637108981,-0.2040334353836075,-0.1620092101256232,0.1280796176179339
0.8601289396079086,-0.2030059001120183,-0.1617269761593618,0.1326389808960285
0.8588594159491246,-0.2019458437455193,-0.1614058743816263,0.1371833635050698
0.8575965177765889,-0.2008535577441207,-0.1610463507246073,0.1417123467891795
0.856340461994945,-0.1997293283902695,-0.1606488376811869,0.1462255168233319
0.8550914580367789,-0.1985734368761736,-0.1602137541588586,0.1507224626041194
0.8538497070715468,-0.1973861580541131,-0.1597415048415127,0.1552027794674225
0.8526154035505122,-0.1961677613371649,-0.1592324803566587,0.1596660640835941
0.8513887339015556,-0.1949185088939296,-0.158687056382702,0.1641119197169863
0.8501698788370472,-0.1936386574007249,-0.1581055942399505,0.1685399484067682
0.8489590109890018,-0.1923284550536315,-0.1574884394269273,0.1729497600628395
0.8477562984534659,-0.1909881447560332,-0.1568359229481611,0.1773409600843851
0.8465619020901546,-0.1896179606794833,-0.1561483595952238,0.1817131596672472
0.8453759766565309,-0.1882181288314815,-0.1554260480410433,0.1860659721693671
0.8441986716037198,-0.1867888673749952,-0.1546692708845657,0.1903990106558358
0.84303013155352,-0.1853303866497813,-0.1538782945826734,0.1947118865715416
0.8418704947225346,-0.1838428865676023,-0.1530533679315822,0.1990042159895632
0.8407198955938807,-0.1823265592892756,-0.1521947234072006,0.2032756101677667
0.8395784635315044,-0.1807815868393505,-0.1513025757643637,0.2075256810584236
0.8384463240999206,-0.1792081421704874,-0.150377122543395,0.211754036787357
0.8373235982340357,-0.1776063873421049,-0.1494185429242988,0.2159602851073152
0.8362104032753143,-0.1759764742128876,-0.1484269980316614,0.2201440298815695
0.8351068532814335,-0.1743185441877746,-0.1474026307133849,0.2243048702352542
0.834013058384059,-0.1726327264768833,-0.1463455643834624,0.2284424032874678
0.8329291269830825,-0.1709191406633421,-0.145255904549443,0.2325562161460354
0.8318551647147969,-0.1691778944193426,-0.1441337373457849,0.2366458900387399
0.8307912739552589,-0.167409081791543,-0.1429791283400978,0.2407110024709019
0.8297375556657711,-0.1656127853083923,-0.1417921238176256,0.2447511204249481
0.8286941091286066,-0.163789074725674,-0.1405727499263619,0.2487658015428812
0.8276610333515236,-0.1619380086348362,-0.1393210137278419,0.252754588871428
0.8266384258318021,-0.1600596314369593,-0.1380369011525662,0.2567170157378299
0.8256263831489099,-0.1581539733608113,-0.1367203769541224,0.2606526036002956
0.8246250029837007,-0.1562210533113305,-0.1353713866717469,0.264560854269302
0.823634383383234,-0.1542608766636457,-0.1339898551520594,0.2684412527624747
0.8226546232627426,-0.1522734352689758,-0.1325756865797369,0.2722932653450677
0.821685823358554,-0.150258708432071,-0.1311287652312134,0.2761163357409673
0.8207280863609087,-0.148216662283605,-0.1296489551206551,0.2799098845111045
0.8197815180959556,-0.1461472513850058,-0.1281361012835672,0.2836733042376886
0.8188462284236414,-0.144050419941667,-0.1265900308555956,0.2874059557355634
0.8179223321641729,-0.141926103261534,-0.1250105544040483,0.291107164064397
0.8170099479371844,-0.1397742244344995,-0.1233974637412946,0.294776222863332
0.8161092025946292,-0.1375947041725707,-0.1217505396302009,0.2984123761677943
0.8152202295410582,-0.1353874568163155,-0.1200695492964632,0.3020148246330079
0.8143431709402484,-0.1331523956628766,-0.11835425100949,0.3055827160742695
0.8134781790547886,-0.1308894368024751,-0.1166043977265546,0.3091151393508993
0.8126254174574459,-0.1285985031460567,-0.1148197410538953,0.3126111186551756
0.8117850633526602,-0.1262795321162878,-0.1130000382674662,0.3160696031167058
0.8109573081752909,-0.1239324795423919,-0.1111450566219297,0.3194894633282614
0.8101423597844563,-0.1215573287639107,-0.1092545819900193,0.3228694812028521
0.809340445407447,-0.1191541033970307,-0.1073284307918223,0.3262083365144617
0.8085518121675995,-0.1167228745479706,-0.1053664578890476,0.3295046033040179
0.8077767291436229,-0.11426377396095,-0.1033685695898559,0.3327567398378246
0.8070154905792982,-0.1117770130536933,-0.1013347419465079,0.3359630735661079
0.8062684161609518,-0.1092628950808006,-0.0992650340175769,0.3391217982611965
0.8055358532647696,-0.1067218360950195,-0.0971596088456914,0.3422309628390143
0.8048181768911431,-0.1041543810498972,-0.0950187510349322,0.3452884699431933
0.8041157900675703,-0.1015612242735928,-0.0928428884885871,0.3482920726582821
0.8034291216406033,-0.0989432233271837,-0.0906326091284787,0.3512393825671071
0.802758625265407,-0.0963014198443067,-0.088388683897332,0.3541278730304804
0.8021047726156232,-0.0936370400738901,-0.0861120728660742,0.3569549078030196
0.8014680497042145,-0.0909515081362856,-0.0838039421255966,0.3597177569878852
0.8008489463089776,-0.0882464307591712,-0.0814656561073443,0.3624136436495348
0.800247948362717,-0.0855235914579508,-0.0790987773874044,0.3650397786576435
0.7996655248784382,-0.0827849164523366,-0.0767050412057345,0.3675934204437414
0.7991021165262524,-0.0800324400104882,-0.0742863281295842,0.3700719288316434
0.7985581259071538,-0.0772682695980561,-0.0718446351874283,0.3724728124958381
0.7980339048607251,-0.0744945259031411,-0.069382023305391,0.374793790468224
0.7975297477856342,-0.0717133010551177,-0.0669005790699422,0.3770328279373817
0.7970458850044243,-0.0689266061942429,-0.0644023655583981,0.3791881722763909
0.7965824807531244,-0.0661363335861228,-0.0618893847765587,0.3812583686989907
0.7961396333188597,-0.0633442227329047,-0.0593635426931891,0.3832422661462106
0.7957173777175633,-0.0605518349283551,-0.0568266211559419,0.3851390113883308
0.7953156914049199,-0.0577605431796956,-0.0542802633642622,0.3869480288648976
0.7949345006660183,-0.0549715258453843,-0.0517259627016195,0.3886689966526129
0.7945736886466765,-0.0521857731171919,-0.0491650634924526,0.3903018141656195
0.7942331027860587,-0.0494040927790975,-0.0465987614930203,0.3918465716795594
0.7939125632823817,-0.0466271292591735,-0.0440281171115766,0.3933035143533159
0.7936118693851051,-0.0438553713165565,-0.0414540587053715,0.3946730153634709
0.7933308067509306,-0.0410891753427518,-0.0388774008679208,0.3959555435723091
0.7930691525410378,-0.0383287757545338,-0.0362988513036599,0.3971516409330089
0.7928266811410246,-0.0355743088139595,-0.0337190307092885,0.3982618966204556
0.7926031674677557,-0.0328258186810021,-0.0311384765273185,0.3992869318453324
0.7923983910399387,-0.0300832781506227,-0.0285576608163406,0.4002273809220317
0.7922121381664622,-0.0273465934443048,-0.0259769935075455,0.4010838807733933
0.7920442044761385,-0.0246156182462433,-0.023396834611405,0.401857058745338
0.7918943967128655,-0.0218901641342248,-0.0208175032919914,0.4025475237092212
0.791762533742651,-0.019170002269803,-0.0182392788582106,0.4031558607516931
0.7916484479395063,-0.0164548759985926,-0.0156624122277516,0.40368262410447
0.7915519857708968,-0.0137445029651753,-0.0130871275975506,0.4041283337708819
0.7914730083823804,-0.0110385791211965,-0.0105136259947482,0.4044934721834265
0.7914113921632981,-0.0083367879012489,-0.0079420938288221,0.4047784809851077
0.7913670288427964,-0.0056387977284928,-0.0053727004094321,0.4049837600292569
0.7913398257654151,-0.0029442663008453,-0.0028056019549054,0.4051096656036355
0.7913297060417945,-0.0002528458813936,-0.0002409466024702,0.4051565092902305
0.7913296308580843,1.0356478587041085e-12,-2.7826869768935586e-12,0.4051568573239509
