2.93501319733749
0.6897101660923294,-7.104489687676171e-23,2.3122384287808383e-13,0.6611660528839286
0.6897111030785227,0.0023901244803822,0.0005183859084652,0.6611541749067751
0.689716245436005,0.0060878078311541,0.0013204931052028,0.661088997267293
0.6897258790015931,0.0097863538953243,0.0021231263145744,0.6609669448999587
0.6897400130789934,0.0134860329857163,0.0029265513766123,0.6607879907846936
0.6897586603923559,0.0171870742621735,0.0037310269956838,0.6605521071662174
0.6897818371619309,0.0208897093120344,0.0045368148008104,0.6602592648562515
0.6898095631226515,0.0245941683932884,0.0053441791314218,0.6599094333239184
0.6898418616367955,0.028300688917979,0.0061533894845234,0.6595025796661723
0.6898787597437249,0.0320095113149393,0.0069647202126306,0.6590386684458429
0.6899202882824986,0.0357208829718353,0.0077784519793491,0.6585176606875998
0.6899664819488222,0.0394350542604702,0.0085948714785189,0.657939513779618
0.6900173795248783,0.0431522881128854,0.0094142741241241,0.6573041792957383
0.6900730240068715,0.0468728578101499,0.0102369641608639,0.6566116022028432
0.6901334627346735,0.0505970452932827,0.0110632548791109,0.6558617201411989
0.6901987475293285,0.0543251400511516,0.011893468946207,0.6550544627101119
0.6902689349700128,0.0580574450735617,0.0127279403088267,0.654189749145611
0.6903440865854781,0.061794275902749,0.0135670145707403,0.6532674871959094
0.6904242692258539,0.065535967617472,0.0144110511577404,0.6522875699309941
0.6905095550596451,0.0692828628638478,0.0152604212222527,0.6512498772995691
0.6906000220168963,0.0730353211831136,0.0161155103339214,0.6501542723762384
0.6906957541106756,0.0767937202296017,0.0169767193744563,0.6490005993057574
0.6907968415822622,0.0805584496074709,0.0178444637430508,0.6477886835593537
0.6909033814647855,0.0843299203220896,0.0187191761501905,0.6465183273571391
0.6910154776743483,0.0881085554272522,0.019601305099057,0.6451893109883075
0.6911332416431591,0.0918947995637727,0.0204913177480223,0.6438013878906284
0.6912567925130351,0.0956891121528164,0.0213896989956914,0.6423542852239498
0.6913862577529224,0.0994919738038185,0.022296953677454,0.6408476997040612
0.6915217736128867,0.1033038859319111,0.023213607211835,0.6392812956954639
0.691663485292732,0.107125362166139,0.0241402042693779,0.637654706878644
0.6918115479690002,0.1109569427964424,0.0250773130183611,0.635967528343774
0.6919661270761546,0.1147991869354546,0.0260255240587825,0.6342193176944864
0.6921273988852524,0.1186526725493415,0.0269854512572272,0.6324095930659976
0.6922955514302921,0.1225180034675495,0.0279577343794158,0.630537827682683
0.6924707851066847,0.1263958068260109,0.0289430394248457,0.6286034486124681
0.6926533131852981,0.130286728295474,0.0299420583989529,0.6266058368629863
0.6928433632412322,0.1341914457708286,0.0309555138715071,0.624544317971723
0.6930411776010937,0.1381106600366941,0.0319841577464484,0.6224181640106121
0.6932470147624299,0.142045104425808,0.0330287750036887,0.6202265856323609
0.693461149897667,0.1459955347022892,0.0340901823428108,0.6179687346565718
0.6936838769319673,0.1499627472284465,0.0351692344453631,0.61564369068224
0.6939155095628737,0.1539475742360926,0.0362668243400563,0.6132504599491915
0.6941563827483386,0.1579508861080495,0.0373838857419244,0.6107879701503034
0.6944068546512432,0.1619735987789354,0.0385213970054662,0.6082550616707222
0.6946673081783363,0.1660166717083043,0.0396803826475696,0.6056504841917261
0.6949381536819514,0.1700811214501215,0.0408619195248713,0.6029728829314009
0.6952198308769365,0.1741680192717712,0.042067138762149,0.6002207943782992
0.6955128124313863,0.1782785099461127,0.0432972341821071,0.5973926273050174
0.6958176066316368,0.182413811961798,0.0445534657520483,0.5944866550816413
0.6961347608621118,0.1865752252237556,0.0458371656085526,0.5915010022558611
0.6964648663426851,0.190764149724693,0.0471497480337326,0.5884336220033808
0.6968085628681536,0.1949820969879572,0.0484927179798861,0.5852822769756967
0.6971665449152208,0.1992307110505515,0.0498676834348418,0.5820445113074493
0.697539566834542,0.2035117702676764,0.0512763625350247,0.5787176352136602
0.6979284537479539,0.2078272455509467,0.0527206102940157,0.5752986636021448
0.6983341083563863,0.2121792978650611,0.0542024270815846,0.57178429805233
0.6987575232613129,0.2165703248149745,0.0557239849373285,0.568170867206671
0.6991997949520413,0.221003005925769,0.0572876560070676,0.5644542626860769
0.6996621414261466,0.2254803632029796,0.0588960493394954,0.5606298559965174
0.7001459206090137,0.2300058045031923,0.0605520450883271,0.5566924227668891
0.7006526572412625,0.2345832182892638,0.0622588515073089,0.5526360143082718
0.7011840733116094,0.2392170614040648,0.0640200653617536,0.5484538230277622
0.7017421276564763,0.2439124820309413,0.0658397526226022,0.5441380022393777
0.702329062515323,0.2486754445982534,0.0677225389166821,0.5396794661478126
0.702947461099727,0.2535128778829398,0.0696737196638967,0.5350676472674885
0.7036003122851123,0.2584328002028531,0.0716993734791346,0.5302902509361017
0.7042910725204872,0.2634443425598501,0.0738064455889746,0.5253330852956624
0.7050236968224238,0.2685574878533591,0.0760027176369891,0.5201801609290386
0.7058025536350899,0.2737820286371863,0.0782964252337366,0.514814610557804
0.7066320285376493,0.2791247299725429,0.080695006677193,0.5092216094838544
0.7075153950567177,0.2845827063661686,0.0832019154407163,0.5033957179295604
0.7084524659321267,0.2901314664153449,0.0858104399134532,0.4973549649508679
0.7094366566661988,0.2957131001849772,0.0884967126670157,0.4911564648099595
0.710455102846634,0.3012444472177065,0.0912217557886789,0.4848909495923164
0.7114943518032062,0.3066523753760025,0.0939478770079299,0.4786446651201158
0.7125458915440241,0.3118997850538911,0.096652753134803,0.4724674335703444
0.7136064893621101,0.3169806596949167,0.0993288783667487,0.4663746287780432
0.7146759438559611,0.3219041475645681,0.1019766935808787,0.4603633642326147
0.7157552793404407,0.3266838927965323,0.1045995219949743,0.4544242401948938
0.7168458580169356,0.3313334408517228,0.1072012149689141,0.4485467477602646
0.71794902658041,0.3358647536701434,0.1097852851566311,0.4427212296562954
0.7190660073027733,0.3402879878564543,0.1123546861583824,0.4369393585133714
0.7201978726699027,0.3446116429406719,0.1149118014614142,0.4311941407087276
0.7213455585025664,0.348842831876109,0.1174585191944355,0.4254797300985503
0.7225098780636361,0.3529875130412006,0.1199963017284756,0.4197912574016885
0.7236915452499514,0.3570507176848292,0.1225262680323547,0.4141246345764925
0.7248911880509212,0.3610367100311286,0.1250492479472359,0.4084764251079275
0.7261093634156957,0.3649491282164696,0.1275658344419943,0.4028437210317168
0.7273465677207137,0.3687910908944788,0.1300764222766262,0.3972240521005487
0.7286032457297775,0.3725652841838856,0.1325812402833832,0.3916153105177801
0.7298798000020753,0.3762740377131433,0.1350803817076445,0.3860156809710346
0.7311765936579538,0.3799193715352279,0.137573819203409,0.3804236057466009
0.7324939588090859,0.3835030524143791,0.1400614292884769,0.3748377291866633
0.7338321953725453,0.3870266172513842,0.1425429969354339,0.3692568871077331
0.7351915802626113,0.3904914203536448,0.1450182387457625,0.3636800548042349
0.7365723630388668,0.3938986409396254,0.1474867999733222,0.3581063540743577
0.7379747746494587,0.3972493216359053,0.1499482749112081,0.3525350078325358
0.7393990250990321,0.4005443760896324,0.1524022064343288,0.3469653417986115
0.7408453055396838,0.4037846060980098,0.1548480932095513,0.3413967690447549
0.7423137914641532,0.4069707190320022,0.1572853981431603,0.3358287717196182
0.7438046397540947,0.4101033302761419,0.1597135461661017,0.3302609071278395
0.7453179931458384,0.4131829808971994,0.1621319341719295,0.3246927861392416
0.7468539782832326,0.416210140393527,0.164539930055322,0.3191240765253331
0.7484127100650175,0.4191852214042193,0.1669368815825136,0.3135544836562509
0.7499942869311124,0.4221085758141161,0.1693221108556935,0.3079837645093931
0.7515987944308034,0.4249805066727912,0.1716949216516013,0.3024117119367069
0.7532263057200651,0.4278012731969273,0.1740546016401133,0.2968381506716561
0.7548768816886505,0.4305710946500842,0.1764004239243373,0.2912629349053854
0.7565505688124827,0.433290150241678,0.17873164535683,0.2856859535919605
0.7582474007152472,0.4359585851518087,0.1810475101646111,0.2801071232265816
0.7599673995727917,0.4385765155600529,0.1833472530400439,0.2745263817074252
0.7617105774303042,0.4411440329046879,0.1856301018313597,0.268943682962611
0.7634769299260721,0.4436611969400426,0.1878952703358295,0.263359015856864
0.7652664416216908,0.4461280461141279,0.1901419664783123,0.2577723856871476
0.7670790889191166,0.4485446031074711,0.192369396645416,0.2521838044635566
0.7689148312269845,0.45091086458636,0.1945767555454499,0.2465933174850985
0.7707736180688842,0.453226812664271,0.1967632359673742,0.2410009803439202
0.7726553880217699,0.4554924147228138,0.1989280280901513,0.2354068617300883
0.7745600659496233,0.4577076214635705,0.2010703170308172,0.2298110510375182
0.7764875658703365,0.4598723717440937,0.2031892869039115,0.2242136492005705
0.7784377897857966,0.461986592333967,0.2052841201258127,0.2186147716997535
0.7804106277886529,0.46405019917743,0.2073539981907308,0.2130145477815984
0.782405956768389,0.4660630971667587,0.209398100984421,0.2074131236612902
0.784423644230625,0.4680251850056222,0.2114156113113036,0.2018106514167934
0.7864635454406482,0.4699363530496726,0.2134057124050937,0.1962072968554035
0.7885255006710051,0.4717964818001707,0.2153675859329106,0.1906032466184326
0.7906093431404059,0.4736054499981111,0.217300420159152,0.1849986862591574
0.7927148919297046,0.4753631287723339,0.2192034035528049,0.1793938194716699
0.7948419553181144,0.477069385357728,0.2210757284364374,0.1737888588509348
0.796990329119085,0.4787240823444642,0.2229165899180161,0.1681840302034504
0.7991597978944469,0.4803270792930562,0.2247251874056461,0.1625795692220362
0.8013501356628089,0.4818782337387538,0.226500725533556,0.1569757196570834
0.8035611034205047,0.4833773999306839,0.2282424125033392,0.1513727396452357
0.8057924526904854,0.4848244318116368,0.229949463294947,0.1457708926354585
0.8080439243669828,0.486219182504455,0.2316210989435599,0.1401704504771514
0.8103152461404731,0.4875615031713913,0.233256544958658,0.1345716998344492
0.8126061366894951,0.4888512460068363,0.2348550347248418,0.1289749318127335
0.8149163028146332,0.4900882628320021,0.2364158076442018,0.123380449159396
0.8172454411863898,0.491272406438076,0.2379381106180589,0.1177885620713129
0.8195932381805654,0.4924035307405959,0.2394211981043865,0.1121995887591658
0.8219593680859042,0.4934814902361324,0.2408643312174776,0.1066138598177013
0.8243434967527047,0.4945061420001695,0.2422667801982466,0.1010317097024515
0.8267452799471513,0.4954773450458565,0.2436278234643337,0.095453480872784
0.8291643622504509,0.4963949601370963,0.2449467471632345,0.0898795264908604
0.8316003798590558,0.4972588510993699,0.2462228468666384,0.0843102041163278
0.834052957027734,0.4980688836961888,0.2474554257778387,0.0787458840634916
0.8365217118777427,0.4988249277810446,0.2486437978013547,0.0731869363757803
0.8390062507844191,0.4995268555283212,0.2497872847393999,0.0676337438136104
0.8415061722386271,0.5001745428123102,0.2508852182620759,0.0620866933294843
0.8440210657919557,0.5007678689442441,0.2519369393864364,0.0565461787045122
0.8465505116541063,0.5013067166959891,0.252941798343166,0.0510126016507066
0.8490940813719351,0.5017909725785357,0.2538991548917683,0.0454863705259721
0.8516513393011397,0.5022205271591348,0.2548083788267784,0.0399678973964371
0.8542218415589038,0.5025952748514665,0.2556688494863143,0.0344576005954195
0.8568051366419842,0.5029151140431586,0.2564799559004363,0.0289559036426281
0.859400761814058,0.5031799467650693,0.2572410956690373,0.0234632431261161
0.8620082513311262,0.5033896796613816,0.257951677395752,0.0179800514695372
0.8646271294000899,0.5035442231680494,0.2586111184164346,0.0125067721432651
0.8672569143909044,0.5036434919121959,0.2592188458905361,0.0070438510062929
0.8698971164438413,0.5036874045417538,0.2597742960509698,0.0015917415533249
0.8725472398046955,0.5036758837968836,0.2602769146021436,-0.0038490997072109
0.8752079019726833,0.5036088165482189,0.2607263338891052,-0.0092804911393262
0.8778828768528095,0.503485822711055,0.2611225375989659,-0.0147105988400015
0.8805716727711311,0.5033065007003306,0.2614646625295073,-0.0201388224778655
0.8832737836149597,0.5030704535937721,0.261751849041318,-0.025564548360489
0.8859886850488646,0.5027772897556141,0.2619832409291228,-0.0309871419166089
0.8887158384387026,0.5024266228473845,0.262157986168936,-0.0364059556827563
0.8914546841099219,0.5020180730443365,0.2622752368086546,-0.041820316005277
0.8942046466837922,0.5015512669010189,0.2623341498372993,-0.0472295338333043
0.8969651364401661,0.5010258373468521,0.262333887401371,-0.0526329074231501
0.8997355384955611,0.5004414262018603,0.2622736172261531,-0.0580297012821641
0.9025152290274427,0.4997976814834435,0.262152512965679,-0.0634191780170761
0.9053035618363902,0.4990942604874315,0.2619697546851894,-0.0688005721729661
0.9080998736924376,0.4983308292100272,0.2617245292486853,-0.0741731007938115
0.9109034865525194,0.4975070620548095,0.2614160303701478,-0.0795359677192766
0.913713701531464,0.4966226439408065,0.2610434595403114,-0.0848883520956493
0.9165298045054404,0.4956772691395592,0.2606060258236039,-0.0902294191922153
0.9193510635090354,0.4946706424213526,0.2601029464401333,-0.0955583154747341
0.9221767301746452,0.4936024789599744,0.259533446835123,-0.1008741713886046
0.9250060406137454,0.4924725042839705,0.2588967606709653,-0.1061761030314781
0.927838212429234,0.4912804557843364,0.2581921306907971,-0.1114632065810289
0.9306724468994652,0.4900260822656818,0.2574188085271282,-0.1167345624508838
0.9335079309241096,0.4887091433297094,0.2565760542612855,-0.1219892389155832
0.9363438351774191,0.4873294103886268,0.2556631369492534,-0.1272262886731039
0.9391793144659332,0.4858866667756255,0.2546793346121014,-0.1324447495368433
0.9420135100702408,0.4843807067309471,0.253623933393662,-0.1376436487540336
0.9448455476436226,0.4828113365785723,0.2524962281635707,-0.1428219991394232
0.947674537917876,0.4811783745318461,0.251295522192755,-0.1479788004039884
0.9504995805935776,0.4794816484462094,0.2500211252142363,-0.1531130462501497
0.9533197607711016,0.4777209977535038,0.2486723544864182,-0.1582237178622783
0.9561341512832404,0.4758962719873732,0.2472485333250564,-0.1633097881798538
0.9589418137749752,0.4740073298081727,0.2457489898852836,-0.1683702238664369
0.9617417984767008,0.4720540387623543,0.2441730564468811,-0.173403984929209
0.964533145524286,0.4700362738950519,0.2425200677203031,-0.1784100271458938
0.9673148855200048,0.4679539166862408,0.2407893593080762,-0.1833873031349041
0.9700860406287576,0.4658068534091001,0.2389802655906632,-0.1883347644059885
0.9728456248576164,0.4635949738943435,0.2370921178407939,-0.193251361977072
0.975592646022738,0.4613181687218418,0.2351242408813452,-0.198136050033578
0.9783261058016652,0.4589763276231284,0.2330759506241416,-0.2029877862110928
0.981045001961254,0.4565693357545933,0.2309465496113687,-0.2078055357965683
0.9837483275880364,0.454097072171955,0.2287353243093437,-0.2125882706686722
0.98643507499348,0.4515594037135339,0.2264415381364472,-0.2173349765921458
0.9891042353595624,0.4489561820992775,0.2240644270903599,-0.2220446530465326
0.9917547995742044,0.4462872395098918,0.2216031938010033,-0.2267163152767236
0.9943857613322258,0.4435523811805192,0.2190569985403864,-0.2313490004575146
0.9969961178201112,0.4407513794829464,0.2164249512316201,-0.2359417697397179
0.9995848709723228,0.4378839665695229,0.2137061017619665,-0.2404937114860768
1.0021510314041144,0.4349498228569477,0.2108994258957814,-0.2450039494241023
1.004693617973075,0.431948568924445,0.2080038138810974,-0.249471643368305
1.0072116609078132,0.4288797519026423,0.2050180532218132,-0.2538959965268967
1.0097042045369686,0.4257428302025402,0.2019408090800589,-0.2582762624802299
1.012170306889469,0.4225371599272367,0.1987706055193009,-0.2626117471184347
1.0146090465188549,0.4192619693424855,0.195505794021777,-0.2669018238334635
1.0170195223569414,0.4159163386786032,0.1921445260078719,-0.2711459371489793
1.0194008558060978,0.412499173306015,0.1886847174516663,-0.2753436111207245
1.021752194062013,0.4090091702702945,0.1851240051501826,-0.2794944609405713
1.024072711942512,0.4054447809207833,0.1814596970195735,-0.2835982031952015
1.026361614064058,0.401804165798295,0.1776887121026767,-0.2876546683336457
1.0286181283561218,0.3980851549994247,0.1738075235551441,-0.2916637997285257
1.03084150761093,0.3942851864375803,0.1698120755975812,-0.295625669324497
1.033031010562111,0.390401267445422,0.1656977212695708,-0.2995404597190036
1.035185879524127,0.3864299340716219,0.1614591544574806,-0.3034084431325698
1.0373052845615405,0.3823672656301327,0.1570903977823825,-0.3072299035078941
1.0393882305037307,0.3782089776364663,0.1525848741837113,-0.3110049936187763
1.041433376858442,0.3739507222424418,0.1479357078452224,-0.3147334330835957
1.0434387089630053,0.3695887981451577,0.1431364897212252,-0.3184139246230856
1.0454009732418987,0.3651216081013961,0.1381829097450858,-0.3220431057426876
1.0473147723683427,0.3605523791708351,0.1330758832624534,-0.3256137967127662
1.0491713962804374,0.3558934109506846,0.1278265592859305,-0.3291126056637649
1.0509580390465532,0.351170658063294,0.1224619609161398,-0.3325180225122618
1.052658888661954,0.3464244423516425,0.1170264583498412,-0.3358018480777837
1.0542590290117304,0.3417016594340328,0.1115734429418258,-0.3389360919802768
1.0557489932566508,0.3370426473688747,0.1061503191491802,-0.3419016948113474
1.057126361418974,0.3324729476686731,0.1007884999147761,-0.344692163596796
1.058394096870515,0.3280039152696678,0.0955034382383211,-0.347311033005808
1.0595579865231537,0.3236375608442547,0.0902997647228935,-0.3497673479125591
1.0606247661725658,0.3193710493510286,0.0851762889344813,-0.3520722110096959
1.061601122556178,0.315199538750135,0.0801292369487578,-0.354236882097486
1.0624932748723126,0.3111176539459896,0.0751539745334779,-0.3562719438421125
1.0633068485743042,0.3071201753007138,0.0702458408670449,-0.3581870191147414
1.064046882257845,0.3032023048516952,0.0654004933398238,-0.3599907488530025
1.064717882353298,0.299359741973399,0.0606140267418378,-0.3616908684369013
1.065323889766445,0.2955886770536968,0.055882991928561,-0.3632943129567624
1.0658685451783902,0.2918857472189464,0.0512043650036891,-0.3648073253764631
1.066355146987181,0.2882479817208844,0.0465755001769209,-0.3662355545855304
1.0667867004191345,0.2846727506365685,0.0419940834065945,-0.3675841391005577
1.0671659595905698,0.2811577110325817,0.0374580796069531,-0.3688577805226072
1.0674954613441483,0.2777007694083435,0.032965697894715,-0.3700608014691109
1.0677775543985109,0.2743000404955617,0.0285153498124979,-0.3711971972512782
1.0680144227627013,0.2709538207168783,0.0241056245455395,-0.3722706760788634
1.0682081058655095,0.2676605603725482,0.0197352608863333,-0.3732846946807585
1.068360515310553,0.2644188408922714,0.015403124382681,-0.3742424879480915
1.06847344894446,0.2612273558580014,0.0111081882600527,-0.3751470938695608
1.068548602665463,0.2580848992205268,0.0068495230250178,-0.3760013735398808
1.0685875807748166,0.2549903485305556,0.0026262785505158,-0.3768080302187651
1.0685919046469066,0.2519426561469822,-0.0015623238115904,-0.3775696241237064
1.068563020259537,0.2489408364591964,-0.0057170051722483,-0.3782885865705816
1.0685022345971873,0.2459812625890601,-0.0098422072684704,-0.37896783681382
1.0684107658302988,0.2430628180167067,-0.0139389663967222,-0.3796095547864785
1.0682897853165505,0.2401848474945907,-0.0180076972201072,-0.3802157325601253
1.068140419735342,0.2373467314739265,-0.0220487777440913,-0.3807882840319103
1.0679637544925122,0.2345478818287705,-0.0260625534876956,-0.3813290508793325
1.0677608365782194,0.2317877363124841,-0.0300493437458121,-0.3818398081302921
1.067532677097053,0.2290657549687196,-0.034009445335955,-0.3823222687774358
1.0672802534525032,0.226381416676889,-0.0379431363699351,-0.3827780879003781
1.067004511411095,0.2237342176470328,-0.0418506773566729,-0.3832088660573904
1.066706366890602,0.2211236692825227,-0.0457323133460482,-0.3836161524711331
1.0663867074521378,0.2185492955095382,-0.0495882770147708,-0.3840014479910282
1.0660463934962114,0.2160106297594957,-0.0534187924569192,-0.38436620781215
1.0656862599268233,0.2135072168279442,-0.0572240717419829,-0.3847118432609843
1.0653071169781898,0.2110386092163435,-0.0610043198342909,-0.3850397242077197
1.0649097513713734,0.208604367099993,-0.0647597341524263,-0.3853511807690582
1.0644949271507422,0.2062040568400507,-0.0684905064110335,-0.3856475050635835
1.0640633864142557,0.2038372496777342,-0.0721968242887752,-0.385929952794358
1.063615850216874,0.2015035219412051,-0.0758788708032249,-0.3861997445298648
1.0631530193430103,0.1992024547819848,-0.0795368244329356,-0.3864580669525346
1.062675574856777,0.1969336331459207,-0.0831708604995856,-0.3867060741012452
1.0621841783257693,0.1946966437194874,-0.0867811542957989,-0.3869448886296033
1.0616794730750003,0.192491077927187,-0.0903678761313163,-0.3871756024494059
1.0611620842062186,0.1903165292962921,-0.0939311954345327,-0.3873992779267087
1.0606326190816493,0.1881725933643997,-0.097471280847449,-0.387616948738691
1.0600916680293122,0.1860588685648746,-0.1009882987075176,-0.3878296205875683
1.0595398044253248,0.1839749547207359,-0.1044824154993968,-0.3880382721150472
1.0589775853932255,0.1819204541345497,-0.1079537960317269,-0.3882438555158093
1.0584055519932145,0.1798949707780101,-0.1114026047894996,-0.3884472973093623
1.0578242299062437,0.1778981113726678,-0.1148290041040323,-0.3886494988911907
1.057234129251725,0.1759294835020649,-0.1182331574013435,-0.3888513373560965
1.0566357453468913,0.1739886971071617,-0.1216152266940771,-0.3890536659581915
1.0560295589098672,0.1720753640626786,-0.1249753733471932,-0.3892573147422445
1.0554160363580638,0.1701890981574265,-0.1283137581701571,-0.3894630911163601
1.054795629991474,0.1683295147808569,-0.1316305420465311,-0.3896717804426114
1.0541687787002874,0.1664962322094872,-0.1349258837121484,-0.3898841464330309
1.053535907706962,0.1646888700243881,-0.1381999426515557,-0.3901009318536593
1.0528974293830873,0.1629070507428886,-0.1414528762450245,-0.3903228588501543
1.052253743008416,0.1611503984095897,-0.1446848424009982,-0.3905506296210677
1.0516052355250205,0.1594185400247823,-0.1478959970345116,-0.3907849267356373
1.0509522816242782,0.1577111050933249,-0.1510864949549598,-0.391026413668428
1.0502952439098885,0.1560277254446354,-0.1542564902858198,-0.3912757353019837
1.0496344735296927,0.1543680362606049,-0.1574061346042688,-0.3915335182407928
1.048970309626697,0.1527316741239444,-0.1605355807151358,-0.3918003715721416
1.0483030807950495,0.1511182801037362,-0.1636449768564232,-0.3920768868335893
1.047633104184982,0.1495274969911144,-0.1667344720387189,-0.3923636389014686
1.046960686549171,0.1479589713304891,-0.1698042122129743,-0.3926611860913678
1.046286124066567,0.1464123524760164,-0.172854342147376,-0.3929700707512725
1.045609702822549,0.1448872932225971,-0.1758850042500165,-0.3932908195686404
1.0449316989924464,0.1433834497339844,-0.1788963387483509,-0.3936239439949524
1.0442523790340832,0.1419004815079323,-0.1818884838006791,-0.3939699406629935
1.0435719997476292,0.1404380510710384,-0.1848615761625416,-0.3943292918726366
1.0428908090387397,0.1389958251871999,-0.1878157487689144,-0.3947024656978229
1.0422090455621271,0.1375734736495306,-0.1907511332098177,-0.3950899166696185
1.0415269393729158,0.1361706702412283,-0.1936678577898032,-0.3954920859183962
1.040844711973741,0.1347870924058048,-0.1965660482101717,-0.39590940163022
1.0401625764629672,0.1334224211517627,-0.1994458277830642,-0.3963422794524069
1.0394807379972366,0.1320763415869095,-0.2023073163085677,-0.3967911226906936
1.038799393849828,0.1307485426341909,-0.2051506306580828,-0.3972563227434484
1.038118733321013,0.1294387164912996,-0.2079758859356503,-0.3977382596561699
1.0374389386739762,0.1281465600716761,-0.210783192366123,-0.398237301948493
1.0367601848362091,0.1268717740416429,-0.2135726573234533,-0.3987538072731819
1.0360826396360368,0.1256140629175303,-0.2163443851007088,-0.3992881227161335
1.0354064640626155,0.1243731352025228,-0.2190984765781598,-0.3998405850624725
1.034731812321345,0.123148703148628,-0.2218350297147094,-0.4004115212189185
1.034058832621425,0.1219404838447594,-0.224554137061949,-0.4010012479990085
1.033387666362312,0.1207481974102003,-0.2272558897536412,-0.4016100732658103
1.0327184492012913,0.1195715685935643,-0.2299403738620575,-0.4022382954552828
1.03205131079297,0.1184103259774608,-0.232607672118568,-0.4028862042336013
1.031386374927497,0.1172642019173379,-0.2352578639992281,-0.4035540808217988
1.03072376008365,0.1161329331911025,-0.2378910241504399,-0.4042421978811185
1.0300635794977293,0.1150162607999835,-0.2405072227444764,-0.4049508198373312
1.0294059406625888,0.1139139288326531,-0.243106528063829,-0.4056802038555505
1.0287509465930318,0.1128256863135928,-0.2456890020782942,-0.4064305988939685
1.028098694951196,0.1117512854479724,-0.2482547044817884,-0.4072022470753922
1.0274492791178431,0.1106904831233986,-0.2508036890308151,-0.4079953828658922
1.0268027874684782,0.1096430394432148,-0.2533360069420546,-0.4088102343291705
1.026159304143434,0.1086087187245859,-0.2558517044008224,-0.4096470226029917
1.0255189088668752,0.1075872889406853,-0.2583508237943019,-0.4105059625110467
1.0248816772248133,0.1065785219146639,-0.2608334031320803,-0.4113872625986302
1.024247681183856,0.1055821938841036,-0.2632994745247233,-0.4122911247747048
1.023616988475187,0.1045980842796954,-0.2657490670673773,-0.4132177455339531
1.0229896626979722,0.1036259756684599,-0.2681822068974751,-0.4141673162588681
1.0223657645851385,0.1026656554835332,-0.2705989127422135,-0.4151400216837075
1.0217453507649157,0.1017169138711607,-0.2729992011701942,-0.4161360421117441
1.021128475025748,0.1007795454151807,-0.2753830821244357,-0.4171555518032884
1.0205151875370673,0.099853347721451,-0.2777505623610443,-0.4181987205532567
1.0199055351739104,0.0989381217084585,-0.2801016445995464,-0.4192657135572916
1.0192995623377208,0.0980336726276293,-0.2824363247571039,-0.4203566903016085
1.0186973097911658,0.0971398081122532,-0.2847545968278971,-0.421471806952106
1.0180988158144249,0.0962563397107585,-0.2870564488010256,-0.4226112146451278
1.0175041163094856,0.0953830828317438,-0.2893418626298439,-0.4237750595256938
1.0169132439484878,0.0945198553009865,-0.2916108178595608,-0.4249634847172672
1.0163262291687634,0.0936664786418814,-0.2938632881445521,-0.4261766287250276
1.0157431002280628,0.0928227779638613,-0.2960992413734509,-0.4274146255524998
1.0151638823617322,0.0919885805666152,-0.2983186432231917,-0.428677606799791
1.0145885993764785,0.0911637180699455,-0.3005214513617632,-0.4299656985494287
1.0140172719838914,0.09034802384539,-0.3027076221361798,-0.4312790253010733
1.0134499196522715,0.0895413355073003,-0.3048771037745593,-0.4326177061161656
1.0128865592932392,0.0887434928715398,-0.3070298416976884,-0.4339818578675137
1.0123272061109916,0.0879543390101812,-0.3091657755441354,-0.4353715935533036
1.0117718735071632,0.0871737199591531,-0.3112848398012411,-0.4367870227473627
1.011220572881803,0.0864014842896464,-0.3133869648207076,-0.4382282523771566
1.0106733142082265,0.0856374837690777,-0.3154720748735511,-0.4396953854989436
1.0101301054167702,0.084881572356422,-0.3175400907385044,-0.4411885231740339
1.0095909534186995,0.0841336074907588,-0.3195909260332635,-0.4427077619364202
1.00905586301209,0.0833934484333888,-0.3216244916024968,-0.4442531970422332
1.008524838135706,0.0826609578752711,-0.3236406909635031,-0.4458249191654668
1.0079978812337724,0.0819360009247,-0.3256394229321687,-0.4474230163677439
1.007474992700068,0.0812184442224486,-0.3276205839257882,-0.4490475761090939
1.006956172856025,0.0805081585363517,-0.3295840606576079,-0.4506986793699454
1.0064414197699676,0.0798050156477107,-0.3315297385864494,-0.4523764076000837
1.005930730620314,0.0791088901071419,-0.3334574969274673,-0.4540808387228598
1.005424101706384,0.0784196591318366,-0.3353672087885733,-0.4558120471949632
1.0049215282216766,0.0777372021846541,-0.3372587421937701,-0.457570104910814
1.0044230043166504,0.0770614009523715,-0.3391319600042937,-0.4593550811809914
1.0039285229440538,0.0763921390321859,-0.3409867206490415,-0.4611670434999494
1.0034380763520945,0.0757293024979487,-0.3428228764172245,-0.4630060559508794
1.0029516560443188,0.07507277974442,-0.3446402737551653,-0.4648721794396026
1.0024692526474164,0.0744224612112989,-0.3464387538980524,-0.466765472323716
1.0019908556376762,0.073778238921216,-0.3482181540134277,-0.4686859916971914
1.0015164539629409,0.0731400072265067,-0.3499783050032089,-0.4706337911213437
1.0010460361474998,0.0725076628590414,-0.3517190312438917,-0.4726089202220248
1.0005795893694622,0.0718811036027763,-0.3534401541144097,-0.4746114286937841
1.000117100649505,0.071260229807107,-0.3551414877014676,-0.47664136147472
0.9996585565918004,0.0706449439546356,-0.3568228398783806,-0.4786987598139204
0.9992039424593544,0.0700351493403126,-0.3584840157899587,-0.4807836655793446
0.9987532437518754,0.0694307521102242,-0.3601248121632119,-0.4828961142786246
0.9983064450006248,0.068831659568304,-0.3617450218128086,-0.4850361406039368
0.9978635303163256,0.068237780837067,-0.363344431720753,-0.4872037760553495
0.9974244834757662,0.0676490269013002,-0.3649228228127587,-0.4893990485651163
0.9969892877037836,0.067065310245325,-0.3664799708257758,-0.4916219836456363
0.99655792588129,0.0664865450634246,-0.3680156456344551,-0.4938726034410136
0.9961303804062612,0.0659126470066216,-0.3695296118198203,-0.496150927519204
0.9957066333218636,0.0653435332894862,-0.3710216282782283,-0.4984569722969221
0.995286666583935,0.0647791229864348,-0.3724914473535799,-0.5007907496037672
0.9948704616442994,0.0642193364108057,-0.3739388163721097,-0.5031522689873915
0.9944579995116418,0.0636640951360194,-0.3753634774723253,-0.5055415375234411
0.9940492612580272,0.063113322619106,-0.3767651659130182,-0.5079585569312726
0.9936442276187132,0.0625669436061788,-0.3781436115278621,-0.5104033258546379
0.9932428788452708,0.0620248838782525,-0.3794985392628356,-0.5128758408642824
0.9928451950445738,0.0614870706540812,-0.3808296680621735,-0.5153760944960891
0.9924511563898324,0.0609534328243283,-0.3821367102295251,-0.5179040738687651
0.992060742669998,0.060423900291699,-0.3834193729898846,-0.5204597635136561
0.9916739336195542,0.0598984043677405,-0.3846773574367507,-0.5230431432991951
0.9912907085620964,0.0593768772404254,-0.3859103597361604,-0.5256541908207577
0.990911047013096,0.058859252746551,-0.3871180692164691,-0.5282928773542765
0.9905349280409576,0.0583454654565235,-0.3883001704665483,-0.5309591722068224
0.9901623309720397,0.0578354515914809,-0.3894563411396042,-0.5336530377935979
0.9897932348118804,0.0573291481904004,-0.3905862538271804,-0.5363744336785342
0.9894276185748268,0.0568264935183407,-0.3916895750641791,-0.5391233142193516
0.989065461175092,0.0563274268765127,-0.3927659657091414,-0.5418996293251519
0.9887067414710888,0.055831888623174,-0.3938150808476133,-0.5447033241041047
0.9883514382474758,0.0553398201098807,-0.3948365698823484,-0.547534338976348
0.9879995303533086,0.0548511638352091,-0.3958300761782846,-0.550392608527156
0.9876509962190064,0.0543658627362685,-0.3967952384523129,-0.5532780654256182
0.9873058147685492,0.0538838614205832,-0.3977316882525121,-0.5561906329223938
0.9869639646123628,0.0534051050092508,-0.3986390522599676,-0.5591302313999255
0.9866254244795826,0.0529295397046557,-0.3995169511297205,-0.5620967747430171
0.9862901731923353,0.0524571127234077,-0.4003649996297354,-0.5650901704170899
0.9859581894776488,0.0519877719995451,-0.401182807166144,-0.5681103210620939
0.9856294517890856,0.0515214658969499,-0.4019699782075904,-0.5711571261892358
0.9853039391289032,0.0510581443433943,-0.4027261103375733,-0.5742304745369324
0.9849816302360184,0.0505977576512196,-0.4034507962783413,-0.5773302514286601
0.9846625039453336,0.0501402569964425,-0.4041436230546569,-0.5804563354088219
0.9843465393504726,0.0496855946259742,-0.4048041717219878,-0.5836085964787558
0.984033715105998,0.0492337228255046,-0.4054320188686888,-0.5867869029752208
0.983724010355214,0.0487845952263279,-0.4060267347075638,-0.5899911122557674
0.9834174042459468,0.04833816608428,-0.406587884171223,-0.5932210753579628
0.9831138757290068,0.0478943899566086,-0.4071150272736245,-0.5964766391437671
0.9828134040846164,0.0474532224426429,-0.4076077181903902,-0.5997576406637779
0.9825159687299916,0.0470146198821893,-0.4080655057161478,-0.6030639089712905
0.9822215489130726,0.0465785388782945,-0.4084879337692414,-0.6063952684591258
0.9819301241725128,0.0461449369507273,-0.4088745407223537,-0.6097515336661637
0.981641674230768,0.0457137723590116,-0.4092248596879526,-0.6131325102311759
0.9813561786026548,0.0452850034933795,-0.4095384190345508,-0.6165379993976364
0.9810736170269996,0.0448585894941643,-0.4098147418660607,-0.6199677929345258
0.9807939694997956,0.0444344902843122,-0.410053346123764,-0.6234216724815126
0.9805172161362816,0.0440126663426043,-0.4102537448340135,-0.6268994110160543
0.9802433368861058,0.0435930782453352,-0.4104154463297049,-0.630400776391837
0.9799723120762064,0.0431756874724654,-0.4105379539159709,-0.6339255244012505
0.979704122023044,0.0427604557954718,-0.410620766208685,-0.6374734035345344
0.9794387472943544,0.0423473456602214,-0.4106633770859099,-0.6410441514459023
0.979176168494878,0.0419363198361025,-0.4106652758398326,-0.6446374976338239
0.978916366449484,0.0415273416815654,-0.410625947223355,-0.648253160840632
0.9786593210817398,0.0411203733481248,-0.4105448711512137,-0.6518908648146678
0.978405013336442,0.0407153787835701,-0.4104215229886109,-0.6555503115125326
0.9781534244536924,0.0403123225869877,-0.4102553738190341,-0.6592311906244808
0.977904536093821,0.0399111701995194,-0.4100458907803973,-0.6629331773705303
0.9776583296405726,0.039511886766461,-0.4097925366331744,-0.6666559426331893
0.977414787057388,0.0391144384998779,-0.4094947705847296,-0.6703991400620707
0.97717389015275,0.0387187914726298,-0.4091520476914332,-0.6741624169516269
0.97693562122251,0.0383249126500744,-0.4087638197668256,-0.6779454041932486
0.9766999624942728,0.037932768963222,-0.4083295347565305,-0.6817477247275597
0.9764668966425162,0.0375423281452047,-0.407848637731476,-0.6855689851624125
0.9762364063892258,0.0371535580549032,-0.4073205703708409,-0.6894087819396904
0.9760084748201108,0.0367664271928784,-0.4067447717987323,-0.6932666959262298
0.975783085108118,0.0363809042224357,-0.4061206781619418,-0.6971422967704163
0.9755602206880916,0.0359969582508641,-0.4054477232298446,-0.7010351397646015
0.9753398654027416,0.0356145590736455,-0.4047253391635616,-0.7049447629369531
0.9751220030777288,0.0352336764286002,-0.4039529554335253,-0.7088706942652646
0.9749066181270266,0.0348542810387029,-0.4031300011373071,-0.7128124406022667
0.9746936949381518,0.0344763435294608,-0.4022559031572178,-0.7167694984274608
0.974483218347026,0.034099835253357,-0.4013300882332581,-0.7207413449271338
0.974275173401695,0.0337247278667138,-0.4003519824332863,-0.724727441988272
0.9740695455636847,0.0333509936856219,-0.3993210124790994,-0.7287272320242197
0.9738663204949936,0.0329786052976812,-0.3982366051968788,-0.7327401416898105
0.9736654842556864,0.0326075359169899,-0.3970981889728169,-0.7367655776824508
0.9734670231537188,0.0322377591070985,-0.3959051934775538,-0.7408029293182384
0.9732709239615912,0.0318692491828263,-0.3946570515078876,-0.7448515637499443
0.9730771737054592,0.0315019808198783,-0.393353198369383,-0.7489108298138998
0.97288575975244,0.0311359292173774,-0.3919930730063092,-0.7529800558786426
0.972696669973339,0.0307710704160489,-0.390576119937609,-0.7570585458970831
0.9725098924661764,0.0304073807756215,-0.3891017880689759,-0.7611455848342803
0.972325415875047,0.0300448375994138,-0.3875695339492633,-0.7652404313084751
0.972143229198963,0.0296834187785335,-0.3859788213076386,-0.7693423211950648
0.9719633218120542,0.0293231028419446,-0.3843291221486003,-0.7734504667366485
0.9717856835135118,0.0289638690707263,-0.3826199182439746,-0.7775640549261836
0.9716103046415274,0.0286056977513469,-0.3808507034825268,-0.7816822442856824
0.971437175831264,0.02824856970724,-0.3790209827723553,-0.7858041699602428
0.971266288204202,0.0278924667061495,-0.3771302751930959,-0.7899289388111607
0.971097633454208,0.0275373716751503,-0.3751781165626281,-0.7940556266887867
0.9709312035507532,0.0271832681115253,-0.3731640576392075,-0.7981832851005163
0.9707669910629724,0.0268301407989969,-0.3710876694870283,-0.8023109327742062
0.970604988950454,0.0264779754061924,-0.3689485428069384,-0.8064375602570033
0.9704451906367874,0.0261267586844738,-0.3667462906542051,-0.8105621276042723
0.9702875901035408,0.0257764787258085,-0.3644805518173344,-0.8146835613984159
0.9701321815605698,0.0254271242816466,-0.3621509881852776,-0.8188007628897102
0.9699789598516744,0.0250786857172459,-0.3597572927257305,-0.822912596975083
0.9698279202706168,0.0247311546700188,-0.3572991893497906,-0.8270178964928693
0.9696790584278736,0.0243845238033445,-0.3547764330965774,-0.8311154655160576
0.9695323703902176,0.0240387871903232,-0.3521888148160431,-0.8352040752986284
0.9693878526040416,0.023693940207924,-0.3495361625290579,-0.8392824661029284
0.9692455018388846,0.0233499794733248,-0.3468183430098086,-0.8433493486389058
0.969105315331519,0.0230069032703099,-0.3440352673249581,-0.847403399822327
0.9689672905109308,0.0226647109643396,-0.3411868883938329,-0.8514432706088254
0.968831425131759,0.0223234034047873,-0.3382732063367971,-0.8554675822761396
0.968697717138121,0.0219829826695881,-0.3352942685045539,-0.8594749305967403
0.9685661647479616,0.0216434523626835,-0.3322501741811613,-0.8634638836167146
0.9684367662148464,0.0213048170871925,-0.3291410719929083,-0.8674329892544547
0.9683095200889182,0.0209670832084403,-0.3259671688670401,-0.8713807678755445
0.9681844249327944,0.0206302582058192,-0.3227287262244513,-0.8753057215650618
0.9680614792128036,0.020294350450327,-0.3194260595166581,-0.8792063384551043
0.967940681178996,0.0199593689308694,-0.3160595368976366,-0.8830810976932482
0.967822029386107,0.0196253247737776,-0.3126295960841497,-0.8869284538163044
0.9677055219633977,0.0192922292999226,-0.3091367264520704,-0.8907468613062666
0.9675911567408224,0.0189600944034173,-0.305581473619148,-0.89453477220823
0.9674789315354602,0.0186289334434547,-0.3019644501022036,-0.8982906281369516
0.9673688437401906,0.0182987601142331,-0.2982863243080851,-0.9020128754462522
0.9672608902682972,0.0179695882951902,-0.2945478191953402,-0.9056999690706504
0.9671550677003992,0.0176414325180551,-0.2907497178512807,-0.9093503694991986
0.9670513720723471,0.0173143073396563,-0.2868928565565953,-0.9129625520465215
0.9669497983836224,0.0169882257419605,-0.2829781051524632,-0.916535026456308
0.9668503422248912,0.0166632043454155,-0.2790064292395082,-0.9200662819083024
0.9667529972684752,0.0163392553046613,-0.2749787919610257,-0.9235548777376296
0.966657757745473,0.0160163943515799,-0.270896251229429,-0.9269993579713982
0.9665646161409528,0.0156946330864099,-0.2667598629185919,-0.9303983362645442
0.9664735650241936,0.0153739850664348,-0.262570755937915,-0.9337504324250112
0.9663845957299612,0.0150544612021855,-0.2583300718408559,-0.9370543228159438
0.9662976994095844,0.0147360733606401,-0.2540390100822726,-0.9403087041339384
0.9662128662265922,0.0144188314074976,-0.2496987872150612,-0.9435123255237934
0.9661300858169096,0.0141027447510638,-0.2453106553557042,-0.9466639738240388
0.9660493465054416,0.013787819183666,-0.2408758557799882,-0.9497625058285424
0.9659706367047368,0.0134740620966074,-0.2363956891282856,-0.952806797184919
0.9658939439598596,0.0131614787034367,-0.2318714607084995,-0.9557957808091292
0.9658192555448282,0.0128500742806249,-0.227304510171276,-0.9587284257975832
0.9657465572356873,0.0125398488546423,-0.2226961308180552,-0.9616037876153158
0.965675835280639,0.0122308052544214,-0.2180476852179262,-0.9644209324970466
0.9656070747302328,0.0119229418681244,-0.2133604955336013,-0.9671790049625348
0.9655402606297304,0.0116162575960508,-0.2086359148752201,-0.969877182061966
0.9654753774520912,0.0113107491897398,-0.2038752847341889,-0.9725146973515476
0.9654124094474746,0.0110064126523102,-0.1990799539484951,-0.9750908280921612
0.9653513398646592,0.0107032391940065,-0.194251211987865,-0.9776049284098534
0.9652921527228244,0.0104012237009425,-0.1893904206668883,-0.9800563576000428
0.965234831150701,0.0101003564030781,-0.1844988798165793,-0.9824445491551967
0.96517935861556,0.0098006288961399,-0.1795779216356431,-0.9847689607290272
0.9651257177461728,0.0095020276774752,-0.1746288029620895,-0.9870291239289686
0.965073891810478,0.0092045419344499,-0.1696528310953366,-0.9892245829108702
0.9650238635893256,0.0089081571828403,-0.1646512569479004,-0.9913549420783216
0.9649756159471956,0.0086128581809764,-0.1596253211331069,-0.9934198424092926
0.9649291319797076,0.0083186297301287,-0.1545762662859117,-0.9954189552229048
0.9648843946666944,0.0080254543506607,-0.149505295840734,-0.9973519971351904
0.9648413874738512,0.0077333160037548,-0.1444136367667669,-0.9992187041183398
0.9648000934261176,0.0074421936954842,-0.1393024270073105,-1.001018871586826
0.9647604964098232,0.0071520702009647,-0.1341728664278882,-1.0027522977060508
0.9647225799420952,0.0068629232573138,-0.1290260611652711,-1.00441883679206
0.9646863282185856,0.0065747329673425,-0.1238631531161858,-1.0060183532558389
0.9646517255244406,0.0062874773244117,-0.1186852398346891,-1.0075507470693752
0.964618756489141,0.0060011339684846,-0.1134934048115121,-1.0090159422202678
0.9645874062188176,0.0057156813246038,-0.1082887376766711,-1.0104138803730418
0.9645576596720518,0.0054310926722209,-0.1030722251896728,-1.0117445482987764
0.9645295027183648,0.0051473456877579,-0.097844924741708,-1.0130079301871455
0.9645029215192684,0.0048644169349795,-0.0926078638774527,-1.014204034685097
0.9644779022827784,0.0045822786655032,-0.0873619799124711,-1.015332905549415
0.9644544320925532,0.0043009076751052,-0.0821082837502193,-1.016394583776968
0.9644324984147508,0.0040202803563857,-0.0768477685792084,-1.0173891291996693
0.964412088716264,0.0037403671150109,-0.0715813042998819,-1.0183166373487995
0.9643931914262142,0.0034611447398127,-0.0663098694277568,-1.0191771952928783
0.9643757950765918,0.0031825848361718,-0.0610343336908686,-1.0199709201050835
0.9643598889318904,0.0029046628790673,-0.0557556287257757,-1.0206979296729228
0.9643454625021382,0.0026273504080235,-0.0504746003238265,-1.021358364371816
0.9643325059285628,0.0023506214411792,-0.0451921301384635,-1.0219523689261358
0.9643210098204098,0.0020744499580896,-0.0399090881466041,-1.022480099339349
0.9643109651378774,0.0017988064252874,-0.0346262660857347,-1.0229417277806672
0.9643023635024056,0.00152366546481,-0.0293445243754898,-1.0233374278457814
0.9642951969420483,0.0012489996232766,-0.0240646730616262,-1.0236673857735838
0.9642894579990052,0.000974782342074,-0.0187875289168688,-1.0239317950497786
0.9642851396833664,0.0007009862513108,-0.0135138828606989,-1.0241308580965436
0.964282235498902,0.000427583860753,-0.0082445134387211,-1.0242647846642383
0.9642807394451414,0.0001545474603014,-0.0029801851512281,-1.0243337913322332
0.964280646019622,-0.0001181496901532,0.0022783283347325,-1.0243381010216843
0.9642819502012804,-0.0003905345892195,0.0075302676008916,-1.0242779433987976
0.9642846540778734,-0.0006631651249232,0.0127851123065288,-1.024153248939388
0.9642887624492584,-0.0009361074037347,0.0180428519714632,-1.0239638519155343
0.9642942804727538,-0.0012093867438918,0.0233026821612504,-1.0237095993061918
0.9643012138195224,-0.0014830307997861,0.0285638357421482,-1.023390343896956
0.9643095685974256,-0.0017570653953112,0.033825502466321,-1.02300594816318
0.9643193514110016,-0.0020315173144093,0.0390868824751925,-1.0225562818522065
0.9643305693310958,-0.0023064130202488,0.0443471614896558,-1.0220412237435423
0.9643432298745276,-0.0025817783982669,0.0496055057984917,-1.0214606629559484
0.9643573410850462,-0.0028576405335752,0.0548610960652967,-1.020814495625802
0.9643729114505996,-0.003134025773621,0.0601130901509109,-1.0201026291110198
0.9643899499012142,-0.0034109599879495,0.0653606280895704,-1.0193249824976431
0.9644084658654994,-0.0036884695584063,0.070602850815217,-1.0184814844469467
0.964428469079572,-0.003966578633485,0.0758388483388149,-1.0175720823277992
0.9644499699052992,-0.0042453138467754,0.0810677488209207,-1.0165967281666133
0.9644729793108092,-0.0045247033239176,0.0862886991891577,-1.0155553800660466
0.9644975084414706,-0.0048047714920805,0.0915007681294543,-1.0144480220993566
0.9645235686250732,-0.0050855401472396,0.0967029672909052,-1.013274664386577
0.964551172090567,-0.0053670362799573,0.1018943965410164,-1.0120353111603992
0.9645803313596464,-0.0056492850480455,0.1070741131747245,-1.0107299887177243
0.9646110591666256,-0.0059323094905026,0.1122411276431137,-1.0093587493591685
0.9646433686626236,-0.0062161327627308,0.1173944452531715,-1.0079216626178398
0.9646772733861576,-0.0065007778744392,0.1225330616568533,-1.0064188169925097
0.9647127874454668,-0.0067862691601969,0.1276559895241371,-1.0048503123143453
0.9647499250041132,-0.0070726281328941,0.1327621843982957,-1.0032162828876507
0.9647887005087228,-0.0073598756874367,0.1378505855656641,-1.0015168876357503
0.9648291289446532,-0.0076480340115302,0.1429201503616386,-0.999752299237761
0.9648712254859422,-0.0079371240011669,0.1479698088411421,-0.9979227198024934
0.9649150053335984,-0.0082271644400279,0.1529984508991621,-0.996028388003684
0.9649604842196814,-0.0085181755347574,0.1580049888022067,-0.994069557378666
0.9650076774851069,-0.0088101730809869,0.1629882576624848,-0.9920465361994556
0.9650566013808574,-0.0091031768398622,0.1679471603553947,-0.9899596315555595
0.9651072717122028,-0.0093972021964869,0.172880526024411,-0.9878092075356596
0.9651597044975212,-0.0096922644750982,0.1777871854590657,-0.985595656782133
0.9652139159671488,-0.0099883789552567,0.1826659722228142,-0.9833194005049756
0.9652699222503984,-0.010285559254675,0.1875156972533084,-0.9809809014456788
0.9653277396487098,-0.0105838189611824,0.1923351772848291,-0.9785806520915082
0.965387383922937,-0.0108831681225354,0.1971231799214684,-0.9761192038015972
0.9654488709315266,-0.0111836168010304,0.2018784834931821,-0.9735971395738444
0.9655122168418862,-0.0114851760816565,0.2065998937627703,-0.9710150650541648
0.9655774370767936,-0.0117878531329117,0.2112861680057281,-0.9683736509059568
0.965644546985521,-0.0120916546997377,0.2159360726310523,-0.9656736042966712
0.9657135615624453,-0.0123965859427671,0.2205483671969586,-0.9629156793216976
0.9657844954759486,-0.0127026507628754,0.2251218117680372,-0.9601006746394614
0.9658573632383276,-0.013009852670135,0.2296551819350035,-0.9572294255544302
0.965932178783488,-0.0133181931240663,0.2341472462692803,-0.9543028194149484
0.966008955643338,-0.0136276724775848,0.2385967828596889,-0.9513217870660295
0.9660877065387248,-0.0139382885164113,0.2430025609145445,-0.9482873170191712
0.9661684442617064,-0.0142500401156214,0.2473633951613792,-0.9452004196511616
0.9662511807038076,-0.0145629235089573,0.2516780947808728,-0.9420621629850856
0.9663359268459644,-0.0148769325335296,0.2559454703813015,-0.9388736706199912
0.9664226935315356,-0.0151920616619129,0.2601643777311698,-0.9356360904765004
0.9665114907655414,-0.0155083034859768,0.2643336851886368,-0.9323506192418866
0.9666023279263344,-0.0158256496428965,0.2684522884809604,-0.9290184921332229
0.9666952140065944,-0.0161440917375453,0.2725191242562196,-0.9256409719622886
0.9667901566904532,-0.016463618282528,0.2765331328102601,-0.9222193803966152
0.9668871633717776,-0.0167842183233282,0.2804933064750081,-0.9187550583872705
0.9669862405921446,-0.0171058795961481,0.2843986675732425,-0.9152493842258596
0.9670873942330528,-0.0174285892608127,0.2882482790723372,-0.9117037641700132
0.9671906301016228,-0.0177523357822063,0.2920412675622988,-0.90811960984681
0.9672959524982864,-0.0180771044527778,0.2957767712718903,-0.9044983858850169
0.9674033656554136,-0.0184028819886935,0.2994539951973974,-0.9008415574043324
0.9675128728862532,-0.0187296539054511,0.3030721810572797,-0.8971506172161284
0.9676244774153704,-0.0190574070401107,0.3066306358627588,-0.8934270554954302
0.9677381817445088,-0.0193861276373306,0.3101287104084038,-0.8896723792906375
0.967853988001879,-0.0197158023879464,0.3135658106127907,-0.8858880987931353
0.9679718979967225,-0.0200464185534902,0.3169413981948323,-0.8820757238384057
0.96809191304914,-0.02037796346308,0.3202549849002549,-0.878236767708774
0.9682140340325988,-0.0207104246283208,0.3235061332759004,-0.8743727439314873
0.9683382621413068,-0.0210437917793269,0.3266944753862734,-0.8704851406494751
0.9684645979698088,-0.0213780542956628,0.3298196862771462,-0.8665754485765687
0.968593042249746,-0.021713203143612,0.3328815013687262,-0.8626451366625918
0.968723595518262,-0.0220492299249309,0.3358797058416952,-0.8586956614775231
0.9688562583774112,-0.0223861274926653,0.3388141386750563,-0.8547284583829041
0.9689910314553988,-0.0227238897764655,0.3416846892231612,-0.8507449420546224
0.9691279155873662,-0.0230625121614264,0.3444912985109938,-0.8467465005987102
0.96926691151559,-0.0234019906723246,0.3472339505007749,-0.8427345038792217
0.96940802048396,-0.0237423233627696,0.3499126814861236,-0.8387102859207307
0.9695512439610668,-0.0240835095397452,0.3525275713776532,-0.8346751529872831
0.9696965833361814,-0.0244255489818336,0.355078735905112,-0.8306303918788079
0.9698440406779884,-0.0247684436703158,0.3575663377493115,-0.8265772486123824
0.9699936182358264,-0.0251121965266862,0.3599905747577531,-0.822516942621037
0.970145318608601,-0.025456811746414,0.3623516804868935,-0.8184506621798754
0.9702991448741104,-0.0258022950224269,0.3646499236338974,-0.8143795612512419
0.970455100450894,-0.0261486531639561,0.3668856033833522,-0.8103047635647018
0.9706131892147476,-0.0264958942978007,0.3690590488206919,-0.8062273599177182
0.9707734153618256,-0.0268440275098891,0.3711706147980074,-0.8021484121441279
0.9709357837094552,-0.0271930634466036,0.3732206837916278,-0.7980689459054954
0.9711002993181362,-0.0275430134430177,0.3752096588727068,-0.7939899608187335
0.9712669678914296,-0.0278938903352384,0.3771379668027367,-0.7899124209476419
0.9714357955221145,-0.0282457078689104,0.3790060529287103,-0.7858372617704747
0.9716067886546192,-0.0285984805882182,0.3808143791985524,-0.7817653915456716
0.9717799543332836,-0.0289522243133278,0.3825634251893118,-0.777697685949118
0.971955299973694,-0.0293069556309168,0.3842536840434888,-0.7736349941738122
0.9721328334663903,-0.0296626920776843,0.3858856621130655,-0.7695781370540508
0.9723125631318356,-0.0300194520205642,0.3874598771353114,-0.7655279087224539
0.972494497684384,-0.0303772545621263,0.3889768566789329,-0.7614850779874383
0.9726786463302116,-0.030736119711881,0.3904371377849229,-0.7574503867329214
0.9728650186536908,-0.0310960681425108,0.3918412648873534,-0.7534245530399488
0.973053624629571,-0.0314571211996635,0.3931897889439663,-0.7494082714393359
0.9732444745818708,-0.0318193008113314,0.3944832662410877,-0.74540221429907
0.9734375793462616,-0.0321826297838968,0.3957222586080592,-0.7414070289586907
0.973632950063634,-0.0325471313988545,0.3969073311643845,-0.7374233426205483
0.9738305982621952,-0.0329128295620846,0.3980390521518634,-0.7334517611145281
0.9740305357810868,-0.033279748656875,0.3991179918085798,-0.7294928709230484
0.974232774762593,-0.0336479135291255,0.4001447217668034,-0.7255472397425806
0.9744373278111704,-0.0340173497740318,0.4011198152643295,-0.7216154138488725
0.9746442077485395,-0.0343880832890806,0.4020438453555752,-0.7176979233246886
0.9748534276847968,-0.0347601404081971,0.4029173848659046,-0.7137952810160482
0.97506500114997,-0.0351335481366788,0.4037410064668907,-0.7099079805072648
0.9752789418936858,-0.0355083337971418,0.404515281403603,-0.7060365002726027
0.9754952638458844,-0.035884524970782,0.4052407790920784,-0.7021813046442322
0.9757139814202442,-0.0362621500313017,0.4059180678055245,-0.6983428387487826
0.9759351091077348,-0.0366412374441684,0.4065477129851085,-0.6945215361055284
0.9761586616622092,-0.0370218161003244,0.4071302776441655,-0.6907178155725288
0.9763846541710915,-0.0374039154430287,0.4076663222499786,-0.6869320804999304
0.9766131019723646,-0.0377875653330309,0.4081564042125475,-0.683164720505494
0.9768440205456802,-0.0381727958768217,0.4086010774551311,-0.6794161135336032
0.9770774254511728,-0.0385596373410248,0.409000892210037,-0.6756866269899915
0.9773133327320832,-0.0389481208319176,0.4093563955416173,-0.6719766115501502
0.9775517584741028,-0.0393382775742659,0.4096681303695826,-0.6682864085182803
0.9777927190429816,-0.0397301393174813,0.4099366357198887,-0.6646163462777175
0.9780362308178244,-0.0401237379147556,0.4101624462830184,-0.6609667445895809
0.978282310521185,-0.040519105873992,0.4103460926630299,-0.657337909774024
0.978530974889453,-0.0409162758391862,0.4104881009545601,-0.6537301398600868
0.9787822410823585,-0.0413152812609183,0.4105889929034116,-0.6501437188017651
0.979036126173134,-0.0417161555970615,0.4106492855163943,-0.6465789240703185
0.9792926475041118,-0.0421189328962073,0.4106694911734007,-0.6430360216826416
0.9795518224835332,-0.0425236474921414,0.4106501174841476,-0.6395152692485188
0.9798136693172436,-0.0429303351571101,0.410591667057454,-0.6360169063545672
0.9800782061772988,-0.0433390318108486,0.4104946373293402,-0.6325411662832059
0.9803454509820704,-0.043749773208572,0.4103595207690375,-0.6290882787862146
0.9806154216571378,-0.0441625953721458,0.4101868049077936,-0.6256584665254822
0.9808881363642468,-0.0445775349600817,0.409976972168873,-0.6222519422566817
0.9811636131289346,-0.0449946287190388,0.4097305000959989,-0.6188689136273536
0.9814418705215656,-0.0454139145354114,0.4094478607232351,-0.615509574899908
0.981722926779423,-0.0458354301252981,0.4091295213147846,-0.6121741178606386
0.9820068004530892,-0.0462592140321059,0.4087759437328992,-0.6088627240237953
0.9822935102117744,-0.0466853053503684,0.4083875845484775,-0.6055755671832692
0.9825830745728352,-0.0471137433459948,0.4079648953990266,-0.6023128165743239
0.9828755124783322,-0.0475445683322812,0.4075083221449139,-0.5990746304234187
0.9831708427765846,-0.0479778209213548,0.4070183055485197,-0.5958611619789189
0.9834690842197722,-0.0484135420477016,0.4064952813304112,-0.592672559474911
0.9837702559500788,-0.0488517737011202,0.40593967929413,-0.5895089610132858
0.9840743772020988,-0.0492925585094134,0.4053519237385536,-0.5863704980042398
0.9843814669155851,-0.0497359392027649,0.4047324342176335,-0.5832572991738281
0.9846915442346575,-0.0501819593636534,0.4040816245903504,-0.5801694854084825
0.9850046283241868,-0.0506306631839846,0.4033999033355164,-0.577107171759513
0.9853207386594612,-0.0510820959031966,0.402687672870158,-0.5740704647465482
0.985639894485368,-0.0515363030583699,0.4019453307023911,-0.5710594677247794
0.9859621149901916,-0.0519933307625676,0.4011732690803421,-0.5680742791362904
0.9862874196329448,-0.0524532261949733,0.4003718741765143,-0.565114989561869
0.9866158276684472,-0.0529160369538236,0.3995415271961422,-0.5621816861995155
0.9869473586659862,-0.0533818118163193,0.3986826030632023,-0.5592744482426135
0.987282031711144,-0.0538505996439096,0.3977954724426484,-0.5563933539950339
0.9876198666826208,-0.0543224512018205,0.3968804983640219,-0.55353846985316
0.9879608825390408,-0.0547974167899678,0.3959380407549522,-0.5507098650627574
0.9883050987489664,-0.055275548274312,0.3949684525991312,-0.5479075995331468
0.9886525347572942,-0.0557568983694843,0.3939720813141903,-0.5451317285151457
0.9890032097031144,-0.056241520281128,0.3929492695580879,-0.5423823048365105
0.989357143095848,-0.0567294686739812,0.3919003532491708,-0.5396593735899434
0.98971435389251,-0.0572207984307027,0.3908256642426422,-0.5369629793703462
0.990074861376986,-0.0577155658991994,0.3897255277129673,-0.5342931594989314
0.9904386845044784,-0.0582138280248574,0.3886002640848587,-0.5316499490463755
0.990805842387516,-0.0587156430536536,0.3874501875263695,-0.5290333772485241
0.9911763539354966,-0.059221070074448,0.3862756070238666,-0.5264434701878417
0.9915502377926648,-0.0597301689738183,0.3850768265745132,-0.5238802511559855
0.9919275126171055,-0.0602430008555178,0.383854144274857,-0.5213437387037415
0.9923081972080722,-0.060759628251238,0.3826078518477689,-0.5188339459059748
0.9926923099252162,-0.0612801143722243,0.3813382364971339,-0.5163508842561714
0.9930798689540546,-0.0618045235131497,0.3800455800326041,-0.5138945618090055
0.9934708923234576,-0.0623329211187175,0.3787301587778278,-0.5114649830579415
0.9938653979631472,-0.0628653739050453,0.3773922433359843,-0.5090621485889579
0.9942634036934418,-0.0634019498903323,0.3760320985758182,-0.5066860551799713
0.9946649267922264,-0.0639427178577591,0.3746499850775457,-0.5043366983439449
0.9950699847736788,-0.0644877484525206,0.3732461564229843,-0.5020140676942689
0.9954785945839588,-0.0650371131470184,0.3718208619131718,-0.499718151662789
0.995890772950998,-0.0655908847625629,0.3703743453280406,-0.4974489353780232
0.996306536506513,-0.0661491376843521,0.3689068444417537,-0.4952064000056693
0.996725901112715,-0.0667119470103107,0.3674185933508674,-0.4929905263321786
0.9971488827637842,-0.067279389815765,0.3659098192416389,-0.4908012898492039
0.9975754970671104,-0.0678515445123094,0.3643807441580087,-0.4886386635518798
0.9980057589684086,-0.0684284905366151,0.3628315859409857,-0.4865026192099642
0.99843968336938,-0.0690103092374345,0.3612625559536784,-0.484393124184093
0.99887728476148,-0.0695970834446387,0.3596738603244834,-0.482310143262731
0.9993185768626348,-0.0701888970439753,0.3580657012084682,-0.4802536402662253
0.9997635731501296,-0.0707858357549428,0.3564382747883552,-0.4782235754006266
1.0002122865477698,-0.0713879867763217,0.3547917723372272,-0.4762199066691976
1.0006647295542848,-0.0719954390252099,0.3531263796730992,-0.4742425892014657
1.0011209142097952,-0.0726082831608363,0.3514422771983595,-0.472291575347939
1.0015808516449551,-0.0732266110490425,0.3497396414838701,-0.4703668164897361
1.00204455281899,-0.0738505168261091,0.3480186424556606,-0.468468259797054
1.0025120277090278,-0.0744800958830451,0.3462794463033263,-0.4665958515293613
1.0029832858909025,-0.0751154457227498,0.3445222132320852,-0.4647495345210456
1.0034583359152056,-0.0757566651972143,0.3427470996862441,-0.4629292505460603
1.0039371859818438,-0.0764038554970067,0.3409542557294857,-0.4611349375603054
1.004419843505111,-0.0770571196476818,0.3391438265553869,-0.4593665313136981
1.0049063147703088,-0.0777165621281653,0.3373159536667143,-0.457623966427759
1.0053966053028864,-0.0783822894551778,0.3354707733770152,-0.4559071748523527
1.0058907199219815,-0.0790544103453829,0.3336084164825413,-0.4542160855805835
1.0063886629072718,-0.0797330360359771,0.3317290074989588,-0.4525506240223569
1.006890436901432,-0.0804182788829635,0.3298326686694235,-0.4509107155454441
1.0073960436358167,-0.0811102534414443,0.3279195170944713,-0.4492962827751484
1.0079054841715684,-0.0818090768957787,0.3259896636708574,-0.4477072447306889
1.0084187580699002,-0.0825148680238643,0.3240432160815006,-0.4461435192990228
1.0089358641830235,-0.0832277483850255,0.3220802756434855,-0.4446050205961258
1.0094567999134134,-0.0839478414081308,0.3201009399537095,-0.4430916610739526
1.009981561420366,-0.084675272781868,0.3181053019393768,-0.4416033506733118
1.0105101435469197,-0.0854101704638518,0.3160934499615733,-0.4401399968416032
1.011042539761038,-0.0861526647116244,0.3140654678585578,-0.4387015044959747
1.01157874231493,-0.0869028884217271,0.3120214341507897,-0.4372877754085283
1.0121187421163194,-0.0876609770724265,0.3099614223350769,-0.4358987083975338
1.0126625281870123,-0.0884270680850648,0.3078855027493959,-0.4345342005029921
1.013210088192232,-0.0892013016900959,0.3057937403465087,-0.4331941453864141
1.0137614081268786,-0.089983820615139,0.303686195675085,-0.4318784339284558
1.0143164724050464,-0.0907747703437146,0.3015629243144788,-0.430586953798834
1.014875263269601,-0.0915742984072905,0.2994239789033335,-0.4293195905944309
1.0154377616572388,-0.0923825557570423,0.2972694055917877,-0.4280762256115621
1.0160039463675494,-0.0931996957199569,0.2950992469745082,-0.4268567375355198
1.0165737939715604,-0.0940258740038424,0.2929135421903704,-0.4256610023307761
1.0171472791482803,-0.0948612493285937,0.2907123253713065,-0.4244888922567391
1.017724374848476,-0.0957059838238005,0.2884956247402219,-0.4233402753486532
1.018305051201838,-0.0965602415874608,0.2862634665285178,-0.4222150173650018
1.018889276469302,-0.0974241902344088,0.2840158710322777,-0.4211129796040266
1.0194770168008012,-0.0982980007144958,0.2817528532422879,-0.420034019194128
1.0200682349207555,-0.0991818455202384,0.2794744276018252,-0.4189779912117287
1.020662891994899,-0.1000759016318057,0.2771806005045349,-0.4179447449801858
1.0212609459022042,-0.100980348113316,0.274871376628128,-0.416934126917963
1.0218623521770185,-0.1018953677006332,0.2725467549699631,-0.4159459785834598
1.022467063155199,-0.1028211456908495,0.2702067318020728,-0.4149801378300788
1.023075028837785,-0.1037578714464262,0.2678512969786365,-0.4140364371168231
1.0236861954154828,-0.1047057363202721,0.2654804392865623,-0.4131147055439729
1.0243005068297784,-0.1056649362567906,0.2630941400243861,-0.4122147661356633
1.0249179031320768,-0.1066356694501373,0.2606923789831088,-0.4113364380308358
1.0255383216183924,-0.1076181383164948,0.2582751296468185,-0.410479534499408
1.0261616954386554,-0.1086125475106867,0.2558423642018331,-0.4096438645929001
1.0267879546462113,-0.109619105792609,0.253394049037896,-0.4088292313505635
1.027417025618645,-0.1106380253328175,0.2509301465766189,-0.408035432298431
1.0280488306012328,-0.1116695211890601,0.2484506166269666,-0.4072622596815862
1.0286832883511834,-0.1127138125781526,0.2459554134136961,-0.4065094993274165
1.029320313367078,-0.1137711218552802,0.2434444881393254,-0.4057769312719072
1.0299598156907812,-0.1148416744060364,0.2409177893048276,-0.4050643296077588
1.0306017015192777,-0.115925699907929,0.2383752598135475,-0.4043714614517713
1.0312458723317528,-0.1170234311205851,0.2358168399235273,-0.4036980875845043
1.0318922254527632,-0.1181351050931899,0.2332424645078803,-0.4030439615003659
1.0325406528748509,-0.1192609614063024,0.2306520672195812,-0.4024088302646795
1.033191041963199,-0.1204012436293537,0.2280455771672447,-0.4017924334080107
1.0338432753918123,-0.1215561994991141,0.2254229186119498,-0.4011945026678266
1.0344972301383593,-0.1227260794199683,0.2227840144487288,-0.400614762554549
1.0351527784112151,-0.1239111383838175,0.2201287819114449,-0.4000529291284673
1.0358097865380511,-0.1251116342712543,0.2174571364732681,-0.3995087106179817
1.0364681153334965,-0.1263278287915728,0.214768989775841,-0.3989818067019793
1.037127619769918,-0.1275599871793437,0.2120642503596764,-0.3984719084031454
1.0377881489367158,-0.1288083784217913,0.2093428232097242,-0.3979786977341906
1.0384495460257916,-0.1300732755561592,0.206604609166677,-0.397501847337168
1.0391116476130118,-0.1313549546218345,0.2038495072430567,-0.3970410206182289
1.0397742839924855,-0.1326536956143556,0.2010774125825183,-0.3965958710990107
1.0404372784623304,-0.1339697814215409,0.198288218763706,-0.3961660425021456
1.041100447809851,-0.1353034991082584,0.1954818150800274,-0.3957511680180238
1.0417636016944487,-0.1366551390474993,0.1926580884159855,-0.3953508703076629
1.0424265426445427,-0.1380249952627968,0.1898169225387348,-0.3949647610889908
1.043089065658163,-0.1394133649686121,0.1869581990634548,-0.3945924409577961
1.0437509584507556,-0.1408205494625711,0.1840817956219353,-0.3942334988313388
1.044412000421299,-0.1422468523179257,0.1811875895673667,-0.3938875120940888
1.0450719634123635,-0.1436925813769445,0.1782754538879327,-0.393554045752659
1.0457306107196296,-0.1451580470132714,0.1753452607294533,-0.3932326525264732
1.0463876976543585,-0.1466435637742036,0.1723968780792949,-0.3929228721298651
1.0470429705898212,-0.1481494486816802,0.1694301731528859,-0.3926242313008825
1.047696166975983,-0.1496760216522903,0.1664450115021669,-0.3923362433328211
1.0483470156301615,-0.1512236066324108,0.1634412547786038,-0.3920584075047441
1.0489952356929082,-0.152792529607766,0.1604187645940888,-0.3917902090879616
1.0496405369215454,-0.1543831197329133,0.1573774002670907,-0.3915311187514201
1.050282619595082,-0.1559957096162981,0.1543170182644866,-0.391280592147771
1.0509211736159267,-0.1576306335775656,0.1512374754742596,-0.3910380697985787
1.0515558790686292,-0.1592882295538561,0.1481386255363716,-0.3908029763983809
1.052186405497038,-0.1609688378081565,0.14502032124906,-0.3905747206127312
1.05281241152781,-0.1626728004451162,0.1418824153880554,-0.3903526947197626
1.0534335454259809,-0.1644004635035387,0.1387247567981203,-0.3901362739171014
1.054049443728076,-0.166152173826658,0.1355471960988863,-0.3899248163005195
1.054659731829529,-0.1679282812725536,0.1323495815601273,-0.3897176621395759
1.055264023399848,-0.1697291377345249,0.1291317608418657,-0.3895141335561418
1.0558619201247286,-0.1715550970562293,0.1258935810795675,-0.389313534074473
1.056453011658737,-0.1734065156336626,0.122634887764578,-0.3891151480882549
1.0570368751089472,-0.1752837516212041,0.1193555261083333,-0.3889182404699584
1.0576130747179724,-0.1771871647132164,0.1160553413565535,-0.3887220560978298
1.0581811618365522,-0.1791171169279032,0.1127341773761287,-0.3885258192675186
1.0587406744722694,-0.1810739720737453,0.109391877552602,-0.3883287332263964
1.0592911367012747,-0.183058094668276,0.1060282865796587,-0.3881299797414442
1.0598320588374532,-0.1850698515664385,0.1026432476337448,-0.3879287183774178
1.0603629371263104,-0.1871096121216582,0.0992366021229435,-0.387724085903238
1.060883252802189,-0.1891777458783231,0.095808193533534,-0.3875151959209366
1.0613924724278077,-0.1912746252132835,0.0923578630028853,-0.3873011379732408
1.0618900470673485,-0.1934006235876575,0.0888854522404913,-0.3870809770635285
1.0623754119730997,-0.1955561158033777,0.0853908030939845,-0.3868537529458775
1.062847986523041,-0.1977414796142481,0.0818737549738485,-0.386618479233009
1.0633071734606847,-0.199957094443812,0.0783341470090037,-0.3863741427646774
1.06375235841253,-0.2022033413158754,0.0747718182067238,-0.3861197028131303
1.0641829095741626,-0.2044806038287603,0.0711866059830757,-0.3858540901219806
1.064598177268227,-0.2067892688750531,0.0675783451692739,-0.3855762059054005
1.0649974930446078,-0.209129725041747,0.0639468706646077,-0.3852849210651941
1.0653801695085696,-0.2115023653126411,0.0602920133901795,-0.3849790748220695
1.0657454994319835,-0.2139075861867979,0.0566136018971896,-0.3846574736926844
1.0660927549340216,-0.2163457872416608,0.0529114632552009,-0.3843188903508834
1.0664211872117673,-0.2188173751369009,0.0491854172540042,-0.3839620617682198
1.0667300250499103,-0.2213227596626747,0.04543528274177,-0.3835856883435976
1.0670184744575757,-0.2238623585376438,0.0416608707630764,-0.3831884316746863
1.067285717358933,-0.2264365960427482,0.0378619870780599,-0.3827689130624076
1.067530910668253,-0.2290459057830304,0.0340384285780272,-0.3823257112260407
1.0677531849499886,-0.2316907311420004,0.0301899832286716,-0.3818573601801456
1.0679516429344529,-0.2343715251443929,0.026316430902163,-0.3813623470456695
1.068125358305221,-0.2370887562010651,0.0224175358006373,-0.3808391085421693
1.0682733736271093,-0.2398429052746351,0.0184930514159236,-0.3802860287689044
1.0683946986814834,-0.2426344718380762,0.0145427129287363,-0.379701435032404
1.0684883081557062,-0.2454639739797907,0.0105662381652637,-0.3790835944302974
1.068553139332999,-0.2483319563350025,0.0065633176808301,-0.3784307083397303
1.0685880890513662,-0.2512389854420234,0.0025336226778011,-0.3777409091939069
1.0685920107373093,-0.2541856594654338,-0.0015232070472273,-0.3770122535610353
1.0685637107043149,-0.2571726130254648,-0.005607567929343,-0.376242715539245
1.0685018763392018,-0.2602031320055737,-0.0097234299178,-0.3754294647283627
1.0684051010152695,-0.2632784344818702,-0.0138718706489622,-0.3745700576082146
1.0682719080146188,-0.2663994584196447,-0.018053557991543,-0.3736620125750198
1.0681007421554638,-0.2695672065386644,-0.0222692199393582,-0.3727027125911144
1.0678899620426547,-0.2727827508719512,-0.0265196473040531,-0.3716893925008248
1.0676378306575645,-0.2760472474579375,-0.0308057093819152,-0.3706191216082221
1.0673425045018996,-0.2793619491904509,-0.035128366392271,-0.3694887845868279
1.067002020877584,-0.2827282209845771,-0.0394886841637045,-0.3682950591330549
1.0666142824183402,-0.2861475618005535,-0.0438878567378129,-0.367034388144605
1.066177040312556,-0.2896216167433534,-0.0483272150831021,-0.3657029519255815
1.0656878722067264,-0.2931522114050502,-0.0528082631854525,-0.3642966279530512
1.0651441565688835,-0.2967413828832049,-0.0573327080144594,-0.3628109460898491
1.0645430439698125,-0.3003914043158634,-0.0619024795814338,-0.3612410402398007
1.0638814186651413,-0.3041048396226902,-0.0665197868750898,-0.359581579650197
1.0631558565084072,-0.3078845808383194,-0.0711871491783093,-0.3578266977144603
1.0623625737062916,-0.3117338981457055,-0.0759074404781422,-0.3559699041702983
1.0614973674598696,-0.3156564885897716,-0.0806839290238743,-0.3540039845645092
1.060555551884962,-0.3196565053833135,-0.0855202900911898,-0.3519208946333947
1.0595318963569986,-0.3237385429614768,-0.0904205631113162,-0.3497116635539132
1.0584205864035747,-0.3279075170962285,-0.0953889834355734,-0.3473663448383852
1.0572152501497931,-0.3321683295999653,-0.1004295645966495,-0.3448740950707491
1.0559091557199536,-0.3365250589130816,-0.1055451415690617,-0.3422235766401463
1.0544957677417102,-0.3409792897575756,-0.1107354560442528,-0.3394040230265704
1.052969992652718,-0.3455269802969404,-0.1159936471918544,-0.3364075507129623
1.0513304023686325,-0.3501536831094287,-0.1213010357886553,-0.3332331807022242
1.0495820613630027,-0.3548298195567787,-0.1266222397645636,-0.3298917617626042
1.047737846616096,-0.3595113554750596,-0.131906629390094,-0.3264078499451158
1.0458156195320567,-0.3641502927166997,-0.1371006812797314,-0.3228139468814108
1.0438324985975382,-0.3687088066840822,-0.1421637664322328,-0.3191398874553597
1.04180097526428,-0.3731655356415588,-0.1470745532845613,-0.3154061632427958
1.039728646868269,-0.3775127075946301,-0.1518271248482447,-0.3116239999586714
1.0376196876162531,-0.3817504948892254,-0.1564242860476848,-0.3077984161576578
1.0354763154532909,-0.3858826931018889,-0.1608726040085469,-0.3039310575277517
1.033299747315248,-0.3899143064079908,-0.1651797040540454,-0.3000219734829732
1.0310907304635988,-0.3938504005731618,-0.1693530252907124,-0.2960705696531542
1.0288498186692314,-0.3976956268269233,-0.1733993334238134,-0.2920760803898879
1.026577507435285,-0.4014540714032243,-0.177324592608285,-0.288037784014974
1.0242743025587726,-0.4051292392659894,-0.181133980505557,-0.2839551005318534
1.0219407446063644,-0.4087241080466271,-0.1848319739935862,-0.2798276142917804
1.0195774255477492,-0.412241183786151,-0.1884224325728903,-0.2756550863293869
1.0171849872475136,-0.4156825729117044,-0.1919086943314262,-0.2714374377677934
1.0147641206913405,-0.4190500410008849,-0.1952936544065233,-0.2671747372357488
1.0123155609745806,-0.4223450676264274,-0.1985798361320294,-0.2628671829862017
1.0098400839037998,-0.4255688904015716,-0.2017694484746728,-0.2585150896058641
1.0073385021321402,-0.4287225428709462,-0.2048644350174163,-0.2541188752951256
1.0048116572475736,-0.4318068916242593,-0.2078665201303407,-0.2496790431564975
1.0022604207897754,-0.434822657431068,-0.2107772378166341,-0.2451961790693783
0.9996856855741152,-0.437770444542741,-0.2135979671907547,-0.2406709332509226
0.997088366858892,-0.4406507549212923,-0.2163299521942668,-0.2361040196966854
0.99446939612651,-0.443464008583656,-0.2189743262736306,-0.2314962031153992
0.9918297193775756,-0.4462105564471118,-0.2215321290441886,-0.2268482941788809
0.9891702945324404,-0.4488906924392223,-0.2240043216024906,-0.2221611435195054
0.9864920888075708,-0.4515046640744707,-0.2263917998069956,-0.2174356359406691
0.9837960773235376,-0.4540526805305221,-0.2286954047487079,-0.2126726870125246
0.9810832409470756,-0.4565349204511854,-0.2309159325495533,-0.2078732384970908
0.9783545638788648,-0.4589515390002284,-0.2330541430808817,-0.2030382534652163
0.9756110322070912,-0.4613026732034766,-0.235110766804927,-0.1981687132382263
0.9728536332124657,-0.4635884460423637,-0.2370865102468454,-0.1932656157689516
0.9700833526997475,-0.4658089716623699,-0.2389820621855548,-0.1883299706025747
0.9673011743325995,-0.4679643583546459,-0.2407980976714781,-0.1833627974593645
0.9645080783080372,-0.4700547117022313,-0.2425352820053287,-0.1783651237040974
0.961705039582272,-0.4720801376589055,-0.2441942744677374,-0.1733379810534432
0.958893027612896,-0.4740407441739869,-0.2457757306828819,-0.1682824050331405
0.9560730044185188,-0.4759366437727727,-0.2472803056300694,-0.1631994314493245
0.9532459240925468,-0.4777679548305668,-0.2487086554571861,-0.158090095488118
0.9504127326467338,-0.4795348025008095,-0.250061438937396,-0.1529554314437393
0.947574365403688,-0.4812373210011822,-0.251339319865416,-0.1477964680212623
0.9447317475717312,-0.4828756536863132,-0.2525429676406034,-0.1426142294015964
0.9418857931398016,-0.4844499540777569,-0.2536730585205823,-0.1374097332784391
0.9390374033103256,-0.4859603869533643,-0.2547302768086351,-0.1321839880360592
0.9361874671133013,-0.4874071281218056,-0.2557153150283174,-0.1269379939155887
0.9333368610832444,-0.4887903647121694,-0.2566288744441521,-0.1216727424901923
0.9304864459897452,-0.4901102967416509,-0.2574716663351306,-0.1163892106764281
0.9276370701235234,-0.4913671354263833,-0.2582444110634572,-0.1110883668477934
0.924789566627621,-0.4925611043554495,-0.2589478390046459,-0.1057711659543431
0.9219447520045838,-0.4936924398598596,-0.2595826908237321,-0.1004385467516437
0.9191034278459734,-0.4947613900144383,-0.2601497169236496,-0.0950914350468702
0.9162663802851816,-0.4957682146496001,-0.2606496775031883,-0.08973074271702
0.913434377713737,-0.496713185856496,-0.2610833427729381,-0.0843573634069513
0.910608173771845,-0.497596586613344,-0.2614514922221355,-0.0789721781920625
0.9077885031815848,-0.4984187118053686,-0.2617549149768943,-0.0735760476612351
0.9049760853683328,-0.4991798666970151,-0.2619944090108209,-0.0681698187950975
0.902171621147724,-0.4998803675216494,-0.2621707811961672,-0.0627543186069344
0.8993757931078459,-0.5005205408510593,-0.2622848467962273,-0.0573303547914905
0.8965892696406951,-0.5011007222928696,-0.2623374289756867,-0.0518987235164637
0.8938126980630321,-0.5016212576221809,-0.2623293586807904,-0.0464601960138026
0.8910467081042558,-0.5020825014353941,-0.2622614739811509,-0.0410155252280671
0.8882919120218684,-0.5024848166937766,-0.2621346196680388,-0.0355654459656504
0.8855489070720964,-0.5028285740073929,-0.2619496470425702,-0.0301106797375239
0.8828182692343164,-0.5031141520461059,-0.2617074131401499,-0.0246519222182384
0.880100557232329,-0.503341936407727,-0.2614087803857567,-0.0191898510455723
0.8773963138812123,-0.5035123191205806,-0.2610546163729507,-0.0137251284421227
0.8747060618162502,-0.5036256984847858,-0.2606457928875492,-0.008258392468382
0.8720303078640518,-0.5036824782758109,-0.2601831859663168,-0.0027902656803649
0.8693695389385776,-0.5036830673986573,-0.2596676747612743,0.0026786533969727
0.866724228557052,-0.5036278793454478,-0.2591001422660104,0.0081477770860508
0.8640895159811642,-0.5035170517104189,-0.2584801680180018,0.0136276286583346
0.8614658376158211,-0.5033506647414518,-0.2578083088742676,0.0191178686302612
0.8588536789269063,-0.5031288034300242,-0.257085142717877,0.0246180468991371
0.8562535214631704,-0.5028515573357363,-0.256311258121472,0.0301277114937007
0.8536658373063544,-0.5025190202015742,-0.2554872530061139,0.0356464199588884
0.8510910945734462,-0.5021312906382782,-0.2546137364761101,0.0411737273760166
0.8485297486467754,-0.5016884709252379,-0.2536913260574127,0.0467092048450305
0.8459822528383703,-0.5011906686617931,-0.2527206514499377,0.0522524162846242
0.8434490478928026,-0.5006379950167736,-0.2517023508940367,0.0578029407927575
0.8409305682332333,-0.5000305657860314,-0.2506370734794061,0.0633603588706786
0.8384272410328136,-0.4993685013395397,-0.2495254789830055,0.0689242540576731
0.8359394829189617,-0.4986519257453209,-0.2483682364683849,0.074494219951256
0.8334677032342431,-0.4978809675586522,-0.2471660257285814,0.0800698526954599
0.831012301815822,-0.4970557591797873,-0.2459195363058856,0.085650755633714
0.8285736688623746,-0.49617643667874,-0.2446294673577079,0.0912365393764021
0.8261521856975838,-0.4952431399636233,-0.243296528010088,0.0968268197959243
0.8237482251214046,-0.4942560128967205,-0.2419214375709209,0.1024212168906515
0.8213621483842121,-0.4932152019583463,-0.2405049237491698,0.1080193615502995
0.8189943082600737,-0.492120857347278,-0.2390477243003743,0.1136208881736341
0.8166450464772712,-0.4909731317338047,-0.2375505854151295,0.1192254404370461
0.8143146949712459,-0.4897721806311528,-0.2360142623313267,0.1248326681279163
0.8120035753064179,-0.4885181619510744,-0.2344395188413734,0.1304422282836926
0.809711999396658,-0.4872112362256689,-0.2328271276483515,0.1360537832043582
0.8074402651029176,-0.4858515638127498,-0.2311778670387536,0.1416670110805777
0.8051886641778112,-0.4844393092648549,-0.2294925263373844,0.14728158628878
0.8029574730869361,-0.4829746355794319,-0.227771899032818,0.1528972018923423
0.8007469611167923,-0.4814577089495204,-0.2260167885696739,0.1585135493032741
0.7985573826893204,-0.479888693399559,-0.224228002159216,0.1641303374916865
0.7963889831777071,-0.4782677543083581,-0.2224063550191199,0.1697472781918854
0.7942419955281095,-0.4765950556869306,-0.2205526673639445,0.1753640944148778
0.7921166409981837,-0.4748707602090157,-0.2186677646118607,0.1809805185574166
0.7900131309993665,-0.4730950303093682,-0.2167524786991393,0.1865962874505344
0.7879316635478555,-0.4712680248079527,-0.2148076445422814,0.1922111517336526
0.7858724245132738,-0.4693898992478086,-0.212834100631876,0.1978248726949356
0.7838355880829199,-0.4674608056921371,-0.2108326890063272,0.2034372211022491
0.7818213186710594,-0.4654808940296052,-0.2088042567471046,0.2090479719306674
0.7798297662899627,-0.4634503068783508,-0.2067496509112605,0.2146569172746037
0.7778610707302184,-0.4613691828997702,-0.204669722173401,0.2202638549245918
0.7759153588420602,-0.4592376533127,-0.2025653215189856,0.2258685961698742
0.7739927450198973,-0.4570558414272596,-0.20043730009064,0.2314709647793809
0.7720933338813141,-0.4548238648474318,-0.1982865115924462,0.237070789427477
0.7702172144479249,-0.4525418277565221,-0.1961138051283378,0.2426679211038711
0.7683644676590821,-0.4502098287378292,-0.1939200330690015,0.2482622113150672
0.7665351600707747,-0.4478279521453165,-0.191706043159379,0.2538535311842256
0.7647293464402707,-0.4453962699142843,-0.1894726807099408,0.2594417643388552
0.7629470706481717,-0.4429148415991411,-0.1872207890371468,0.2650268045263017
0.7611883633752718,-0.4403837098236176,-0.1849512057854137,0.2706085634354795
0.7594532427188014,-0.4378028993998508,-0.1826647627461855,0.276186969644393
0.7577417172386651,-0.435172420278186,-0.1803622890356808,0.2817619595411196
0.7560537812481811,-0.4324922587716402,-0.178044603979404,0.2873334933078315
0.7543894199918768,-0.4297623836603459,-0.1757125231566917,0.2929015389317404
0.7527486026269616,-0.4269827327773988,-0.1733668476629352,0.2984660965606078
0.7511312880353805,-0.424153219919928,-0.1710083710150551,0.3040271804980008
0.7495374243408286,-0.4212737319194401,-0.1686378775458955,0.3095848217895097
0.7479669477648303,-0.4183441241033627,-0.1662561396514166,0.3151390734036434
0.7464197797435752,-0.4153642117155735,-0.1638639120632723,0.3206900221661459
0.7448958313874982,-0.4123337748052779,-0.1614619372208251,0.3262377748347465
0.7433950002703155,-0.4092525484822611,-0.1590509389362474,0.3317824714797504
0.7419171712315468,-0.4061202202284245,-0.1566316220344536,0.3373242849219729
0.7404622159202233,-0.4029364243251416,-0.154204669938248,0.3428634249448944
0.7390299960031804,-0.3997007440561511,-0.1517707483662912,0.3484001286152557
0.7376203547640972,-0.3964126873262752,-0.1493304892672207,0.3539346956143342
0.7362331243784229,-0.3930716963182132,-0.1468845009373436,0.3594674639138182
0.7348681224457593,-0.3896771326611714,-0.1444333599589855,0.3649988269349298
0.7335251482280474,-0.3862282594995837,-0.1419776018021716,0.3705292535774119
0.7322039898653975,-0.3827242503793235,-0.1395177311580758,0.3760592638521078
0.7309044137228258,-0.3791641511099061,-0.1370541993922926,0.3815894786580578
0.7296261707592723,-0.375546883804761,-0.134587412804428,0.3871206002764915
0.7283689909213433,-0.3718712174180067,-0.1321177182585104,0.3926534438786742
0.7271325826496484,-0.3681357492249719,-0.1296453977343522,0.398188949113635
0.7259166302079609,-0.3643388771496897,-0.1271706580339296,0.4037282027561574
0.7247207931083977,-0.3604787750179083,-0.1246936239809559,0.4092724537777932
0.7235446997303662,-0.3565533449918009,-0.1222143187819843,0.414823157462167
0.7223879446693375,-0.3525601754665833,-0.1197326506053321,0.4203820060075139
0.7212500842469319,-0.3484964862210625,-0.1172483939684267,0.4259509712721915
0.7201306304683467,-0.3443590593050247,-0.114761165957147,0.431532359759532
0.7190290428575222,-0.3401441506255786,-0.1122703953775335,0.4371288843163339
0.7179447215614522,-0.3358473919697128,-0.1097752918797253,0.4427437369835782
0.7168769923745204,-0.3314636431036448,-0.1072747930070307,0.4483807128882238
0.71582509700765,-0.3269868399979337,-0.10476751844776,0.4540443197772115
0.7147881786372453,-0.3224097952231557,-0.1022517080269537,0.4597399263179622
0.713765270887115,-0.3177239774662199,-0.0997251615800293,0.4654739085877983
0.7127552909822116,-0.3129192701730562,-0.0971851826259994,0.4712537902563044
0.7117570606727165,-0.3079838244639345,-0.0946285869249718,0.4770882363102099
0.7107693971822077,-0.3029042566320079,-0.0920518950579583,0.4829866230525586
0.7097913653994712,-0.2976667896629999,-0.0894519774715926,0.4889575549393687
0.7088229309177322,-0.2922609846983822,-0.0868278682923268,0.4950046449072929
0.7078663805596064,-0.2866890319959774,-0.0841849337983115,0.5011167346520564
0.706928622744863,-0.2809830055966578,-0.0815420504326287,0.507250881322526
0.7060223467932596,-0.2752192463232734,-0.0789363394328031,0.51332066304988
0.7051616819266224,-0.2694984861379281,-0.0764121071708955,0.5192212864359237
0.704354613533878,-0.2638958278699205,-0.0739984691763177,0.5248819730635479
0.7036012607805919,-0.2584398151079582,-0.0717022918112926,0.5302833763591372
0.7028974814532478,-0.2531284888843074,-0.0695172192467435,0.5354372007907573
0.7022380852581156,-0.2479484318829104,-0.0674327133694764,0.5403652798721049
0.7016182119736861,-0.2428843384769362,-0.0654382397263802,0.5450897611359063
0.701033681842478,-0.2379222758531882,-0.0635245219650797,0.5496300986644078
0.7004809811528705,-0.2330503779945353,-0.0616836836029959,0.5540026584646498
0.6999571591728427,-0.22825873698941,-0.059909078599448,0.5582210691129281
0.6994597216152237,-0.2235391059223312,-0.0581950734857549,0.5622966994140817
0.6989865381819286,-0.2188845706888424,-0.0565368427558592,0.5662391150442395
0.69853577142179,-0.2142892886001392,-0.0549302095800929,0.5700564353743395
0.6981058210657111,-0.2097482737683066,-0.0533715192502212,0.573755618172502
0.6976952815870995,-0.2052572350682884,-0.0518575432303373,0.577342675620261
0.6973029091267272,-0.2008124497487295,-0.0503854045511345,0.5808228425418636
0.6969275938615392,-0.1964106453801989,-0.0489525132137061,0.5842007228635514
0.6965683398863906,-0.1920489258045341,-0.0475565217743642,0.5874803896531933
0.696224249785712,-0.1877247224596038,-0.0461952930003765,0.5906654577863193
0.6958945093808427,-0.1834357221416817,-0.0448668632270307,0.5937591673724303
0.6955783772214726,-0.1791798313419682,-0.0435694200890089,0.5967644337940361
0.6952751760991294,-0.174955151050899,-0.0423012853067088,0.5996838863803138
0.6949842854206558,-0.1707599497446248,-0.0410608984004735,0.6025199052337059
0.6947051340275326,-0.1665926295124208,-0.0398467997855161,0.6052746594691077
0.69443719546195,-0.1624517166524728,-0.0386576222385785,0.607950126270903
0.6941799831944674,-0.1583358438913029,-0.0374920806783895,0.6105481139119766
0.6939330463025841,-0.1542437312280732,-0.0363489623650161,0.6130702836717434
0.6936959667433931,-0.1501741859763312,-0.0352271231064358,0.6155181583519372
0.6934683560675607,-0.1461260887798578,-0.0341254799445616,0.6178931386778346
0.6932498526513806,-0.1420983826191481,-0.0330430051756863,0.6201965165626576
0.6930401196686895,-0.1380900705554311,-0.0319787230998908,0.6224294824199156
0.6928388428682135,-0.1341002061705685,-0.0309317050849089,0.6245931360357726
0.6926457291157706,-0.1301278951920016,-0.0299010678468079,0.6266884906506506
0.6924605046558928,-0.1261722889990513,-0.0288859697681993,0.6287164811809115
0.6922829133956678,-0.1222325748276822,-0.0278856066175208,0.6306779733922964
0.6921127156814473,-0.1183079731530739,-0.026899209323979,0.6325737687106335
0.6919496878644213,-0.1143977518948828,-0.0259260460453078,0.6344046009802491
0.6917936204135977,-0.1105012054070148,-0.0249654154774079,0.636171150134345
0.6916443171780189,-0.1066176568314186,-0.0240166462183148,0.6378740438727807
0.6915015948830692,-0.102746466065721,-0.023079097513817,0.6395138571702302
0.6913652817307074,-0.0988870124643675,-0.0221521539225035,0.6410911225980498
0.6912352171527628,-0.0950387061970684,-0.0212352270404192,0.6426063279964103
0.6911112510839141,-0.0912009863563326,-0.0203277540189262,0.6440599200566827
0.690993243086355,-0.087373312253376,-0.0194291945564148,0.6454523101380166
0.6908810620758151,-0.0835551718049396,-0.0185390319851556,0.6467838734473709
0.6907745853447805,-0.0797460656112094,-0.0176567686979644,0.6480549568857469
0.6906736989006358,-0.0759455355353461,-0.0167819319559665,0.6492658715948676
0.6905782958097495,-0.0721531204610133,-0.0159140628670215,0.6504169096281537
0.6904882769675653,-0.068368400087728,-0.0150527257165368,0.6515083318729973
0.6904035499114715,-0.064590964256926,-0.014197500169511,0.652540379717022
0.6903240286970024,-0.0608204210565445,-0.0133479824245613,0.6535132741995378
0.6902496337207231,-0.0570564045739192,-0.0125037862432435,0.6544272159678033
0.6901802910955724,-0.053298559902602,-0.0116645388774402,0.6552823909301783
0.69011593255514,-0.0495465520328372,-0.0108298823928859,0.6560789696338281
0.6900564950413824,-0.0458000574915625,-0.0099994711348163,0.6568171107059236
0.6900019205398109,-0.0420587680652537,-0.0091729719030468,0.6574969614064059
0.6899521559057702,-0.0383223950275582,-0.0083500642240249,0.6581186584224791
0.6899071524435805,-0.034590653423961,-0.0075304362376286,0.6586823318910243
0.6898668659029694,-0.0308632745555078,-0.0067137868112836,0.6591881043415908
0.6898312561723096,-0.0271399938325416,-0.0058998222349073,0.6596360935396269
0.6898002872340252,-0.0234205595573016,-0.0050882575126543,0.6600264121489328
0.6897739269841795,-0.0197047293196589,-0.0042788149366198,0.6603591691919788
0.6897521470518677,-0.0159922594976086,-0.0034712211719329,0.6606344716084067
0.6897349227919568,-0.012282916467729,-0.0026652090730781,0.660852423706512
0.6897222331403232,-0.0085764652399645,-0.0018605145848811,0.6610131284261771
0.6897140605933322,-0.0048726787554054,-0.0010568781388533,0.6611166871035312
0.6897103911179621,-0.0011713230910775,-0.0002540408195446,0.6611632001819315
0.6897101660883377,2.8434819386233268e-11,-6.345146250866934e-12,0.6611660528910844
