3.18601465615524
0.8309695076187902,2.4418154323378548e-29,9.071820830664685e-16,0.0521256824344749
0.8309699202873391,0.0002390255317504,0.0001799804116994,0.0521227771208054
0.8309734927101368,0.0007427057244364,0.0005592062764851,0.052097625312337
0.8309807295910064,0.0012460602496532,0.0009380851625567,0.052046669034571
0.8309916226816711,0.0017486712084741,0.0013162337190312,0.0519699568472523
0.8310061544566657,0.0022500638346298,0.0016932265405612,0.0518675978743954
0.8310242985957939,0.002749771903731,0.0020686458547789,0.0517397585161888
0.8310460204591434,0.0032473427877723,0.002442085734003,0.0515866592582194
0.8310712777065746,0.0037423414320764,0.0028131554546282,0.0514085705022895
0.8311000210825484,0.0042343544375935,0.0031814828831065,0.0512058072636182
0.8311321952237174,0.0047229920704473,0.0035467162499548,0.0509787237307429
0.8311677395649204,0.0052078905316873,0.0039085260595765,0.0507277071459055
0.8312065891747374,0.0056887122859655,0.004266605490376,0.0504531721889344
0.8312486756024229,0.0061651464039873,0.0046206707527192,0.0501555552803525
0.8312939276851025,0.0066369083666917,0.0049704609954822,0.0498353091579035
0.8313422722222249,0.0071037387012294,0.0053157373027074,0.0494928983800116
0.8313936346055567,0.0075654017366463,0.0056562817468302,0.049128795129258
0.8314479393372276,0.0080216838626522,0.0059918960480736,0.0487434757916955
0.8315051105126544,0.0084723920744905,0.0063224004251424,0.0483374177667404
0.8315650721381286,0.0089173517449396,0.006647631864721,0.0479110974319023
0.831627748464019,0.0093564051460085,0.0069674429349868,0.04746498797935
0.8316930642167722,0.0097894096964756,0.0072817003935124,0.0469995579541695
0.8317609447657937,0.0102162362528782,0.0075902838282757,0.0465152702406548
0.8318313162669508,0.0106367676780737,0.0078930845039064,0.0460125812010138
0.8319041057444045,0.0110508973909515,0.0081900041996801,0.0454919402412382
0.8319792412102897,0.0114585284374772,0.0084809544282056,0.0449537890943674
0.8320566516300023,0.0118595719564506,0.0087658552278121,0.0443985621980225
0.8321362670527843,0.0122539467758804,0.0090446347701244,0.043826685879119
0.8322180184938247,0.0126415779000209,0.0093172281865896,0.0432385793125542
0.8323018380076341,0.0130223961628375,0.0095835772321753,0.0426346541020304
0.8323876587179007,0.0133963377330586,0.0098436298458889,0.0420153141642509
0.832475414672412,0.0137633429735476,0.0100973392704594,0.0413809568706377
0.8325650409749739,0.0141233566147229,0.0103446640941877,0.0407319721866744
0.8326564736237574,0.0144763267434625,0.0105855674770143,0.040068743927627
0.832749649634405,0.0148222050217498,0.0108200172297741,0.0393916489506535
0.8328445068135144,0.0151609456042079,0.0110479850105784,0.0387010588803358
0.8329409839615974,0.0154925057143477,0.011269446653134,0.0379973387128674
0.8330390206691366,0.0158168447534978,0.0114843815058206,0.0372808483761047
0.8331385574117033,0.0161339245132605,0.0116927725181929,0.0365519421111495
0.8332395354239058,0.0164437086590533,0.0118946058452322,0.0358109694668448
0.8333418967556402,0.0167461628349641,0.0120898708663726,0.0350582749606095
0.8334455842324333,0.0170412544642671,0.0122785600052167,0.0342941984387552
0.833550541428237,0.0173289526108912,0.0124606685930411,0.0335190753457551
0.8336567126085985,0.0176092277808345,0.0126361946985711,0.0327332372131788
0.8337640427657338,0.0178820519847512,0.012805139125291,0.0319370114695423
0.8338724776088043,0.018147398670115,0.0129675053254425,0.0311307215780453
0.8339819635329405,0.018405242608369,0.0131232992884121,0.0303146873318699
0.8340924475702376,0.0186555597570366,0.0132725294180857,0.0294892252857535
0.8342038774582918,0.0188983273958945,0.0134152065757409,0.0286546483098614
0.8343162015095477,0.0191335238164654,0.0135513438580837,0.0278112666319561
0.8344293687402596,0.0193611285862765,0.0136809567155235,0.0269593869361749
0.834543328757201,0.0195811222888962,0.0138040627635247,0.0260993132762961
0.8346580318199736,0.0197934866349818,0.0139206818098179,0.0252313466704366
0.834773428713304,0.0199982042117572,0.0140308356808404,0.0243557861307392
0.8348894709125076,0.02019525877568,0.014134548346821,0.02347292747422
0.8350061104611034,0.0203846350113187,0.0142318457537335,0.0225830643110223
0.8351233000279694,0.0205663186153323,0.0143227558321254,0.0216864876714972
0.8352409928218767,0.0207402961479197,0.0144073083863121,0.0207834867207516
0.8353591426361656,0.0209065550979276,0.0144855350940748,0.0198743484806878
0.8354777038603134,0.0210650838839829,0.014557469470645,0.0189593578011654
0.8355966314589494,0.0212158718093628,0.0146231468108034,0.0180387975809939
0.8357158809370637,0.0213589090082639,0.0146826041303511,0.0171129490982687
0.8358354083762294,0.0214941864828939,0.0147358801473161,0.0161820917909558
0.835955170472319,0.021621696126147,0.0147830152511222,0.0152465030197769
0.8360751244166951,0.0217414305772179,0.0148240514097483,0.0143064590531504
0.8361952279606428,0.0218533832882103,0.0148590321611476,0.013362234626013
0.83631543942661,0.0219575485196276,0.0148880025722673,0.0124141029084632
0.8364357177010346,0.0220539213163491,0.0149110091906951,0.0114623356176543
0.8365560221848024,0.0221424974556605,0.0149280999925355,0.0105072034667494
0.8366763128327551,0.0222232734704638,0.0149393243498919,0.0095489759102525
0.8367965501556587,0.0222962466345246,0.0149447329848443,0.0085879211826627
0.8369166951423386,0.0223614149052337,0.0149443779239326,0.0076243069771246
0.8370367093510546,0.0224187769708762,0.0149383124611279,0.0066583997715669
0.8371565548666975,0.0224683322103293,0.0149265911097378,0.0056904652241054
0.8372761942438458,0.0225100806637505,0.0149092695676001,0.0047207686892924
0.837395590685566,0.0225440230836128,0.0148864046461942,0.0037495738221346
0.8375147077575276,0.0225701608281523,0.0148580542697484,0.0027771449498112
0.8376335095673932,0.0225884959215985,0.014824277409466,0.0018037456735983
0.837751960766851,0.0225990310332078,0.0147851340288846,0.0008296388988178
0.8378700264274742,0.0226017694552262,0.0147406850775043,-0.0001449120938245
0.8379876721856852,0.0225967151080913,0.0146909923970578,-0.0011196447892367
0.8381048933174113,0.0225838683466658,0.0146361043767274,-0.0020945396657255
0.8382216718185842,0.0225632251557834,0.0145760722741619,-0.0030694658062195
0.83833797406351,0.0225347822955548,0.0145109546801441,-0.0040441590736843
0.8384537667696769,0.0224985371578606,0.014440811108176,-0.0050183540641423
0.8385690170467651,0.0224544877587786,0.014365701926372,-0.0059917844503226
0.8386836922346392,0.0224026328124762,0.0142856884258062,-0.0069641815435072
0.8387977600849771,0.022342971680944,0.0142008326679238,-0.0079352757553896
0.8389111885870916,0.022275504470187,0.0141111975687816,-0.008904795050898
0.8390239460315084,0.022200232033547,0.0140168468249366,-0.0098724654114768
0.8391360010215562,0.0221171559876845,0.0139178448664428,-0.0108380108642649
0.8392473223818032,0.0220262788109381,0.0138142569025455,-0.0118011526214315
0.8393578792300167,0.021927603830819,0.013706148827062,-0.0127616096257125
0.8394676408751268,0.0218211353542213,0.0135935872834559,-0.0137190975926663
0.8395765768660877,0.0217068786814412,0.0134766395910943,-0.0146733293579592
0.8396846569262124,0.0215848402319409,0.0133553737863585,-0.0156240142284955
0.8397918509576162,0.021455027615359,0.0132298585967892,-0.0165708579426876
0.8398981290448005,0.02131744970353,0.0131001634129066,-0.0175135626273053
0.8400034613462541,0.0211721168621646,0.0129663584019525,-0.0184518257591526
0.8401078182089705,0.0210190409051472,0.0128285143525077,-0.019385341104493
0.8402111700383832,0.0208582353841637,0.0126867028246433,-0.0203137974869254
0.8403134873158884,0.0206897157028742,0.0125409961248734,-0.021236878864661
0.840414740570086,0.0205134993109352,0.0123914673447202,-0.0221542639967339
0.8405149003504685,0.0203296059172577,0.0122381904045085,-0.0230656261305533
0.8406139372387276,0.0201380576532611,0.0120812400456514,-0.0239706330340305
0.840711821790806,0.0199388793846302,0.0119206919360222,-0.0248689464002852
0.8408085245271898,0.0197320989655246,0.0117566227136965,-0.0257602216917844
0.8409040159373022,0.0195177474822439,0.0115891100124121,-0.026644108121176
0.8409982664242244,0.0192958596556799,0.0114182326000683,-0.0275202480862636
0.8410912463692041,0.0190664739991632,0.011244070315064,-0.0283882777223098
0.8411829260354386,0.0188296333806429,0.0110667043027882,-0.0292478259703686
0.8412732756317359,0.0185853852380869,0.0108862169729712,-0.0300985151427857
0.8413622653106451,0.0183337819701372,0.0107026920821044,-0.0309399608956743
0.841449865139447,0.0180748814446998,0.0105162148889249,-0.0317717719563859
0.8415360451989956,0.0178087471669084,0.0103268720529717,-0.0325935510804759
0.8416207755259474,0.0175354489275368,0.0101347518719923,-0.0334048945454322
0.8417040261913297,0.0172550630789732,0.0099399442418146,-0.0342053929611371
0.841785767370617,0.0169676728289651,0.0097425406282886,-0.0349946320349095
0.8418659693804579,0.0166733686539119,0.0095426341196805,-0.0357721930481375
0.8419446027618332,0.016372248558005,0.0093403193713233,-0.0365376538142652
0.8420216383287963,0.0160644184582278,0.0091356926367377,-0.0372905893397803
0.8420970473485202,0.0157499920312223,0.008928851445441,-0.0380305738087181
0.8421708015491289,0.0154290912055054,0.0087198947204404,-0.0387571809304396
0.8422428732360663,0.0151018462128149,0.0085089226089374,-0.0394699853858943
0.8423132354951165,0.0147683951622722,0.0082960360243083,-0.0401685651836339
0.8423818622722594,0.0144288840607598,0.008081336500748,-0.0408525028524167
0.8424487284932931,0.0140834665832841,0.0078649259068223,-0.0415213870692343
0.8425138101700925,0.0137323038153555,0.0076469061653634,-0.0421748141970753
0.8425770845321505,0.0133755637507596,0.0074273788475682,-0.042812390116957
0.8426385302360601,0.0130134201636122,0.0072064444182037,-0.0434337328914217
0.8426981272619832,0.0126460531383973,0.0069842025284355,-0.0440384723013613
0.8427558572081577,0.0122736471466895,0.0067607508394116,-0.0446262534284368
0.8428117032055512,0.0118963912149772,0.00653618515405,-0.0451967364159716
0.842865650091751,0.0115144773196327,0.0063105985110079,-0.0457495988746268
0.8429176844042896,0.0111280997324606,0.006084080886585,-0.0462845364608573
0.8429677943105085,0.0107374547613578,0.005856719149558,-0.0468012627924821
0.8430159697160554,0.0103427390060127,0.005628596173285,-0.0472995111925232
0.8430622020957601,0.0099441496141706,0.0053997911386029,-0.0477790335570163
0.843106484576685,0.0095418823998409,0.0051703786178831,-0.0482396018044354
0.8431488117044317,0.0091361325688114,0.0049404291748725,-0.0486810060143778
0.8431891795243269,0.0087270925679866,0.0047100083334979,-0.0491030558046268
0.8432275853465246,0.0083149527842252,0.0044791771799029,-0.0495055783831651
0.8432640277269408,0.007899900141796,0.0042479917804441,-0.0498884188117388
0.8432985062798154,0.0074821184057047,0.0040165035640986,-0.0502514384687117
0.8433310215357473,0.0070617881732953,0.0037847595229984,-0.0505945139422237
0.8433615749093151,0.0066390854496296,0.0035528016329474,-0.0509175370410371
0.8433901684910633,0.006214182432123,0.0033206674936522,-0.0512204129155493
0.8434168048747094,0.0057872482647213,0.0030883909339228,-0.0515030585049794
0.8434414871269261,0.0053584477525045,0.0028560014980511,-0.0517654024606526
0.8434642186792756,0.0049279410279046,0.0026235244549724,-0.0520073842160424
0.8434850031147868,0.0044958854674982,0.0023909820124744,-0.0522289519019092
0.8435038441771175,0.0040624336441517,0.0021583923805242,-0.0524300626013352
0.8435207455429923,0.0036277363229749,0.0019257715430594,-0.0526106800569243
0.8435357108415459,0.0031919404424516,0.0016931323243971,-0.0527707749880798
0.8435487435718702,0.0027551888954211,0.0014604844240794,-0.0529103243046047
0.8435598469415703,0.0023176235927792,0.0012278361895512,-0.053029309454532
0.8435690238826258,0.0018793835239413,0.0009951937128183,-0.0531277166536949
0.8435762769916625,0.0014406045616301,0.0007625608574135,-0.05320553629373
0.8435816084290111,0.001001422992674,0.0005299412529171,-0.0532627618948874
0.8435850199529562,0.0005619715151052,0.0002973362904603,-0.0532993904987039
0.8435865128398957,0.0001223826304264,6.47470353713e-05,-0.0533154218273093
0.8435860878811989,-0.0003172117837219,-0.0001678258883386,-0.053310858257373
0.843583745275672,-0.0007566932378324,-0.0004003889439015,-0.0532857036656755
0.8435794841272968,-0.0011959743687468,-0.0006329649902603,-0.0532399580321545
0.8435733029881346,-0.0016349235688114,-0.000865553315253,-0.0531736232651576
0.8435651999137559,-0.002073409020324,-0.0010981528233198,-0.0530867037853468
0.843555172489163,-0.002511297718003,-0.0013307614068761,-0.05297920678499
0.84354321785598,-0.0029484553126821,-0.0015633757496891,-0.052851142492385
0.843529332734715,-0.0033847462193321,-0.0017959912685404,-0.052702524374461
0.843513513496636,-0.0038200323665987,-0.002028601326996,-0.052533369860182
0.8434957562223266,-0.004254173054822,-0.0022611970315444,-0.0523437009082129
0.8434760567018199,-0.0046870261446574,-0.0024937677382003,-0.0521335439375054
0.8434544106072459,-0.0051184453581477,-0.0027262994685808,-0.051902931584258
0.8434308134647888,-0.0055482824465268,-0.0029587759302959,-0.0516519022987638
0.843405260886776,-0.005976384224675,-0.0031911767648557,-0.051380502693084
0.843377748514808,-0.0064025952550357,-0.00342347883885,-0.0510887867897255
0.8433482722366914,-0.0068267557026308,-0.0036556549157109,-0.0507768181568856
0.8433168282634254,-0.0072487019037584,-0.0038876737873907,-0.0504446705257533
0.8432834133329006,-0.0076682652705109,-0.0041194994858594,-0.0500924297152443
0.8432480247058951,-0.0080852740529755,-0.0043510920604907,-0.0497201933288611
0.8432106604280993,-0.0084995517388641,-0.0045824064962868,-0.0493280732216008
0.84317131944946,-0.0089109175308047,-0.0048133927664677,-0.0489161964169019
0.843130001696759,-0.0093191872438501,-0.0050439961243031,-0.0484847054963784
0.8430867083032305,-0.0097241726158429,-0.0052741565018135,-0.0480337605906458
0.8430414417259366,-0.0101256819171494,-0.0055038086332592,-0.047563540146807
0.8429942058912335,-0.0105235202864817,-0.0057328820273242,-0.0470742419450124
0.8429450063179061,-0.010917490280298,-0.0059613010657005,-0.0465660838382622
0.8428938501909663,-0.011307392772494,-0.0061889853153951,-0.0460393039426757
0.8428407464425458,-0.0116930276909527,-0.0064158497639602,-0.0454941608684601
0.8427857059536737,-0.0120741938648637,-0.0066418045430467,-0.0449309351542692
0.84272874142194,-0.0124506911976555,-0.0068667560412416,-0.0443499272451174
0.8426698676184486,-0.0128223199946509,-0.0070906063579692,-0.0437514594359838
0.842609101116628,-0.0131888836871859,-0.0073132548109359,-0.0431358724126551
0.842546460357446,-0.0135501890719535,-0.0075345980014281,-0.0425035252341997
0.8424819657307847,-0.0139060464769973,-0.0077545298483612,-0.0418547954626771
0.8424156393250599,-0.014256271674986,-0.0079729427288317,-0.0411900759577853
0.842347504938186,-0.0146006860934484,-0.0081897276149136,-0.0405097743364691
0.8422775878215992,-0.0149391182759431,-0.0084047750270248,-0.0398143097885147
0.8422059147151464,-0.0152714036914628,-0.0086179749873031,-0.0391041128386468
0.8421325134919841,-0.0155973862913487,-0.0088292181171334,-0.0383796212734186
0.8420574132037828,-0.0159169180156719,-0.0090383954602448,-0.0376412800952292
0.8419806437407009,-0.0162298599286303,-0.0092453993849481,-0.0368895377202317
0.8419022359106616,-0.016536081441578,-0.0094501232642449,-0.0361248463580104
0.8418222210088275,-0.0168354615400795,-0.0096524625012979,-0.0353476574525124
0.8417406309080179,-0.0171278878285032,-0.0098523141266907,-0.0345584222767468
0.8416574977876624,-0.0174132569441161,-0.0100495773223417,-0.0337575890537274
0.8415728541019055,-0.017691474025627,-0.0102441533175772,-0.0329456024543245
0.8414867324467274,-0.0179624525352125,-0.0104359455291037,-0.0321229021621617
0.8413991654372478,-0.0182261140061061,-0.0106248596561129,-0.0312899215884747
0.841310185735105,-0.0184823873351613,-0.0108108034480525,-0.0304470880554456
0.8412198258799412,-0.0187312086850544,-0.0109936869021693,-0.0295948211483797
0.8411281183228467,-0.0189725207976004,-0.0111734220313389,-0.0287335330192587
0.8410350953354218,-0.0192062726909336,-0.0113499229003356,-0.0278636275382506
0.8409407890682994,-0.0194324189914263,-0.0115231053785555,-0.0269855008712581
0.8408452314511738,-0.0196509197033145,-0.0116928872084477,-0.0260995405912365
0.8407484542524573,-0.0198617396122824,-0.0118591877835946,-0.0252061262968385
0.8406504890461535,-0.02006484795108,-0.0120219281119615,-0.0243056293774917
0.8405513672534317,-0.0202602179321275,-0.0121810306604216,-0.0233984134791782
0.840451120134131,-0.020447826424306,-0.0123364192979898,-0.0224848345146171
0.8403497788145021,-0.0206276535860082,-0.0124880191897314,-0.0215652410121587
0.8402473743178607,-0.0207996825304325,-0.0126357567007908,-0.0206399744921323
0.8401439375704647,-0.0209638990640947,-0.0127795593477795,-0.0197093696205445
0.8400394994354121,-0.021120291403119,-0.0129193557178998,-0.018773754618072
0.8399340907510466,-0.0212688499146914,-0.0130550753945881,-0.0178334517069001
0.8398277423395013,-0.0214095669276671,-0.013186648931845,-0.0168887772890546
0.8397204850336251,-0.0215424365345644,-0.0133140078098497,-0.0159400422894712
0.839612349704287,-0.0216674544143722,-0.0134370843977455,-0.0149875525002354
0.8395033673209217,-0.0217846176406921,-0.0135558118881314,-0.0140316092132026
0.8393935689216699,-0.0218939246103109,-0.0136701243397273,-0.0130725090544118
0.8392829856493059,-0.0219953749036572,-0.0137799566459378,-0.0121105443989116
0.8391716488360116,-0.0220889691263034,-0.0138852444668826,-0.0111460042025344
0.8390595899584558,-0.0221747088857665,-0.0139859242968674,-0.0101791737011414
0.8389468406363985,-0.0222525967210342,-0.0140819334808119,-0.0092103344947094
0.8388334327207473,-0.0223226359812205,-0.0141732101581969,-0.0082397653973537
0.8387193983002098,-0.0223848307851728,-0.0142596932891726,-0.0072677425781601
0.8386047696873372,-0.0224391859931161,-0.0143413226942889,-0.006294539527594
0.8384895794072161,-0.0224857071715587,-0.0144180390863055,-0.0053204270503732
0.8383738603226025,-0.0225244005128532,-0.0144897840151565,-0.0043456744086695
0.8382576455171717,-0.0225552728624389,-0.0145564999784739,-0.0033705484159653
0.8381409684266665,-0.0225783316570444,-0.0146181303724731,-0.0023953146227512
0.8380238627421572,-0.0225935849379616,-0.0146746195815174,-0.0014202365837694
0.8379063624889386,-0.0226010413194362,-0.0147259129663765,-0.000445576598613
0.837788502029533,-0.022600709985512,-0.0147719569001398,0.0005284041880137
0.8376703140974855,-0.0225926004877813,-0.0148126994366667,0.0015014618687786
0.8375517899678869,-0.022576715465547,-0.0148481008700484,0.0024736955183985
0.8374329647628005,-0.0225530568306616,-0.0148781045310812,0.0034448449862362
0.8373138741424595,-0.0225216271134589,-0.0149026547632839,0.0044146494194578
0.8371945541838636,-0.0224824294534928,-0.0149216970009521,0.0053828481997483
0.8370750414287402,-0.0224354676141374,-0.0149351777966556,0.0063491804907677
0.8369553729692173,-0.0223807460332651,-0.0149430448591234,0.0073133844897191
0.8368355863115647,-0.0223182697831586,-0.0149452471129863,0.0082751984711984
0.8367157194608335,-0.0222480446135244,-0.0149417347302833,0.0092343600428375
0.8365958109181278,-0.0221700769667733,-0.0149324591760967,0.0101906061097585
0.8364758997389845,-0.0220843740371752,-0.0149173732615681,0.0111436723528686
0.8363560253759924,-0.0219909436768966,-0.0148964311701674,0.0120932944219169
0.8362362278374188,-0.0218897945173319,-0.0148695885153058,0.0130392066121129
0.836116547679938,-0.0217809359953645,-0.0148368023944696,0.0139811418683316
0.835997025888724,-0.021664378262968,-0.0147980314014121,0.0149188326695268
0.8358777040138536,-0.0215401323243626,-0.0147532357039431,0.0158520098932397
0.8357586240703471,-0.0214082099571232,-0.0147023770558049,0.0167804035396153
0.835639828588821,-0.0212686237749663,-0.0146454188531073,0.0177037422714288
0.8355213606922718,-0.0211213873438161,-0.0145823262206011,0.0186217527587081
0.8354032639656669,-0.0209665150504178,-0.0145130659953365,0.0195341606317024
0.835285582458018,-0.0208040221045175,-0.0144376067562963,0.0204406903961783
0.8351683608119709,-0.0206339247304746,-0.0143559189460586,0.0213410643707163
0.8350516441926416,-0.0204562401006864,-0.014267974878647,0.0222350031760533
0.8349354782235601,-0.020270986250268,-0.0141737487292357,0.0231222261601203
0.8348199091352441,-0.0200781823255532,-0.014073216692019,0.0240024501972051
0.8347049836156699,-0.0198778483673272,-0.0139663569042911,0.0248753907664596
0.8345907489588376,-0.0196700055801166,-0.0138531496208616,0.0257407607560818
0.8344772528866461,-0.0194546760367891,-0.0137335770885137,0.0265982717499415
0.8343645436942745,-0.0192318829511834,-0.0136076237245808,0.0274476328576516
0.8342526702546483,-0.0190016507232484,-0.0134752761791636,0.0282885506189777
0.8341416819525957,-0.0187640048332459,-0.0133365233092828,0.0291207294343308
0.8340316286861279,-0.0185189718546925,-0.0131913562169166,0.0299438714856087
0.8339225609146494,-0.0182665795769012,-0.0130397683532053,0.0307576763067711
0.8338145297019204,-0.0180068571389596,-0.0128817556346042,0.0315618403977806
0.8337075866294733,-0.0177398348577749,-0.0127173163742348,0.0323560578028902
0.8336017838136173,-0.0174655442804093,-0.0125464513449809,0.0331400199122618
0.8334971739544174,-0.0171840183313756,-0.0123691639042466,0.0339134150282386
0.8333938103896477,-0.0168952915018838,-0.0121854601505319,0.0346759278986205
0.8332917469531369,-0.0165993994956598,-0.0119953487350664,0.0354272406920077
0.8331910381280244,-0.0162963796861817,-0.0117988411879203,0.036167031794351
0.8330917390274861,-0.0159862711253058,-0.0115959519647225,0.0368949758816234
0.8329939053000324,-0.0156691142917496,-0.0113866983197608,0.037610744540163
0.832897593299176,-0.0153449516762399,-0.011171100728486,0.0383140049485141
0.8328028599799217,-0.01501382752227,-0.0109491827592056,0.0390044205607761
0.8327097629718127,-0.0146757881425544,-0.0107209713253435,0.0396816504959112
0.8326183605402624,-0.0143308818689261,-0.0104864966954598,0.0403453497411162
0.8325287116720228,-0.0139791594704876,-0.0102457928217384,0.0409951684506082
0.8324408760056323,-0.0136206740132452,-0.0099988972920281,0.0416307523689308
0.8323549139091375,-0.0132554813027966,-0.0097458516814211,0.0422517421831013
0.8322708865047843,-0.0128836401814612,-0.0094867018109771,0.0428577732593519
0.8321888555945096,-0.0125052124111886,-0.0092214977196786,0.0434484760917599
0.8321088838034447,-0.0121202635715436,-0.0089502943478951,0.0440234751758635
0.8320310344759615,-0.0117288629047291,-0.0086731514898506,0.044582389662902
0.8319553716925112,-0.0113310837328496,-0.0083901341469289,0.0451248331377543
0.8318819603692501,-0.0109270044304169,-0.0081013132831985,0.0456504128012294
0.8318108661582819,-0.0105167084710189,-0.0078067659285455,0.0461587300778843
0.831742155450435,-0.0101002850812604,-0.0075065757153054,0.046649380481291
0.8316758954061227,-0.0096778302442897,-0.007200833673513,0.0471219532740227
0.8316121538477889,-0.0092494470329911,-0.0068896385473809,0.0475760321090602
0.8315509992840782,-0.0088152469660029,-0.0065730978550825,0.0480111947232513
0.831492500754747,-0.0083753504136363,-0.0062513282627374,0.0484270138995497
0.8314367278398709,-0.0079298884496963,-0.0059244570148872,0.0488230572502385
0.8313837504521463,-0.0074790034835069,-0.0055926224773123,0.0491988885326453
0.8313336387112861,-0.0070228508659017,-0.0052559753914515,0.0495540683690701
0.8312864627115814,-0.0065616000810042,-0.004914679823006,0.0498881557128812
0.8312422923011826,-0.0060954365846995,-0.0045689145831507,0.0502007092187068
0.8312011967342083,-0.0056245630383609,-0.0042188741949743,0.0504912895003012
0.8311632443391185,-0.0051492014133757,-0.0038647704939841,0.0507594612601173
0.8311285020391261,-0.0046695942497148,-0.0035068335848094,0.0510047964528863
0.8310970348318318,-0.0041860061195944,-0.0031453129271963,0.051226877725347
0.8310689052175427,-0.0036987253290998,-0.0027804785735052,0.0514253022091807
0.8310441724970725,-0.0032080644653543,-0.00241262151007,0.0515996862285556
0.8310228920575001,-0.0027143613504313,-0.0020420542629155,0.0517496700897659
0.8310051145656187,-0.0022179786342166,-0.0016691104386791,0.0518749235242291
0.8309908851797974,-0.0017193037929746,-0.0012941445210507,0.0519751510101615
0.8309802427231757,-0.0012187476267485,-0.0009175304891075,0.0520500973822496
0.8309732188941553,-0.0007167414693361,-0.0005396594148818,0.0520995532014055
0.8309698375824374,-0.0002137348100237,-0.0001609373220001,0.0521233594118742
0.8309695076225765,-1.482517830286162e-12,1.0709812946424828e-11,0.0521256824295196
