3.00625684406756
0.7729818444708557,-4.245753490685577e-23,-5.3840085160905705e-14,0.4698209578428722
0.7729841801098692,0.0016620005220184,0.0013204743813565,0.4698096254859556
0.7730009978033879,0.0047592425236858,0.0037810443241,0.4697280344927192
0.7730340549665297,0.0078572347793574,0.0062415834121919,0.4695676949893244
0.7730833906546701,0.0109568454542711,0.0087023738648217,0.469328490302334
0.7731490618760087,0.0140586969335752,0.011163503263796,0.4690102527074128
0.7732311442687229,0.0171634065347202,0.0136250560753041,0.4686127604981475
0.7733297321029192,0.0202715852675022,0.0160871129588058,0.4681357384448368
0.7734449384744744,0.0233838413019753,0.0185497538204652,0.4675788574388148
0.7735768953495378,0.0265007766521603,0.021013055504781,0.4669417349749712
0.7737257538148972,0.0296229891226749,0.0234770936714457,0.4662239347547938
0.773891684311973,0.0327510719782533,0.0259419428826579,0.4654249664879184
0.7740748769135621,0.0358856136662231,0.0284076767496741,0.4645442856082223
0.7742755415645569,0.0390271963493379,0.0308743671641468,0.4635812932850774
0.7744939085162725,0.0421763970363298,0.0333420855929096,0.4625353356290748
0.774730228445391,0.0453337834364017,0.0358109002577667,0.4614057045360437
0.7749847728171071,0.0484999136883312,0.0382808763951716,0.4601916374814591
0.7752578339527121,0.0516753321754694,0.0407520734971476,0.458892318847231
0.7755497251315,0.0548605665281419,0.0432245435429662,0.4575068811918434
0.7758607801524892,0.0580561196136863,0.0456983254171753,0.456034409178192
0.776191353012715,0.0612624646245707,0.0481734418466374,0.4544739430072222
0.7765418165340131,0.0644800317470492,0.050649889965586,0.4528244868455983
0.7769125609893457,0.0677091983303532,0.0531276347849275,0.4510850172022222
0.7773039908388368,0.0709502662420892,0.0556065930617344,0.4492545000503432
0.7777165215151957,0.0742034456582918,0.0580866224521616,0.4473319074291264
0.7781505738377502,0.0774688257394757,0.0605675010228271,0.4453162447002241
0.778606566556768,0.080746339984982,0.0630489032596113,0.4432065858008741
0.7790849070827066,0.0840357286479659,0.0655303744829135,0.4410021159244755
0.7795859787426336,0.0873364889010942,0.0680112967503094,0.4387021888833888
0.7801101262028289,0.090647826969901,0.070490857113009,0.4363063910894146
0.7806576371012544,0.0939686008562403,0.0729680097085574,0.4338146206301337
0.7812287216071088,0.0972972668111243,0.075441441611762,0.4312271729777369
0.7818234907464702,0.1006318341211437,0.0779095456952298,0.4285448290740078
0.7824419353024117,0.1039698365303467,0.0803704063828837,0.4257689373428474
0.7830839080662612,0.1073083310245478,0.0828218057223851,0.4229014772134696
0.7837491127240728,0.1106439338742371,0.0852612563264297,0.4199450900475969
0.784437102480893,0.1139728997537928,0.0876860645353447,0.4169030648604197
0.7851472903764395,0.1172912422953312,0.0900934216434887,0.4137792719601775
0.7858789725358896,0.1205948910886232,0.0924805187155683,0.410578041214098
0.7866313597811624,0.12387985591705,0.0948446633226171,0.4073040072214164
0.7874036172544592,0.1271423936791268,0.0971833949320058,0.4039619245964997
0.7881949026830509,0.1303791382484371,0.0994945707799756,0.4005564951832484
0.7890044016954643,0.1335871937366578,0.1017764235280372,0.3970922139321546
0.7898313545133748,0.1367641764738985,0.1040275812600012,0.3935732570928407
0.7906750740126678,0.1399082156884131,0.1062470580178678,0.390003411265007
0.7915349568167239,0.143017926945296,0.1084342256393784,0.3863860347818703
0.7924104830411824,0.1460923486003884,0.1105887606351169,0.3827240684007936
0.7933012150563493,0.1491308835419529,0.1127105962225637,0.3790200502820423
0.794206790608477,0.1521332302829989,0.1147998683022793,0.3752761541978722
0.7951269145747611,0.1550993193218306,0.1168568665047695,0.3714942324262701
0.7960613500997554,0.1580292564508885,0.118881991292876,0.3676758600036476
0.7970099113973274,0.1609232789385984,0.120875720996888,0.3638223709509862
0.797972454393484,0.1637817113206525,0.1228385794095633,0.3599349021365137
0.7989488708298645,0.1666049371652412,0.1247711150652198,0.3560144219134734
0.7999390817625719,0.1693933729048756,0.1266738824291596,0.3520617602867529
0.800943033175147,0.1721474509094306,0.1285474297977578,0.3480776297559405
0.8019606904420395,0.17486760172769,0.1303922869190892,0.344062650025006
0.8029920355980209,0.1775542459421056,0.1322089593723664,0.3400173609318596
0.804037064136152,0.1802077858749484,0.1339979229786498,0.3359422368007588
0.8050957821099303,0.1828285991361388,0.1357596195676087,0.3318376991503799
0.8061682044412275,0.1854170359186342,0.1374944553399638,0.3277041243485395
0.80725435248519,0.1879734149280464,0.1392027983549298,0.3235418538559473
0.8083542537441581,0.1904980247713755,0.1408849796975496,0.3193511959619799
0.8094679399185791,0.1929911214860863,0.1425412920662394,0.3151324337477502
0.8105954460192627,0.1954529287423781,0.1441719901523756,0.310885828792989
0.8117368087265867,0.1978836364801873,0.1457772899790819,0.3066116275680872
0.8128920663537258,0.2002834030946825,0.1473573705825102,0.3023100616505348
0.814061258052144,0.2026523558621003,0.1489123745070346,0.2979813507274803
0.8152444231879324,0.2049905917066344,0.1504424085115259,0.2936257048645795
0.8164416019088401,0.2072981801973671,0.1519475457122276,0.2892433223458926
0.817652832053909,0.2095751593906661,0.1534278230379974,0.2848344008552886
0.8188781508074066,0.2118215409409019,0.1548832447295474,0.2803991311513088
0.8201175943317899,0.2140373109926819,0.156313783048427,0.275937698198286
0.8213711963981599,0.2162224292843995,0.1577193778207199,0.2714502858299364
0.8226389878545346,0.2183768298626059,0.1590999370208782,0.2669370782755211
0.8239209989929305,0.220500426517788,0.160455340351496,0.2623982513912065
0.8252172552761695,0.2225931068986383,0.161785435555204,0.2578339874847477
0.8265277807394242,0.2246547394843437,0.1630900429389692,0.2532444628443072
0.8278525943271543,0.2266851689047859,0.1643689524583307,0.2486298601996563
0.8291917113375327,0.2286842195535572,0.1656219260697339,0.2439903631249808
0.8305451444513583,0.2306516981403772,0.1668486993589741,0.2393261520365634
0.8319129021588364,0.2325873922700508,0.1680489806603829,0.2346374092014986
0.8332949868965933,0.2344910688939734,0.1692224501259043,0.2299243245623425
0.8346913967578071,0.2363624778010062,0.1703687619104381,0.2251870892781937
0.8361021258756883,0.2382013529237596,0.1714875449547048,0.2204258939185689
0.8375271618936283,0.2400074098368226,0.1725784014420852,0.215640936456163
0.838966487173245,0.2417803482522986,0.1736409083080677,0.2108324175473022
0.8404200785154871,0.2435198524167543,0.1746746174414533,0.2060005408710331
0.8418879055250613,0.2452255899336408,0.1756790549513864,0.2011455179195808
0.8433699315120127,0.2468972136606183,0.1766537222621338,0.1962675643026551
0.8448661139417704,0.2485343628550196,0.1775980967154452,0.1913668976200762
0.846376402173141,0.2501366613227843,0.1785116304303079,0.1864437441985234
0.847900737629385,0.2517037184037181,0.1793937508282558,0.1814983377446534
0.8494390542887346,0.2532351301567452,0.1802438612354008,0.1765309169912101
0.8509912781694743,0.2547304794227649,0.1810613408237803,0.1715417266153803
0.8525573249065996,0.2561893341668244,0.1818455436344693,0.1665310242055108
0.854137102431207,0.2576112507174209,0.1825958002655649,0.1614990708048157
0.8557305100149342,0.2589957733241043,0.183311417489905,0.15644613319013
0.857337434579219,0.2603424315743232,0.1839916768286079,0.15137249468564
0.8589577536067913,0.2616507436455412,0.1846358361641061,0.1462784449657895
0.8605913336887574,0.2629202156206073,0.1852431292643298,0.1411642837328521
0.8622380276128241,0.2641503399260106,0.185812764972647,0.1360303288184883
0.8638976800308977,0.2653406002405729,0.1863439294102355,0.1308768974807451
0.865570118567544,0.2664904655211824,0.1868357831280948,0.1257043330656773
0.8672551605275463,0.2675993955664724,0.1872874635459527,0.1205129830525253
0.8689526051309124,0.2686668364261603,0.1876980829522605,0.1153032219181614
0.8706622395266717,0.2696922251552248,0.1880667304347807,0.1100754314087646
0.872383835573816,0.2706749882998653,0.1883924711568033,0.1048300093033491
0.8741171447046019,0.2716145398510317,0.1886743457723789,0.0995673837727416
0.8758619042941332,0.2725102857404687,0.1889113719923278,0.0942879926657702
0.8776178297240324,0.2733616204249433,0.1891025436781573,0.0889923062666199
0.8793846191693817,0.2741679303704233,0.1892468320056254,0.0836808113969078
0.8811619482434292,0.2749285924353949,0.1893431853540108,0.0783540261518241
0.8829494693667848,0.2756429749017164,0.189390530056759,0.0730125002527012
0.8847468129696998,0.276310439180268,0.1893877711558818,0.067656809932218
0.8865535850659173,0.2769303400335702,0.1893337930380085,0.062287563663434
0.888369374268988,0.2775020289654809,0.1892274597200575,0.0569053798341808
0.8901937305459544,0.2780248486377271,0.1890676167229979,0.051510948205771
0.8920261716387314,0.2784981375655309,0.1888530929607945,0.0461050089708149
0.8938661859533484,0.2789212328876722,0.1885827020567346,0.0406883425384961
0.895713224791834,0.2792934705799629,0.1882552451636645,0.0352617907609945
0.8975667045073298,0.2796141885095267,0.1878695129780259,0.0298262488859061
0.8994260013156349,0.2798827281158455,0.1874242892497954,0.0243826791492269
0.9012904519387492,0.2800984375376505,0.1869183536413038,0.0189321072868418
0.9031593469926756,0.2802606740832244,0.1863504868647696,0.0134756403588187
0.9050319327685276,0.2803688082116443,0.1857194742716272,0.0080144601189227
0.9069074068790296,0.280422227142764,0.1850241116388802,0.0025498344713679
0.9087849133388392,0.2804203392918793,0.1842632123011455,-0.0029168692777483
0.910663570844808,0.2803625781502463,0.1834356003956248,-0.0083842675565565
0.9125431844954204,0.2802483493148371,0.1825397600513818,-0.0138530316469927
0.9144227517309256,0.2800770819455527,0.1815744991605758,-0.0193215419373193
0.9163012089009692,0.2798482455707021,0.1805386681607653,-0.0247880625358484
0.9181774296435946,0.2795613571480395,0.1794311700456134,-0.0302507362340198
0.9200502182562508,0.2792159897612409,0.1782509747722273,-0.0357075643164062
0.9219183122756052,0.278811780855883,0.1769971298369642,-0.0411564124961289
0.923780376212912,0.2783484428416271,0.1756687778321281,-0.046594990286459
0.9256350057257944,0.2778257724305873,0.1742651687969603,-0.0520208598896813
0.9274807233443162,0.2772436626973413,0.172785679980572,-0.0574314194087312
0.929315983357615,0.2766021135147675,0.1712298305601665,-0.06282391169205
0.9311391704090888,0.2759012445245636,0.1695973028194537,-0.0681954135061494
0.9329486068570944,0.2751413057222126,0.1678879575349784,-0.0735428491083677
0.934742553690126,0.2743226908304707,0.1661018563252148,-0.078862983444701
0.9365192217787592,0.2734459466384233,0.1642392754486298,-0.0841524444400146
0.938276775235893,0.2725117857698627,0.1623007280303252,-0.0894077204894109
0.94001334798769,0.2715210926284325,0.1602869728118194,-0.0946251959148492
0.9417270522911224,0.2704749323776668,0.1581990307802294,-0.0998011613050561
0.9434159959656596,0.2693745539308288,0.1560381909470314,-0.1049318490063068
0.9450782958607729,0.2682213933393443,0.1538060185977645,-0.1100134566610894
0.9467120998582196,0.2670170692451223,0.1515043496668866,-0.1150421964906707
0.9483156029699804,0.2657633792116127,0.1491352886621643,-0.1200143269745344
0.9498870699310388,0.2644622879310129,0.1467011926758233,-0.1249262053563292
0.9514248517518628,0.263115916118045,0.1442046582709027,-0.1297743229671447
0.9529274118562572,0.2617265168054752,0.1416484862411834,-0.1345553728437267
0.9543933376838992,0.2602964592841373,0.1390356617688337,-0.1392662745625255
0.9558213608170032,0.2588282008945062,0.1363693128960492,-0.1439042292539142
0.9572103676751046,0.2573242628174509,0.1336526768908504,-0.1484667483955716
0.9585594108367058,0.2557872009618808,0.130889057795962,-0.1529516886012636
0.9598677136706852,0.2542195799830259,0.1280817894558825,-0.1573572686932438
0.9611346723312651,0.2526239472632459,0.1252341979304174,-0.161682081864159
0.9623598549499476,0.2510028076250914,0.122349564481803,-0.1659251022115902
0.9635429943990338,0.2493586046437536,0.1194310993819092,-0.1700856724698892
0.9646839794873376,0.2476937039157304,0.1164819180828745,-0.1741634884537386
0.965782846674132,0.2460103755887954,0.1135050149819515,-0.1781585873775028
0.9668397646410964,0.2443107883324449,0.110503256341465,-0.1820713117828433
0.9678550218012988,0.2425970011887692,0.1074793683673461,-0.1859022839850481
0.9688290136758838,0.2408709574822526,0.1044359279798262,-0.1896523801405852
0.9697622279144716,0.2391344853102134,0.101375364341319,-0.1933226946702496
0.9706552309095916,0.2373892985612168,0.0982999605745779,-0.1969145091523071
0.9715086562641092,0.2356369974193956,0.0952118539728825,-0.2004292669841918
0.9723231920992552,0.233879074235491,0.0921130451835837,-0.2038685414774637
0.9730995708703456,0.2321169176916664,0.089005404013412,-0.2072340118227233
0.9738385607183108,0.2303518163698732,0.0858906739063247,-0.2105274435887497
0.9745409564369204,0.2285849659772439,0.082770482679151,-0.2137506653605958
0.9752075733995844,0.2268174721275538,0.0796463452924948,-0.216905556376577
0.9758392394858733,0.2250503607194719,0.0765196799789367,-0.2199940227020747
0.9764367918347964,0.2232845779463167,0.0733918060331209,-0.2230179939807591
0.9770010701436156,0.2215210018144277,0.0702639619810606,-0.2259794015330217
0.9775329148032172,0.2197604416888254,0.0671373026058086,-0.2288801785666412
0.9780331631223246,0.2180036446117847,0.0640129080201134,-0.2317222495808586
0.9785026461140068,0.2162513019244331,0.0608917933846663,-0.2345075204883819
0.978942187272818,0.214504050221241,0.0577749086387545,-0.2372378785757346
0.9793526000812584,0.212762477983823,0.0546631484329482,-0.2399151838485322
0.9797346872131124,0.2110271268057749,0.0515573525232206,-0.2425412693506928
0.980089239279113,0.2092984950343765,0.048458310562413,-0.2451179378991348
0.9804170334351894,0.2075770434439365,0.0453667706500778,-0.2476469561601214
0.9807188333643796,0.2058631951067413,0.0422834375828641,-0.2501300575715682
0.9809953886036924,0.2041573387426761,0.0392089774197653,-0.2525689400803365
0.9812474342330576,0.2024598307979923,0.0361440198563823,-0.2549652658314506
0.9814756902970566,0.2007710001652584,0.0330891654620249,-0.2573206572043541
0.9816808624740804,0.199091144509751,0.0300449778250346,-0.2596367046062619
0.9818636410162236,0.1974205397370593,0.0270119995423418,-0.2619149558978785
0.9820247016745616,0.1957594345418604,0.0239907412744192,-0.264156926493348
0.982164705148684,0.1941080574598162,0.0209816935294935,-0.2663640921811097
0.9822842976823114,0.1924666132999479,0.0179853192181127,-0.2685378963205335
0.9823841108070672,0.1908352890153788,0.0150020634444318,-0.2706797442739576
0.982464761712531,0.1892142530730504,0.0120323515226418,-0.2727910065139801
0.9825268534811568,0.1876036554827228,0.0090765882202486,-0.274873020682611
0.9825709752057568,0.1860036304608091,0.0061351618773122,-0.2769270901490737
0.9825977022404256,0.1844142976256483,0.0032084458955695,-0.278954484449517
0.9826075964731908,0.1828357610571585,0.000296796331493,-0.280956442357856
0.982601206526348,0.1812681125004533,-0.0025994428419532,-0.2829341695916706
0.982579054918178,0.179710749037409,-0.0054812038874411,-0.2848896954679464
0.9825416150208064,0.1781627294976817,-0.0083500443452047,-0.2868254131168226
0.9824893500062084,0.1766241485292346,-0.0112055992585725,-0.2887423697249474
0.9824227144074372,0.1750950976154441,-0.0140474994805044,-0.2906415818498042
0.982342154112336,0.1735756576806724,-0.0168753857559526,-0.2925240456679093
0.9822481065066572,0.1720659006695435,-0.0196889061751904,-0.2943907359244109
0.9821410005286004,0.1705658891149349,-0.0224877173482704,-0.2962426073453573
0.9820212568533074,0.1690756777783335,-0.0252714817011701,-0.2980805934514841
0.981889287709222,0.1675953106417664,-0.0280398734381535,-0.2999056110752763
0.9817454974081976,0.1661248266118367,-0.0307925682113631,-0.3017185541037168
0.9815902821178042,0.1646642558655946,-0.033529250259026,-0.3035202987323944
0.9814240300445726,0.1632136213753097,-0.0362496098567181,-0.305311702304729
0.9812471215061214,0.1617729390720216,-0.0389533432984521,-0.3070936038050686
0.9810599291068136,0.1603422188253281,-0.0416401513327435,-0.3088668233165629
0.980862817812948,0.1589214644875834,-0.0443097393404441,-0.3106321626069029
0.980656144781746,0.1575106723769349,-0.0469618204386483,-0.3123904076417899
0.9804402598724627,0.1561098345929436,-0.049596109490994,-0.3141423250694635
0.9802155054870336,0.154718937430036,-0.0522123263173367,-0.3158886647709551
0.979982216671717,0.1533379617809207,-0.0548101951552649,-0.317630159926607
0.9797407212365864,0.151966883591184,-0.0573894440139283,-0.3193675269961776
0.9794913398552528,0.1506056741500658,-0.0599498043256513,-0.3211014658832321
0.979234386039135,0.1492542997130067,-0.0624910118443692,-0.322832660938355
0.9789701664805605,0.1479127230797191,-0.0650128038567203,-0.3245617794462196
0.9786989810882036,0.1465809034114603,-0.0675149196980456,-0.3262894723226608
0.9784211226366084,0.1452587943107988,-0.0699971045202093,-0.3280163770888928
0.9781368774937832,0.1439463471711421,-0.0724591031500656,-0.3297431139926437
0.9778465254069988,0.1426435098149858,-0.0749006627941537,-0.3314702882042114
0.9775503393862416,0.141350225801516,-0.0773215344680475,-0.3331984911896243
0.9772485861915738,0.140066436394478,-0.0797214694340086,-0.3349282985312173
0.9769415260840804,0.1387920792377395,-0.0821002217984761,-0.3366602721089755
0.9766294132351876,0.1375270898729775,-0.0844575457850028,-0.3383949584590227
0.9763124955967885,0.1362714009542593,-0.0867931973055738,-0.3401328902220232
0.9759910149898704,0.1350249424176844,-0.0891069337349026,-0.3418745863094785
0.9756652073346412,0.1337876421723954,-0.0913985127124326,-0.3436205513191959
0.9753353026323218,0.1325594258049947,-0.0936676927721224,-0.3453712763067831
0.975001525004609,0.1313402165368837,-0.0959142334886482,-0.3471272392164944
0.9746640929481508,0.1301299359581709,-0.0981378941859989,-0.3488889041818751
0.9743232193304382,0.1289285037888398,-0.1003384344382288,-0.3506567221983663
0.9739791115774415,0.1277358383311544,-0.1025156132925913,-0.3524311307845981
0.9736319715143174,0.1265518557113729,-0.1046691906979656,-0.3542125554311273
0.9732819957380792,0.1253764709700449,-0.1067989255488864,-0.3560014082986677
0.9729293755570794,0.1242095976364003,-0.1089045764947152,-0.3577980891516729
0.9725742972208886,0.1230511482855394,-0.1109859009584882,-0.3596029847971899
0.9722169417464024,0.1219010337635363,-0.1130426565494536,-0.3614164705753673
0.9718574853751072,0.120759164469178,-0.1150745987750988,-0.3632389086365522
0.9714960992504272,0.1196254491102348,-0.1170814832707634,-0.3650706501754088
0.97113294997127,0.118499796253314,-0.1190630630452883,-0.3669120332146978
0.970768199373474,0.1173821134157038,-0.1210190900983034,-0.3687633842976713
0.9704020045253294,0.1162723068672851,-0.1229493157422642,-0.3706250190924273
0.9700345180812926,0.1151702825142308,-0.124853489036522,-0.3724972411735731
0.9696658884891672,0.1140759462969884,-0.1267313561029922,-0.3743803415305396
0.9692962596617476,0.1129892030018878,-0.1285826621577999,-0.3762746008023621
0.9689257712594788,0.1119099569135455,-0.1304071503449623,-0.3781802883990908
0.968554558868834,0.1108381121321856,-0.1322045611699409,-0.3800976621375576
0.9681827540164905,0.1097735724082858,-0.1339746327509673,-0.3820269687108509
0.9678104842077936,0.1087162410559932,-0.1357171009199072,-0.3839684440325411
0.967437873137772,0.1076660213560856,-0.1374316985115957,-0.385922312674247
0.96706504084755,0.1066228167899821,-0.1391181549552665,-0.3878887875617062
0.9666921033763266,0.1055865298692881,-0.1407761981193828,-0.3898680723313636
0.966319173339306,0.1045570635609557,-0.1424055519444199,-0.3918603588037246
0.9659463597837336,0.103534320683499,-0.1440059373730036,-0.3938658282411053
0.9655737682718236,0.1025182039443728,-0.1455770722251343,-0.3958846514105124
0.9652015011338728,0.1015086164369752,-0.14711867037335,-0.3979169877049235
0.9648296573176336,0.1005054610365497,-0.1486304426196246,-0.3999629864407528
0.9644583325685004,0.0995086407018584,-0.1501120961576764,-0.4020227863619936
0.9640876195671336,0.0985180586550456,-0.1515633342435799,-0.4040965153469814
0.9637176080459968,0.0975336185019533,-0.1529838559708981,-0.4061842902063327
0.963348384566032,0.0965552234523356,-0.1543733573274275,-0.4082862183999031
0.9629800330348524,0.095582777512931,-0.1557315294069626,-0.4104023955556786
0.9626126344798784,0.0946161846985901,-0.1570580594828313,-0.4125329071782674
0.9622462672871348,0.0936553494805832,-0.1583526303134979,-0.4146778277023858
0.9618810070867534,0.0927001763050759,-0.1596149207298396,-0.4168372215776046
0.9615169270423588,0.0917505701728154,-0.1608446047847026,-0.4190111419821676
0.9611540978024048,0.0908064363324288,-0.1620413521048088,-0.4211996314959633
0.9607925876485032,0.0898676804905542,-0.1632048275586408,-0.4234027215965201
0.96043246253382,0.0889342087361248,-0.1643346913014564,-0.4256204327922698
0.9600737861101194,0.0880059274376996,-0.1654305988391571,-0.4278527748241785
0.9597166198961438,0.0870827435080761,-0.1664922006569957,-0.4300997459758278
0.9593610233200413,0.0861645643434312,-0.1675191422573943,-0.4323613331331459
0.9590070536414748,0.0852512974544099,-0.1685110645187055,-0.434637512616208
0.9586547663218212,0.0843428512551821,-0.16946760278292,-0.4369282481278441
0.9583042147891394,0.0834391342920093,-0.1703883876682917,-0.4392334925558857
0.9579554508038036,0.0825400560232936,-0.1712730442287409,-0.4415531858735567
0.9576085241886496,0.0816455259628324,-0.172121192804928,-0.4438872571861522
0.957263483239248,0.0807554545784853,-0.1729324481279584,-0.44623562225869
0.9569203745469852,0.0798697526790802,-0.1737064199202975,-0.4485981849290494
0.9565792432404644,0.0789883318824127,-0.1744427124840753,-0.4509748356851354
0.9562401328643164,0.0781111041496238,-0.1751409251307074,-0.4533654527064351
0.9559030856799084,0.0772379824120891,-0.1758006517054731,-0.4557698999494486
0.9555681424960376,0.0763688799856613,-0.1764214811161643,-0.4581880285046498
0.9552353430238268,0.0755037113456016,-0.1770029968421459,-0.4606196741978255
0.9549047255686732,0.0746423911844291,-0.1775447776969384,-0.4630646599468707
0.9545763274568956,0.0737848353809823,-0.1780463972838453,-0.4655227927602457
0.9542501850003255,0.0729309607749082,-0.1785074243413035,-0.4679938640362685
0.9539263333400472,0.0720806846237539,-0.1789274231969,-0.4704776508214497
0.953604806852701,0.0712339255372303,-0.1793059534615951,-0.4729739127719047
0.9532856390502444,0.0703906030916707,-0.1796425705026794,-0.4754823928984499
0.952968862703507,0.0695506380354918,-0.1799368256374367,-0.4780028165844284
0.9526545097646238,0.0687139519667306,-0.1801882665566833,-0.480534892168897
0.9523426116500262,0.0678804679724314,-0.1803964374601021,-0.4830783086256224
0.952033199260544,0.0670501105810057,-0.1805608795325776,-0.485632735263182
0.9517263030171258,0.0662228057608481,-0.1806811314326293,-0.48819782128697
0.9514219528134584,0.0653984806984869,-0.1807567298275775,-0.4907731960529062
0.951120178318028,0.0645770645287335,-0.1807872098801192,-0.4933584663461426
0.9508210089634744,0.0637584882347654,-0.180772105973074,-0.4959532162042016
0.950524473261124,0.0629426826899148,-0.1807109522500301,-0.4985570127140081
0.950230598718947,0.062129578311793,-0.180603282777373,-0.501169406868081
0.9499394145513084,0.0613191124981755,-0.1804486333133851,-0.5037899092160659
0.9496509498969796,0.0605112247250171,-0.1802465422995167,-0.5064180048964965
0.9493652341166148,0.05970585735434,-0.1799965521265709,-0.5090531505559952
0.9490822966666186,0.0589029552761045,-0.1796982102763304,-0.5116947750544178
0.9488021673326104,0.058102466575544,-0.1793510708624849,-0.5143422768448813
0.948524876227003,0.0573043425568582,-0.1789546961367597,-0.5169950234726908
0.9482504538423976,0.0565085379407759,-0.1785086581666621,-0.5196523505418884
0.9479789311398034,0.0557150111839184,-0.1780125407289826,-0.5223135603127309
0.9477103395742712,0.0549237246394611,-0.1774659412740906,-0.5249779208745293
0.9474447111254188,0.0541346447521064,-0.1768684730427822,-0.5276446652660252
0.9471820784300002,0.0533477425822835,-0.1762197676049763,-0.530312989548557
0.9469224746056446,0.0525629934332516,-0.175519476841346,-0.5329820539970798
0.9466659335289226,0.0517803778634704,-0.17476727621079,-0.5356509796886079
0.946412489673864,0.050999881409495,-0.1739628671201986,-0.5383188495669108
0.9461621782200136,0.0502214951497335,-0.1731059801897448,-0.5409847067684995
0.9459150348336192,0.0494452152846235,-0.1721963776193077,-0.5436475564442398
0.9456710958551592,0.0486710440017301,-0.1712338570635794,-0.5463063633282064
0.9454303979890326,0.0478989888049602,-0.1702182538406361,-0.548960054728386
0.9451929785151508,0.0471290635161973,-0.1691494452613338,-0.5516075179456414
0.944958874773696,0.046361286961346,-0.1680273519470644,-0.5542476058273603
0.9447281246146942,0.0455956847984319,-0.1668519435167427,-0.5568791317045955
0.9445007656394412,0.0448322874084088,-0.1656232385975344,-0.5595008780566014
0.9442768355360386,0.0440711313851799,-0.1643413100749664,-0.562111592993633
0.9440563714075924,0.0433122576590395,-0.163006284929946,-0.5647099984898849
0.9438394101590178,0.0425557131989455,-0.1616183498846574,-0.5672947865232685
0.9436259875803372,0.0418015482214485,-0.1601777490041678,-0.56986463077343
0.9434161387289834,0.041049817861556,-0.1586847889853806,-0.5724181832076043
0.9432098972553584,0.0403005801214873,-0.1571398372976969,-0.5749540835123182
0.94300729541052,0.0395538961757343,-0.1555433244112478,-0.5774709605987879
0.9428083634575904,0.038809828454999,-0.1538957410434114,-0.579967441697337
0.9426131300469432,0.0380684422390113,-0.1521976425719702,-0.5824421496913441
0.9424216212338884,0.0373298021167316,-0.1504496416966792,-0.5848937176966728
0.942233860575834,0.0365939723619864,-0.1486524090547661,-0.5873207904187586
0.9420498690862836,0.0358610167593882,-0.1468066724576325,-0.5897220273635397
0.9418696647384214,0.0351309965605677,-0.1449132109820957,-0.5920961120867873
0.9416932628624024,0.0344039719286343,-0.1429728574351316,-0.5944417499037941
0.94152067534265,0.0336799984437015,-0.1409864875950757,-0.5967576815047323
0.9413519109993416,0.0329591283128042,-0.1389550211899848,-0.5990426810600423
0.941186975362299,0.0322414090294117,-0.1368794158309898,-0.601295562381973
0.9410258709413918,0.0315268840840232,-0.1347606664052466,-0.6035151783647642
0.9408685964026344,0.0308155887438662,-0.1325997895310059,-0.6057004354786577
0.9407151479185868,0.0301075554340173,-0.1303978363179692,-0.6078502782132076
0.9405655184697616,0.0294028100245628,-0.1281558781396045,-0.6099637015985133
0.9404196977456556,0.0287013705417399,-0.1258749987398402,-0.6120397555842763
0.940277672925993,0.0280032500672396,-0.1235562998458109,-0.6140775367397591
0.940139428533088,0.0273084552964596,-0.1212008931238577,-0.6160761928454935
0.9400049467155748,0.0266169871288848,-0.1188098986444525,-0.6180349212049063
0.939874206999041,0.025928838493775,-0.1163844337768945,-0.6199529745454835
0.9397471870710444,0.0252439974919971,-0.1139256205299401,-0.6218296516571432
0.9396238627416696,0.0245624463932663,-0.1114345789059809,-0.6236642997665568
0.9395042081743816,0.0238841620249128,-0.1089124251432604,-0.6254563127946718
0.939388196021752,0.0232091156589523,-0.1063602682675708,-0.6272051308333512
0.9392757976051632,0.0225372731452434,-0.1037792076384972,-0.6289102387926148
0.9391669832270126,0.0218685958927516,-0.1011703339726901,-0.6305711628366029
0.9390617221793952,0.0212030400772957,-0.098534723736944,-0.632187471244043
0.938959983328732,0.0205405595150885,-0.0958734481954847,-0.633758766270375
0.9388617347286494,0.0198811024544571,-0.0931875585867978,-0.6352846907680585
0.9387669443251592,0.019224615438056,-0.0904780997031548,-0.6367649178408653
0.9386755794879446,0.0185710394072784,-0.0877460921880435,-0.6381991585590517
0.9385876075909744,0.0179203129008584,-0.0849925439078142,-0.6395871532504527
0.9385029963276788,0.0172723738800282,-0.082218456504504,-0.6409286666798703
0.9384217130617784,0.0166271541726552,-0.0794248004210314,-0.6422234984422711
0.9383437258932572,0.0159845870415528,-0.0766125461756202,-0.6434714660931895
0.9382690030359354,0.0153446018389216,-0.0737826404433792,-0.6446724149778585
0.9381975131795052,0.0147071262874808,-0.0709360149828499,-0.6458262123697401
0.9381292253839424,0.0140720849277977,-0.0680735788964118,-0.6469327490244242
0.9380641096099472,0.0134394034710632,-0.0651962375707141,-0.6479919303824412
0.938002136400883,0.0128090055795183,-0.0623048778476204,-0.6490036814360257
0.9379432769494248,0.01218081289323,-0.05940036757029,-0.6499679453826218
0.9378875034332856,0.0115547481783113,-0.056483569817689,-0.6508846778096298
0.9378347886210182,0.0109307306642125,-0.0535553210642843,-0.6517538528174779
0.9377851062415224,0.010308679577693,-0.0506164473271819,-0.6525754566078212
0.9377384309760272,0.009688513854827,-0.0476677628319622,-0.6533494872269918
0.9376947384007508,0.0090701510285271,-0.0447100647084358,-0.6540759551340289
0.937654005324914,0.0084535118494445,-0.0417441552023994,-0.6547548771871102
0.9376162091845092,0.0078385111156194,-0.0387707977801876,-0.6553862863478802
0.9375813287544826,0.0072250680441911,-0.0357907670987487,-0.6559702194311011
0.9375493436294792,0.0066130977394848,-0.0328048080097972,-0.6565067253873642
0.9375202346597642,0.0060025185448608,-0.0298136714726517,-0.6569958576325723
0.9374939836715528,0.0053932468347524,-0.0268180894908568,-0.6574376783644278
0.9374705735926342,0.0047851990598244,-0.0238187853431328,-0.6578322561017498
0.9374499884478842,0.0041782914800721,-0.0208164725993226,-0.6581796654149815
0.937432213384018,0.0035724407322559,-0.0178118582778505,-0.6584799861780872
0.9374172346715728,0.0029675641060758,-0.0148056446105222,-0.6587333032191584
0.9374050396486048,0.0023635770216814,-0.0117985168820465,-0.6589397069750147
0.9373956168222972,0.0017603972065979,-0.0087911645955801,-0.6590992914917011
0.9373889557717928,0.0011579393310093,-0.0057842551683514,-0.6592121558057636
0.9373850472450812,0.0005561209670521,-0.0027784640654271,-0.6592784020589525
0.9373838830950446,-4.51396323489e-05,0.0002255358200543,-0.6592981363559541
0.937385456276615,-0.000645925922732,0.0032270856820705,-0.659271468606973
0.9373897647489892,-0.0012467320291129,0.0062275821241104,-0.6591984462124298
0.9373968135878176,-0.0018479461582827,0.0092278905557142,-0.6590790182522253
0.9374066088330428,-0.0024496490094132,0.012227336568141,-0.6589131398886791
0.9374191576120838,-0.0030519221076382,0.0152252460882254,-0.6587007704125518
0.9374344681636296,-0.0036548480555659,0.0182209462077583,-0.6584418729927871
0.9374525498242856,-0.0042585094348986,0.0212137592974583,-0.6581364150734936
0.9374734128967952,-0.004862985320979,0.0242029854033972,-0.657784370784409
0.9374970688730194,-0.0054683586961099,0.0271879386296066,-0.6573857173758193
0.9375235303126,-0.0060747119581468,0.0301679244649463,-0.6569404374891342
0.9375528107380564,-0.0066821252017329,0.0331422310780337,-0.6564485211507158
0.9375849248073728,-0.0072906804065898,0.0361101496028699,-0.6559099631112607
0.937619888141666,-0.0079004579266267,0.0390709566449479,-0.6553247659973648
0.937657717406708,-0.0085115384426394,0.0420239235990284,-0.6546929392060047
0.9376984303853036,-0.009124004013553,0.0449683214053979,-0.6540144979789299
0.9377420456208644,-0.0097379328960674,0.0479033954400658,-0.6532894696255852
0.9377885829191316,-0.0103534072133254,0.0508284021752318,-0.6525178854547492
0.9378380627483024,-0.0109705047247692,0.0537425697062776,-0.6516997910346475
0.9378905067552072,-0.0115893060203575,0.0566451319118152,-0.6508352379200747
0.937945937320557,-0.0122098890801676,0.0595353026471882,-0.6499242913019354
0.9380043777790782,-0.0128323323067889,0.0624122900758693,-0.6489670266492849
0.9380658521458946,-0.0134567118396255,0.0652752842990992,-0.6479635344673789
0.9381303853678618,-0.0140831045613189,0.0681234714053188,-0.6469139164361621
0.93819800309252,-0.0147115859720236,0.0709560238431711,-0.645818289434929
0.938268731886659,-0.0153422325095424,0.0737721111051894,-0.6446767822339005
0.9383425985103516,-0.0159751154059024,0.0765708726224606,-0.6434895474135038
0.9384196308052885,-0.016610308977889,0.0793514552004532,-0.6422567471964442
0.9384998569247734,-0.0172478842100185,0.082112984912475,-0.6409785659973847
0.9385833053012432,-0.0178879092269611,0.0848545701647497,-0.6396552109587288
0.9386700050237576,-0.0185304526664523,0.0875753169343323,-0.6382869059895525
0.9387599854345968,-0.0191755809007988,0.0902743174827526,-0.6368738981880302
0.9388532760947864,-0.0198233583051366,0.0929506524753663,-0.6354164583006766
0.9389499065554532,-0.0204738461959724,0.0956033877033017,-0.6339148841428152
0.9390499064871676,-0.0211271042657844,0.0982315811999743,-0.6323694983517709
0.9391533055679828,-0.0217831902698931,0.1008342830714384,-0.6307806498669587
0.9392601328018751,-0.0224421563050611,0.1034105222654597,-0.6291487239897915
0.939370417455977,-0.0231040552745567,0.1059593336467755,-0.6274741275201853
0.9394841877149304,-0.0237689331814479,0.1084797295527257,-0.6257573087102368
0.939601471388775,-0.0244368341406949,0.1109707212468833,-0.6239987457141336
0.9397222955659836,-0.0251077988673681,0.1134313148927611,-0.6221989510521588
0.9398466863038408,-0.0257818635845799,0.1158605096443279,-0.6203584752692636
0.9399746680545984,-0.0264590577031698,0.118257291912148,-0.6184779142189609
0.9401062646791843,-0.0271394099309426,0.1206206596182294,-0.6165578928485642
0.9402414982250764,-0.0278229423928137,0.1229496036381543,-0.6145990818281053
0.940380388618725,-0.0285096699851859,0.1252431089357277,-0.6126022002470631
0.9405229545263386,-0.0291996054009702,0.1275001743861063,-0.6105680014348542
0.9406692120551888,-0.0298927534006872,0.1297197964995281,-0.608497289741224
0.940819175560534,-0.0305891154472724,0.1319009876480204,-0.6063909069379549
0.9409728564866856,-0.0312886849270375,0.1340427638723786,-0.6042497463844527
0.9411302635801322,-0.0319914489771784,0.1361441542429579,-0.6020747474685239
0.9412914035087556,-0.0326973918589551,0.1382042138967068,-0.5998668845978833
0.9414562796001688,-0.0334064899363988,0.1402220120003494,-0.597627182024092
0.9416248918657651,-0.0341187125615983,0.1421966380253088,-0.5953567105022262
0.9417972380796938,-0.0348340271917645,0.1441272188639417,-0.5930565699131041
0.9419733123636732,-0.0355523938825265,0.1460129061221035,-0.5907279054769403
0.9421531057870596,-0.0362737683332555,0.1478528872732026,-0.588371896642811
0.9423366059948308,-0.0369981008132273,0.1496463853248033,-0.5859897589666552
0.9425237979881472,-0.0377253396156175,0.1513926695697328,-0.5835827309685798
0.9427146635484716,-0.0384554290282366,0.1530910521246644,-0.5811520787715151
0.9429091814233018,-0.0391883103211827,0.1547408919401717,-0.5786990907789301
0.9431073278219348,-0.0399239237743842,0.1563416004658078,-0.5762250686704329
0.9433090760843424,-0.0406622075134919,0.1578926396870152,-0.5737313289795525
0.9435143973206412,-0.0414030999092285,0.159393527641979,-0.5712191926575335
0.9437232604059598,-0.0421465394907711,0.1608438379730467,-0.5686899829406219
0.9439356321880604,-0.0428924656002595,0.1622432007558129,-0.5661450207403806
0.944151478044402,-0.0436408201930482,0.1635913049376635,-0.5635856161369942
0.9443707615087694,-0.0443915463321481,0.1648878942765082,-0.5610130712220571
0.9445934453556404,-0.045144591690413,0.1661327719441463,-0.5584286659064722
0.944819490983722,-0.0458999061512805,0.1673257943865089,-0.5558336640406274
0.9450488594106622,-0.0466574448701115,0.168466874195697,-0.5532293009510515
0.9452815107638416,-0.0474171662467694,0.1695559744695335,-0.5506167885930074
0.9455174053565182,-0.0481790351305737,0.170593110944317,-0.547997302885982
0.9457565031610408,-0.0489430207314715,0.1715783460743766,-0.5453719894228671
0.9459987642245588,-0.0497090976372611,0.1725117876707303,-0.5427419586756054
0.9462441490682088,-0.0504772467265133,0.1733935869850811,-0.5401082817460302
0.9464926181981904,-0.0512474533001661,0.1742239335207066,-0.5374719958339894
0.946744132846232,-0.0520197090894243,0.1750030544223344,-0.5348340965768398
0.9469986546691084,-0.0527940110116198,0.1757312101174706,-0.5321955417038804
0.9472561461466332,-0.0535703621042737,0.1764086923385529,-0.5295572473964262
0.9475165702158026,-0.0543487701507841,0.1770358200336233,-0.5269200926590465
0.947779890579599,-0.0551292483815038,0.1776129373493193,-0.5242849167466354
0.9480460715804564,-0.0559118148787875,0.1781404105623431,-0.5216525211177081
0.94831507823495,-0.0566964924927807,0.1786186256025293,-0.5190236697538191
0.9485868763369676,-0.0574833089717793,0.1790479857834589,-0.5163990888647537
0.9488614320926824,-0.0582722957596579,0.1794289089505518,-0.5137794711203333
0.949138712574764,-0.0590634891868655,0.1797618260808419,-0.5111654719672059
0.9494186851402048,-0.0598569286969074,0.1800471785333151,-0.5085577158603166
0.9497013178293552,-0.0606526579093393,0.1802854167791366,-0.5059567931335333
0.9499865789986616,-0.0614507235152211,0.1804769983564761,-0.5033632640689644
0.9502744374426216,-0.0622511755808694,0.180622386497244,-0.5007776583593082
0.9505648620939738,-0.0630540666878485,0.1807220485969531,-0.4982004783740356
0.9508578223338766,-0.0638594527838846,0.1807764551050857,-0.495632196919367
0.9511532874881862,-0.0646673917951279,0.1807860782201753,-0.4930732622046778
0.9514512270574071,-0.0654779442814839,0.1807513909573253,-0.4905240962516675
0.9517516122334124,-0.0662911775550533,0.1806728656236118,-0.4879850826391574
0.9520544129812336,-0.0671071577711344,0.1805509731629153,-0.4854565919790998
0.9523595984952936,-0.0679259512781061,0.1803861829501287,-0.4829389779358932
0.9526671378622849,-0.0687476264821055,0.1801789620317507,-0.4804325718649549
0.952976999790713,-0.069572253190654,0.1799297746526687,-0.4779376853215192
0.953289152676516,-0.0703999028667147,0.1796390816742556,-0.4754546097542094
0.953603564347931,-0.0712306480362767,0.1793073403096513,-0.4729836187440358
0.9539202021439128,-0.0720645625897364,0.178935003639566,-0.4705249675256869
0.9542390329652528,-0.0729017220101375,0.1785225201082167,-0.4680788927643328
0.954560022791376,-0.0737422022051967,0.1780703337687315,-0.4656456163878303
0.9548831370219828,-0.0745860805135756,0.1775788835532054,-0.4632253430171001
0.9552083401635284,-0.0754334349941268,0.177048603408169,-0.4608182624056008
0.9555355958950126,-0.0762843447138627,0.1764799219477177,-0.4584245489577186
0.9558648669775566,-0.077138889630405,0.1758732623477499,-0.4560443624087585
0.956196115106801,-0.077997150331025,0.1752290423982111,-0.4536778488686101
0.9565293009552284,-0.0788592082679727,0.1745476742316096,-0.4513251404630494
0.9568643838736426,-0.0797251451141989,0.173829564755874,-0.448986357366766
0.9572013222565168,-0.0805950438386765,0.1730751147236006,-0.4466616051439818
0.957540073017817,-0.0814689874844112,0.1722847196897391,-0.4443509783021201
0.9578805918309552,-0.0823470599238649,0.1714587693554602,-0.4420545584812556
0.9582228329456032,-0.0832293455232741,0.1705976478397867,-0.4397724155678666
0.9585667490948292,-0.0841159290425967,0.1697017337892052,-0.4375046081397571
0.9589122914725374,-0.0850068957183496,0.1687714003197122,-0.4352511834219829
0.9592594098145092,-0.0859023316154753,0.1678070146533295,-0.4330121765765634
0.9596080519787404,-0.0868023226895695,0.1668089391435811,-0.4307876132104902
0.9599581642721112,-0.087706955775607,0.1657775302570271,-0.428577507031973
0.9603096910298102,-0.08861631764964,0.1647131396584144,-0.4263818622908134
0.9606625749381288,-0.0895304960122698,0.1636161131344391,-0.4242006714890993
0.9610167564902504,-0.0904495782306178,0.162486792132966,-0.4220339185020252
0.9613721745311632,-0.0913736529028262,0.1613255119326873,-0.4198815749397271
0.9617287655562894,-0.0923028081918342,0.1601326037452227,-0.4177436041529342
0.9620864639746958,-0.0932371326608558,0.1589083937779415,-0.4156199592959654
0.9624452021224736,-0.0941767154661745,0.1576532030281575,-0.4135105829553568
0.962804909952481,-0.0951216457035925,0.1563673482116691,-0.4114154086660468
0.9631655152217488,-0.0960720130577984,0.1550511409672283,-0.4093343594750439
0.9635269432313376,-0.097027907280002,0.153704888629908,-0.4072673491215101
0.9638891167957406,-0.0979894182662918,0.1523288942101255,-0.4052142818482856
0.964251956184834,-0.0989566360651021,0.1509234564624094,-0.4031750523671792
0.9646153791673464,-0.0999296511581231,0.1494888695440917,-0.4011495452525351
0.964979300706274,-0.1009085538117714,0.1480254240355266,-0.399137636270095
0.9653436331065968,-0.1018934346367537,0.1465334061942306,-0.3971391911609842
0.9657082858825408,-0.1028843844012126,0.145013098290564,-0.39515406599266
0.966073165555447,-0.1038814936493029,0.1434647792663108,-0.3931821078564585
0.9664381758208208,-0.1048848533251776,0.1418887238421509,-0.3912231535510189
0.9668032171393608,-0.1058945538224028,0.1402852040682517,-0.3892770313697082
0.967168187000924,-0.1069106858776156,0.1386544879925647,-0.3873435592546475
0.9675329798068536,-0.1079333404271744,0.136996839923542,-0.3854225450134658
0.9678974865850576,-0.1089626079862797,0.135312521489312,-0.3835137873889193
0.9682615950362184,-0.1099985789473663,0.1336017912236247,-0.3816170753630243
0.9686251893727036,-0.1110413432960271,0.1318649050925687,-0.3797321885462653
0.9689881504490212,-0.1120909911605893,0.130102115633055,-0.3778588960457876
0.9693503554421184,-0.1131476120725134,0.1283136732312223,-0.3759969576623774
0.9697116781138456,-0.1142112959105257,0.1264998245711543,-0.3741461220733377
0.9700719882230384,-0.1152821313604548,0.124660815288577,-0.3723061293783927
0.9704311518775436,-0.1163602071218114,0.1227968879635703,-0.3704767088113119
0.9707890313447312,-0.1174456115380922,0.1209082827731228,-0.3686575792296788
0.9711454847720212,-0.1185384319294261,0.1189952386856789,-0.3668484500443826
0.9715003663867402,-0.1196387553766815,0.1170579921263885,-0.3650490197073084
0.9718535263127924,-0.1207466683528853,0.1150967776335996,-0.3632589761430633
0.9722048104007628,-0.1218622563744766,0.1131118284949377,-0.3614779971031746
0.972554060318705,-0.1229856044724943,0.1111033759245989,-0.3597057491935641
0.9729011133268644,-0.1241167966671567,0.1090716500030624,-0.3579418884984789
0.97324580214807,-0.125255915721509,0.1070168801305954,-0.3561860607176877
0.9735879550898406,-0.1264030437266327,0.1049392939736666,-0.3544379000179534
0.973927395826324,-0.1275582615769665,0.1028391183996988,-0.3526970296078202
0.9742639433804864,-0.1287216490999017,0.1007165792302209,-0.350963061287901
0.9745974119277232,-0.1298932845705862,0.0985719021082097,-0.3492355959148386
0.9749276109084068,-0.1310732452963766,0.0964053114072328,-0.3475142222665963
0.9752543446245664,-0.1322616063765943,0.0942170324778636,-0.345798518581855
0.9755774125807214,-0.1334584421142024,0.0920072890209912,-0.3440880502176243
0.97589660899642,-0.1346638244392536,0.0897763059493853,-0.3423823716366485
0.9762117230223956,-0.1358778238901924,0.087524307533299,-0.340681024693883
0.9765225385716366,-0.1371005091958561,0.0852515181164491,-0.3389835389364634
0.9768288341058172,-0.1383319466333226,0.0829581632521068,-0.3372894321753482
0.9771303828032156,-0.1395722008954677,0.0806444680245058,-0.3355982089592439
0.977426952180121,-0.1408213337665493,0.0783106594443539,-0.3339093620603018
0.9777183042426528,-0.1420794049321302,0.0759569648622168,-0.332222371016827
0.9780041953159232,-0.1433464714822524,0.0735836128098134,-0.3305367024603423
0.9782843758558382,-0.1446225872707513,0.0711908341098468,-0.3288518105975205
0.978558590692142,-0.1459078042312935,0.0687788593097697,-0.3271671350977368
0.9788265786051448,-0.1472021706893589,0.0663479217391271,-0.3254821029478868
0.9790880723241951,-0.148505731511136,0.0638982571197779,-0.3237961278442512
0.9793427987315138,-0.1498185293820556,0.0614301010408786,-0.3221086081433748
0.979590478258084,-0.1511406020028196,0.0589436940998757,-0.320418930067722
0.9798308251930442,-0.1524719838371634,0.0564392784814201,-0.3187264650136581
0.9800635476545936,-0.1538127063233482,0.0539170974128888,-0.3170305688662693
0.9802883472307388,-0.1551627961631638,0.0513773982300666,-0.3153305837250104
0.9805049189284744,-0.1565222751719294,0.0488204324979379,-0.3136258376091364
0.9807129512392035,-0.1578911609131307,0.0462464546458029,-0.3119156431760791
0.9809121260878564,-0.1592694667630148,0.0436557216670162,-0.3101992971570118
0.9811021186658436,-0.160657201197237,0.0410484942731823,-0.3084760807440282
0.9812825972673735,-0.1620543669248923,0.0384250383234691,-0.3067452601365558
0.9814532232680744,-0.1634609609743683,0.0357856244538134,-0.3050060858854009
0.9816136512179112,-0.1648769759553821,0.0331305254930078,-0.3032577907744304
0.9817635284386896,-0.1663023971470251,0.0304600216991883,-0.3014995928395507
0.9819024951827996,-0.1677372042333717,0.0277743972650085,-0.2997306926213132
0.9820301844523218,-0.1691813701838795,0.025073942168074,-0.29795027392493
0.9821462219662064,-0.1706348615371908,0.0223589513808161,-0.2961575028242664
0.9822502260159952,-0.172097637466586,0.0196297263473712,-0.2943515281432605
0.9823418073539144,-0.1735696488405571,0.016886576449043,-0.2925314819221843
0.982420569237211,-0.1750508397964091,0.0141298157731786,-0.2906964767524206
0.9824861072160416,-0.176541145453713,0.0113597670659434,-0.2888456078529551
0.9825380091095606,-0.1780404923566564,0.0085767605804896,-0.2869779517487603
0.9825758549515714,-0.1795487996380974,0.0057811315854489,-0.2850925639995718
0.9825992167864724,-0.1810659746211262,0.0029732281706483,-0.2831884838427291
0.9826076587038168,-0.1825919167718272,0.0001534035492607,-0.2812647283765866
0.982600736689228,-0.184126513676065,-0.0026779768789119,-0.2793202966899797
0.9825779840317382,-0.1856703734181583,-0.0055218839513461,-0.2773532330606078
0.9825388890095068,-0.1872242912072191,-0.0083796339491822,-0.2753612821707474
0.9824829277317936,-0.1887881544764544,-0.0112508770791779,-0.2733432916645512
0.9824095641321232,-0.1903618430217376,-0.0141352600645685,-0.2712980728021745
0.9823182497462404,-0.1919452236619972,-0.0170324168933478,-0.2692244055327736
0.9822084235598536,-0.1935381478892443,-0.0199419651423226,-0.2671210397736284
0.9820795118577372,-0.1951404506945434,-0.022863504510203,-0.2649866951391509
0.9819309279457538,-0.196751950929916,-0.0257966181897981,-0.2628200585472446
0.9817620720478216,-0.198372449273111,-0.0287408699063053,-0.2606197849218228
0.9815723310960588,-0.2000017277042445,-0.0316958037605142,-0.2583844958141676
0.9813610788283906,-0.201639546460687,-0.0346609395482514,-0.2561127814171016
0.9811276753292434,-0.2032856457969444,-0.0376357768435296,-0.2538031959043297
0.980871467425288,-0.2049397411013871,-0.040619787104707,-0.2514542618961899
0.9805917882893264,-0.2066015242498324,-0.0436124171279724,-0.2490644662006536
0.980287957611224,-0.2082706609047061,-0.0466130852266393,-0.2466322611423977
0.9799592819857338,-0.2099467873618173,-0.0496211766856871,-0.2441560666407053
0.9796050543263952,-0.2116295126488178,-0.0526360487125176,-0.2416342645161438
0.979224555660013,-0.213318409143171,-0.0556570148711969,-0.2390652098582555
0.9788170535211757,-0.2150130198459277,-0.0586833594421628,-0.2364472174984151
0.9783818043703488,-0.2167128474532864,-0.061714319268958,-0.2337785759712835
0.9779180534859884,-0.2184173556876697,-0.064749087639767,-0.2310575431178091
0.977425035833114,-0.2201259665464549,-0.0677868109360824,-0.2282823479222027
0.976901977290522,-0.2218380569016952,-0.0708265842152297,-0.2254511936205629
0.976348096177026,-0.2235529549008807,-0.0738674465315869,-0.2225622614918096
0.9757626051778292,-0.2252699360049405,-0.0769083757036768,-0.2196137157209557
0.9751447133657164,-0.226988219685266,-0.0799482843306124,-0.2166037076921622
0.974493628473214,-0.2287069662306489,-0.0829860160688548,-0.2135303806340787
0.9738085608531704,-0.2304252701823035,-0.086020336011078,-0.2103918811070911
0.9730887264380323,-0.2321421578829763,-0.0890499283874317,-0.2071863642838623
0.9723333505650982,-0.2338565838296253,-0.0920733921655355,-0.2039120023045954
0.971541674223903,-0.235567423033911,-0.0950892296094139,-0.2005670017537911
0.9707129604726248,-0.2372734653837157,-0.0980958383378065,-0.1971496197008907
0.96984649782606,-0.2389734178010698,-0.1010915170308217,-0.1936581660272902
0.9689416114921304,-0.2406658920865616,-0.1040744457714266,-0.1900910367202806
0.967997671786327,-0.2423494017056937,-0.1070426819374974,-0.1864467330260147
0.967014100207147,-0.2440223644615252,-0.1099941661843189,-0.1827238705997727
0.9659903844355,-0.2456830916620278,-0.1129267042399732,-0.1789212216354658
0.9649260876497042,-0.2473297903864361,-0.1158379713077729,-0.1750377332644406
0.963820860451903,-0.2489605634722199,-0.1187255118680352,-0.1710725549869249
0.9626744548524502,-0.2505734090664117,-0.1215867379892647,-0.1670250724391037
0.9614867359604554,-0.2521662261099384,-0.1244189373066717,-0.1628949321461933
0.9602576951766554,-0.2537368197175438,-0.1272192798879096,-0.1586820714508798
0.9589874622736284,-0.2552829100592897,-0.1299848302790926,-0.1543867446242268
0.9576763170507134,-0.256802143357719,-0.1327125622042357,-0.1500095480858761
0.9563246952065932,-0.2582921105198596,-0.1353993858317147,-0.1455514274921607
0.9549331976165268,-0.2597503618212929,-0.138042166891013,-0.1410136981066534
0.9535025937145544,-0.261174428090109,-0.1406377564245361,-0.1363980476395822
0.9520338183229716,-0.2625618469851538,-0.1431830290207132,-0.1317065207837226
0.9505279719467028,-0.2639101836618991,-0.1456749102352126,-0.1269415180792142
0.948986311005528,-0.2652170585298403,-0.1481104166300989,-0.1221057657100335
0.9474102387641958,-0.2664801707594961,-0.1504866880524558,-0.1172022910305907
0.9458012896794318,-0.2676973235901421,-0.1528010236615233,-0.11223438066935
0.9441611137757748,-0.2688664452743711,-0.1550509106059164,-0.1072055418463496
0.9424914580414576,-0.2699856081119248,-0.1572340501957941,-0.1021194570731607
0.9407941467766922,-0.2710530439552489,-0.1593483787997071,-0.0969799378383386
0.9390710595318916,-0.2720671570765473,-0.1613920854690158,-0.0917908726921239
0.937324113431756,-0.2730265304992449,-0.163363618631385,-0.086556189729429
0.935555244887576,-0.2739299297619075,-0.1652616895118007,-0.0812798176471534
0.9337663850992456,-0.274776306705269,-0.1670852780878844,-0.0759656284717531
0.9319594513510516,-0.2755647926711435,-0.1688336190482612,-0.0706174270999646
0.9301363282712944,-0.2762946951709563,-0.1705061968381104,-0.0652389101288836
0.9282988542649264,-0.2769654902367006,-0.1721027335401048,-0.059833639218146
0.926448815715066,-0.2775768109731388,-0.1736231694597638,-0.054405036121243
0.924587935265763,-0.2781284379704793,-0.1750676492447021,-0.0489563589496748
0.9227178669214238,-0.2786202869608993,-0.1764365025193384,-0.0434906971505482
0.920840191061807,-0.2790523967199103,-0.177730225670273,-0.0380109648461286
0.9189564122379515,-0.2794249165661599,-0.1789494627900551,-0.0325199009773495
0.9170679582080518,-0.2797380942104588,-0.1800949873113676,-0.0270200718006223
0.9151761772871942,-0.2799922644588073,-0.1811676860750712,-0.0215138673246607
0.9132823437142475,-0.2801878374395755,-0.1821685402382058,-0.0160035200424989
0.9113876568833296,-0.2803252887921653,-0.1830986116480979,-0.0104911048647856
0.9094932415093494,-0.2804051501932819,-0.183959029767148,-0.0049785409751923
0.90760015593063,-0.2804280003601861,-0.1847509763618636,0.000532383335066
0.9057093892833332,-0.2803944575197877,-0.1854756768504805,0.0060400187959269
0.903821369638801,-0.2803051413043139,-0.1861345541192734,0.011544290259708
0.9019366474902138,-0.280160655809289,-0.1867289335689071,0.0170447099731214
0.9000560582398835,-0.2799616306533857,-0.1872600258655577,0.0225399028410049
0.8981803866549414,-0.2797087153373433,-0.1877290558648963,0.0280285844675697
0.8963103648885293,-0.2794025742851924,-0.1881372577631087,0.0335095681913335
0.8944466776105942,-0.2790438830565104,-0.1884858688910294,0.0389817515289053
0.8925899638270399,-0.278633324680487,-0.1887761251243343,0.0444441124251468
0.8907408205272913,-0.2781715867766072,-0.1890092565595532,0.0498957002233729
0.8888998038803075,-0.2776593585549991,-0.1891864841419539,0.0553356339015859
0.8870674346827337,-0.2770973293413655,-0.1893090163419701,0.0607630877784819
0.8852441969639114,-0.2764861855836539,-0.1893780469733638,0.066177297433859
0.8834305441807084,-0.2758266104201216,-0.1893947528080979,0.0715775431506451
0.8816268971406447,-0.2751192808678382,-0.1893602919593432,0.0769631578633295
0.879833642271877,-0.2743648647241306,-0.189275801898053,0.0823335342322496
0.8780511418481346,-0.2735640226240429,-0.1891423982074337,0.0876880959142447
0.876279739284533,-0.2727174093334091,-0.1889611744092344,0.0930262831909994
0.87451975369532,-0.2718256702695185,-0.1887332010396703,0.0983475708192661
0.8727714803048401,-0.2708894402119748,-0.1884595247508275,0.1036514684328998
0.8710351969494715,-0.2699093455162704,-0.1881411686046525,0.1089375023722391
0.8693111597806942,-0.268886000799294,-0.187779130918996,0.1142052301653656
0.8675996086751319,-0.2678200109705745,-0.1873743857687181,0.1194542254823089
0.8659007653135128,-0.2667119692328685,-0.1869278822405452,0.1246840853440871
0.864214834508661,-0.2655624569177879,-0.1864405442825449,0.1298944274144886
0.8625420067111701,-0.2643720443221083,-0.1859132710679303,0.1350848835471426
0.8608824572919698,-0.2631412894665286,-0.1853469365274053,0.1402551032153786
0.85923634870519,-0.2618707389060761,-0.1847423897831449,0.1454047479732191
0.8576038307251796,-0.2605609272741892,-0.1841004550576142,0.1505334918165162
0.8559850399900313,-0.2592123761999525,-0.1834219312403754,0.1556410237213016
0.8543801018733179,-0.2578255951053539,-0.182707592372731,0.1607270428315866
0.8527891304624091,-0.2564010805439584,-0.1819581874307413,0.1657912595376635
0.8512122305985016,-0.2549393173991875,-0.1811744410811054,0.170833389953437
0.849649495576843,-0.2534407761618107,-0.1803570523549531,0.1758531641918736
0.8481010099807841,-0.2519059148578277,-0.1795066957755088,0.1808503182429778
0.8465668495930685,-0.2503351784056005,-0.1786240211376837,0.1858245951020117
0.8450470820585728,-0.248728998686582,-0.1777096536652898,0.1907757434547022
0.8435417667014343,-0.2470877937353392,-0.1767641936609515,0.1957035190791428
0.8420509546769662,-0.2454119671975903,-0.1757882162812668,0.2006076851654534
0.8405746901076977,-0.2437019088960189,-0.1747822719501684,0.2054880093654364
0.839113009035995,-0.2419579929080241,-0.1737468853095691,0.2103442680084889
0.8376659436969579,-0.2401805819717015,-0.1726825579158812,0.2151762326178055
0.8362335174703511,-0.2383700207737499,-0.171589764328517,0.2199836873597246
0.8348157499886132,-0.2365266414624652,-0.1704689554679169,0.2247664126653734
0.8334126532036173,-0.234650757935126,-0.169320555225313,0.2295241990652231
0.8320242340790855,-0.2327426684010558,-0.1681449620450566,0.2342568387985321
0.8306504958993427,-0.2308026564756706,-0.1669425496573106,0.2389641218969119
0.8292914369664874,-0.2288309886523039,-0.1657136655667721,0.2436458411484063
0.8279470496742616,-0.2268279119536507,-0.1644586295993808,0.2483017958987406
0.8266173231557223,-0.224793656800663,-0.1631777356992587,0.2529317834851827
0.8253022430219672,-0.2227284357882248,-0.161871251183699,0.2575356005895188
0.8240017905206967,-0.2206324413536503,-0.160539415268669,0.2621130466701535
0.8227159446594953,-0.2185058480924706,-0.1591824405265638,0.266663916973528
0.8214446803718615,-0.2163488087022183,-0.1578005102890218,0.2711880094233957
0.8201879706551827,-0.2141614563351171,-0.1563937801158413,0.2756851174754358
0.8189457845826639,-0.2119438999300157,-0.1549623747571726,0.280155037609767
0.8177180904836953,-0.2096962284543436,-0.1535063908303843,0.2845975583103231
0.8165048537690437,-0.2074185057005351,-0.1520258934029919,0.289012468202713
0.8153060386262863,-0.2051107718686552,-0.1505209169368359,0.2933995502559161
0.8141216089686462,-0.2027730439798462,-0.1489914654844951,0.297758578531805
0.8129515260083087,-0.2004053094934335,-0.1474375084198008,0.3020893273439527
0.8117957514980478,-0.1980075309110419,-0.1458589833312822,0.3063915595633404
0.81065424655444,-0.1955796416625412,-0.1442557932031006,0.3106650311009793
0.8095269731116094,-0.1931215472228798,-0.1426278070126768,0.3149094856062196
0.8084138925991364,-0.1906331201904988,-0.1409748563211717,0.3191246595171477
0.8073149694291667,-0.1881142058360267,-0.1392967387883707,0.323310268911246
0.8062301686549315,-0.1855646147135871,-0.1375932130925641,0.3274660182864984
0.805159458296845,-0.1829841255642154,-0.1358640006679755,0.3315915916108558
0.8041028108165024,-0.1803724866148207,-0.1341087863943232,0.3356866463683271
0.8030602014366828,-0.177729409026158,-0.1323272140013709,0.3397508197284684
0.8020316117606743,-0.1750545733071442,-0.1305188901750803,0.3437837140981661
0.8010170289298183,-0.172347624739004,-0.1286833812806642,0.3477848998178183
0.8000164479252099,-0.1696081768033768,-0.1268202154881861,0.3517539054544535
0.7990298747181617,-0.1668358175992646,-0.1249288869927099,0.3556902043695123
0.7980573262250676,-0.1640301079392896,-0.1230088546293825,0.3595932136956628
0.7970988344524681,-0.1611905916555782,-0.1210595488840238,0.3634622763414352
0.7961544468271615,-0.1583167957735152,-0.1190803720835557,0.3672966579313998
0.7952242316876614,-0.1554082469465241,-0.1170707098896812,0.3710955225448151
0.7943082824463686,-0.1524644861946989,-0.1150299419010373,0.3748579131349908
0.7934067205391787,-0.1494850818666829,-0.1129574513083983,0.3785827363639721
0.7925197031465384,-0.1464696609971731,-0.1108526477074527,0.3822687271199614
0.7916474281318099,-0.1434179359526503,-0.108714987204098,0.3859144235857676
0.7907901410102371,-0.1403297427715349,-0.1065440013346037,0.3895181330443522
0.7899481453173779,-0.1372050987056678,-0.1043393403669804,0.3930778822940179
0.7891218076366228,-0.1340442489768095,-0.102100810123606,0.3965913893960901
0.7883115675994754,-0.1308477413590817,-0.0998284296972238,0.4000560134745992
0.7875179439445704,-0.1276164977894135,-0.0975224886325244,0.4034687202300496
0.7867415392661355,-0.1243518931371782,-0.0951836108558709,0.4068260525099876
0.7859830383692642,-0.1210558199603053,-0.0928128102765749,0.4101241284264606
0.785243202019339,-0.1177307435147957,-0.0904115408720099,0.4133586603815335
0.7845228499720177,-0.1143797151859241,-0.0879817178795179,0.416525022841204
0.7838228362241421,-0.1110063476948565,-0.0855257115696704,0.4196183577029594
0.7831440137283071,-0.1076147278482349,-0.083046294868475,0.4226337308438162
0.7824871938151439,-0.104209277897678,-0.0805465514272871,0.4255663180006714
0.7818531033315796,-0.1007945686458329,-0.0780297451320263,0.4284116070670713
0.7812423471866853,-0.0973751160571806,-0.0754991733866441,0.4311655820188809
0.7806553806771701,-0.0939551848106153,-0.0729580211674408,0.4338248672928759
0.7800924952603614,-0.0905386262559587,-0.0704092365338692,0.4363868138957274
0.7795538188340755,-0.0871287708957476,-0.067855443533012,0.4388495199587057
0.7790393278100242,-0.0837283765485876,-0.0652988946849946,0.4412117958397414
0.7785488674946072,-0.0803396271014689,-0.062741460545173,0.4434730881161865
0.7780821765755608,-0.0769641682012554,-0.0601846471889178,0.4456333808877414
0.7776389126679543,-0.0736031686139356,-0.0576296339032192,0.4476930882234513
0.7772186756860439,-0.0702573889785107,-0.0550773176976415,0.4496529529958668
0.7768210282761305,-0.0669272526142508,-0.0525283607098027,0.4515139562480266
0.776445512720295,-0.0636129121896579,-0.0499832357728904,0.4532772404982652
0.7760916641529622,-0.0603143074457831,-0.047442266327896,0.4549440483801086
0.7757590204989772,-0.0570312128687399,-0.0449056596236276,0.4565156752924297
0.7754471298968174,-0.0537632778506352,-0.0423735349570628,0.4579934329411576
0.7751555558407887,-0.0505100575041128,-0.0398459453555411,0.4593786230359321
0.7748838808303604,-0.0472710384068795,-0.0373228958477283,0.4606725176906889
0.7746317085529892,-0.0440456563409384,-0.0348043559129954,0.4618763466035466
0.7743986653433752,-0.0408333116865637,-0.0322902704005319,0.462991287626422
0.7741844008705617,-0.0376333799801973,-0.0297805669029953,0.4640184610469057
0.7739885883269955,-0.0344452188829292,-0.0272751604832667,0.4649589263413967
0.7738109244222073,-0.0312681745279004,-0.0247739580362876,0.4658136799872186
0.7736511291856227,-0.0281015867899064,-0.0222768619046809,0.4665836543310068
0.7735089455303171,-0.0249447913440763,-0.0197837710386369,0.46726971776017
0.7733841388078122,-0.0217971214717718,-0.0172945820050669,0.4678726750766032
0.7732764963912249,-0.018657910570055,-0.0148091905963742,0.4683932678902315
0.7731858271718803,-0.0155264920838175,-0.0123274914356252,0.4688321755851157
0.7731119611285432,-0.0124021999788491,-0.009849378033877,0.469190016085945
0.7730547489499218,-0.0092843699853471,-0.0073747434827154,0.46946734651268
0.773014061657644,-0.0061723395017355,-0.0049034801052511,0.4696646639747318
0.772989790276225,-0.0030654459838902,-0.0024354779199551,0.4697824062753413
0.7729818444476112,3.622702181640958e-11,-2.8663848204713016e-11,0.4698209578709201
